332
367
2108
7257
7770
8003
8376
10830
10838
10851
10986
13785
14271
15254
15712
16420
17109
18085
19001
19100
19431
19432
23854
27297
32838
33655
33882
39172
41162
42271
42369
44788
46739
48597
50408
52947
60333
61353
69207
72664
96096
96097
96318
96661
97113
97390
97499
97794
98431
98528
99174
99733
100420
100497
101141
101146
101512
101644
102235
102348
102630
102904
102905
103816
104365
104614
104970
105070
105229
105364
105693
105729
105792
105794
106146
107202
108522
108528
109549
110208
110896
111402
111675
112015
113000
113065
113488
114081
114111
114263
115872
116438
116892
117555
117750
118161
118241
118956
119028
119554
119603
120410
121024
121321
137746
147707
164236
164998
166286
168884
168886
169734
169915
175054
179147
184732
184825
185959
187233
187585
190825
197495
199270
201610
202334
203315
207692
207855
216188
219920
225409
230502
234158
235315
236271
236918
238470
240499
242167
242252
274715
313376
314287
329283
371000
372534
401846
402096
403174
403907
403912
404283
404574
404815
405359
405420
405982
406000
406439
406840
407078
407083
407136
407221
407222
407561
407743
407774
408042
408208
408588
408940
409340
409409
410193
410239
410441
410791
411110
411891
412296
412478
412827
412836
412883
413036
413541
415036
415044
415051
415160
415738
416141
416149
416328
416751
417675
418068
418144
418181
442188
444421
478827
541266
545852
591923
647003
666306
677877
709886
714881
736544
786104
788654
803489
803816
803840
803844
803940
803959
804535
804579
804857
805225
805713
806504
806578
806656
807246
807248
807657
808168
808215
808510
808682
808922
809041
809090
809124
809425
809429
809541
809600
809601
809951
810136
811340
811404
811682
812422
812424
812498
812863
812943
813000
813771
814004
814068
814606
814994
815164
816051
816113
816441
818354
819410
819457
819571
820192
820347
820368
820941
821538
821602
822127
822929
822939
822940
823082
823623
823664
823870
824179
824324
824325
824973
825214
825958
826533
827494
827541
827583
828210
828440
828441
828900
874892
921750
921959
992874
1006144
1100621
1174576
1201509
1258564
1268235
1309513
1315959
1318746
1326942
1327107
1328186
1333794
1339956
1359838
1381695
1391052
1417747
1438458
1439062
1445869
1446369
1452027
1454001
1459602
1461151
1462911
1471977
1473262
1474265
1486027
1491003
1495035
1495388
1499129
1515470
1519408
1521189
1523674
1525473
1527048
1532513
1555585
1567406
1568945
1571359
1576291
1576401
1579567
1581864
1587478
1592826
1593635
1606947
1614885
1622166
1624565
1629294
1633173
1633827
1637526
1641447
1643168
1644703
1645839
1646937
1650815
1651246
1657957
1660725
1668269
1677938
1678490
1701099
1704420
1710977
1715736
1717433
1720391
1730028
1744259
1759720
1761534
1768151
1773068
1783637
1788515
1789410
1791442
1792034
1796608
1814635
1814862
1821784
1830786
1830799
1830805
1832030
1832034
1841878
1845988
1849607
1856163
1900113
1900984
1901697
1901905
1902184
1902196
1902199
1902983
1902995
1903754
1903930
1904044
1904245
1904717
1905282
1905283
1905656
1905929
1906486
1906515
1906824
1909348
1909546
1915879
1924287
1930129
1930139
1936933
1939031
1945489
1955855
1965711
1972941
1974148
1980064
2015932
2049285
2054858
2059027
2066422
2087155
2106007
2106349
2106443
2107201
2108955
2109312
2109761
2110145
2111715
2112246
2112426
2112578
2113897
2114185
2114359
2116090
2117877
2118136
2118795
2118797
2118898
2119209
2119568
2120057
2120409
2121094
2121214
2122190
2123173
2123174
2123453
2124497
2125144
2125381
2126335
2126512
2127266
2127348
2127369
2127932
2127957
2128277
2129276
2138537
2139172
2149921
2150610
2150614
2158301
2161255
2163389
2163985
2175645
2200305
2203736
2250657
2271632
2282289
2286581
2362308
2415506
2422055
2448423
2452296
2484044
2493262
2493587
2496136
2496758
2497164
2499144
2499308
2499725
2500487
2500633
2501295
2501524
2501911
2502997
2504113
2504289
2504818
2505353
2507355
2507529
2507821
2508555
2509285
2509427
2512566
2512915
2512916
2513777
2515182
2515800
2516082
2516484
2516878
2516880
2518144
2518145
2518228
2533051
2536355
2536653
2536680
2539866
2544653
2546005
2558947
2560137
2561900
2561954
2564122
2572584
2581021
2615654
2628432
2655551
2733073
2738417
2738419
2765894
2783544
2796790
2811909
2821899
2822007
2828933
2831298
2833485
2835751
2837215
2841128
2844768
2848222
2867996
2869754
2873790
2875718
2877512
2880587
2889786
2898139
2912795
2914853
2946970
2952639
2953188
2964935
2984983
2986963
2991192
2997081
3000698
3001026
3018158
3019244
3019384
3027036
3028865
3036001
3036769
3039692
3040751
3042467
3060144
3082626
3083151
3083406
3084054
3085097
3087713
3087949
3088398
3088419
3089779
3089997
3089998
3089999
3090018
3091561
3092843
3093397
3094202
3094230
3094490
3095615
3096314
3096380
3096732
3096933
3097528
3099579
3099831
3100469
3101322
3102029
3102030
3103105
3103191
3103533
3103535
3103579
3103589
3104322
3105407
3105535
3108119
3109722
3111540
3111782
3114210
3114211
3114855
3115289
3116170
3116240
3116676
3117100
3117773
3118179
3118398
3118733
3118808
3118942
3119590
3120441
3121755
3121988
3122653
3122663
3122829
3123450
3123921
3124216
3124808
3124817
3127211
3127592
3127617
3130550
3131315
3132097
3132206
3133155
3133346
3135799
3135990
3136542
3137122
3139708
3140293
3140340
3141749
3142161
3142861
3145715
3146178
3148860
3149252
3149568
3149593
3150347
3151208
3152794
3152803
3152808
3155237
3155326
3182403
3186383
3221199
3231261
3260552
3263117
3265708
3275301
3275317
3339692
3348519
3395100
3401098
3451798
3461472
3485771
3493768
3500195
3506173
3541265
3653454
3663213
3700283
3709520
3713923
3731443
3759942
3765336
3802746
3822237
3828381
3874226
3918030
3918482
3919086
3919626
3921809
3921953
3926644
3927739
3928765
3929839
3930290
3930467
3930468
3930584
3930808
3930821
3931549
3931629
3933490
3933566
3934117
3934309
3935166
3936280
3936834
3937011
3937856
3938146
3938515
3938520
3939571
3986178
3988702
3988805
3989066
3994680
4044547
4050179
4055617
4064797
4071647
4104235
4105032
4110439
4110923
4115966
4116891
4121312
4123236
4125246
4126824
4127017
4132505
4133716
4138063
4163313
4163998
4168313
4173035
4182530
4189833
4196221
4196243
4196633
4197157
4197242
4197475
4197961
4198101
4198886
4199507
4199508
4199535
4199573
4199713
4199843
4200858
4201643
4201828
4203336
4204910
4204913
4204943
4204956
4205050
4205199
4205842
4205982
4206088
4206759
4206870
4206872
4206898
4206941
4207432
4207768
4207871
4210036
4210745
4210750
4210999
4211786
4212150
4212455
4212494
4213357
4214215
4214226
4214335
4214355
4215290
4215553
4215708
4216605
4216738
4216887
4216895
4217191
4217234
4217358
4217787
4218347
4219047
4219278
4219279
4219769
4220027
4229310
4230703
4249447
4256847
4286533
4289033
4290538
4291016
4291535
4291956
4292311
4292733
4294100
4295991
4296513
4303655
4310720
4311559
4311560
4327042
4329720
4331768
4337758
4337759
4337850
4344922
4353386
4361294
4362339
4377580
4379757
4382288
4389707
4398023
4398532
4399821
4464849
4621680
4621681
4622049
4622119
4622182
4623433
4624046
4624961
4625626
4626007
4626238
4626506
4626716
4627143
4627586
4627927
4627964
4627969
4628762
4628926
4629125
4629230
4629648
4629649
4629698
4629867
4630259
4630543
4630545
4631107
4631149
4631319
4631708
4631973
4632199
4632312
4632317
4632393
4632399
4632644
4632848
4633468
4729704
4799591
4953698
4953933
4954222
4954554
4954555
4954558
4954561
4955051
4955248
4955250
4955876
4956334
4956499
4956759
4956778
4956798
4957026
4957029
4957174
4957319
4957615
4958243
4958367
4958469
4958574
4958623
4958805
4958827
4959036
4959045
4959689
4959720
4959795
4959797
4959801
4959822
4959876
4960036
4960176
4960278
4960488
4960673
4960737
4960870
4960917
4960989
4961054
4961371
4961412
4961529
4961769
4961819
4962189
4962235
4962993
4962994
4963103
4963457
4963810
4963970
4963971
4964018
4964486
4964701
4964702
4965016
4965056
4965077
4965196
4965200
4965328
4965367
4965371
4965690
4965768
4965827
4965921
4966308
4966547
4967290
4967291
4967452
4967769
4967802
4967879
4968473
4968696
4968700
4969278
4969522
4969663
4969794
4969990
4970227
4970342
4970651
4971130
4971150
4971417
4971418
4971446
4971461
4972780
4973326
4974088
4974255
4974783
4975744
4976583
4976755
4977151
4977515
4977979
4977985
4978673
4979844
4980219
4980591
4980867
4981576
4981791
4982420
4982500
4982896
4983040
4983057
4983427
4983646
4983648
4983651
4983763
4983912
4984014
4984072
4984075
4984552
4984758
4984853
4984937
4985396
4985545
4985546
4985560
4985933
4986078
4986265
4986479
4986618
4986764
4987627
4987850
4988248
4988682
4989560
4989843
4990473
4990588
4990590
4991055
4992097
4992224
4992321
4992341
4992444
4992531
4992749
4993319
4993321
4993322
4993337
4993342
4993369
4993390
4993453
4993454
4993457
4993482
4993524
4993666
4994093
4994514
4994601
4994922
4995650
4995908
4996025
4996269
4996372
4996439
4996778
4996969
4997720
4997859
4998245
4998247
4999022
4999071
4999536
5000275
5000288
5000543
5001198
5001203
5001206
5001873
5002444
5002781
5002914
5002954
5003529
5003957
5004078
5004081
5004082
5004083
5004162
5004282
5004488
5005043
5005136
5006489
5328167
5456934
5473887
5575752
5905949
5970822
6025412
6086403
6088472
6089796
6097703
6107127
6109327
6109328
6109707
6134644
6159343
6161042
6165330
6175691
6196942
6244343
6244783
6249271
6250581
6257164
6272855
6273376
6274145
6274146
6274419
6275785
6284239
6286493
6288206
6291130
6294040
6294248
6294667
6298074
6299270
6299371
6301809
6302097
6305273
6305423
6307973
6307975
6308567
6309753
6312702
6315063
6325489
6328227
6331385
6332621
6336363
6341424
6351744
6401704
6402519
6402966
6404304
6404629
6405132
6405474
6405692
6406798
6408023
6409357
6409875
6411752
6411858
6413253
6413550
6414514
6414515
6414791
6415041
6417462
6417981
6418209
6418614
6418761
6419352
6419483
6420998
6421583
6421739
6422676
6422678
6423833
6425376
6426390
6427037
6428076
6428077
6429745
6429866
6431304
6431457
6432529
6432601
6432762
6432943
6433594
6433850
6433899
6433934
6434348
6434511
6434526
6434725
6436249
6436359
6437860
6438231
6439205
6439984
6441513
6441694
6442921
6443046
6451147
6452192
6456634
6457559
6487316
6490827
6530507
6568226
6580409
6604522
6607066
6643366
6644743
6684210
6688028
6725205
6758158
6765945
6766142
6766156
6766437
6766865
6767208
6767460
6767805
6769902
6771157
6771160
6771492
6771755
6772119
6772628
6772633
6773524
6773559
6773776
6773916
6773917
6774970
6775628
6776089
6776450
6776617
6776994
6778511
6780345
6780506
6780522
6780635
6781184
6781486
6783284
6784112
6784377
6786233
6786295
6786720
6786916
6787019
6788744
6791370
6791411
6792009
6792061
6792174
6792327
6792636
6792844
6793687
6794451
6795179
6795576
6795577
6796029
6796052
6796247
6797030
6797352
6798519
6798643
6798783
6798804
6799753
6799756
6801016
6801918
6802173
6802792
6802832
6802901
6803113
6803328
6803367
6803835
6803841
6805420
6806579
6808631
6810067
6810875
6810935
6811555
6812057
6813307
6814198
6814469
6815634
6817225
6817420
6817748
6817819
6818177
6818711
6818766
6819288
6841319
6853558
6870819
6886164
6928679
6947824
6972858
6975771
6978350
6988011
7016496
7049076
7085565
7097295
7130158
7134808
7223122
7252480
7275817
7308203
7400130
7407700
7466302
7485988
7495855
7500636
7501096
7501365
7506347
7522362
7538105
7538281
7543871
7546606
7547144
7547720
7547825
7548175
7557302
7574520
7587049
7588620
7591080
7592032
7602607
7603469
7632401
7639690
7639990
7659237
7660218
7664726
7673165
7689334
7689894
7693651
7695305
7703008
7720011
7731023
7742811
7750728
7751369
7759384
7765395
7765448
7766022
7767231
7773399
7781985
7811080
7811099
7811567
7811568
7811576
7819216
7822032
7826374
7832808
7835350
7836311
7852313
7864373
7867133
7867544
7881763
7887632
7895869
7896083
7910734
7918273
7922128
7925409
7925667
7928678
7928785
7935057
7937802
7946964
7959056
7959987
7961186
7968684
7980381
7980451
7984090
7986804
7993966
7997478
7999009
8001545
8017944
8018721
8029214
8031096
8039670
8047018
8047911
8052127
8069784
8071125
8071129
8074974
8079375
8081503
8082824
8086544
8087566
8101199
8103120
8109958
8110603
8112873
8114394
8121375
8123555
8123566
8125087
8141584
8142043
8142343
8143243
8148407
8151840
8156260
8159161
8161182
8161285
8172875
8180735
8201239
8204655
8215392
8215887
8215895
8218395
8224893
8225585
8230197
8234487
8242487
8242774
8246747
8251303
8257654
8259595
8264633
8269390
8274516
8276897
8283976
8285692
8285719
8288031
8292647
8294609
8294610
8295331
8314778
8319893
8319899
8321148
8331063
8345506
8355574
8357241
8364803
8368489
8370659
8376735
8377015
8379811
8385592
8386017
8387444
8389984
8394692
8395269
8398629
8409769
8411362
8420919
8428917
8432698
8434930
8434932
8439143
8441394
8444643
8451107
8463400
8463405
8464078
8466800
8466802
8466810
8466815
8471035
8472901
8474359
8475028
8481914
8485222
8486706
8488915
8501338
8508171
8515235
8515456
8517720
8520670
8521786
8523268
8525424
8550456
8558531
8560757
8563015
8576610
8577278
8579988
8600414
8630757
8631682
8637641
8639512
8642002
8661692
8663028
8678326
8688005
8688712
8689089
8693843
8698464
8699189
8702302
8706693
8707360
8717500
8720125
8735449
8745010
8750663
8751091
8752358
8755729
8757823
8762474
8763956
8768515
8768516
8768518
8771743
8787404
8787893
8805566
8806943
8810981
8824168
8830707
8840598
8841144
8850629
8854175
8854186
8854187
8856374
8865392
8867386
8875912
8877541
8880304
8880317
8880321
8883778
8884200
8893831
8893841
8900016
8900018
8914480
8916007
8937410
8939008
8939979
8948489
8949723
8954879
8962879
8975911
8976554
8980769
8987540
8987587
8988765
8990573
8992958
8994344
8995253
8996700
8997705
8999834
9000338
9003628
9004505
9012242
9022217
9023926
9025290
9025946
9030090
9039564
9039575
9055420
9055435
9056190
9060166
9083563
9087509
9092485
9098052
9099658
9102554
9103069
9106062
9110992
9111071
9114420
9122896
9132529
9132531
9139898
9141665
9143127
9144019
9145508
9145867
9152818
9153087
9153745
9158770
9163476
9172719
9188201
9192018
9193006
9198505
9202434
9216147
9222065
9226884
9234819
9242310
9246606
9246773
9246777
9250775
9265771
9266665
9268684
9274007
9276546
9276792
9279125
9296082
9296527
9300081
9300493
9301098
9302327
9311114
9322071
9335537
9341921
9343934
9344414
9351279
9352657
9352663
9353901
9353934
9362089
9364417
9366597
9367761
9372431
9393778
9394346
9395294
9403769
9413092
9418067
9418252
9424743
9435050
9435100
9438834
9445768
9448315
9449811
9453032
9476790
9484689
9493327
9495012
9501354
9501358
9501445
9501447
9506288
9512367
9512487
9516983
9521750
9522292
9530010
9532782
9542081
9542106
9546170
9548962
9560295
9562881
9569688
9569702
9572888
9572928
9573103
9576862
9586563
9594188
9600606
9602287
9602532
9611801
9615472
9625782
9633646
9647820
9647821
9649311
9650259
9651315
9662607
9662700
9665723
9670554
9674130
9675865
9677279
9678183
9688773
9692189
9693959
9699639
9701752
9706793
9708281
9709000
9709209
9709228
9709250
9713771
9717298
9717299
9720914
9721652
9726910
9730812
9734060
9745837
9746585
9746594
9747345
9750293
9750316
9750321
9750362
9753696
9761816
9761898
9766062
9780564
9784180
9785224
9786921
9801192
9809154
9825404
9828439
9830491
9832623
9835549
9843654
9849782
9849790
9852021
9860872
9871322
9871566
9874340
9916422
9919816
9920506
9921830
9928086
9931504
9931561
9949960
9972075
9972276
9973417
9990703
10028666
10030033
10049896
10049899
10052142
10052965
10063626
10068952
10069854
10069858
10074506
10077441
10080352
10088415
10088445
10090243
10090246
10096870
10099374
10100742
10103241
10103289
10188285
10194360
10196773
10197998
10198030
10209286
10212408
10214435
10217406
10217496
10220371
10224083
10227149
10320586
10339608
10340670
10340720
10347890
10347895
10348915
10353816
10357283
10359488
10359489
10361306
10364598
10377112
10377113
10382652
10382654
10387116
10388725
10390207
10393325
10395290
10395910
10404547
10417642
10419217
10419276
10425751
10426451
10429194
10434800
10439395
10439512
10445318
10473399
10474188
10475957
10475958
10477071
10477830
10487435
10489697
10499284
10499286
10504727
10508031
10508053
10508077
10508096
10508100
10518726
10520298
10520585
10521664
10524460
10530038
10530434
10546838
10547438
10547447
10548751
10549868
10552805
10558951
10559175
10563465
10568796
10571317
10575361
10583675
10584001
10586160
10589720
10589721
10598115
10599658
10600111
10607416
10609535
10616963
10617040
10618260
10620178
10629975
10634707
10643272
10643772
10650088
10655643
10656414
10660307
10669309
10678435
10678504
10688688
10692353
10698694
10702544
10704924
10715007
10716089
10722487
10727235
10727942
10728618
10734528
10736005
10740862
10742226
10742514
10742691
10747152
10747223
10769141
10776633
10779874
10781639
10782675
10788360
10788418
10791720
10791740
10791747
10792519
10792537
10792663
10797242
10800195
10817409
10825231
10826719
10827286
10831447
10846215
10857927
10865318
10867226
10869077
10869289
10885113
10888589
10895093
10914662
10919324
10923792
10932959
10933508
10939270
10948154
10954966
10956028
10959569
10959851
10965424
10966397
10967488
10971770
10972710
10972726
10976178
10981706
11001710
11007187
11016610
11016612
11020040
11021577
11032484
11034287
11037242
11041135
11049810
11060080
11060353
11065361
11069642
11069652
11074820
11075381
11078164
11078171
11079690
11079691
11079695
11079696
11081791
11087133
11090684
11097928
11099657
11101661
11133444
11133461
11133940
11135704
11150664
11152243
11152585
11155129
11157211
11161988
11168719
11178731
11178973
11185735
11186451
11198448
11205943
11205944
11205951
11205952
11207772
11240194
11246903
11246909
11249142
11252478
11252512
11252514
11255010
11261995
11264741
11267643
11267787
11272043
11282623
11287145
11294360
11298229
11298934
11307889
11313138
11316897
11317247
11320137
11320765
11322692
11327823
11345700
11350646
11351535
11358180
11368114
11370281
11372645
11379387
11381470
11393860
11399033
11401703
11406681
11417877
11446519
11451677
11454360
11456185
11457108
11473441
11473602
11485227
11486300
11491087
11491128
11491129
11494985
11504383
11506311
11510138
11520032
11520613
11520616
11525980
11535358
11544370
11545214
11545215
11551939
11555211
11556906
11564740
11566257
11566988
11571195
11572461
11573946
11576311
11577715
11577765
11578310
11581057
11583175
11583551
11589699
11595629
11601702
11603859
11603861
11603983
11667784
11676021
11684091
11692680
11696102
11700563
11703857
11718542
11722542
11722661
11727041
11730896
11741853
11745140
11751771
11751833
11755231
11762374
11763780
11770620
11774913
11785138
11796169
11796364
11811157
11811869
11814063
11827530
11828452
11831470
11837389
11837390
11841070
11843401
11845823
11847234
11848563
11848577
11848578
11849331
11849365
11851013
11851816
11851817
11860107
11861648
11866118
11869788
11871624
11872115
11872495
11872505
11879712
11883672
11886551
11886745
11902977
11906572
11910805
11911895
11912206
11915886
11916669
11921366
11921595
11922861
11926997
11929167
11932444
11934506
11945358
11946156
11952212
11954987
11962701
11964120
11964169
11967267
11972696
11973845
11976124
11981452
12002398
12002563
12009977
12010122
12012872
12016561
12018259
12019104
12030321
12039732
12039781
12048566
12052547
12055298
12065165
12068483
12069857
12070333
12071841
12074700
12076028
12076032
12089032
12092809
12101297
12112862
12121041
12127494
12127989
12132700
12136901
12147032
12149367
12149378
12163918
12166962
12169406
12174052
12188572
12197882
12198157
12199605
12203007
12211541
12221608
12227407
12227535
12324337
12351239
12353456
12353635
12368698
12380742
12381029
12382686
12385414
12393199
12410824
12416981
12419614
12420849
12423924
12423926
12429070
12430708
12438358
12445654
12448684
12448685
12448752
12457588
12460750
12473162
12477243
12480543
12483613
12485751
12495011
12495012
12496108
12498797
12502392
12502416
12503914
12505461
12513974
12515684
12523763
12533457
12545689
12549084
12549376
12549407
12555422
12555574
12561978
12564243
12568574
12569631
12571025
12571047
12578373
12578382
12593925
12605393
12617704
12638185
12644238
12668674
12670965
12672593
12676716
12676723
12683752
12688846
12696682
12706041
12713911
12715871
12715872
12719256
12721629
12721630
12723596
12724330
12732546
12732963
12741813
12746858
12749835
12751245
12752821
12754235
12761089
12761162
12761294
12764674
12788732
12789482
12797754
12798995
12800997
12801008
12801012
12801702
12803558
12805383
12807189
12809366
12810272
12812063
12824499
12833213
12843116
12843611
12868586
12871230
12883869
12884186
12889608
12892889
12893268
12901916
12902235
12904548
12906392
12911311
12921783
12935320
12940485
12966143
12968879
12999697
13009045
13033307
13035045
13059242
13082796
13093942
13096487
13124914
13124953
13141137
13143219
13148724
13171647
13171665
13174787
13201551
13210340
13218373
13221770
13229029
13250445
13250447
13263294
13271295
13278506
13297020
13302860
13303984
13303986
13306708
13306894
13315266
13316605
13327524
13329819
13338980
13342905
13355867
13357724
13363939
13366916
13376867
13382837
13382838
13385290
13395344
13403298
13403299
13405859
13406214
13414388
13416175
13416176
13416188
13416224
13416225
13416519
13418783
13428677
13430976
13432733
13437216
13437226
13440960
13444005
13444006
13444007
13445693
13459874
13460822
13465225
13475207
13475233
13475254
13481334
13494667
13498761
13513601
13522581
13525640
13534067
13538915
13546180
13558544
13560033
13561189
13561190
13563414
13566128
13573239
13575397
13575768
13575769
13610808
13617738
13620648
13625810
13632724
13638258
13642726
13644273
13646613
13646614
13664666
13668151
13670516
13670690
13676699
13678824
13679097
13688954
13689649
13690781
13693165
13694114
13694115
13718675
13719673
13723484
13727665
13729096
13729098
13731575
13738168
13741360
13746411
13753998
13757070
13758406
13766057
13777704
13781522
13790339
13793408
13799311
13837310
13844620
13846631
13846632
13848191
13850703
13850820
13853467
13854784
13855549
13863702
13869665
13869666
13869667
13876566
13879953
13880594
13884036
13903670
13918585
13919104
13923883
13930103
13933593
13935151
13939299
13939402
13945743
13952353
13952646
13954805
13955094
13971247
13971376
13974328
13977404
13989217
13989487
13994250
13994251
13997032
13997403
13997404
13997405
13999018
14001139
14009347
14012302
14013788
14017548
14021423
14021437
14021543
14023183
14025628
14026594
14029198
14033374
14040637
14042929
14043997
14044258
14045526
14046010
14047234
14048734
14049323
14051477
14051821
14053512
14053513
14054118
14055415
14056132
14056467
14064820
14066422
14066440
14066464
14066466
14068563
14076029
14080768
14080776
14088232
14090370
14091129
14092230
14092938
14097316
14102230
14104864
14105196
14105376
14109127
14109128
14113609
14113872
14114930
14115395
14119570
14119883
14120047
14124750
14124860
14125596
14127299
14127573
14127580
14127588
14129668
14129950
14131364
14131947
14133740
14134581
14135529
14135533
14135548
14137636
14145682
14147469
14149845
14149959
14151060
14151061
14152506
14154024
14154714
14165841
14166633
14167427
14167834
14169959
14171570
14171865
14181088
14183158
14186705
14187002
14187005
14187913
14190695
14191610
14192117
14192366
14193628
14195645
14197894
14197898
14197899
14200386
14203344
14203345
14203353
14204097
14204750
14207198
14208283
14209943
14210797
14213664
14215481
14216155
14218580
14219027
14219037
14222201
14222652
14223630
14225074
14226069
14228212
14228506
14230824
14232155
14232692
14234487
14234778
14234790
14234814
14234908
14237052
14239845
14240935
14240968
14242797
14254569
14255672
14264050
14264853
14264890
14267278
14268620
14276125
14292983
14293005
14293008
14293022
14293709
14300038
14303353
14310449
14314671
14319634
14325271
14325297
14328413
14329374
14329452
14329461
14336861
14341948
14345046
14345170
14346118
14350358
14353815
14353816
14362485
14367284
14381382
14412945
14412946
14413545
14420541
14427660
14428042
14433631
14438703
14438704
14439384
14444759
14444760
14454238
14455467
14455468
14457212
14463006
14467380
14475243
14479239
14480397
14480841
14481012
14482690
14484808
14499990
14499993
14503703
14505607
14505659
14506855
14507699
14511827
14532082
14532217
14535496
14563859
14569287
14572219
14572229
14573681
14573769
14592426
14592712
14594224
14594701
14595583
14596899
14599145
14599471
14600214
14605150
14607413
14612229
14616690
14617663
14623386
14627288
14629020
14632999
14633011
14638492
14638688
14642332
14642822
14656057
14660357
14664871
14665737
14669248
14669806
14669911
14679894
14686990
14688099
14698101
14702299
14702650
14711631
14711642
14713164
14715750
14728687
14738897
14738997
14747990
14754636
14755854
14757199
14766590
14766591
14766807
14766913
14769465
14801356
14832198
14835021
14844407
14855744
14905634
14905653
14927885
14938314
14944168
14945423
14950156
14960714
14964344
14966665
14967048
14967230
14968975
14968977
14969531
14982810
14993309
14996192
15012801
15012806
15019523
15028116
15028705
15030924
15030933
15033238
15043439
15047192
15060044
15060060
15062997
15064974
15066809
15066852
15077880
15079890
15090067
15090513
15099856
15104480
15105888
15109258
15109796
15109800
15109959
15110971
15113834
15119677
15121507
15125613
15126472
15127789
15133101
15135544
15138861
15139200
15140877
15145247
15150241
15151230
15151231
15151241
15151242
15151246
15152001
15155611
15155910
15156043
15163588
15172829
15174751
15182931
15184171
15186458
15189289
15193804
15194135
15202257
15204543
15205411
15205890
15214721
15222564
15228345
15228527
15241936
15243122
15244059
15244063
15246235
15246505
15251199
15251214
15256021
15263322
15264564
15265121
15270513
15279944
15281929
15287869
15289565
15289566
15293947
15297508
15297521
15297532
15299677
15300457
15315235
15315265
15322020
15325735
15330536
15330537
15330548
15330549
15336410
15345396
15345407
15349504
15351038
15358508
15373418
15378296
15381975
15383024
15385482
15386100
15412301
15425948
15446134
15447817
15449941
15450804
15453800
15466039
15466564
15479414
15481930
15489298
15490563
15493346
15499359
15501050
15503354
15516118
15516586
15516713
15516729
15522510
15527912
15527919
15528558
15528656
15538709
15546093
15546414
15547268
15553640
15553641
15553642
15569001
15572452
15583149
15583318
15588679
15588685
15590470
15595406
15603836
15604782
15607037
15612827
15616305
15617798
15621429
15621453
15629422
15632437
15633678
15633691
15639239
15640177
15642459
15642810
15652364
15653460
15659693
15665450
15681041
15681046
15681162
15691161
15691930
15693168
15694658
15699205
15700434
15707759
15715951
15726979
15743944
15746316
15746337
15750806
15756854
15771198
15779910
15787241
15787455
15790070
15790079
15796996
15797142
15797235
15806940
15808746
15809419
15819671
15830666
15831390
15837378
15838040
15841977
15843974
15847993
15848228
15853428
15854703
15854707
15859461
15870362
15878409
15878423
15881248
15886918
15891547
15901704
15910391
15910531
15917598
15920276
15920621
15925006
15926088
15930764
15932346
15933027
15949926
15952764
15960667
15960753
15961396
15964039
15968823
15987359
15989272
15992308
15992617
15992624
15992950
15995640
16000702
16002169
16005534
16013392
16013478
16028518
16030205
16030238
16033505
16035236
16040120
16041658
16042811
16043311
16044291
16049914
16050501
16052461
16055220
16065067
16077116
16077134
16081178
16082000
16084267
16084369
16089397
16091773
16092349
16093236
16094865
16097768
16098222
16099605
16102864
16103125
16104824
16108807
16108919
16114896
16118276
16131385
16131821
16132425
16137631
16145074
16151153
16153731
16155172
16158586
16162136
16163832
16166537
16167365
16169624
16171954
16172409
16175777
16186972
16191899
16192570
16195898
16199567
16204573
16206827
16212035
16213622
16214163
16216372
16225949
16226766
16232773
16232979
16233036
16233059
16233108
16233268
16233388
16233842
16236325
16237122
16238737
16238759
16242802
16245711
16245717
16248373
16261920
16262753
16268108
16269689
16269726
16273040
16274824
16285700
16289280
16300063
16300074
16302091
16303197
16315198
16320610
16322104
16323775
16332792
16332805
16332888
16333068
16335054
16335239
16340940
16345417
16345469
16345477
16345509
16345844
16346802
16347271
16347320
16347729
16348145
16348699
16349267
16355833
16355978
16360247
16366265
16366357
16376084
16377846
16380268
16386816
16390196
16391023
16391064
16391139
16398729
16405680
16410767
16411778
16416909
16420599
16423419
16429826
16434071
16437687
16441598
16447070
16451176
16451187
16461679
16461712
16463319
16467789
16468412
16468998
16469463
16470372
16474195
16478494
16483385
16494204
16496576
16499319
16503065
16503068
16504251
16507677
16508119
16511317
16512902
16515693
16517658
16529834
16533294
16535421
16536059
16542411
16553722
16553733
16553839
16553866
16556226
16559646
16560011
16560274
16560275
16560379
16560642
16561068
16561521
16561651
16561744
16561835
16561930
16562033
16562045
16562084
16563585
16570512
16580829
16585744
16585764
16595670
16596646
16600039
16600543
16614927
16619355
16621833
16629028
16630537
16630975
16635069
16640583
16654416
16654456
16661641
16662446
16672454
16672488
16672527
16672610
16678290
16678369
16684105
16686839
16696702
16697182
16697234
16699573
16699589
16701595
16703301
16710635
16713153
16715822
16715823
16723015
16725377
16734811
16748837
16749141
16757796
16774742
16782331
16784863
16790012
16790782
16793156
16797165
16797180
16797571
16800770
16802202
16811117
16811118
16820234
16820457
16820495
16820512
16820519
16824717
16826601
16835841
16842349
16843669
16844251
16855222
16855246
16860423
16865893
16865913
16869486
16870610
16875462
16875672
16883828
16885294
16889414
16891037
16904901
16906407
16906495
16907808
16910662
16910713
16924915
16924932
16925863
16930957
16934073
16939217
16939339
16942988
16943000
16943026
16943086
16943088
16946479
16952832
16952956
16953588
16954272
16954292
16956686
16957208
16957262
16960062
16961465
16962303
16965380
16968287
16971127
16972128
16973523
16978259
16978581
16978725
16980471
16981648
16982640
16985296
16986766
16989308
16995520
16996631
17003440
17004909
17005192
17005826
17005984
17005989
17009291
17025172
17031616
17041058
17043814
17043821
17056367
17056684
17059178
17059605
17061816
17066940
17075168
17087977
17092708
17097673
17105553
17110090
17113233
17113245
17115205
17118627
17125888
17133799
17133800
17133805
17135565
17144260
17145080
17156808
17165028
17166929
17169556
17173854
17174428
17176890
17177514
17179429
17183096
17184315
17184318
17186677
17188387
17190338
17197155
17200957
17202150
17205450
17209076
17209516
17209822
17213187
17214203
17216168
17219900
17220262
17225146
17240531
17241334
17241681
17244482
17256986
17259311
17259359
17263347
17265866
17277212
17288553
17292990
17293532
17300848
17301069
17302151
17303280
17303397
17305336
17309511
17309638
17312713
17314223
17320373
17324372
17335063
17335632
17337168
17340893
17346714
17357571
17364926
17365707
17368397
17378708
17380356
17381739
17381740
17381743
17391366
17395642
17399737
17408793
17416654
17419288
17426028
17428930
17434157
17435283
17436617
17449125
17449693
17462712
17466398
17466403
17467004
17467096
17469278
17477261
17486032
17486558
17488023
17489211
17490431
17496091
17496101
17498814
17499887
17501983
17509667
17517121
17517714
17521361
17523492
17526827
17532079
17536675
17538643
17541824
17542481
17544281
17544818
17545319
17545321
17546672
17547019
17555563
17556754
17567030
17572084
17574697
17582113
17583443
17586388
17586563
17586767
17589644
17594454
17594989
17603192
17613363
17615154
17616381
17629655
17637491
17651222
17652769
17655100
17660418
17662245
17662960
17668027
17668039
17671943
17672293
17680305
17681234
17682820
17682912
17685331
17690472
17693957
17703630
17704395
17707115
17715135
17730624
17760301
17766868
17803865
17823109
17825510
17847716
17869417
17870185
17873030
17873849
17878069
17879302
17880148
17882415
17882627
17882837
17888538
17891390
17897374
17898845
17899791
17900083
17904895
17906937
17911011
17913061
17913062
17913063
17913083
17915249
17915701
17915763
17921286
17922298
17927759
17945181
17950718
17953548
17953558
17953568
17953573
17956484
17958533
17959433
17960105
17965421
17966518
17967173
17969616
17969617
17974202
17975097
17981984
17982177
17990568
17991024
17993396
17993671
17995650
17995688
17997177
17998541
17999336
18001657
18024738
18028277
18032435
18034834
18036180
18038618
18041957
18044443
18047803
18051303
18051330
18051771
18055052
18059560
18062653
18065609
18068392
18068844
18070972
18077041
18083024
18083872
18094579
18095430
18095431
18095446
18095448
18108882
18149939
18156332
18174111
18175317
18178021
18179822
18181568
18191462
18194257
18202914
18205354
18206765
18206770
18206781
18211262
18214442
18216013
18218018
18226481
18226890
18227265
18236672
18242150
18246718
18248377
18249550
18255287
18257138
18261893
18268029
18271269
18272219
18276997
18283730
18287289
18289688
18293903
18295182
18296540
18298528
18310016
18313174
18313216
18316150
18317748
18322819
18323609
18323655
18325337
18326182
18330114
18334279
18336832
18341151
18343805
18343909
18348006
18358564
18363653
18366187
18370996
18374382
18378032
18385066
18389005
18389688
18389696
18389710
18399937
18399997
18400544
18400656
18404301
18406093
18416820
18417231
18419156
18422617
18424517
18427848
18435343
18435876
18438870
18439962
18441945
18444858
18449576
18451042
18456114
18456115
18457577
18459058
18459534
18461320
18464912
18465897
18474404
18475868
18490004
18492191
18492723
18498350
18501387
18512335
18521530
18533180
18534834
18535629
18535631
18538876
18541171
18548707
18549401
18562275
18564913
18565914
18576180
18576885
18582112
18582554
18582938
18585735
18586878
18587153
18592743
18595460
18596941
18600061
18602180
18602188
18602986
18603337
18604503
18607099
18608768
18620772
18620967
18621716
18622710
18624174
18625533
18629908
18640257
18641133
18644325
18644430
18649539
18652482
18654760
18654763
18662309
18664929
18665214
18665989
18675543
18679155
18680938
18685978
18691785
18693303
18700048
18704884
18706120
18706426
18718851
18720853
18721677
18723852
18724768
18726128
18756397
18757856
18761035
18772942
18777010
18780544
18787817
18790035
18795363
18797766
18798079
18800597
18800911
18810868
18810881
18815830
18817130
18820069
18828385
18831534
18837364
18843519
18843874
18847223
18849447
18854193
18898796
18923555
18925929
18928552
18935397
18936889
18939750
18939763
18940793
18943260
18944546
18945094
18951808
18951917
18952874
18954731
18954889
18976873
18977505
18986709
18986725
18988632
18990211
18991549
19002526
19018957
19018965
19023670
19024213
19027973
19028303
19031531
19036587
19040101
19041258
19041713
19044257
19050850
19054101
19057813
19060151
19061367
19077307
19081155
19088316
19093453
19098220
19098917
19099360
19120618
19120918
19122422
19140821
19142056
19146496
19147105
19147283
19148635
19153728
19155162
19159431
19169199
19171254
19174888
19183599
19185328
19187499
19187503
19189462
19198766
19200684
19200700
19205264
19205487
19208130
19208616
19211520
19213248
19218145
19226390
19226933
19228253
19232768
19233922
19236174
19239530
19239549
19246004
19246762
19246763
19251901
19254027
19254814
19264886
19265870
19269566
19269972
19270075
19275109
19277782
19278342
19280091
19280299
19295911
19296371
19296427
19296657
19300469
19302303
19302315
19302486
19302495
19303274
19304837
19304998
19317483
19323730
19324056
19325527
19332298
19333567
19334535
19338277
19341344
19343940
19343947
19343952
19347893
19350981
19350991
19354266
19356828
19359685
19362197
19362422
19362639
19367944
19369518
19370863
19372165
19383135
19383694
19395380
19395489
19395575
19398315
19404024
19411321
19413807
19419802
19420688
19420990
19420995
19425243
19428136
19429618
19431000
19435243
19439642
19443973
19446419
19447968
19450674
19452113
19452346
19458918
19459744
19459943
19466461
19469006
19470230
19471983
19474351
19475143
19486207
19486427
19486433
19488677
19490337
19491426
19493277
19493582
19494695
19497057
19501283
19501977
19502400
19504172
19517068
19517743
19527831
19530006
19542344
19548257
19548771
19549579
19552771
19555727
19559718
19571454
19573199
19577306
19580454
19580647
19583692
19583794
19592590
19593670
19602859
19610333
19610337
19610344
19610345
19616347
19616612
19627142
19630511
19631708
19633916
19634333
19635553
19636427
19640561
19641057
19645765
19648377
19648658
19649741
19649781
19651456
19654018
19654019
19660920
19660944
19662115
19664551
19665032
19665814
19665891
19667754
19673167
19674187
19682874
19684175
19686345
19689886
19694992
19707031
19708882
19709333
19711918
19717606
19719670
19719681
19722396
19729033
19730852
19731609
19732155
19735196
19736254
19751419
19761179
19761549
19762101
19762477
19767427
19767469
19767626
19770039
19770863
19775769
19780544
19780824
19780952
19781589
19787052
19789138
19796886
19797879
19799850
19800349
19802985
19805181
19808037
19809916
19817640
19822381
19833050
19837797
19843208
19843446
19844704
19847745
19849812
19850708
19851734
19853945
19854901
19863785
19866561
19872109
19880150
19880250
19880606
19882114
19884776
19891454
19898540
19903384
19903405
19903875
19911780
19921182
19922760
19927404
19928761
19932560
19937033
19938824
19942324
19944473
19944752
19944753
19945784
19948852
19951313
19956654
19958380
19960271
19961043
19962134
19994891
20001329
20002864
20003753
20013261
20023091
20023097
20024949
20035003
20035009
20036024
20036664
20038713
20041781
20043864
20047906
20050532
20051203
20056174
20074238
20081006
20082376
20084617
20084997
20085186
20093113
20097814
20097820
20107529
20112864
20112878
20120118
20121016
20129969
20132691
20138382
20141945
20141946
20153067
20153165
20158644
20161744
20161899
20162058
20162076
20163896
20171250
20177467
20183574
20184018
20189380
20190083
20194285
20198521
20199155
20201277
20202345
20214877
20219360
20227599
20230270
20233921
20255154
20302598
20303194
20304555
20307342
20335099
20336015
20336500
20337929
20344600
20348290
20350526
20367571
20368289
20369814
20369827
20370835
20371284
20375358
20376561
20380142
20392633
20429956
20432938
20435722
20437392
20446859
20452707
20453152
20453907
20455532
20461627
20466767
20484836
20485679
20486188
20488038
20488844
20490663
20491912
20501049
20502549
20502683
20512317
20513969
20521509
20521557
20529859
20541397
20543075
20546413
20546416
20547349
20553347
20553780
20557405
20557451
20565315
20567610
20568524
20568774
20570502
20573415
20575118
20582210
20586065
20597981
20599285
20600090
20602763
20603588
20606280
20608507
20614835
20615333
20618853
20622499
20623220
20624910
20629886
20630318
20630484
20630547
20634886
20639365
20640321
20645735
20645834
20645839
20646325
20649455
20649968
20651034
20652040
20655805
20658667
20660139
20660215
20666869
20668404
20670362
20677455
20677753
20685646
20688829
20693597
20696489
20707344
20707374
20709848
20711895
20712258
20723231
20731223
20731668
20734957
20795784
20795943
20798583
20800575
20800917
20805712
20811478
20813455
20818094
20819358
20819368
20821199
20824484
20826037
20827467
20827474
20829288
20832694
20846331
20846847
20849884
20854415
20854873
20869784
20870591
20873796
20879533
20889798
20922989
20922997
20923983
20927102
20933587
20936277
20937566
20938704
20941575
20944232
20951815
20952639
20960937
20961964
20968238
21018690
21030823
21034248
21035546
21036037
21039669
21039931
21051490
21056768
21057027
21060783
21067680
21071231
21074285
21099040
21104084
21116735
21118484
21121865
21126600
21131488
21132974
21132988
21134310
21138309
21142157
21144817
21155604
21164571
21169440
21170356
21180393
21181488
21182701
21188074
21191654
21193409
21195068
21198361
21204702
21204876
21213993
21215645
21219415
21221933
21221948
21226797
21232643
21255307
21255345
21258851
21261842
21261862
21269718
21272950
21276046
21278263
21278268
21279697
21281999
21296562
21296961
21299576
21315974
21315979
21315980
21315982
21315984
21315985
21315986
21315988
21316719
21317249
21318360
21321425
21323981
21330939
21338631
21339157
21340015
21347491
21349326
21350671
21356439
21356471
21356564
21357430
21361936
21362630
21365289
21371089
21371137
21375885
21381347
21381901
21381943
21388923
21400237
21404211
21404695
21417966
21419572
21419821
21421577
21424969
21427886
21429611
21430639
21435123
21440319
21441336
21447378
21454167
21457716
21458961
21462837
21464598
21467628
21471968
21476348
21476926
21477484
21483225
21487734
21500092
21507320
21511122
21512918
21514283
21524711
21528721
21531795
21532194
21534861
21535549
21535727
21539184
21543140
21544555
21545842
21549225
21554339
21554514
21554806
21560133
21563959
21569959
21575023
21576337
21577046
21592605
21592748
21596556
21602365
21603222
21604309
21604551
21605923
21606892
21611767
21612423
21612927
21613515
21614712
21617783
21618968
21620905
21622795
21623314
21623896
21637522
21640849
21642396
21645824
21665364
21673894
21683265
21701982
21705525
21705526
21705535
21705545
21707881
21714637
21719993
21722746
21730118
21739082
21740100
21740723
21743998
21747963
21751008
21752108
21752697
21763425
21771705
21776742
21783410
21784857
21790026
21790617
21794959
21796869
21796986
21798612
21799766
21803301
21808533
21808577
21810470
21820749
21821775
21821924
21822040
21827283
21834640
21834669
21839375
21840614
21845079
21848644
21858669
21859295
21861727
21862758
21864360
21865025
21867672
21868146
21872960
21872987
21876048
21878033
21879856
21882014
21882964
21883321
21883731
21887322
21893092
21896762
21902929
21903218
21907234
21907250
21907374
21909398
21909641
21915528
21922927
21924829
21925026
21931677
21933313
21945067
21950158
21953521
21956579
21958299
21967698
21978657
21983301
21984415
21985154
21987337
21988483
21989311
21993280
21993328
21995521
21999710
22000845
22004813
22006381
22012017
22014741
22015683
22017666
22019407
22019494
22023070
22037402
22038125
22041895
22044798
22046776
22047695
22056144
22060877
22060908
22061614
22062253
22069656
22071005
22072941
22077223
22083787
22085218
22085364
22092109
22092824
22092859
22097769
22101448
22104106
22104118
22115039
22116159
22121830
22129224
22132860
22133067
22143542
22147642
22149215
22154606
22156135
22158847
22159892
22163046
22172109
22173364
22175871
22176763
22178189
22182644
22182927
22186048
22200747
22203569
22204608
22207744
22216181
22220494
22222433
22224051
22225704
22225985
22228472
22232490
22240060
22241046
22243393
22245788
22246161
22247126
22247864
22253099
22262217
22274828
22277077
22281415
22282630
22282635
22283438
22285271
22286045
22288378
22289581
22293524
22297227
22297998
22301575
22303020
22303981
22304655
22305785
22307282
22307285
22309915
22311647
22320687
22326328
22328607
22329678
22329805
22344637
22344920
22349225
22349896
22350938
22351260
22351982
22359862
22374959
22377146
22381913
22389535
22389752
22394121
22394210
22396914
22401914
22407690
22410226
22416675
22418930
22432022
22436008
22436640
22441407
22447288
22450791
22471215
22475937
22476280
22479577
22483838
22484527
22488056
22488058
22488059
22489466
22496447
22497838
22500892
22506696
22506709
22508645
22513254
22516426
22519814
22522892
22524239
22528469
22532071
22537353
22537947
22540344
22543750
22545792
22546686
22551674
22553922
22556699
22556869
22557005
22557053
22557054
22557117
22557158
22557334
22561859
22562346
22563709
22564743
22567391
22570248
22571522
22571587
22573612
22581068
22583961
22585614
22587955
22606011
22611084
22615800
22619969
22622060
22624326
22624657
22624947
22627887
22634578
22640257
22642665
22644106
22645259
22647818
22649540
22649932
22651801
22669227
22678024
22683240
22686940
22689237
22691488
22701599
22704635
22706055
22712399
22713941
22713985
22723939
22725610
22728159
22729541
22730118
22731107
22750551
22752909
22752919
22754015
22767125
22773111
22773174
22781366
22785028
22790844
22795512
22799208
22799214
22803396
22805722
22805834
22805841
22808738
22815564
22815980
22816278
22820331
22823121
22847006
22850394
22850397
22856561
22856578
22858411
22858476
22863713
22871061
22875537
22878556
22878735
22881064
22884742
22885019
22887669
22888667
22891880
22893019
22897765
22899617
22902190
22907454
22913459
22918867
22923409
22923954
22924139
22925067
22934824
22934995
22939345
22940299
22940801
22943811
22947472
22949198
22953752
22959918
22961665
22963659
22965231
22967223
22968373
22968655
22978236
22980003
22980022
22980862
22981824
22982327
22986113
22986194
22986202
22988756
22990486
22992735
22995166
22999356
23001664
23012141
23024402
23024403
23024412
23027976
23030527
23034184
23034806
23034808
23035976
23036924
23037464
23037626
23051104
23054699
23072054
23073664
23074919
23078634
23079238
23079954
23087536
23088190
23089956
23093415
23094195
23099161
23100734
23100783
23100823
23106123
23107004
23109276
23114705
23115844
23122077
23122110
23122503
23125205
23127887
23132276
23135929
23136979
23144388
23159807
23161452
23163211
23171587
23177052
23181593
23182212
23188457
23189126
23189563
23189701
23192045
23194533
23198796
23200646
23200654
23200657
23204457
23206278
23207707
23212024
23216197
23216529
23218663
23226010
23228911
23235996
23237409
23239999
23246607
23261810
23263801
23268204
23269221
23271509
23273786
23275160
23277548
23279596
23285089
23287855
23290224
23290228
23290233
23290247
23291682
23298596
23305769
23313504
23317869
23319564
23322168
23327639
23342511
23346937
23352144
23357316
23361176
23367847
23373473
23376783
23376785
23384356
23385463
23388036
23388049
23392900
23399269
23400199
23400969
23402421
23405113
23423147
23423648
23428175
23428735
23431539
23433370
23433386
23438028
23438051
23440117
23440299
23444311
23445297
23445421
23451394
23455215
23462077
23466466
23466537
23470854
23474904
23475137
23475340
23488740
23488744
23489634
23494620
23498175
23508031
23510217
23510283
23520577
23523522
23524678
23531538
23536982
23538205
23541200
23543708
23546831
23547067
23551123
23556134
23561114
23561188
23563945
23565829
23569802
23569943
23569951
23571124
23572684
23572780
23574020
23575123
23586961
23587828
23592829
23593575
23594937
23595824
23598924
23605231
23613846
23619116
23621633
23626392
23631492
23634317
23636502
23639986
23643123
23643125
23646182
23646306
23646705
23647603
23647973
23649177
23650940
23653684
23662150
23665616
23666640
23673058
23674059
23676924
23678570
23678817
23678831
23680975
23682124
23683588
23684720
23685942
23686272
23695569
23696217
23702950
23707735
23713670
23715804
23732830
23734728
23738442
23741789
23743474
23747604
23748004
23748204
23749163
23752358
23758290
23758316
23758747
23760819
23764220
23765791
23767365
23769834
23770641
23770703
23781153
23783892
23784887
23786285
23786981
23787438
23789822
23789847
23790891
23791203
23793817
23796655
23805514
23806510
23813732
23815288
23816452
23825666
23827020
23833752
23838816
23844357
23849645
23850680
23851094
23861044
23869182
23870821
23870852
23872558
23873638
23893311
23893780
23901174
23901590
23905017
23908292
23909775
23913431
23923568
23924612
23926880
23927823
23927924
23936007
23937170
23940667
23960775
23960826
23961220
23961238
23962198
23971801
23972777
23973829
23973839
23975673
23979826
23983671
23992047
23994352
23994997
23998435
24001978
24002058
24002748
24003018
24004181
24009682
24010589
24012705
24022760
24028026
24029028
24029588
24031193
24031466
24031481
24031578
24031669
24031969
24037600
24040335
24040585
24040793
24044873
24045008
24059435
24060693
24062769
24065359
24071577
24073965
24079198
24082746
24084199
24089682
24092009
24092776
24092785
24095649
24097052
24098556
24104687
24106490
24111829
24116676
24126275
24129156
24132860
24139511
24139886
24141566
24144023
24144849
24147363
24151453
24154979
24160979
24162529
24164262
24172133
24176389
24184231
24189677
24192859
24192866
24193053
24204713
24205213
24206436
24211313
24217508
24223039
24223901
24234348
24248650
24249081
24250813
24256737
24264384
24271162
24271177
24272828
24279683
24279753
24283940
24290634
24290635
24291459
24295128
24295378
24298284
24301469
24304588
24309214
24309723
24312460
24313786
24317404
24317526
24322776
24330547
24331981
24333961
24334666
24334785
24338952
24340542
24340543
24342171
24342954
24346000
24346073
24349428
24354201
24356843
24356874
24361832
24365283
24366630
24373418
24374434
24374446
24374587
24375026
24375103
24375170
24376352
24378967
24379445
24380618
24383075
24385570
24390198
24392738
24402202
24403653
24404779
24407625
24412723
24415029
24416908
24416933
24421139
24421191
24425608
24426121
24426154
24426155
24426327
24438669
24440535
24441110
24441179
24444885
24444900
24450783
24455713
24459255
24460572
24471080
24475065
24480116
24480186
24484429
24490921
24498789
24499629
24503289
24506006
24507339
24509924
24515915
24516437
24516873
24520734
24532070
24534430
24534507
24545148
24550730
24560281
24564294
24573681
24575808
24584718
24587527
24595561
24596497
24606332
24607860
24611959
24617031
24619085
24627989
24630252
24632157
24645497
24665770
24674433
24688511
24690637
24695677
24708541
24728527
24735603
24736645
24746143
24749383
24749663
24750250
24750927
24756322
24761805
24767083
24770454
24772183
24773258
24777330
24778229
24778758
24784323
24785091
24785713
24793101
24794449
24795369
24796416
24798125
24801270
24801271
24804150
24807626
24813917
24815929
24816927
24821187
24826002
24835932
24837924
24841815
24852506
24853518
24853676
24868870
24874674
24874679
24876650
24876776
24891232
24895578
24897789
24906385
24912709
24913432
24913558
24915092
24926042
24929684
24929710
24929722
24929727
24929880
24934340
24935689
24938520
24941130
24942773
24945318
24945323
24948949
24952171
24964624
24969424
24972871
24976873
24977047
24985699
24988412
25000301
25002359
25003130
25007174
25010767
25016038
25019521
25026729
25036665
25040253
25044336
25053393
25055802
25059531
25063224
25063946
25077065
25077376
25082769
25083861
25084664
25084675
25085530
25085545
25087168
25089349
25089733
25090607
25090957
25093386
25096755
25100842
25101800
25103127
25110196
25113043
25115108
25115728
25128900
25129951
25138589
25145230
25147657
25147664
25147672
25147712
25149519
25151581
25157831
25171111
25172452
25182551
25188780
25193866
25195541
25195897
25196098
25196224
25197449
25198129
25198606
25198854
25216269
25217763
25220767
25224506
25227778
25230820
25231625
25232675
25252644
25254431
25256547
25256822
25257599
25261525
25274411
25280881
25282417
25282420
25283231
25285205
25286160
25289015
25296497
25299748
25301660
25305011
25308646
25311736
25312118
25312166
25312179
25317114
25320439
25323120
25328181
25350501
25359543
25368324
25377386
25386394
25386680
25393824
25399752
25411968
25416479
25420792
25422307
25432345
25433250
25434178
25435632
25440556
25440998
25441984
25447643
25450021
25452498
25457101
25459618
25459868
25460994
25462380
25468476
25472031
25473993
25474049
25474051
25474052
25474063
25474064
25475206
25475284
25475292
25475298
25475301
25481059
25482232
25482451
25489740
25492799
25493478
25503319
25505137
25514093
25523597
25523768
25528535
25529553
25532299
25532300
25542166
25543910
25548056
25553804
25555227
25558854
25560915
25561882
25561928
25570568
25580774
25581787
25582587
25583976
25585629
25587927
25593267
25595773
25597976
25598639
25608726
25608745
25610566
25612827
25619040
25625045
25627167
25628606
25631558
25631587
25632321
25632387
25632475
25635100
25639850
25644491
25644656
25646962
25649443
25651042
25654423
25659732
25665710
25666178
25671081
25671086
25675713
25679309
25680445
25681188
25684184
25688235
25697369
25700364
25702162
25706249
25708540
25709016
25709024
25713360
25719886
25720196
25724392
25727186
25729277
25733828
25740257
25740801
25742119
25745221
25745259
25745266
25746996
25755081
25763303
25767986
25768053
25771716
25773477
25774512
25789417
25790989
25791850
25794364
25794697
25797134
25802851
25803299
25809902
25812430
25828975
25829631
25830379
25835810
25836410
25841370
25842173
25844859
25846578
25848272
25849250
25853317
25853650
25854710
25856120
25858826
25862049
25862353
25862990
25863020
25868618
25881066
25881096
25881309
25889817
25889860
25892750
25893804
25893812
25894212
25897586
25899343
25900381
25909751
25910648
25918712
25924959
25928035
25943207
25947216
25950845
25951390
25951843
25952857
25954265
25964180
25967394
25970977
25977039
25978097
25979887
25987542
25989039
25997219
25998918
26001558
26004048
26013201
26013691
26016379
26019620
26019646
26020559
26023576
26025077
26026869
26027363
26028745
26030365
26031013
26032815
26033739
26036659
26038185
26042597
26043681
26047898
26048238
26052012
26057803
26060561
26060669
26073734
26093289
26104459
26105826
26109045
26109320
26109449
26111602
26113843
26116419
26123922
26132146
26135986
26137795
26138394
26139877
26139938
26141410
26143288
26146787
26147582
26150120
26162590
26163518
26165131
26165194
26172327
26178241
26186031
26186121
26195555
26197553
26198236
26198972
26207987
26212222
26213948
26216208
26217487
26227277
26231330
26231642
26231814
26234184
26236290
26241851
26247353
26248285
26254787
26257381
26266749
26269794
26272091
26274022
26274034
26278905
26280399
26287636
26288125
26299539
26300872
26306797
26317539
26327456
26335056
26336239
26344995
26344998
26345039
26351469
26351584
26352912
26352989
26358183
26358714
26363882
26363884
26369277
26370137
26370172
26373305
26373441
26379238
26380647
26396361
26398810
26401399
26405529
26411038
26411789
26415543
26433174
26433201
26434140
26436511
26437752
26437973
26439860
26442498
26454221
26455997
26464607
26467696
26468754
26469996
26470879
26472830
26472840
26473090
26474074
26476390
26476945
26490648
26490898
26493084
26495106
26497155
26497467
26497468
26497742
26500610
26501159
26503850
26507686
26509868
26512126
26512866
26519562
26524531
26525185
26525498
26525981
26526683
26528249
26528255
26528531
26528669
26537602
26539483
26540546
26541047
26542035
26545170
26552874
26555390
26563081
26566932
26569197
26569304
26571091
26571677
26579100
26582262
26582284
26586903
26587972
26588432
26597594
26602510
26604928
26606309
26613919
26613924
26616055
26619316
26619828
26622177
26629794
26635754
26638480
26638991
26642381
26644932
26646008
26648715
26650381
26654951
26659672
26663842
26667574
26672452
26678142
26678408
26679589
26682199
26686715
26688964
26690423
26695776
26698271
26702514
26702953
26704163
26718466
26719785
26723266
26724423
26726461
26735044
26735046
26742618
26745529
26745757
26749799
26751178
26761507
26761838
26762493
26762531
26773385
26775951
26779156
26780468
26781737
26781852
26781854
26782040
26783170
26793477
26793867
26795959
26803269
26805020
26805974
26809052
26818983
26819218
26821000
26822957
26826815
26830743
26830746
26849219
26851857
26854241
26860943
26861269
26861569
26862516
26870026
26877045
26880927
26886446
26888528
26894535
26896133
26896793
26900340
26902211
26902219
26904590
26904628
26904744
26905349
26911490
26919276
26920050
26921321
26921428
26921849
26930107
26941234
26941650
26947309
26947457
26953526
26971857
26972682
26976568
26976751
26976753
26981009
26981531
26985692
26991291
26992796
26995124
26999390
27000421
27001810
27006873
27007362
27007365
27009509
27020838
27021959
27023514
27028108
27031639
27033528
27037833
27038426
27038879
27038945
27045277
27052696
27052865
27061585
27061980
27066355
27071031
27072028
27074593
27082812
27084015
27088886
27091884
27095454
27102982
27103733
27106256
27106264
27107124
27109136
27112426
27113591
27116468
27118739
27120461
27127591
27138724
27139023
27145847
27148169
27148672
27150479
27151485
27152321
27166544
27183281
27184127
27188294
27190142
27190165
27190168
27195164
27196540
27198725
27199558
27211508
27212265
27214292
27217369
27231118
27232128
27235401
27236515
27242694
27242738
27245453
27252687
27257202
27257205
27257745
27257909
27259073
27261784
27263830
27272929
27275834
27276425
27281142
27284145
27286792
27286821
27288643
27289315
27294115
27294956
27296425
27296430
27306691
27313285
27314007
27316964
27316965
27317856
27319130
27321915
27337279
27338781
27339314
27340340
27347700
27347915
27348063
27348506
27350770
27350995
27353188
27362296
27375252
27375568
27378130
27393386
27396523
27400878
27402849
27407293
27407294
27414781
27417827
27424522
27424810
27429931
27432653
27433362
27435260
27435329
27446060
27447348
27448034
27450560
27458448
27459335
27460563
27462508
27463797
27469473
27471499
27476999
27482880
27486443
27486447
27487568
27490458
27494415
27498500
27498509
27498591
27507015
27507461
27517140
27517822
27520992
27524254
27533890
27547804
27554278
27554496
27559930
27571247
27572436
27575591
27576487
27578165
27582514
27585559
27587823
27588686
27589675
27591849
27592831
27596595
27598154
27604298
27607836
27608008
27609309
27624097
27632805
27638478
27648444
27648859
27649128
27649138
27656441
27657656
27669197
27688335
27688340
27698594
27699438
27719918
27721698
27728961
27744366
27747902
27756215
27757102
27761763
27762484
27768742
27771412
27771954
27776261
27788582
27790204
27798597
27800343
27800383
27800440
27807433
27809474
27814530
27815566
27816679
27826288
27826358
27828651
27835772
27846346
27853705
27853715
27861693
27872630
27876630
27876960
27877442
27881417
27889137
27889164
27892814
27895288
27896600
27904467
27910791
27911010
27913879
27919691
27925492
27928597
27934583
27936510
27936865
27939272
27939872
27959868
27992273
28018316
28018625
28024372
28024537
28025224
28025629
28033346
28036133
28040158
28043220
28050250
28050335
28058252
28060260
28064427
28074224
28087491
28095107
28096791
28101085
28110506
28115890
28126949
28131953
28134988
28153905
28163074
28163703
28173949
28178978
28185399
28188870
28190406
28192223
28194136
28194576
28197131
28197147
28197394
28201729
28205130
28207304
28211298
28213026
28214187
28214340
28219797
28231455
28232440
28241818
28242424
28246037
28252354
28258183
28258430
28261161
28280018
28283680
28288581
28293243
28298443
28298686
28299978
28303540
28315318
28316049
28319869
28320885
28324535
28327424
28327520
28330130
28330282
28330303
28334654
28335299
28336259
28341191
28349539
28357327
28357881
28364698
28379629
28384525
28386130
28387154
28390023
28392375
28395399
28399995
28401466
28404223
28406161
28406506
28407186
28414127
28418291
28418717
28419596
28421042
28423891
28426102
28426403
28428133
28428293
28430084
28432092
28441364
28443227
28444888
28446903
28450472
28455550
28457508
28465062
28467187
28472044
28472946
28475782
28476981
28478075
28478557
28480369
28480489
28487678
28494369
28501987
28504167
28505584
28513297
28520428
28521206
28522446
28522726
28526346
28527125
28527323
28528947
28532058
28532241
28536016
28536384
28539266
28546116
28556679
28561637
28567623
28570540
28572930
28576553
28586726
28590423
28590745
28596019
28597212
28600590
28600792
28602988
28605978
28607368
28618987
28620254
28622090
28623814
28625989
28626641
28626737
28629970
28631818
28644410
28645183
28646380
28648290
28650559
28663293
28664219
28664525
28669223
28671310
28671588
28680972
28681658
28684750
28698913
28705500
28708293
28708321
28708609
28710998
28711259
28713514
28714887
28716170
28719589
28720951
28725151
28726195
28729280
28731389
28732729
28736866
28747494
28753035
28755871
28755939
28761828
28762531
28764032
28768476
28770842
28774974
28775818
28778316
28778821
28783894
28790205
28792367
28794952
28798168
28798727
28800852
28803098
28811611
28815637
28820255
28831964
28832613
28840299
28850573
28860247
28866145
28868246
28868923
28869797
28886124
28890764
28900166
28900282
28911502
28911634
28911683
28919098
28926764
28926954
28930111
28930216
28930254
28930645
28934219
28934660
28935372
28941674
28941901
28951786
28952017
28960367
28964604
28969907
28970226
28972184
28974821
28974979
28976788
28979312
28980369
28983287
28991912
28994596
29021140
29024922
29030198
29030872
29031105
29033922
29033924
29035192
29043216
29043217
29044329
29044438
29050578
29051644
29051980
29054663
29056708
29066297
29072532
29073789
29083419
29085407
29085601
29086558
29089523
29089846
29090631
29094221
29095985
29096256
29104213
29106326
29108621
29110155
29112318
29113862
29113958
29116480
29117261
29121701
29138467
29138944
29139119
29142400
29146835
29147103
29152694
29154880
29155157
29155402
29155570
29156244
29156617
29158433
29161642
29164822
29166172
29173626
29175602
29177636
29177752
29182515
29185745
29193200
29194776
29196005
29196170
29198101
29205279
29209303
29212366
29219046
29232416
29234696
29237777
29243493
29243837
29247062
29257674
29259282
29260567
29264694
29265878
29271180
29274457
29277474
29286652
29292153
29296593
29298099
29304316
29306007
29314280
29316743
29322098
29327895
29328809
29329018
29330180
29331369
29337344
29339306
29346538
29350293
29352398
29355031
29366852
29366890
29367695
29368149
29369689
29377722
29379355
29386151
29389026
29390131
29390262
29391626
29393564
29395667
29401728
29407388
29407416
29413942
29414740
29415828
29417086
29421031
29421356
29438351
29439722
29451019
29452593
29454827
29457069
29457249
29472791
29474146
29481984
29484825
29486609
29487731
29502259
29509989
29514939
29522326
29529328
29546466
29547638
29549035
29551437
29552061
29561223
29567221
29567815
29575393
29579930
29579940
29580493
29593691
29602786
29604072
29610258
29611139
29617482
29617829
29619642
29622912
29625395
29625988
29629859
29632521
29632666
29634190
29636737
29642263
29642501
29643437
29652195
29654809
29655009
29656701
29657402
29661181
29661627
29665495
29667430
29670066
29676476
29677644
29678213
29685279
29687663
29690762
29691661
29694975
29701028
29702448
29715628
29716874
29722453
29723048
29723050
29725957
29726165
29727559
29728391
29729917
29732324
29732670
29734705
29737393
29737595
29741832
29741833
29744504
29744941
29746763
29748396
29748401
29752557
29753873
29754873
29755582
29768235
29775724
29777759
29783053
29791442
29851961
29853943
29854050
29856629
29862601
29867809
29867835
29875760
29876371
29883383
29884361
29885553
29886688
29892098
29896523
29897541
29904100
29904375
29915567
29915958
29930035
29940777
29941813
29945379
29947668
29951087
29955718
29957085
29963351
29963751
29965313
29978288
29979708
29981021
29981685
29981853
29981873
29983281
29986399
29990637
29990805
29990889
29993123
30004412
30006047
30006404
30008020
30011686
30013283
30021990
30023625
30023669
30026096
30027422
30029815
30031472
30034983
30042591
30046562
30048488
30052323
30053697
30055473
30059851
30063283
30065210
30066443
30067232
30071070
30072706
30073946
30074139
30074257
30076196
30087203
30087362
30087662
30087789
30096540
30096603
30097448
30099996
30104447
30105347
30112140
30112146
30116789
30120077
30121468
30121768
30123610
30133532
30140490
30142264
30145765
30146707
30150828
30152177
30155371
30166154
30166175
30167378
30169119
30174669
30186278
30187946
30190709
30198073
30203090
30212034
30216877
30218956
30221546
30227296
30227847
30230926
30233502
30233518
30235826
30250171
30253024
30263260
30263301
30263358
30263373
30263437
30263438
30263642
30263666
30263741
30263751
30263786
30263792
30263795
30263813
30263851
30265205
30267721
30269856
30270149
30273671
30278362
30285095
30288586
30289270
30294216
30294310
30296636
30324699
30326179
30335239
30336284
30339999
30343266
30343326
30344018
30345267
30352295
30368690
30381678
30393211
30395927
30404208
30404215
30405044
30405541
30405567
30408748
30414406
30417107
30418590
30427792
30430196
30430303
30430725
30444232
30444697
30445704
30451842
30451927
30452292
30460221
30462642
30464760
30467561
30471133
30484714
30487367
30489078
30497598
30500507
30515347
30518175
30524803
30525620
30527979
30528588
30528776
30531979
30533731
30533836
30533869
30533897
30534122
30536550
30539940
30543915
30548239
30548870
30549598
30549826
30551576
30552194
30555449
30557599
30557913
30563220
30563233
30564023
30565215
30570800
30576875
30580581
30581768
30583239
30583392
30584203
30589606
30589903
30594722
30599185
30599929
30609884
30612042
30621587
30622295
30627794
30631365
30636070
30637341
30644425
30646547
30647574
30653875
30658413
30660974
30663349
30665680
30666408
30666554
30671584
30672596
30677349
30678961
30690423
30691000
30705833
30707292
30716932
30716983
30717003
30718605
30719153
30721090
30723505
30730585
30731188
30731560
30731599
30731624
30733738
30733970
30734452
30736339
30739247
30742059
30745328
30746069
30753881
30753888
30758796
30760116
30760727
30761171
30766525
30768621
30768952
30775186
30776443
30784741
30793610
30795109
30795129
30795172
30795183
30797330
30798059
30799112
30801070
30803468
30805067
30805357
30809204
30810376
30810918
30812258
30812310
30813918
30821564
30822869
30822977
30825469
30826539
30828950
30834556
30836514
30836517
30836565
30837345
30842767
30843087
30844497
30845433
30847142
30850428
30852028
30854474
30863252
30863469
30864123
30866185
30866238
30866269
30866286
30866325
30867518
30871164
30871886
30873133
30875400
30875712
30884678
30884726
30889930
30895492
30898727
30899519
30900044
30902849
30904294
30904989
30907665
30910086
30913599
30913610
30913616
30913653
30913689
30913725
30916451
30917044
30921841
30921926
30921943
30925637
30925645
30926477
30931955
30934430
30934435
30934440
30934471
30934494
30934500
30934513
30934522
30934523
30935210
30938704
30939711
30943608
30943649
30943654
30945982
30949606
30949633
30950292
30956841
30956871
30957692
30959635
30959671
30959678
30959714
30960879
30964024
30965399
30965403
30965405
30965429
30965457
30965458
30965509
30965513
30965518
30965532
30966456
30967595
30970281
30978817
30978858
30978861
30978872
30978874
30978898
30981067
30984157
30987359
30991520
30991554
30991605
30996432
31002057
31002963
31003296
31003302
31003350
31003362
31003389
31008099
31009467
31010094
31011817
31017318
31018313
31018363
31021035
31022408
31025087
31027822
31027825
31028863
31035915
31039867
31040576
31043291
31044176
31047689
31049768
31051554
31051558
31051637
31059388
31059926
31065815
31069124
31071296
31071388
31071714
31071773
31071859
31072885
31076436
31076625
31076729
31084077
31084102
31084122
31084124
31084130
31084157
31085208
31092603
31093442
31103988
31104082
31105681
31107885
31109535
31111431
31111815
31113105
31113136
31113151
31114555
31116061
31116886
31119112
31121684
31121691
31121693
31121797
31127634
31128180
31129476
31129652
31129897
31134356
31134431
31135033
31135181
31137278
31137283
31137288
31137314
31137342
31137345
31137585
31139396
31142281
31145461
31146992
31146998
31148886
31156029
31156567
31158616
31159004
31159005
31159017
31159074
31159088
31159118
31172252
31172903
31177585
31178139
31193102
31193420
31195475
31195480
31195492
31195518
31195538
31195544
31195559
31195574
31197322
31197892
31199692
31200628
31202409
31202414
31203418
31207044
31207718
31207771
31207772
31207783
31207843
31211665
31216789
31216842
31221162
31223211
31226283
31231335
31232061
31233661
31234456
31239193
31239733
31243733
31248075
31250661
31252144
31255274
31258080
31258524
31268372
31275728
31278976
31281364
31284652
31294148
31294175
31296479
31298661
31300822
31306534
31312193
31317283
31324956
31327898
31331094
31333632
31335181
31338473
31340816
31342530
31344916
31348839
31349556
31353242
31353663
31357318
31365649
31366135
31367359
31372316
31374235
31375003
31375487
31375492
31378834
31381944
31386712
31389563
31391284
31392206
31396185
31398235
31402826
31406331
31417535
31420951
31421182
31421762
31425739
31428064
31428353
31428647
31430490
31432008
31432268
31442363
31442862
31445510
31454974
31456524
31456770
31463222
31468608
31468977
31473248
31476402
31477968
31484048
31485133
31485181
31485709
31492263
31492913
31497388
31500036
31500263
31500702
31500708
31501751
31506473
31507580
31510047
31513660
31516347
31516354
31521346
31521458
31522662
31524559
31532237
31536421
31539960
31540154
31540194
31542549
31544521
31546186
31546416
31546935
31551942
31554100
31554316
31556343
31563731
31565469
31565827
31577204
31584060
31587689
31590875
31596617
31597309
31612235
31614458
31617504
31622586
31623170
31624921
31626047
31632831
31635046
31635627
31642002
31644654
31650469
31651871
31660143
31664944
31666814
31668441
31673794
31680210
31681254
31691582
31696516
31699135
31699761
31702835
31703147
31703304
31705681
31706266
31711418
31720978
31726264
31729532
31731762
31737233
31738585
31740685
31745784
31750261
31751740
31756265
31758985
31759038
31761984
31764911
31769798
31771117
31776608
31783677
31785295
31790215
31790335
31790474
31790956
31791818
31793098
31796226
31796569
31802493
31804873
31807807
31809253
31812649
31812764
31823441
31834431
31837787
31838288
31842760
31844879
31849471
31852862
31856722
31861107
31861284
31863387
31864061
31864741
31865081
31865290
31867463
31867530
31867800
31868651
31869398
31871034
31875614
31879579
31882101
31887886
31888034
31888392
31890796
31896482
31897395
31897767
31905687
31906298
31906936
31908970
31911192
31915745
31919400
31923557
31936035
31939019
31941142
31944080
31945485
31947723
31951466
31965693
31967810
31969302
31969984
31991163
31991613
31993165
31996444
31998594
31999364
32000641
32009113
32010099
32017844
32025825
32028529
32029733
32032628
32033948
32035394
32036166
32036894
32045643
32050503
32052540
32053978
32059517
32060599
32061872
32065293
32066036
32067627
32069955
32069984
32070551
32071096
32071421
32074078
32075284
32076011
32078730
32081807
32084477
32089580
32092570
32098810
32106440
32106606
32109473
32109701
32110981
32112842
32113602
32113767
32118129
32132663
32133659
32140835
32143886
32147410
32150557
32152352
32154230
32155116
32161913
32162852
32168453
32169486
32173136
32180954
32181115
32184763
32187695
32190055
32192161
32193239
32194536
32195280
32198173
32201362
32203753
32208626
32208750
32209989
32210676
32211000
32211531
32212812
32215708
32219111
32220844
32225392
32227587
32234679
32236097
32236137
32236563
32242773
32242927
32243946
32244560
32244799
32247505
32248611
32252629
32257517
32260337
32260398
32264488
32265479
32268545
32271709
32272257
32274695
32274816
32274932
32277254
32288324
32292010
32295121
32304791
32318723
32319069
32322954
32329163
32331252
32333828
32336372
32336748
32338340
32343717
32344601
32353077
32353772
32361469
32361494
32364675
32368039
32380734
32382904
32387970
32392794
32393084
32397258
32397488
32397613
32406901
32407387
32409544
32416810
32418285
32419807
32421674
32425541
32425737
32429845
32431250
32431355
32432306
32435240
32438667
32439988
32440139
32447013
32447432
32448965
32450031
32455784
32456041
32456227
32468180
32472704
32477834
32485254
32487738
32492464
32493010
32494347
32497856
32502245
32507026
32509542
32510554
32512093
32512951
32515020
32515847
32516651
32518846
32519859
32521689
32526587
32530394
32533267
32535205
32539947
32540378
32544461
32549385
32562265
32565813
32567282
32569917
32570898
32570965
32571217
32575866
32583285
32599708
32600768
32609751
32609834
32611700
32614808
32616645
32622191
32622239
32626746
32634224
32634640
32640578
32645216
32645249
32647813
32651764
32651884
32658706
32658912
32659573
32659895
32661196
32663301
32664242
32664473
32670666
32674390
32679071
32682959
32690586
32692860
32693260
32696237
32696847
32701049
32707970
32708067
32708709
32709126
32714086
32719669
32719697
32722333
32724577
32729058
32731190
32731394
32733153
32738017
32744091
32756957
32757348
32757949
32759024
32759699
32760356
32760364
32770116
32770127
32780461
32781103
32781642
32782740
32784385
32784747
32802067
32802073
32802569
32803021
32806344
32807097
32808064
32808141
32808604
32813867
32815215
32818706
32822494
32823484
32823586
32824660
32835996
32843545
32846538
32846580
32849624
32852662
32854082
32865425
32867768
32888099
32889480
32892287
32905429
32910706
32912579
32916540
32920304
32921268
32923046
32934911
32937845
32945360
32955742
32957623
32960302
32967292
32970180
32972055
32972748
32973690
32977335
32977600
32989700
32993137
32993872
32993959
32994334
32995633
32998015
32998160
32999751
32999821
33000364
33004259
33005193
33007505
33011889
33013779
33023149
33023861
33028279
33029146
33036317
33041004
33053649
33054711
33062580
33063345
33072050
33080854
33083590
33088049
33088328
33088659
33096265
33113745
33114030
33114414
33114712
33115846
33116186
33121277
33122065
33125042
33125074
33131334
33132361
33134573
33135991
33142751
33143191
33148822
33156496
33163664
33164620
33167492
33171754
33171789
33172081
33173167
33173290
33175127
33179199
33181409
33183843
33184305
33187223
33194439
33195838
33197480
33198398
33202278
33214297
33219568
33220870
33228027
33228634
33230192
33230892
33232350
33233064
33233219
33237335
33238536
33241150
33241354
33243143
33249408
33250418
33251240
33255155
33255306
33264891
33265943
33271757
33271880
33272582
33276059
33276234
33277126
33279245
33281178
33283540
33292157
33293090
33296714
33301683
33303935
33304129
33307052
33312168
33321703
33322196
33324354
33324388
33325134
33326741
33327470
33328381
33329410
33329925
33331052
33337102
33342694
33343553
33344198
33345899
33351136
33351688
33351763
33352642
33352744
33352776
33353020
33353216
33356788
33363345
33365021
33371332
33374081
33374175
33376830
33381966
33383082
33386072
33388654
33390685
33396096
33396588
33398628
33401438
33401831
33404767
33422858
33424369
33424814
33432952
33436966
33440221
33445030
33449525
33454013
33459199
33460659
33462030
33462720
33465240
33466284
33467047
33484470
33485235
33486218
33488179
33493498
33494513
33498536
33502164
33505094
33505372
33509445
33510722
33516253
33516825
33517552
33519726
33524880
33525722
33527315
33530444
33532366
33535361
33537126
33540517
33540849
33548036
33548315
33548322
33557428
33562111
33562185
33567501
33567946
33569748
33578634
33581432
33589264
33592891
33598412
33599517
33601833
33602211
33603127
33606108
33607651
33612794
33613492
33616100
33616238
33619697
33620482
33628155
33631925
33642867
33643325
33643818
33644481
33647781
33649356
33652073
33656194
33664148
33665152
33669618
33671275
33673660
33679153
33679635
33679675
33682626
33682913
33683053
33694018
33717014
33724028
33725095
33729850
33731986
33732048
33733504
33740179
33741157
33742802
33745375
33746278
33746281
33746363
33753594
33758089
33765636
33769083
33776752
33777842
33781870
33791125
33793795
33802996
33803105
33805220
33806116
33806334
33806705
33807365
33808470
33809305
33809976
33810132
33811023
33818654
33822096
33828007
33828147
33830284
33833767
33841363
33843741
33850642
33855490
33857710
33864099
33865329
33875199
33880734
33883264
33888726
33897025
33898839
33901555
33916124
33917630
33917798
33918846
33919248
33920777
33921078
33921827
33929595
33929605
33932479
33933538
33939559
33946451
33946614
33946936
33949594
33953751
33955675
33959342
33970244
33971423
33973475
33973610
33977611
33980893
33981891
33984505
33984647
33990630
33991676
33996524
33999215
34009097
34014978
34016682
34019121
34021199
34022612
34026964
34031727
34031903
34032564
34036982
34042521
34049138
34054741
34056379
34058099
34064160
34064887
34065355
34065610
34066326
34069376
34069757
34070269
34071618
34072497
34072663
34082027
34085101
34085561
34086421
34093493
34096406
34096711
34096779
34099743
34102998
34108535
34111580
34116746
34118544
34122366
34123426
34125451
34127004
34130418
34133441
34133571
34137137
34141495
34142612
34144288
34144838
34145750
34146612
34147468
34147985
34160120
34163458
34164781
34173253
34173839
34177818
34185687
34186116
34189563
34199368
34201531
34201960
34202440
34205474
34207614
34207706
34217115
34218551
34220107
34244854
34246014
34246674
34249493
34252147
34253372
34253723
34254157
34260791
34267740
34277580
34279682
34284092
34286634
34287030
34287457
34292347
34292863
34294963
34294980
34299167
34302505
34304544
34315915
34319449
34323364
34326827
34328721
34329069
34332514
34334069
34335708
34340907
34342700
34350477
34351550
34352926
34354445
34354684
34356819
34361550
34361617
34364078
34367095
34369735
34371712
34372035
34374318
34377053
34378998
34379029
34380146
34381426
34385865
34386300
34388169
34389952
34392824
34401591
34410150
34419808
34421294
34423250
34425826
34432180
34434207
34437398
34439014
34441503
34441545
34441692
34441710
34442698
34451599
34451613
34466059
34467445
34468511
34474268
34475694
34476520
34486170
34486296
34491485
34492167
34493209
34494947
34495157
34502057
34502928
34505918
34507086
34507769
34510397
34537082
34537596
34541225
34543802
34546077
34548019
34548637
34556617
34564676
34564808
34567125
34574273
34576789
34576842
34577997
34578695
34579004
34579311
34585546
34586650
34588916
34591146
34592251
34600660
34602293
34605647
34612699
34619269
34621017
34626485
34627064
34632761
34635209
34636664
34639886
34641314
34641480
34641521
34647113
34647805
34648482
34656634
34659182
34661866
34662593
34675137
34675139
34675363
34676258
34677958
34678991
34681765
34681888
34685914
34685934
34686017
34689298
34691806
34704785
34705954
34719190
34719313
34719734
34720608
34721445
34725555
34735500
34735878
34736358
34736448
34739805
34742417
34752917
34762445
34764760
34767821
34769242
34771378
34778577
34780017
34791662
34793623
34793888
34798103
34802194
34802926
34805669
34806111
34811424
34817995
34822591
34827290
34827339
34829157
34830105
34830248
34830357
34832583
34835349
34836646
34841358
34843728
34846266
34852157
34853044
34854820
34861626
34866504
34873663
34878098
34881397
34882507
34884855
34890437
34890664
34891087
34893989
34897903
34908471
34914844
34914929
34920075
34924761
34926112
34932145
34935932
34937524
34942467
34945507
34945598
34946774
34947424
34948402
34949749
34952411
34958705
34961185
34961281
34964290
34964911
34973549
34980379
34980383
34982373
34982789
34992589
34993796
34997051
34998985
35001915
35002421
35002424
35003874
35006952
35007374
35008507
35008951
35012097
35013016
35014817
35017489
35026445
35029524
35032541
35032935
35034969
35041890
35050989
35051786
35052956
35053094
35056175
35056542
35056585
35056610
35057901
35058941
35068583
35072828
35074334
35076271
35080471
35082061
35082068
35085567
35095812
35096801
35098455
35113985
35122800
35127556
35127933
35128265
35132491
35132758
35138121
35142557
35154679
35154683
35157142
35158300
35159440
35159525
35159855
35162964
35163199
35163944
35164132
35164554
35165789
35173563
35175521
35183050
35190666
35200657
35202179
35204215
35206710
35208207
35208707
35208754
35208913
35215134
35216223
35217921
35223434
35225691
35228362
35230258
35240275
35243332
35254113
35263470
35267350
35267779
35268234
35268766
35269699
35270064
35270157
35270324
35273579
35276493
35277802
35278959
35279852
35280554
35280578
35284462
35289651
35291913
35293995
35298545
35299049
35303494
35310821
35318352
35323097
35324037
35327253
35330774
35335364
35335366
35337253
35337563
35337576
35341141
35346777
35348418
35350100
35350113
35351569
35351944
35356521
35358078
35364380
35377175
35395528
35396389
35398076
35401464
35406912
35406992
35407020
35407079
35407092
35407124
35409708
35417482
35418164
35418965
35421088
35424402
35435457
35435700
35443211
35445109
35447823
35448897
35448975
35453635
35454225
35456145
35456782
35460328
35460448
35460964
35462123
35462682
35464917
35468144
35469857
35470433
35472438
35473978
35475637
35475639
35475993
35479626
35481694
35482413
35490635
35496342
35498633
35499330
35503207
35510788
35514886
35515171
35518444
35520667
35529485
35529654
35529686
35531181
35539599
35540045
35540069
35540124
35543455
35543559
35544639
35550966
35552506
35557822
35563357
35566270
35567006
35567081
35572637
35575735
35577356
35579429
35588435
35589862
35592006
35594077
35597456
35599031
35606635
35611609
35622299
35623534
35624689
35625293
35625340
35627226
35630362
35630373
35630395
35630653
35630810
35633663
35636574
35643000
35651639
35652668
35653808
35665438
35671799
35676828
35678967
35683947
35684497
35684575
35687734
35690172
35690267
35690372
35695637
35704650
35707822
35715546
35716384
35720602
35721981
35726919
35730937
35733351
35733958
35736913
35741438
35741876
35741879
35745544
35745988
35746081
35749224
35754271
35756039
35756067
35758660
35761696
35764446
35772600
35774452
35774817
35776061
35779113
35783626
35788609
35789993
35795180
35800321
35807470
35819346
35822612
35833660
35834299
35837148
35839908
35841601
35842001
35842870
35844422
35847057
35848414
35851044
35852191
35857430
35862946
35864132
35865978
35869433
35870790
35871465
35876342
35877874
35879654
35882412
35883804
35889105
35889128
35890421
35891169
35892646
35894048
35895028
35895250
35898690
35903476
35906912
35909614
35910130
35915127
35915981
35917513
35920136
35920920
35921492
35923873
35924350
35928146
35932435
35933921
35935693
35945171
35947332
35949064
35953176
35953747
35954118
35954765
35956506
35956812
35959376
35963080
35968554
35969063
35969074
35972279
35978236
35986091
35990772
35995797
35996113
35997597
35999570
35999640
36000904
36004698
36008760
36010481
36014094
36014977
36014993
36015489
36015602
36015608
36016528
36033381
36039655
36040973
36041365
36043906
36048202
36048277
36050436
36053379
36053980
36057355
36063680
36063964
36068455
36076195
36076276
36076388
36076758
36079693
36081801
36083397
36083619
36087233
36088522
36092673
36097028
36105983
36116257
36119460
36123739
36134984
36138337
36139173
36139730
36139931
36140014
36144297
36144322
36144376
36144383
36144462
36154055
36160848
36170333
36172499
36177462
36179567
36183291
36192707
36194010
36194212
36198745
36199032
36204302
36205689
36208515
36209456
36212949
36215464
36216566
36218254
36224162
36231461
36232763
36232797
36232983
36233866
36235073
36235961
36240921
36241756
36248409
36251561
36254337
36255299
36257390
36258024
36260227
36260232
36267179
36269561
36271213
36278133
36278580
36290554
36292853
36294927
36296842
36297243
36297364
36297877
36298024
36298855
36302543
36303174
36306438
36310361
36311057
36312403
36312424
36312986
36318413
36320307
36320852
36324009
36329103
36330665
36330980
36334340
36334351
36336022
36336094
36337612
36338025
36339505
36340357
36352269
36354217
36358130
36358192
36362371
36362401
36363696
36364256
36367125
36376399
36382650
36383889
36385748
36386714
36397614
36400617
36404746
36406448
36407722
36410158
36410514
36413928
36425129
36425140
36425433
36429156
36429314
36431998
36432205
36432852
36443683
36444268
36445554
36446505
36447101
36448221
36452468
36454319
36461319
36461382
36462257
36462660
36466510
36467737
36478540
36478847
36481602
36481842
36484492
36493638
36496733
36515787
36517072
36525630
36527155
36527898
36528203
36542191
36544391
36545585
36547922
36549087
36551448
36553767
36553859
36557562
36557661
36558923
36559143
36559556
36563444
36563631
36565526
36568412
36569082
36572723
36580133
36587720
36589090
36589940
36592812
36592897
36593373
36596126
36599093
36602580
36605825
36606091
36607575
36610340
36613350
36613419
36613432
36617580
36618043
36619455
36622624
36627411
36627592
36629826
36637547
36639651
36642360
36646261
36646757
36647902
36655099
36657596
36659272
36668884
36670952
36677921
36680696
36682214
36685395
36688742
36689436
36695779
36704550
36705593
36708597
36710864
36714520
36717410
36721507
36723604
36726157
36733383
36735220
36736172
36738815
36749061
36755700
36757622
36757960
36759782
36766153
36767025
36767220
36770725
36771091
36771546
36773634
36774686
36774796
36778857
36779729
36786562
36788345
36794326
36805241
36818182
36820189
36823448
36826294
36828404
36829810
36830116
36832830
36832907
36833450
36838361
36838395
36838451
36838486
36839850
36840144
36840240
36844537
36846749
36846750
36850330
36851732
36851734
36854956
36862211
36862537
36862671
36864521
36869296
36870095
36873493
36884139
36893969
36895350
36899803
36901903
36902346
36903365
36903525
36904061
36906319
36907231
36908982
36910424
36914099
36920625
36926869
36930446
36932702
36934171
36937299
36942229
36950636
36952131
36952512
36971980
36977763
36978352
36981170
36982751
36983957
36985581
36986407
36990291
36995796
36998400
37002135
37011746
37014512
37019800
37020067
37021121
37024147
37024789
37027093
37030251
37042699
37048369
37049960
37055700
37056512
37059038
37059348
37062474
37064228
37064279
37079742
37080258
37080726
37081767
37082737
37087005
37087238
37091329
37098898
37100528
37106823
37107117
37107268
37107483
37108086
37110274
37110296
37110488
37110539
37110815
37113233
37113329
37113475
37114549
37123897
37127102
37128070
37129506
37137351
37139845
37143543
37149076
37149077
37149269
37151636
37154337
37154750
37155092
37159410
37174403
37174427
37175109
37176012
37176799
37178053
37178239
37178746
37182977
37188286
37189133
37192300
37192598
37200773
37204449
37207482
37210635
37213513
37215782
37215826
37217149
37217985
37218131
37218156
37222616
37223411
37227628
37233115
37233684
37233717
37233845
37235563
37238789
37242363
37244303
37247242
37254316
37256360
37259391
37272098
37273201
37274910
37275144
37282747
37285892
37286084
37286897
37289418
37290872
37298593
37298706
37299048
37300919
37301074
37313602
37316061
37317149
37317258
37317264
37329602
37331227
37332491
37333653
37333661
37354053
37356408
37356781
37361349
37366339
37366975
37368694
37369694
37370333
37371954
37372620
37375043
37384587
37386554
37391045
37392926
37399877
37400312
37403123
37409885
37415815
37418167
37421063
37422847
37443518
37444199
37448686
37453258
37458881
37462863
37467122
37474085
37474779
37480267
37480776
37484226
37491583
37495831
37500036
37511410
37511826
37512364
37512555
37512998
37513434
37517118
37517626
37520347
37522530
37528159
37528448
37528495
37528781
37529722
37534087
37537629
37538180
37538349
37538750
37539285
37540016
37545478
37547569
37552039
37552931
37561679
37561804
37562514
37565923
37567634
37570524
37570610
37570724
37571008
37573457
37574102
37574314
37576197
37576758
37584890
37587432
37590004
37591138
37594180
37597137
37598805
37599946
37606789
37607229
37611705
37614737
37615998
37621018
37623599
37624025
37627574
37627836
37628765
37630447
37634480
37635561
37636120
37636906
37640158
37649058
37649803
37649885
37651951
37657542
37658190
37659185
37663900
37665217
37669908
37672795
37679070
37685214
37689956
37700007
37701210
37704668
37705700
37708608
37717394
37720476
37729802
37730087
37744062
37748314
37751004
37751996
37755230
37755366
37755709
37757625
37758114
37761103
37763237
37764007
37767078
37771222
37773314
37774135
37775913
37782211
37786431
37786852
37791589
37801906
37803533
37805180
37809968
37811974
37813215
37813631
37824326
37828905
37831922
37835173
37836753
37836789
37843795
37848665
37855617
37856478
37864975
37865706
37866551
37877980
37878911
37884250
37884254
37890759
37893634
37894201
37895890
37899579
37902202
37906615
37907824
37917532
37919007
37919800
37922031
37924800
37925366
37925886
37926546
37930451
37931477
37933634
37938361
37939120
37951187
37954367
37956852
37957128
37958921
37959025
37959140
37965980
37970393
37971586
37975992
37978380
37979849
37981379
37981381
37984612
37995876
37997360
37997919
37999898
38002142
38003626
38003740
38004689
38004717
38004733
38004774
38005226
38005278
38008533
38010068
38019411
38023279
38029127
38029197
38029817
38030019
38031334
38031610
38034904
38040372
38043805
38045028
38049265
38055502
38068595
38068672
38069046
38069290
38075900
38079263
38079305
38084302
38084396
38096084
38096676
38100031
38106476
38107094
38112756
38125735
38132949
38133325
38136711
38137997
38138092
38140032
38140072
38143468
38147993
38148420
38152267
38152857
38156003
38156984
38157972
38159768
38160652
38161043
38163703
38165488
38168504
38170152
38171889
38172947
38173621
38175413
38179104
38179945
38182627
38184647
38186617
38192260
38193369
38197876
38199471
38201154
38202340
38219637
38220092
38223712
38225145
38231674
38231728
38232838
38233129
38241893
38247600
38248529
38250355
38250416
38251230
38251248
38257894
38258007
38261235
38266863
38268226
38268703
38268912
38269196
38269202
38272427
38275704
38280504
38280925
38281435
38282040
38282641
38282728
38285253
38288368
38289080
38290308
38290310
38294247
38294545
38296101
38296119
38319091
38321337
38325555
38325810
38326741
38329367
38333447
38335884
38336871
38337076
38338335
38338570
38342665
38344316
38349742
38354793
38358638
38368376
38370046
38370080
38372467
38376819
38377554
38380146
38383294
38383865
38391497
38391513
38391567
38392023
38392727
38395274
38395570
38397530
38397609
38399671
38399712
38399800
38404898
38423451
38426059
38428133
38429873
38430580
38431333
38434615
38437466
38441475
38443172
38443415
38446406
38447096
38456317
38458999
38460667
38461001
38462004
38465674
38466375
38470126
38470791
38472751
38472889
38473766
38479112
38483152
38484999
38490163
38491100
38491924
38495380
38502798
38508101
38516166
38517890
38518913
38519777
38519821
38521274
38522411
38522690
38524238
38527906
38530479
38531520
38534680
38539080
38541231
38543488
38543662
38547445
38547938
38549139
38549471
38561827
38565929
38567288
38574431
38574930
38574958
38575335
38578074
38582164
38582926
38583636
38584696
38589469
38596651
38601666
38607527
38611747
38614024
38615992
38623192
38623427
38627580
38633173
38633175
38637069
38637080
38644425
38647790
38647835
38650199
38652152
38657938
38658810
38661536
38663147
38667778
38672813
38672837
38675478
38678825
38680816
38682138
38682148
38682437
38682770
38684707
38686555
38689005
38698117
38705355
38705945
38718045
38729535
38731426
38731430
38731847
38735331
38740839
38747955
38748307
38752484
38754350
38758965
38763243
38766347
38767750
38770022
38772317
38774767
38785365
38785435
38785711
38785809
38786720
38788497
38790886
38791367
38792693
38792741
38794373
38794452
38806706
38809175
38809805
38810088
38812733
38814235
38819160
38823853
38824663
38827342
38831144
38842788
38843718
38844212
38845375
38850320
38850802
38851576
38855763
38857358
38861847
38871594
38873449
38878899
38882846
38886035
38886585
38887086
38890836
38896600
38897047
38900333
38901812
38915975
38918548
38921591
38922505
38925118
38927166
38928773
38930550
38930796
38930951
38935872
38936432
38936490
38936698
38945300
38961917
38962187
38965162
38966046
38970997
38971787
38977968
38982378
38985570
38986771
38991433
38996868
38996978
38999058
38999722
38999755
39004153
39010997
39025896
39026170
39030901
39032674
39040394
39042195
39051107
39053317
39059942
39059950
39061043
39061336
39061340
39063307
39065126
39065225
39065332
39070080
39074362
39077375
39080332
39081867
39081891
39102300
39104582
39109211
39117240
39123692
39128207
39128951
39130422
39130564
39138728
39141974
39142776
39144380
39144483
39145368
39147521
39151231
39152091
39153280
39153576
39158315
39160048
39161927
39165575
39167393
39168323
39169550
39169715
39170038
39177355
39181952
39184013
39193303
39198319
39199136
39199710
39200074
39206469
39220992
39227447
39228067
39231950
39235527
39239003
39241915
39244709
39244956
39252997
39253843
39254256
39256169
39257617
39269638
39276264
39277241
39277392
39279360
39282178
39285885
39287409
39288179
39288698
39289639
39293098
39293614
39294576
39298014
39302883
39303958
39314878
39320640
39321599
39323241
39326598
39327002
39331049
39335028
39335071
39338378
39339644
39346855
39353221
39354849
39356798
39357564
39358641
39369534
39375112
39375686
39376581
39380679
39384050
39384621
39384865
39385119
39385396
39390719
39393642
39396796
39397486
39397794
39406770
39410065
39418297
39418480
39423521
39431870
39433726
39435337
39435711
39437681
39438657
39440972
39448164
39450335
39452218
39452755
39452852
39456313
39456328
39456329
39457067
39458314
39458398
39462613
39464030
39465164
39467987
39469080
39471543
39475864
39478480
39479703
39486604
39498971
39499397
39510362
39514131
39517166
39517218
39517240
39518298
39528194
39537795
39541925
39542106
39542360
39543729
39543762
39545686
39548784
39550491
39554324
39559947
39569545
39571436
39580394
39583709
39590680
39592526
39595693
39596047
39596195
39596780
39597625
39597674
39597741
39600552
39604090
39604852
39605781
39606173
39607253
39608772
39609694
39612348
