12648723
14585856
14612237
14637140
14638436
14659536
14663096
14702294
14755343
14761995
14977960
15044201
15070994
15096547
15102796
15127335
15170040
15175107
15175296
15184022
15184539
15213146
15213163
15218997
15295701
15314189
15322006
15342570
15385520
15463892
15463903
15472352
15482431
15516469
15516470
15550207
15557647
15683855
15687196
15740640
15743925
15749893
15796974
15837391
15925406
15942004
15947430
15968051
15978077
15995219
16009540
16030222
16041013
16046195
16061707
16085398
16113259
16151106
16207975
16217180
16232288
16239504
16266831
16294309
16316987
16328653
16377703
16388024
16388025
16388713
16452432
16513737
16595014
16597956
16672617
16687582
16687590
16706902
16737826
16781896
16790782
16796688
16857052
16859809
16860003
16869828
16922864
16988222
16997956
17002785
17122351
17185549
17187664
17219455
17220310
17233735
17325048
17337576
17371508
17426227
17439657
17448645
17499075
17504297
17537663
17595284
17618236
17627623
17658302
17673475
17697131
17705426
17784948
17925414
17933889
17937666
17967860
18049456
18155789
18162473
18195023
18214797
18215132
18217926
18227267
18288523
18298537
18310047
18316384
18328098
18336731
18341581
18356026
18356119
18362192
18362403
18448284
18513356
18588687
18607020
18624797
18643926
18667064
18667584
18668237
18680520
18771721
18776009
18801206
18824538
18854199
18931103
18944375
18977555
19047750
19094239
19146953
19153076
19155262
19201791
19234113
19304435
19332803
19366627
19370465
19376213
19376905
19383677
19396411
19451037
19460431
19482924
19525227
19528212
19535624
19542002
19542010
19542323
19574243
19579020
19669185
19713359
19715200
19716254
19719571
19732325
19741077
19744991
19761586
19761612
19770128
19801414
19835630
19880661
19889907
19924480
19967396
20001604
20019083
20023084
20048042
20078128
20082687
20086083
20090946
20137066
20152153
20154121
20185551
20206249
20348312
20358245
20364433
20482621
20511428
20553438
20624216
20635597
20643851
20660607
20729192
20732993
20810766
20811470
20826205
20829396
20829607
20852798
20853166
20880411
20951086
20966087
20971902
20973964
21078295
21109012
21127160
21178113
21182082
21205205
21208930
21227698
21255107
21278292
21317335
21337515
21357299
21388965
21422204
21446999
21511027
21526150
21531270
21536796
21538256
21554707
21566394
21609491
21666074
21690240
21697459
21707055
21743026
21778264
21781329
21804006
21811611
21883527
21909279
21920934
21955326
21965564
21980044
21984237
21995705
21997369
21997606
22008505
22023324
22023353
22134647
22139000
22150831
22171975
22216120
22221091
22226953
22230411
22321740
22322958
22354291
22368275
22384003
22428949
22522899
22536896
22551926
22622026
22622109
22624054
22676492
22728038
22742453
22748377
22763039
22767545
22768221
22795971
22830256
22830644
22848580
22848588
22919578
22919580
22919581
22919584
22919590
22949660
22950027
22958119
23082228
23090963
23094061
23105020
23135937
23136852
23142676
23148214
23185499
23186665
23231487
23256532
23269671
23271804
23281338
23284990
23287542
23306671
23317764
23383071
23389959
23414071
23460819
23486248
23507956
23516582
23526252
23608047
23661625
23666402
23703617
23729649
23737242
23760902
23761147
23761261
23765553
23796134
23799151
23815566
23844246
23888610
23906842
23932109
23935310
23948468
23978260
23979750
24014026
24023794
24031884
24096416
24119232
24132725
24134835
24136849
24163337
24213809
24217175
24260482
24265978
24305740
24316250
24349432
24365109
24384626
24395233
24410837
24415453
24461904
24469681
24474783
24484849
24531462
24592823
24658785
24659767
24673753
24688094
24719230
24723723
24728272
24756630
24790091
24798083
24820075
24841205
24852171
24888970
24901988
24916958
24919149
25081413
25155974
25156374
25156735
25172289
25263109
25267676
25294803
25299375
25307949
25392525
25411181
25452284
25474359
25494960
25519693
25583107
25596358
25681189
25694518
25717335
25725797
25744996
25755923
25784678
25795676
25841012
25852993
25926824
25926825
25954256
25971664
26002942
26030265
26045541
26053039
26114111
26160169
26181439
26187366
26220706
26253539
26300878
26322762
26364149
26416862
26431972
26462475
26487448
26503664
26505731
26510267
26515403
26564046
26586192
26590274
26601485
26667172
26671758
26722110
26725701
26814642
26879174
26902727
26946055
27012860
27044625
27075488
27120170
27125479
27133449
27145151
27179816
27198181
27200362
27242147
27242743
27325348
27379216
27428258
27438061
27541364
27580679
27586172
27597847
27618991
27620956
27652671
27665523
27672096
27684048
27770178
27799222
27825973
27830695
27839953
27871013
27886433
27898711
27987042
28060362
28066350
28085228
28093527
28177462
28177793
28178425
28248999
28258146
28292982
28294652
28296935
28325850
28347342
28348057
28419759
28428775
28432094
28463102
28463663
28562673
28587856
28593045
28596407
28614901
28642745
28651010
28662146
28711221
28713341
28714263
28757084
28767660
28817787
28847919
28858970
28878751
28913898
28917967
28956836
28965239
29022160
29032643
29055510
29082233
29099689
29130174
29135920
29142288
29158389
29164069
29208119
29228063
29261811
29293658
29312259
29322563
29359187
29360487
29363827
29439968
29498745
29513134
29541628
29559421
29559964
29602945
29661867
29665015
29850514
29857552
29896180
29897328
29906254
29986943
30015451
30068737
30108505
30120123
30131359
30165781
30190507
30198885
30283687
30296643
30297366
30366849
30376607
30387776
30455278
30462698
30513124
30517784
30541778
30628184
30670425
30683036
30687272
30737168
30770405
30798378
30813526
30820638
30910901
30967346
31127459
31145912
31173023
31192785
31204617
31233657
31350337
31362510
31392941
31425993
31434364
31464662
31469273
31546596
31585996
31586859
31669084
31674896
31684866
31695169
31722994
31725941
31732688
31844554
31865096
31879049
31932141
31936166
31945256
31947778
31962032
31978399
32090500
32097539
32098200
32131450
32140053
32202796
32306352
32318042
32451832
32492429
32554104
32566630
32576591
32669472
32680508
32702060
32755549
32817433
32824884
32873215
32878952
32899969
32946129
32946281
32974221
33022209
33093048
33101020
33101250
33113713
33125241
33151163
33187833
33193984
33208300
33255486
33259975
33270887
33303916
33318011
33440288
33441602
33447789
33448264
33469548
33565960
33574111
33574112
33579086
33684179
33684254
33707642
33734565
33753468
33769626
33811025
33813711
33818654
33822465
33883098
33916474
34116184
34132614
34151662
34180014
34190606
34235487
34260396
34351603
34356783
34431337
34495711
34503920
34524889
34552571
34561922
34578104
34579569
34603736
34660335
34674874
34681180
34686741
34692569
34725378
34740700
34786867
34815596
34837368
34837384
34849876
34878338
34944603
34985987
35046497
35069493
35174425
35178184
35212475
35215373
35234897
35252032
35343779
35358034
35416687
35472302
35549177
35562951
35580139
35583640
35593885
35632679
35670099
35708354
35821233
35856676
35862793
36100204
36174276
36215670
36228001
36260443
36358226
36418316
36436859
36450576
36532267
36600213
36606074
36728830
36771163
36797253
36815622
36825886
36831166
36853041
36914918
36933352
36968541
36971554
36995114
37029313
37097504
37153161
37317093
37325481
37376428
37388750
37552766
37558695
37567623
37609815
37662974
37731385
37748387
37764089
37791751
37796010
37822354
37951366
37966209
38071361
38173359
38178896
38189440
38206016
38261606
38351239
38366016
38400190
38501654
38528852
38591619
38624199
38675780
38700520
38709084
38748879
38750965
38776026
38809005
38840466
38895586
38904883
38906403
38914312
38917784
38973863
38979387
39049470
39116652
39143311
39182358
39230636
39244607
39306074
39356147
39412998
39480100
39480244
39485561
39541213
