104477
108243
159850
190614
198377
200563
238939
262317
264498
283471
299867
302154
312163
361722
375327
378975
382839
392123
402428
479109
512421
537520
574152
614956
677375
680791
711677
815034
815445
858647
908624
908848
914990
923562
933892
937344
961983
1088769
1095487
1104486
1107566
1145712
1150617
1154171
1176434
1185264
1225753
1232031
1238568
1262715
1284806
1298882
1301669
1308559
1345094
1386197
1404556
1406286
1406758
1414107
1427004
1439793
1446035
1447977
1452357
1460662
1474660
1509839
1512876
1527508
1546359
1551830
1596952
1611068
1614328
1624422
1624469
1639496
1649616
1657519
1657887
1659072
1677900
1695896
1695978
1698255
1702734
1705541
1724154
1730186
1752774
1758469
1784300
1787840
1801486
1802792
1808507
1808509
1813805
1827173
1842438
1857369
1857372
1857373
1879678
1882634
1889045
1898928
1901573
1906986
1920664
1935094
1935095
1938923
1961108
1973325
1973326
1978453
1980253
1982158
2037358
2051013
2075755
2075759
2078084
2091525
2094179
2095628
2097497
2097850
2099066
2099076
2106044
2129533
2133058
2142978
2143614
2160939
2164509
2166239
2178143
2178144
2188341
2198438
2201642
2211518
2215220
2233780
2233781
2240367
2250669
2256408
2273998
2301801
2307658
2328909
2333080
2337651
2344947
2362598
2386004
2388251
2393980
2401564
2457734
2468040
2474712
2474713
2477361
2487774
2504767
2504836
2524638
2526282
2533934
2535180
2545628
2580824
2581401
2606164
2609813
2629060
2633713
2633714
2634816
2635752
2644192
2651310
2664489
2670888
2683524
2694696
2707857
2711790
2728696
2728699
2730213
2735164
2739560
2747698
2761389
2769715
2810547
2811899
2811911
2822356
2823508
2823509
2828935
2833162
2836636
2843470
2843471
2853272
2863905
2883791
2907926
2915403
2925246
2936047
2948125
2966529
2997127
3002984
3021629
3025677
3025695
3025701
3032085
3042439
3047061
3055200
3055286
3057358
3061259
3064503
3068484
3072810
3074242
3097065
3106795
3162386
3206961
3218993
3230131
3242429
3249571
3249590
3260145
3300112
3302594
3311629
3318229
3338844
3373638
3380589
3411698
3424819
3433308
3434043
3445109
3492308
3495184
3504547
3507558
3508925
3537763
3548171
3564897
3564898
3564899
3574316
3591122
3654586
3665495
3673377
3701038
3728514
3748170
3757476
3785255
3796319
3796653
3818085
3832341
3841818
3882563
3884511
3904286
3911684
3912146
3916962
3925663
3944056
3949380
3957763
3965395
3965398
3980695
3997240
4029140
4032620
4197744
4198381
4200742
4203000
4206343
4207626
4207627
4214770
4258386
4261513
4269701
4351505
4423545
4559742
4564407
4570927
4598257
4627922
4631979
4636787
4679265
4761976
4805401
4825248
4825250
4829929
4853529
4856885
4988692
4995342
5062977
5071650
5115674
5309534
5314020
5361214
5606984
6094509
6097301
6104464
6129238
6174497
6194044
6195409
6195719
6210636
6213893
6273385
6289056
6310003
6315590
6315659
6317517
6317562
6338113
6364800
6365786
6381597
6395594
6405562
6431718
6446677
6449813
6469351
6469352
6476832
6603926
6624313
6636308
6637277
6665833
6685140
6694293
6745406
6765301
6832323
6832826
6832830
6842729
6844033
6868103
6904395
6968252
6975184
6976228
7002800
7012131
7014615
7028602
7044327
7050154
7076305
7095845
7101402
7125037
7134648
7144551
7152680
7153344
7174445
7180264
7204338
7216478
7224628
7235456
7264374
7273838
7341569
7348290
7372804
7382883
7387153
7391614
7399681
7402697
7462147
7474340
7477035
7486931
7504666
7542626
7542952
7590316
7592356
7599600
7601852
7607411
7618291
7622205
7622225
7628931
7664886
7670051
7707334
7714189
7730256
7730287
7760495
7778370
7783282
7786503
7801703
7814323
7822022
7823825
7836309
7856355
7879510
7879524
7879564
7879566
7894913
7896707
7915069
7916733
7926680
7927675
7941851
7941859
7960099
7992516
7992534
7997181
8001799
8002585
8017138
8017139
8028105
8039177
8045376
8059564
8059567
8063102
8067065
8067083
8067103
8067110
8079520
8079523
8079585
8097176
8100346
8112310
8157543
8162411
8180275
8188365
8195371
8200525
8203841
8204850
8220825
8220828
8246746
8266559
8282699
8284315
8300512
8305677
8312551
8312552
8314993
8316211
8321119
8326859
8355612
8360901
8400380
8418035
8418045
8418054
8421889
8433327
8433328
8458980
8469722
8472014
8478325
8486253
8500913
8501055
8501057
8514397
8515750
8525723
8525726
8525733
8528615
8540736
8541803
8553746
8553769
8557370
8578841
8587512
8592502
8602887
8636051
8662526
8675324
8693337
8701667
8712895
8713337
8722542
8731264
8736090
8745007
8757748
8757829
8767710
8777320
8804976
8820669
8827690
8830263
8833837
8833838
8833852
8833855
8833857
8833858
8833859
8833861
8833862
8833863
8833864
8833865
8834212
8845449
8862590
8885145
8890210
8897192
8913481
8926104
8930916
8958247
8959266
8981352
8993858
9004504
9006011
9023216
9026458
9026634
9027690
9032889
9038298
9045816
9068660
9097371
9102553
9103070
9112365
9119451
9125544
9125581
9157252
9158060
9172878
9178518
9182720
9191383
9213772
9221059
9221077
9221645
9221699
9221742
9245136
9249062
9251259
9269050
9278464
9278616
9281474
9284179
9284376
9289280
9293080
9302210
9309233
9344782
9350742
9351703
9353022
9391954
9391955
9422611
9435261
9440226
9440524
9445996
9452403
9453599
9453605
9457855
9463297
9480436
9491506
9495751
9514641
9517950
9532689
9533478
9556751
9557955
9562689
9573181
9589851
9598442
9624730
9627932
9639921
9639922
9642196
9642774
9660466
9666006
9673015
9675452
9682370
9683485
9709002
9712817
9717252
9718211
9733695
9741973
9746557
9748454
9761255
9770538
9780193
9780262
9796057
9812303
9812305
9812306
9818149
9819823
9826348
9826351
9829254
9836605
9840581
9841674
9921577
9949731
9987130
9988474
9988481
9989380
10024583
10024607
10050549
10074520
10076907
10085037
10085045
10094626
10100351
10198004
10206699
10207000
10209513
10209755
10217778
10231486
10231495
10234932
10322012
10325359
10326289
10356746
10376834
10379199
10392440
10403413
10417152
10418150
10438760
10438793
10439512
10441205
10450998
10456934
10456941
10463178
10491164
10495979
10496882
10496905
10496922
10501245
10515929
10528980
10529249
10547416
10569754
10570195
10592809
10606536
10618097
10620712
10621932
10621936
10640592
10640611
10656712
10671286
10675169
10681568
10686133
10694396
10703199
10707946
10709458
10709463
10709465
10714987
10717339
10717537
10732348
10747136
10747141
10747268
10750156
10769129
10779717
10781335
10781798
10781853
10799272
10802185
10807389
10813625
10816493
10824093
10851982
10852029
10852065
10852811
10858370
10867756
10869068
10869088
10869771
10872445
10876870
10876891
10876906
10878759
10881058
10899842
10899851
10913071
10925864
10925872
10925889
10930691
10930746
10931327
10959730
10972820
10975074
10979932
10982867
10986262
10987101
10992475
11000948
11000952
11000954
11000956
11027822
11029439
11035761
11057668
11058154
11075545
11085448
11092944
11106385
11111930
11112851
11115104
11119503
11121489
11123684
11127240
11136461
11137263
11147494
11162185
11192499
11208777
11210645
11220966
11220967
11233613
11257996
11266293
11274119
11280372
11282637
11286884
11289663
11290611
11292695
11299044
11312613
11313139
11318656
11320115
11321589
11340502
11340597
11352744
11371518
11375498
11401715
11402007
11413636
11457543
11472963
11475028
11475029
11489861
11516788
11518333
11522299
11526147
11528000
11535324
11535604
11545272
11550501
11550568
11558261
11569259
11574586
11575934
11586360
11596907
11598042
11604546
11625933
11677608
11687442
11699594
11699595
11705930
11705963
11721011
11728317
11739031
11742690
11763738
11769688
11771124
11774197
11790850
11807062
11812853
11816115
11825781
11853654
11854232
11856824
11860302
11860826
11863216
11863266
11871319
11881148
11895945
11904918
11904922
11923326
11927030
11927258
11960195
11969158
11976454
11985718
11996830
12009274
12011922
12015591
12015918
12043155
12044672
12055289
12067350
12071679
12074484
12083509
12099728
12102728
12107165
12117916
12117929
12125817
12125863
12126905
12141036
12142430
12145922
12151231
12163464
12167530
12169598
12180018
12180918
12188191
12197876
12243063
12270265
12271135
12296821
12374839
12379666
12391013
12391881
12399192
12406213
12406768
12410344
12421763
12437215
12450857
12460441
12471741
12474416
12495673
12496187
12506672
12507856
12524330
12525005
12528455
12534263
12534265
12535078
12540576
12541056
12546664
12547544
12554953
12559803
12576514
12606030
12628593
12630354
12645886
12654809
12654821
12654847
12656042
12656044
12676697
12676866
12716421
12718178
12718179
12719673
12723295
12724384
12728676
12756723
12756725
12756727
12756729
12756739
12756741
12756743
12756746
12756749
12756762
12756771
12756777
12756781
12756782
12756801
12756802
12756811
12765784
12766970
12777805
12787500
12796470
12796821
12798649
12810712
12819108
12820948
12834539
12843075
12852970
12856327
12865386
12879903
12888560
12904738
12910777
12914117
12922126
12923098
12943112
12946437
12951845
12952873
12966875
12967744
12968464
13129646
14500510
14505278
14510181
14522457
14532026
14532247
14554016
14572030
14578470
14600234
14605146
14609321
14613959
14617647
14620654
14621984
14623872
14633104
14638794
14640508
14651623
14655870
14687500
14687506
14690429
14703356
14705961
14710805
14711524
14724095
14731283
14742535
14747986
14766902
14766912
14871628
14961112
14962390
14977936
14977955
14996794
15011977
15014155
15031959
15037962
15039326
15040180
15042746
15044593
15048835
15084509
15107536
15109931
15115184
15118163
15123614
15145459
15148426
15155646
15158615
15158797
15161071
15164519
15165239
15173603
15174390
15174978
15186506
15188557
15193377
15194160
15194482
15203915
15207172
15207311
15213222
15219853
15226357
15228315
15231130
15233478
15234556
15246608
15251209
15262945
15262950
15262951
15262954
15270717
15271919
15272407
15272490
15292162
15293449
15305507
15305680
15308359
15308361
15314189
15321989
15322017
15322054
15325721
15331328
15333930
15342600
15358858
15362819
15368893
15385458
15386257
15452127
15458406
15458778
15471529
15474497
15474730
15488743
15490970
15493280
15493816
15493818
15498160
15502305
15509583
15516592
15517977
15522586
15535587
15536081
15554975
15555886
15556276
15557646
15557663
15557737
15571499
15582689
15583399
15585868
15597568
15598742
15601723
15615724
15617812
15620604
15623307
15631749
15632192
15635040
15636139
15638838
15650093
15654429
15677847
15683257
15686853
15687208
15689135
15695659
15697224
15699431
15701523
15710615
15713609
15721783
15721832
15731051
15734068
15735307
15758212
15772379
15773403
15777740
15779920
15781113
15784541
15784563
15791518
15791955
15803382
15808945
15815693
15817778
15824419
15825148
15845233
15855643
15858151
15864756
15866919
15871125
15881932
15881939
15889363
15907814
15908403
15908923
15921592
15925275
15930010
15931499
15933207
15935569
15939303
15941999
15950734
15954469
15954721
15969469
15978133
15981086
15993571
15998122
16040987
16041032
16041052
16051750
16053250
16060690
16061330
16081094
16084958
16091038
16099940
16100754
16101433
16109939
16113334
16120681
16135236
16146217
16159496
16159798
16159875
16166544
16170309
16179011
16182593
16188402
16195558
16199580
16200159
16209555
16229781
16237218
16239508
16239518
16239527
16239530
16243411
16272331
16272397
16275906
16276915
16279538
16291667
16291690
16297292
16306265
16320702
16377037
16385031
16385067
16388577
16390013
16391330
16403027
16407990
16410352
16412683
16420739
16428415
16428759
16428789
16436060
16442673
16447105
16450882
16452420
16476510
16476795
16478092
16494753
16499656
16506347
16506453
16506545
16511301
16512602
16516921
16530007
16532638
16546306
16547021
16554248
16558021
16567636
16580730
16603630
16604240
16622253
16622830
16630248
16684896
16696701
16699150
16699160
16704785
16714551
16714568
16714605
16740952
16750393
16751485
16753337
16755997
16755999
16756169
16757602
16758890
16759760
16768208
16768793
16790012
16790745
16790838
16792900
16806483
16817907
16820760
16830596
16832628
16837707
16838303
16840777
16857281
16861680
16864791
16870868
16875535
16891109
16905149
16913294
16916933
16919002
16923070
16923789
16924109
16926404
16938880
16940090
16943764
16949784
16954401
16954402
16958847
16959385
16962807
16963554
16964684
16980981
16981338
16982834
16988099
16988239
16988240
16989561
16997598
17005799
17011649
17030904
17032761
17034751
17041851
17046267
17061538
17066197
17068088
17074909
17081052
17083045
17092891
17092896
17101198
17101642
17106641
17109349
17118978
17132091
17132831
17140380
17156497
17161849
17176255
17178462
17178780
17185545
17202369
17206386
17209548
17238929
17254979
17255510
17277202
17287055
17293124
17294160
17297050
17304758
17309636
17311096
17316368
17317696
17326957
17338375
17338507
17339204
17348288
17354602
17371278
17374882
17375195
17376079
17376861
17394300
17416264
17427705
17428930
17429414
17430177
17436941
17438030
17441749
17453411
17475872
17479879
17479906
17486254
17507983
17517837
17523422
17531433
17542916
17547242
17550884
17553970
17556003
17573906
17587333
17600077
17600492
17606920
17608743
17620642
17630972
17635705
17640293
17643065
17644454
17644582
17644638
17645768
17652472
17652523
17672123
17674322
17683274
17695024
17695025
17699079
17699080
17705129
17710644
17712418
17720820
17722641
17726531
17768237
17768254
17784909
17869388
17877166
17879056
17888724
17905394
17913308
17920275
17932130
17933899
17963531
17966401
17966402
17966403
17966404
17966405
17966406
17966407
17966408
17966409
17966410
17966414
17966415
17966416
17966419
17966423
17966426
17966427
17966428
17966429
17966430
17966431
17966433
17966434
17966435
17966436
17966437
17975084
17981463
17981959
17987355
17995726
17999997
18007032
18007034
18025093
18025094
18026215
18030785
18045639
18070074
18081041
18084387
18093862
18096277
18096618
18160307
18227160
18227173
18227263
18228660
18230125
18248948
18250178
18257987
18261225
18263816
18277419
18279344
18281060
18281395
18284925
18285492
18287295
18287752
18291562
18294239
18298376
18301765
18304706
18309570
18310330
18318143
18321237
18323583
18324890
18330347
18339547
18347051
18350140
18350578
18359811
18366809
18367233
18368716
18368776
18370996
18375804
18383009
18390465
18394884
18402160
18402679
18441117
18447619
18451035
18453279
18453551
18454591
18466088
18478120
18480233
18487404
18488445
18490459
18500257
18505806
18507908
18515487
18523005
18524935
18528764
18533363
18534189
18539482
18541761
18541775
18559430
18566375
18567813
18573896
18583342
18590228
18599822
18599840
18605787
18606771
18611038
18612419
18644132
18650418
18650965
18653534
18653838
18655809
18668107
18678673
18685186
18686853
18689662
18689663
18689664
18694965
18710863
18710912
18722493
18727669
18757820
18759226
18763806
18765356
18765742
18773526
18783342
18787922
18790049
18794281
18803931
18819401
18819421
18826038
18831987
18832004
18832714
18837787
18854239
18923830
18926869
18928302
18931111
18936182
18945188
18954971
18955097
18955473
18957603
18957649
18957655
18968943
18973449
18974958
18981526
18987167
18988866
18991762
18997779
19004283
19006834
19013470
19015348
19016441
19016442
19025559
19032149
19042977
19049648
19053015
19058643
19064637
19073275
19074650
19098923
19103769
19109068
19112181
19118360
19124600
19124765
19161535
19165725
19188359
19191914
19191977
19198278
19200825
19202098
19205479
19207012
19221593
19228400
19237527
19238669
19241516
19241520
19249344
19251636
19253301
19260968
19261773
19263847
19281840
19289506
19289509
19302316
19302321
19309560
19318417
19325880
19334533
19338236
19343945
19350985
19366573
19382460
19383786
19388480
19396373
19397992
19399164
19402649
19413803
19416883
19425956
19428836
19428838
19430198
19435223
19443541
19449123
19459486
19460602
19462919
19465664
19482926
19492944
19496431
19502688
19529770
19543392
19550144
19552825
19553678
19555287
19558466
19558717
19565850
19579344
19581396
19583835
19584125
19587798
19589835
19592160
19593436
19596407
19609450
19620214
19620344
19621819
19621820
19629028
19635609
19635954
19645275
19651863
19679229
19701461
19703315
19705777
19705779
19708663
19710295
19714987
19716410
19718822
19721713
19725923
19734471
19737605
19751270
19759820
19775435
19779739
19786138
19786842
19789982
19793459
19797357
19807044
19815893
19820101
19826916
19828743
19828767
19835996
19841071
19841077
19863438
19875186
19878483
19879228
19889939
19898555
19898556
19912526
19924118
19924845
19925906
19931370
19933831
19939660
19940042
19941604
19943765
19948836
19949054
19957628
19960708
19967739
19967881
19968786
20002189
20005318
20027294
20028810
20041203
20047673
20049509
20049940
20050160
20050418
20051199
20052916
20055582
20061468
20063786
20065026
20079562
20086087
20093287
20096773
20100564
20113483
20114086
20123135
20132255
20133945
20137470
20145715
20146413
20158327
20158328
20158329
20158330
20158331
20158332
20158334
20158335
20158336
20160020
20160099
20160955
20160993
20176902
20180652
20184669
20185334
20186337
20188257
20190973
20195507
20200297
20209360
20224751
20231881
20302703
20308296
20333186
20348249
20350805
20368351
20385178
20385751
20393511
20395271
20400901
20405770
20406298
20413552
20415784
20428468
20430892
20438844
20439974
20443044
20444082
20453098
20454710
20456369
20461403
20472800
20486690
20497221
20498260
20498264
20507478
20508723
20523903
20532198
20543069
20550633
20560978
20565713
20566693
20568665
20584081
20586461
20587156
20596528
20600475
20600492
20600517
20605981
20618641
20618849
20630709
20637417
20638759
20639337
20639372
20655621
20660611
20660742
20663260
20679446
20687929
20688629
20688665
20696095
20699130
20699282
20704647
20711500
20722770
20728914
20731359
20734763
20737679
20795389
20797400
20799400
20799946
20801166
20810830
20812236
20836802
20837715
20840834
20849964
20855510
20861861
20862262
20865530
20866090
20875494
20876291
20877914
20883662
20888343
20889857
20923306
20923418
20929244
20929954
20932940
20933595
20939379
20943893
20949072
20951640
20952678
20956880
20968067
20970983
20976274
20979987
21034234
21037571
21039737
21040776
21055471
21073689
21088108
21092340
21093285
21094652
21112480
21112487
21115720
21115791
21118021
21127743
21143837
21149593
21152724
21170337
21171638
21172869
21175944
21178073
21179420
21179438
21197443
21199697
21205017
21219468
21239132
21261468
21269993
21288842
21295415
21310089
21310175
21320544
21320584
21327124
21337955
21345178
21345179
21346706
21346709
21347450
21349981
21356370
21357482
21363983
21367990
21380640
21385123
21399698
21406168
21411569
21413268
21423736
21436885
21443195
21446171
21446179
21468476
21468758
21472520
21477478
21478161
21481017
21485382
21486959
21491980
21527009
21529384
21531711
21533097
21541920
21542303
21545736
21559437
21559445
21559501
21564833
21569668
21570437
21574421
21575704
21598620
21604388
21609780
21611119
21623848
21627465
21628541
21635649
21640812
21653834
21664218
21670978
21671403
21687720
21697602
21712421
21719849
21726386
21756031
21763383
21764935
21775956
21781509
21784704
21797060
21799873
21800623
21803090
21830775
21833036
21841024
21856946
21859850
21859946
21862597
21873491
21875154
21876162
21876176
21880856
21888520
21903402
21906473
21911467
21916040
21918302
21918303
21919366
21923261
21931876
21933540
21940166
21946710
21949648
21950061
21951486
21958555
21962653
21964409
21966419
21966533
21969002
21972270
21980477
21993626
21995956
21999543
22001881
22019400
22022819
22023991
22024826
22028978
22040741
22045585
22053911
22064714
22065585
22078566
22083483
22090450
22094541
22096987
22101709
22102659
22102668
22102858
22115066
22121364
22123065
22139152
22139502
22139674
22145344
22174746
22181824
22184939
22190397
22222497
22232161
22232920
22244758
22252870
22257032
22266780
22280795
22306192
22308352
22308722
22308790
22312053
22319302
22321795
22327496
22328030
22328669
22328676
22334864
22336286
22347507
22348169
22349221
22355407
22355713
22359605
22360386
22363455
22369155
22383620
22402409
22403187
22403328
22403713
22405453
22406208
22412915
22429398
22439729
22442294
22447929
22467648
22479347
22479512
22480257
22488053
22493856
22496846
22512320
22515653
22530057
22540014
22558420
22562215
22563435
22567340
22567866
22579583
22593569
22607329
22633906
22634001
22635135
22639226
22645135
22659336
22679291
22690123
22715170
22719908
22730764
22750394
22768173
22772799
22782743
22782755
22782756
22782758
22782759
22782765
22782769
22782771
22782773
22782775
22795971
22802344
22802624
22807232
22816270
22820255
22827851
22830271
22830282
22840842
22841961
22846964
22848745
22851745
22851752
22873124
22881127
22882408
22883187
22883275
22889062
22893384
22895162
22896664
22899777
22906379
22911267
22919692
22919696
22924957
22925020
22925024
22927049
22933398
22934808
22947140
22947461
22958531
22965078
22966041
22981947
22984768
22991715
22993802
23000121
23024750
23026524
23027758
23041039
23045475
23050221
23059547
23063826
23071439
23071647
23071730
23079835
23091729
23114204
23121976
23125935
23133618
23142986
23147219
23147819
23150803
23151488
23163049
23174507
23176506
23176517
23189271
23195858
23205707
23208274
23208882
23209603
23216785
23222719
23226684
23226687
23228833
23230707
23233673
23237097
23239803
23241354
23245324
23246639
23248776
23248778
23249165
23264579
23270174
23271803
23271832
23275092
23275162
23275868
23277582
23279070
23285021
23285069
23290901
23294700
23315882
23316485
23324607
23331082
23345286
23347743
23349800
23351373
23355975
23357387
23357388
23360265
23374131
23383008
23383093
23385765
23386507
23402825
23403418
23418519
23435973
23436733
23442002
23465748
23469360
23480179
23480362
23487423
23519663
23521061
23545300
23550890
23555240
23560756
23566241
23577771
23578210
23588087
23590319
23593306
23617613
23620823
23627929
23633954
23647342
23648259
23657527
23658525
23671629
23678576
23686263
23690939
23695558
23701256
23745121
23750796
23755317
23763588
23774602
23787513
23793228
23805236
23805481
23808025
23813820
23843253
23853602
23883083
23898467
23903543
23904080
23908395
23913628
23916557
23919959
23924613
23939709
23951717
23959716
23959719
23968598
23971883
23977937
23982068
23984554
23988036
24003506
24006436
24016429
24021036
24040259
24043686
24056564
24057801
24068034
24069445
24098126
24118465
24131695
24142246
24147813
24151576
24169798
24171709
24184311
24192006
24194541
24195375
24198067
24215700
24222617
24225642
24227798
24244760
24247143
24304956
24312901
24321075
24333143
24333237
24341215
24341424
24358292
24364139
24372254
24383627
24386237
24391055
24400226
24416399
24419628
24426077
24447390
24454817
24455880
24461026
24473660
24479563
24480148
24480150
24484483
24484490
24486353
24502719
24502720
24517834
24520022
24520064
24524852
24526834
24529264
24532772
24550294
24550673
24568097
24577613
24599533
24603850
24605658
24605665
24625274
24636859
24643544
24657929
24675805
24686064
24686743
24687492
24699232
24699651
24718194
24719212
24719692
24721571
24723108
24730142
24739558
24739561
24742968
24746007
24758753
24760758
24765656
24786165
24799678
24799700
24804197
24807359
24810381
24813471
24817838
24818153
24832452
24847944
24854422
24861841
24878840
24905217
24905600
24920765
24926044
24966205
24979062
24987096
24995344
25041842
25044501
25045812
25064677
25076398
25084659
25100640
25101850
25112480
25114008
25118236
25121408
25127720
25139902
25144726
25149449
25150725
25171339
25187626
25198697
25204504
25220241
25234474
25238090
25238098
25246647
25249449
25255317
25261118
25265542
25266561
25266919
25269971
25272741
25276941
25285425
25296196
25299064
25299702
25320451
25332120
25356890
25359083
25368845
25372388
25373479
25376688
25394344
25413606
25417006
25433311
25450634
25450884
25453069
25461137
25468042
25474358
25483697
25530466
25533446
25540277
25551670
25555623
25566205
25566217
25572939
25573253
25578899
25583720
25586342
25588009
25589000
25591325
25598268
25598285
25604505
25605764
25611317
25620019
25620353
25625178
25643450
25644012
25672461
25690102
25691593
25697665
25700042
25705210
25711606
25712141
25713390
25715468
25716726
25729381
25736414
25737087
25737810
25738731
25754198
25762983
25781467
25781984
25798600
25804213
25812401
25817984
25824836
25828910
25829141
25834736
25842950
25849407
25862053
25869965
25876486
25876487
25876488
25876503
25891079
25896690
25927007
25928441
25928467
25931590
25939507
25963643
25974210
25975407
25988438
25994256
25998808
26020283
26025901
26027368
26038406
26043838
26047188
26059513
26063856
26065103
26069964
26070669
26080641
26095362
26103911
26105071
26123398
26124192
26143069
26149012
26150539
26163675
26177454
26182660
26187320
26188288
26199744
26224691
26259880
26286963
26305456
26309315
26325073
26336267
26336309
26339153
26344467
26344891
26347736
26348850
26353398
26361732
26367482
26377177
26383662
26383663
26389711
26392158
26410928
26430461
26435220
26438077
26438794
26441860
26441890
26443517
26446423
26450112
26451841
26462853
26463167
26469877
26473734
26484539
26485147
26485450
26491176
26494420
26495854
26496604
26518910
26524218
26528469
26536670
26539719
26553463
26563112
26567502
26574012
26576933
26591703
26591705
26592695
26599979
26625461
26634751
26644436
26665605
26665739
26673248
26698952
26711808
26713244
26724738
26760973
26771845
26774329
26778487
26795402
26800341
26813723
26818694
26829486
26843450
26845766
26864070
26866815
26875618
26876035
26877580
26883590
26884330
26886069
26894530
26895880
26938551
26944839
26984293
26984973
27003632
27014218
27014253
27015536
27029142
27046452
27060051
27066243
27067323
27074415
27076149
27076150
27113102
27133266
27136302
27141906
27160296
27161977
27170642
27170724
27174456
27183721
27187032
27195680
27234457
27236318
27242774
27249524
27259520
27280174
27281573
27300509
27315342
27337483
27346118
27347390
27363202
27375563
27376053
27377187
27382076
27396162
27396172
27402776
27423480
27457063
27458447
27474778
27481241
27482880
27489291
27492011
27513350
27527609
27534956
27578768
27578859
27593697
27602258
27606595
27614915
27615720
27626637
27664903
27676224
27682124
27721393
27722858
27722859
27722860
27722861
27722862
27722863
27722864
27722865
27722866
27722867
27722869
27722870
27722871
27726806
27745954
27789646
27791071
27832215
27837479
27837480
27837486
27837489
27839576
27870634
27874136
27876297
27911947
27929533
27936190
27981238
28018363
28019002
28030576
28043017
28054667
28067495
28068343
28081130
28090753
28091625
28103160
28117561
28122816
28125398
28165493
28165869
28167671
28196868
28219158
28220110
28221119
28223382
28233511
28239773
28243913
28257423
28260338
28280241
28293231
28348813
28377623
28379405
28384062
28393629
28395471
28398677
28399281
28418764
28455335
28463626
28468083
28478558
28486528
28486652
28487429
28504448
28512097
28520514
28522707
28529271
28533472
28540946
28544266
28556563
28606812
28632140
28643091
28646112
28680860
28694806
28695856
28710276
28722614
28726410
28732479
28737374
28743813
28746380
28750048
28754138
28785546
28792853
28809473
28820134
28839028
28847850
28848715
28848716
28854255
28873412
28879613
28883503
28886687
28887007
28934426
28935246
28956397
29021156
29030266
29031042
29037578
29059012
29070654
29073248
29085601
29087334
29090192
29095164
29109161
29110441
29114402
29129538
29136087
29141705
29141768
29155827
29159477
29162211
29174893
29177091
29180033
29183475
29227994
29232397
29263858
29286262
29312891
29318122
29339508
29340453
29348336
29350136
29350155
29357385
29369556
29372142
29379209
29386263
29399006
29433443
29440252
29449917
29458689
29463656
29483286
29537829
29539448
29549640
29554882
29555700
29601573
29607044
29607260
29610260
29618515
29628173
29691189
29695520
29700709
29718184
29723100
29725025
29733579
29737392
29737663
29740404
29744628
29768127
29773334
29800562
29843675
29855259
29861179
29884871
29887859
29889829
29891548
29897940
29930050
29939993
29974157
29989480
30017148
30019314
30021116
30042927
30044788
30060316
30075098
30088790
30107826
30108176
30109217
30114220
30117073
30136243
30152475
30201412
30217500
30218736
30232285
30239780
30246775
30256745
30260060
30271558
30274124
30280023
30291406
30296053
30304231
30327445
30333962
30374415
30380206
30460205
30467064
30478041
30497835
30512706
30528431
30551741
30553999
30563467
30577606
30582796
30584097
30619162
30625164
30629404
30642901
30666930
30668280
30681072
30695461
30695484
30695532
30695533
30763255
30789917
30792499
30792905
30800398
30801031
30801065
30804102
30830480
30842226
30854334
30882315
30893422
30893428
30915064
30922226
30930106
30940874
30943181
30974891
30979834
30980880
30983371
30984769
30985006
30991930
30992361
30994405
31002845
31040834
31053177
31061115
31069175
31076594
31083805
31085709
31086982
31092597
31095689
31095987
31096787
31100372
31112469
31121001
31124237
31124240
31138630
31138696
31138855
31140075
31161047
31164419
31164713
31170147
31174587
31177427
31177428
31177429
31177431
31177432
31177433
31177436
31177437
31177438
31177439
31177440
31178419
31193431
31199832
31207330
31228931
31252217
31288641
31300464
31303627
31305020
31311844
31323857
31327994
31334249
31337784
31339955
31384253
31404671
31416643
31424585
31428104
31430284
31443439
31453250
31475928
31478906
31490969
31531149
31534162
31534221
31535027
31546416
31546628
31548183
31559683
31578321
31580793
31580794
31610342
31611210
31621104
31695901
31742515
31744922
31751348
31784214
31792176
31800948
31809257
31816945
31822588
31842739
31844019
31859568
31860690
31869212
31871100
31880988
31887395
31891169
31894514
31907194
31922951
31935354
31941912
31964555
31971556
31979277
31988008
31993217
32000692
32015027
32017101
32050093
32056731
32067088
32098032
32101616
32120337
32128567
32134908
32152195
32155175
32159462
32170725
32176482
32192402
32201804
32205462
32214557
32229265
32233019
32277139
32277812
32287347
32287465
32288237
32294143
32306515
32308030
32315702
32334682
32366193
32391285
32424009
32435798
32435800
32435801
32435802
32435803
32435804
32435805
32435806
32437661
32450913
32457145
32462782
32463821
32472468
32478035
32488779
32490208
32498297
32517609
32528126
32533162
32595634
32598277
32601469
32611387
32678173
32679707
32721043
32726928
32727041
32756297
32759339
32776421
32778558
32782016
32783386
32807214
32810167
32817386
32835180
32838287
32838963
32853251
32868431
32884081
32946437
32959380
32970936
32979306
33012225
33012231
33014895
33022266
33026884
33033133
33035476
33074791
33076607
33077628
33079040
33082432
33084706
33093054
33104121
33106412
33115844
33120511
33126357
33132200
33154013
33154422
33172013
33172393
33190425
33200238
33202679
33207046
33224128
33226890
33228200
33257531
33257532
33257640
33258957
33284863
33294421
33298527
33318222
33322274
33332041
33335833
33344044
33353123
33359463
33360431
33374468
33378827
33401634
33420198
33440682
33453344
33462624
33470041
33479491
33481673
33481692
33484405
33513140
33514747
33523963
33531196
33541878
33546271
33560169
33571993
33593844
33621179
33631008
33631294
33646062
33661624
33668618
33669472
33671545
33684147
33733592
33734371
33748822
33753342
33787901
33822142
33844840
33862185
33882192
33886558
33894809
33895137
33898234
33935990
33980652
33981971
33989499
33996439
34002224
34004173
34007452
34012979
34060331
34060904
34063816
34065940
34066578
34068310
34096704
34109597
34112224
34132578
34139279
34142207
34154629
34191632
34192537
34193354
34199195
34201818
34203937
34208006
34208306
34213855
34215513
34219394
34235464
34244722
34255997
34264565
34280001
34286686
34289143
34303920
34305832
34305865
34307197
34310798
34319069
34340543
34343197
34348905
34361970
34364449
34372590
34388354
34398663
34465619
34473105
34480413
34485387
34512658
34522025
34543120
34545784
34575967
34594592
34610007
34618261
34648607
34680043
34680537
34683487
34688666
34716262
34728737
34757815
34777285
34780267
34782694
34796590
34809459
34832510
34835260
34842850
34854671
34872353
34878588
34888257
34946123
34989602
34990822
35001887
35060711
35062712
35070338
35083655
35109894
35120135
35145268
35154110
35177639
35186366
35206699
35215198
35223919
35229581
35230028
35255676
35262770
35320275
35380331
35380675
35383854
35398357
35401532
35404104
35412351
35412864
35422211
35433082
35436762
35438532
35448362
35458417
35464914
35477743
35490230
35526849
35580179
35601093
35607727
35625199
35648812
35665712
35705810
35708399
35715846
35760284
35761175
35768946
35787155
35801716
35820417
35837060
35860925
35862683
35862709
35880003
35882233
35900096
35919741
35927280
35943690
35966705
35969599
35990805
36011612
36017344
36032319
36034097
36048714
36056613
36063993
36118168
36126300
36152020
36169047
36182700
36219109
36250592
36257115
36261521
36288406
36303123
36375370
36389793
36404372
36412326
36437334
36466443
36480265
36502435
36507179
36508668
36520713
36526581
36542185
36547255
36557735
36559140
36560744
36575206
36576503
36584342
36598665
36602809
36656269
36658311
36668675
36712379
36744930
36781971
36841239
36846939
36847572
36888708
36889308
36897342
36935099
36939324
36971082
36989240
36992165
36992528
37010269
37032167
37046126
37106798
37112066
37126517
37189153
37191545
37206964
37218899
37233629
37250315
37251308
37253742
37289480
37305418
37305434
37325016
37334092
37338372
37339944
37347519
37352427
37415819
37458592
37459255
37463152
37464758
37466430
37486875
37501563
37515171
37523875
37529582
37549110
37575662
37582843
37588366
37602146
37607174
37614276
37615436
37623951
37631039
37679664
37695821
37745000
37748767
37768454
37780382
37784226
37853246
37889940
37896092
37929289
37948337
37954941
38004812
38015408
38029221
38038662
38053511
38089699
38089818
38101440
38135831
38167314
38173967
38179062
38179235
38217947
38257973
38270131
38271464
38290077
38305237
38313817
38389313
38452122
38457490
38459433
38468749
38492103
38495310
38520511
38534666
38547321
38555818
38605961
38619541
38623480
38701065
38717518
38722159
38747614
38771885
38775074
38782263
38793629
38826713
38827832
38829419
38835755
38844193
38863074
38935608
38952277
38954719
38958447
39002222
39005373
39021931
39023266
39045692
39090583
39110120
39111725
39130741
39152136
39155318
39158280
39158304
39172256
39173663
39179552
39189763
39200037
39203437
39206483
39206953
39210935
39242587
39282547
39292000
39296840
39315965
39318207
39320535
39342509
39389387
39423229
39427779
39463721
39493844
39513865
39521900
39536013
39541703
39584937
39592257
39599471
104477
108243
159850
190614
198377
200563
238939
262317
264498
283471
299867
302154
312163
361722
375327
378975
382839
392123
402428
479109
512421
537520
574152
614956
677375
680791
711677
815034
815445
858647
908624
908848
914990
923562
933892
937344
961983
1088769
1095487
1104486
1107566
1145712
1150617
1154171
1176434
1185264
1225753
1232031
1238568
1262715
1284806
1298882
1301669
1308559
1345094
1386197
1404556
1406286
1406758
1414107
1427004
1439793
1446035
1447977
1452357
1460662
1474660
1509839
1512876
1527508
1546359
1551830
1596952
1611068
1614328
1624422
1624469
1639496
1649616
1657519
1657887
1659072
1677900
1695896
1695978
1698255
1702734
1705541
1724154
1730186
1752774
1758469
1784300
1787840
1801486
1802792
1808507
1808509
1813805
1827173
1842438
1857369
1857372
1857373
1879678
1882634
1889045
1898928
1901573
1906986
1920664
1935094
1935095
1938923
1961108
1973325
1973326
1978453
1980253
1982158
2037358
2051013
2075755
2075759
2078084
2091525
2094179
2095628
2097497
2097850
2099066
2099076
2106044
2129533
2133058
2142978
2143614
2160939
2164509
2166239
2178143
2178144
2188341
2198438
2201642
2211518
2215220
2233780
2233781
2240367
2250669
2256408
2273998
2301801
2307658
2328909
2333080
2337651
2344947
2362598
2386004
2388251
2393980
2401564
2457734
2468040
2474712
2474713
2477361
2487774
2504767
2504836
2524638
2526282
2533934
2535180
2545628
2580824
2581401
2606164
2609813
2629060
2633713
2633714
2634816
2635752
2644192
2651310
2664489
2670888
2683524
2694696
2707857
2711790
2728696
2728699
2730213
2735164
2739560
2747698
2761389
2769715
2810547
2811899
2811911
2822356
2823508
2823509
2828935
2833162
2836636
2843470
2843471
2853272
2863905
2883791
2907926
2915403
2925246
2936047
2948125
2966529
2997127
3002984
3021629
3025677
3025695
3025701
3032085
3042439
3047061
3055200
3055286
3057358
3061259
3064503
3068484
3072810
3074242
3097065
3106795
3162386
3206961
3218993
3230131
3242429
3249571
3249590
3260145
3300112
3302594
3311629
3318229
3338844
3373638
3380589
3411698
3424819
3433308
3434043
3445109
3492308
3495184
3504547
3507558
3508925
3537763
3548171
3564897
3564898
3564899
3574316
3591122
3654586
3665495
3673377
3701038
3728514
3748170
3757476
3785255
3796319
3796653
3818085
3832341
3841818
3882563
3884511
3904286
3911684
3912146
3916962
3925663
3944056
3949380
3957763
3965395
3965398
3980695
3997240
4029140
4032620
4197744
4198381
4200742
4203000
4206343
4207626
4207627
4214770
4258386
4261513
4269701
4351505
4423545
4559742
4564407
4570927
4598257
4627922
4631979
4636787
4679265
4761976
4805401
4825248
4825250
4829929
4853529
4856885
4988692
4995342
5062977
5071650
5115674
5309534
5314020
5361214
5606984
6094509
6097301
6104464
6129238
6174497
6194044
6195409
6195719
6210636
6213893
6273385
6289056
6310003
6315590
6315659
6317517
6317562
6338113
6364800
6365786
6381597
6395594
6405562
6431718
6446677
6449813
6469351
6469352
6476832
6603926
6624313
6636308
6637277
6665833
6685140
6694293
6745406
6765301
6832323
6832826
6832830
6842729
6844033
6868103
6904395
6968252
6975184
6976228
7002800
7012131
7014615
7028602
7044327
7050154
7076305
7095845
7101402
7125037
7134648
7144551
7152680
7153344
7174445
7180264
7204338
7216478
7224628
7235456
7264374
7273838
7341569
7348290
7372804
7382883
7387153
7391614
7399681
7402697
7462147
7474340
7477035
7486931
7504666
7542626
7542952
7590316
7592356
7599600
7601852
7607411
7618291
7622205
7622225
7628931
7664886
7670051
7707334
7714189
7730256
7730287
7760495
7778370
7783282
7786503
7801703
7814323
7822022
7823825
7836309
7856355
7879510
7879524
7879564
7879566
7894913
7896707
7915069
7916733
7926680
7927675
7941851
7941859
7960099
7992516
7992534
7992547
7997181
8001799
8002585
8017138
8017139
8028105
8039177
8045376
8059564
8059567
8063102
8067065
8067083
8067103
8067110
8079520
8079523
8079585
8097176
8100346
8112310
8157543
8162411
8180275
8188365
8195371
8200525
8203841
8204850
8220825
8220828
8246746
8266559
8282699
8284315
8300512
8305677
8312551
8312552
8314993
8316211
8321119
8326859
8355612
8360901
8400380
8418035
8418045
8418054
8421889
8433327
8433328
8458980
8469722
8472014
8478325
8486253
8500913
8501055
8501057
8514397
8515750
8525723
8525726
8525733
8528615
8540736
8541803
8553746
8553769
8557370
8578841
8587512
8592502
8602887
8636051
8662526
8675324
8693337
8701667
8712895
8713337
8722542
8731264
8736090
8745007
8757748
8757829
8767710
8777320
8804976
8820669
8827690
8830263
8833837
8833838
8833852
8833855
8833857
8833858
8833859
8833861
8833862
8833863
8833864
8833865
8834212
8845449
8862590
8885145
8890210
8897192
8913481
8926104
8930916
8958247
8959266
8981352
8993858
9004504
9006011
9023216
9026458
9026634
9027690
9032889
9038298
9045816
9068660
9097371
9102553
9103070
9112365
9119451
9125544
9125581
9157252
9158060
9172878
9178518
9182720
9191383
9213772
9221059
9221077
9221645
9221699
9221742
9245136
9249062
9251259
9269050
9278464
9278616
9281474
9284179
9284376
9289280
9293080
9302210
9309233
9344782
9350742
9351703
9353022
9391954
9391955
9422611
9435261
9440226
9440524
9445996
9452403
9453599
9453605
9457855
9463297
9480436
9491506
9495751
9514641
9517950
9532689
9533478
9556751
9557955
9562689
9573181
9589851
9598442
9624730
9627932
9639921
9639922
9642196
9642774
9660466
9666006
9673015
9675452
9682370
9683485
9709002
9712817
9717252
9718211
9733695
9741973
9746557
9748454
9761255
9770538
9780193
9780262
9796057
9812303
9812305
9812306
9818149
9819823
9826348
9826351
9829254
9836605
9840581
9841674
9921577
9949731
9987130
9988474
9988481
9989380
10024583
10024607
10050549
10074520
10076907
10085037
10085045
10094626
10100351
10198004
10206699
10207000
10209513
10209755
10217778
10231486
10231495
10234932
10322012
10325359
10326289
10356746
10376834
10379199
10392440
10403413
10417152
10418150
10438760
10438793
10439512
10441205
10450998
10456934
10456941
10463178
10491164
10495979
10496882
10496905
10496922
10501245
10515929
10528980
10529249
10547416
10569754
10570195
10592809
10606536
10618097
10620712
10621932
10621936
10640592
10640611
10656712
10671286
10675169
10681568
10686133
10694396
10703199
10707946
10709458
10709463
10709465
10714987
10717339
10717537
10732348
10747136
10747141
10747268
10750156
10769129
10779717
10781335
10781798
10781853
10799272
10802185
10807389
10813625
10816493
10824093
10851982
10852029
10852065
10852811
10858370
10867756
10869068
10869088
10869771
10872445
10876870
10876891
10876906
10878759
10881058
10899842
10899851
10913071
10925864
10925872
10925889
10930691
10930746
10931327
10959730
10972820
10975074
10979932
10982867
10986262
10987101
10992475
11000948
11000952
11000954
11000956
11027822
11029439
11035761
11057668
11058154
11075545
11085448
11092944
11106385
11111930
11112851
11115104
11119503
11121489
11123684
11127240
11136461
11137263
11147494
11162185
11192499
11208777
11210645
11220966
11220967
11233613
11257996
11266293
11274119
11280372
11282637
11286884
11289663
11290611
11292695
11299044
11312613
11313139
11318656
11320115
11321589
11340502
11340597
11352744
11371518
11375498
11401715
11402007
11413636
11457543
11472963
11475028
11475029
11489861
11516788
11518333
11522299
11526147
11528000
11535324
11535604
11545272
11550501
11550568
11558261
11569259
11574586
11575934
11586360
11596907
11598042
11604546
11625933
11677608
11687442
11699594
11699595
11705930
11705963
11721011
11728317
11739031
11742690
11763738
11769688
11771124
11774197
11790850
11807062
11812853
11816115
11825781
11853654
11854232
11856824
11860302
11860826
11863216
11863266
11871319
11881148
11895945
11904918
11904922
11923326
11927030
11927258
11960195
11969158
11976454
11985718
11996830
12009274
12011922
12015591
12015918
12043155
12044672
12055289
12067350
12071679
12074484
12083509
12099728
12102728
12107165
12117916
12117929
12125817
12125863
12126905
12141036
12142430
12145922
12151231
12163464
12167530
12169598
12180018
12180918
12188191
12197876
12243063
12270265
12271135
12296821
12374839
12379666
12391013
12391881
12399192
12406213
12406768
12410344
12421763
12437215
12450857
12460441
12471741
12474416
12495673
12496187
12506672
12507856
12524330
12525005
12528455
12534263
12534265
12535078
12540576
12541056
12546664
12547544
12554953
12559803
12576514
12606030
12628593
12630354
12645886
12654809
12654821
12654847
12656042
12656044
12676697
12676866
12716421
12718178
12718179
12719673
12723295
12724384
12728676
12756723
12756725
12756727
12756729
12756739
12756741
12756743
12756746
12756749
12756762
12756771
12756777
12756781
12756782
12756801
12756802
12756811
12765784
12766970
12777805
12787500
12796470
12796821
12798649
12810712
12819108
12820948
12834539
12843075
12852970
12856327
12865386
12879903
12888560
12904738
12910777
12914117
12922126
12923098
12943112
12946437
12951845
12952873
12966875
12967744
12968464
13129646
14500510
14505278
14510181
14522457
14532026
14532247
14554016
14572030
14578470
14600234
14605146
14609321
14613959
14617647
14620654
14621984
14623872
14633104
14638794
14640508
14651623
14655870
14687500
14687506
14690429
14703356
14705961
14710805
14711524
14724095
14731283
14742535
14747986
14766902
14766912
14871628
14961112
14962390
14977936
14977955
14996794
15011977
15014155
15031959
15037962
15039326
15040180
15042746
15044593
15048835
15084509
15107536
15109931
15115184
15118163
15123614
15145459
15148426
15155646
15158615
15158797
15161071
15164519
15165239
15173603
15174390
15174978
15186506
15188557
15193377
15194160
15194482
15203915
15207172
15207311
15213222
15219853
15226357
15228315
15231130
15233478
15234556
15246608
15251209
15262945
15262950
15262951
15262954
15270717
15271919
15272407
15272490
15292162
15293449
15305507
15305680
15308359
15308361
15314189
15321989
15322017
15322054
15325721
15331328
15333930
15342600
15358858
15362819
15368893
15385458
15386257
15452127
15458406
15458778
15471529
15474497
15474730
15488743
15490970
15493280
15493816
15493818
15498160
15502305
15509583
15516592
15517977
15522586
15535587
15536081
15554975
15555886
15556276
15557646
15557663
15557737
15571499
15582689
15583399
15585868
15597568
15598742
15601723
15615724
15617812
15620604
15623307
15631749
15632192
15635040
15636139
15638838
15650093
15654429
15677847
15683257
15686853
15687208
15689135
15695659
15697224
15699431
15701523
15710615
15713609
15721783
15721832
15731051
15734068
15735307
15758212
15772379
15773403
15777740
15779920
15781113
15784541
15784563
15791518
15791955
15803382
15808945
15815693
15817778
15824419
15825148
15845233
15855643
15858151
15864756
15866919
15871125
15881932
15881939
15889363
15907814
15908403
15908923
15921592
15925275
15930010
15931499
15933207
15935569
15939303
15941999
15950734
15954469
15954721
15969469
15978133
15981086
15989782
15993571
15998122
16040987
16041032
16041052
16051750
16053250
16060690
16061330
16081094
16084958
16091038
16099940
16100754
16101433
16109939
16113334
16120681
16135236
16146217
16159496
16159798
16159875
16166544
16170309
16179011
16182593
16188402
16195558
16199580
16200159
16209555
16229781
16237218
16239508
16239518
16239527
16239530
16243411
16272331
16272397
16275906
16276915
16279538
16291667
16291690
16297292
16306265
16320702
16377037
16385031
16385067
16388577
16390013
16391330
16403027
16407990
16410352
16412683
16420739
16428415
16428759
16428789
16436060
16442673
16447105
16450882
16452420
16476510
16476795
16478092
16494753
16499656
16506347
16506453
16506545
16511301
16512602
16516921
16530007
16532638
16546306
16547021
16554248
16558021
16567636
16580730
16603630
16604240
16622253
16622830
16630248
16684896
16696701
16699150
16699160
16704785
16714551
16714568
16714605
16740952
16750393
16751485
16753337
16755997
16755999
16756169
16757602
16758890
16759760
16768208
16768793
16790012
16790745
16790838
16792900
16806483
16817907
16820760
16830596
16832628
16837707
16838303
16840777
16857281
16861680
16864791
16870868
16875535
16891109
16905149
16913294
16916933
16919002
16923070
16923789
16924109
16926404
16938880
16940090
16943764
16949784
16954401
16954402
16958847
16959385
16962807
16963554
16964684
16980981
16981338
16982834
16988099
16988239
16988240
16989561
16997598
17005799
17011649
17030904
17032761
17034751
17041851
17046267
17061538
17066197
17068088
17074909
17081052
17083045
17092891
17092896
17101198
17101642
17106641
17109349
17118978
17132091
17132831
17140380
17156497
17161849
17176255
17178462
17178780
17185545
17202369
17206386
17209548
17238929
17254979
17255510
17277202
17287055
17293124
17294160
17297050
17304758
17309636
17311096
17316368
17317696
17326957
17338375
17338507
17339204
17348288
17354602
17371278
17374882
17375195
17376079
17376861
17394300
17416264
17427705
17428930
17429414
17430177
17436941
17438030
17441749
17453411
17475872
17479879
17479906
17486254
17507983
17517837
17523422
17531433
17542916
17547242
17550884
17553970
17556003
17573906
17587333
17600077
17600492
17606920
17608743
17620642
17630972
17635705
17640293
17643065
17644454
17644582
17644638
17645768
17652472
17652523
17672123
17674322
17683274
17695024
17695025
17699079
17699080
17705129
17710644
17712418
17720820
17722641
17726531
17768237
17768254
17784909
17869388
17877166
17879056
17888724
17905394
17913308
17920275
17932130
17933899
17963531
17966401
17966402
17966403
17966404
17966405
17966406
17966407
17966408
17966409
17966410
17966414
17966415
17966416
17966419
17966423
17966426
17966427
17966428
17966429
17966430
17966431
17966433
17966434
17966435
17966436
17966437
17975084
17981463
17981959
17987355
17995726
17999997
18007032
18007034
18025093
18025094
18026215
18030785
18045639
18070074
18081041
18084387
18093862
18096277
18096618
18160307
18227160
18227173
18227263
18228660
18230125
18248948
18250178
18257987
18261225
18263816
18277419
18279344
18281060
18281395
18284925
18285492
18287295
18287752
18291562
18294239
18298376
18301765
18304706
18309570
18310330
18318143
18321237
18323583
18324890
18330347
18339547
18347051
18350140
18350578
18359811
18366809
18367233
18368716
18368776
18370996
18375804
18383009
18390465
18394884
18402160
18402679
18441117
18447619
18451035
18453279
18453551
18454591
18466088
18478120
18480233
18487404
18488445
18490459
18500257
18505806
18507908
18515487
18523005
18524935
18528764
18533363
18534189
18539482
18541761
18541775
18559430
18566375
18567813
18573896
18583342
18590228
18599822
18599840
18605787
18606771
18611038
18612419
18644132
18650418
18650965
18653534
18653838
18655809
18668107
18678673
18685186
18686853
18689662
18689663
18689664
18694965
18710863
18710912
18722493
18727669
18757820
18759226
18763806
18765356
18765742
18773526
18783342
18787922
18790049
18794281
18803931
18819401
18819421
18826038
18831987
18832004
18832714
18837787
18854239
18923830
18926869
18928302
18931111
18936182
18945188
18954971
18955097
18955473
18957603
18957649
18957655
18968943
18973449
18974958
18981526
18987167
18988866
18991762
18997779
19004283
19006834
19013470
19015348
19016441
19016442
19025559
19032149
19042977
19049648
19053015
19058643
19064637
19073275
19074650
19098923
19103769
19109068
19112181
19118360
19124600
19124765
19161535
19165725
19188359
19191914
19191977
19198278
19200825
19202098
19205479
19207012
19221593
19228400
19237527
19238669
19241516
19241520
19249344
19251636
19253301
19260968
19261773
19263847
19281840
19289506
19289509
19302316
19302321
19309560
19318417
19325880
19334533
19338236
19343945
19350985
19366573
19382460
19383786
19388480
19396373
19397992
19399164
19402649
19413803
19416883
19425956
19428836
19428838
19430198
19435223
19443541
19449123
19459486
19460602
19462919
19465664
19482926
19492944
19496431
19502688
19529770
19543392
19550144
19552825
19553678
19555287
19558466
19558717
19565850
19579344
19581396
19583835
19584125
19587798
19589835
19592160
19593436
19596407
19609450
19620214
19620344
19621819
19621820
19629028
19635609
19635954
19645275
19651863
19679229
19701461
19703315
19705777
19705779
19708663
19710295
19714987
19716410
19718822
19721713
19725923
19734471
19737605
19751270
19759820
19775435
19779739
19786138
19786842
19789982
19793459
19797357
19807044
19815893
19820101
19826916
19828743
19828767
19835996
19841071
19841077
19863438
19875186
19878483
19879228
19889939
19898555
19898556
19912526
19924118
19924845
19925906
19931370
19933831
19939660
19940042
19941604
19943765
19948836
19949054
19957628
19960708
19967739
19967881
19968786
20002189
20005318
20027294
20028810
20041203
20047673
20049509
20049940
20050160
20050418
20051199
20052916
20055582
20061468
20063786
20065026
20079562
20086087
20093287
20096773
20100564
20113483
20114086
20123135
20132255
20133945
20137470
20145715
20146413
20158327
20158328
20158329
20158330
20158331
20158332
20158334
20158335
20158336
20160020
20160099
20160955
20160993
20176902
20180652
20184669
20185334
20186337
20188257
20190973
20195507
20200297
20209360
20224751
20231881
20302703
20308296
20333186
20348249
20350805
20368351
20385178
20385751
20393511
20395271
20400901
20405770
20406298
20413552
20415784
20428468
20430892
20438844
20439974
20443044
20444082
20453098
20454710
20456369
20461403
20472800
20486690
20497221
20498260
20498264
20507478
20508723
20523903
20532198
20543069
20550633
20560978
20565713
20566693
20568665
20584081
20586461
20587156
20596528
20600475
20600492
20600517
20605981
20618641
20618849
20630709
20637417
20638759
20639337
20639372
20655621
20660611
20660742
20663260
20679446
20687929
20688629
20688665
20696095
20699130
20699282
20704647
20711500
20722770
20728914
20731359
20734763
20737679
20795389
20797400
20799400
20799946
20801166
20810830
20812236
20836802
20837715
20840834
20849964
20855510
20861861
20862262
20865530
20866090
20875494
20876291
20877914
20883662
20888343
20889857
20923306
20923418
20929244
20929954
20932940
20933595
20939379
20943893
20949072
20951640
20952678
20956880
20968067
20970983
20976274
20979987
21034234
21037571
21039737
21040776
21055471
21073689
21088108
21092340
21093285
21094652
21112480
21112487
21115720
21115791
21118021
21127743
21143837
21149593
21152724
21170337
21171638
21172869
21175944
21178073
21179420
21179438
21197443
21199697
21205017
21219468
21239132
21261468
21269993
21288842
21295415
21310089
21310175
21320544
21320584
21327124
21337955
21345178
21345179
21346706
21346709
21347450
21349981
21356370
21357482
21363983
21367990
21380640
21385123
21399698
21406168
21411569
21413268
21423736
21436885
21443195
21446171
21446179
21468476
21468758
21472520
21477478
21478161
21481017
21485382
21486959
21491980
21527009
21529384
21531711
21533097
21541920
21542303
21545736
21559437
21559445
21559501
21564833
21569668
21570437
21574421
21575704
21598620
21604388
21609780
21611119
21623848
21627465
21628541
21635649
21640812
21653834
21664218
21670978
21671403
21687720
21697602
21712421
21719849
21726386
21756031
21763383
21764935
21775956
21781509
21784704
21797060
21799873
21800623
21803090
21830775
21833036
21841024
21856946
21859850
21859946
21862597
21873491
21875154
21876162
21876176
21880856
21888520
21903402
21906473
21911467
21916040
21918302
21918303
21919366
21923261
21931876
21933540
21940166
21946710
21949648
21950061
21951486
21958555
21962653
21964409
21966419
21966533
21969002
21972270
21980477
21993626
21995956
21999543
22001881
22019400
22022819
22023991
22024826
22028978
22040741
22045585
22053911
22064714
22065585
22078566
22083483
22090450
22094541
22096987
22101709
22102659
22102668
22102858
22115066
22121364
22123065
22139152
22139502
22139674
22145344
22174746
22181824
22184939
22190397
22222497
22232161
22232920
22244758
22252870
22257032
22266780
22280795
22306192
22308352
22308722
22308790
22312053
22319302
22321795
22327496
22328030
22328669
22328676
22334864
22336286
22347507
22348169
22349221
22355407
22355713
22359605
22360386
22363455
22369155
22383620
22402409
22403187
22403328
22403713
22405453
22406208
22412915
22429398
22439729
22442294
22447929
22467648
22479347
22479512
22480257
22488053
22493856
22496846
22512320
22515653
22530057
22540014
22558420
22562215
22563435
22567340
22567866
22579583
22593569
22607329
22633906
22634001
22635135
22639226
22645135
22659336
22679291
22690123
22715170
22719908
22730764
22750394
22768173
22772799
22782743
22782755
22782756
22782758
22782759
22782765
22782769
22782771
22782773
22782775
22795971
22802344
22802624
22807232
22816270
22820255
22827851
22830271
22830282
22840842
22841961
22846964
22848745
22851745
22851752
22873124
22881127
22882408
22883187
22883275
22889062
22893384
22895162
22896664
22899777
22906379
22911267
22919692
22919696
22924957
22925020
22925024
22927049
22933398
22934808
22947140
22947461
22958531
22965078
22966041
22967336
22968018
22981947
22984768
22991715
22993802
23000121
23024750
23026524
23027758
23041039
23045475
23050221
23059547
23063826
23071439
23071647
23071730
23079835
23091729
23114204
23121976
23125935
23133618
23142986
23147219
23147819
23150803
23151488
23163049
23174507
23176506
23176517
23189271
23195858
23205707
23208274
23208882
23209603
23216785
23222719
23226684
23226687
23228833
23230707
23233673
23237097
23239803
23241354
23245324
23246639
23248776
23248778
23249165
23264579
23270174
23271803
23271832
23275092
23275162
23275868
23277582
23279070
23285021
23285069
23290901
23294700
23315882
23316485
23324607
23331082
23345286
23347743
23349800
23351373
23355975
23357387
23357388
23360265
23374131
23383008
23383093
23385765
23386507
23402825
23403418
23418519
23435973
23436733
23442002
23465748
23469360
23480179
23480362
23487423
23519663
23521061
23545300
23550890
23555240
23560756
23566241
23577771
23578210
23588087
23590319
23593306
23617613
23620823
23627929
23633954
23647342
23648259
23657527
23658525
23671629
23678576
23686263
23690939
23695558
23701256
23745121
23750796
23755317
23763588
23774602
23787513
23793228
23805236
23805481
23808025
23813820
23843253
23853602
23883083
23898467
23903543
23904080
23908395
23913628
23916557
23919959
23924613
23939709
23951717
23959716
23959719
23968598
23971883
23977937
23982068
23984554
23988036
24003506
24006436
24016429
24021036
24040259
24043686
24056564
24057801
24068034
24069445
24098126
24118465
24131695
24142246
24147813
24151576
24169798
24171709
24184311
24192006
24194541
24195375
24198067
24215700
24222617
24225642
24227798
24244760
24247143
24304956
24312901
24321075
24333143
24333237
24341215
24341424
24358292
24364139
24372254
24383627
24386237
24391055
24400226
24416399
24419628
24426077
24447390
24454817
24455880
24461026
24473660
24479563
24480148
24480150
24484483
24484490
24486353
24502719
24502720
24517834
24520022
24520064
24524852
24526834
24529264
24532772
24550294
24550673
24568097
24577613
24599533
24603850
24605658
24605665
24625274
24636859
24643544
24657929
24675805
24686064
24686743
24687492
24699232
24699651
24718194
24719212
24719692
24721571
24723108
24730142
24739558
24739560
24739561
24742968
24746007
24758753
24760758
24765656
24786165
24799678
24799700
24804197
24807359
24810381
24813471
24817838
24818153
24832452
24847944
24854422
24861841
24878840
24905217
24905600
24920765
24926044
24966205
24979062
24987096
24995344
25041842
25044501
25045812
25064677
25076398
25084659
25100640
25101850
25112480
25114008
25118236
25121408
25127720
25139902
25144726
25149449
25150725
25171339
25187626
25198697
25204504
25220241
25234474
25238090
25238098
25246647
25249449
25255317
25261118
25265542
25266561
25266919
25269971
25272741
25276941
25285425
25296196
25299064
25299702
25320451
25332120
25356890
25359083
25368845
25372388
25373479
25376688
25394344
25413606
25417006
25433311
25450634
25450884
25453069
25461137
25468042
25474358
25483697
25530466
25533446
25540277
25551670
25555623
25566205
25566217
25572939
25573253
25578899
25583720
25586342
25588009
25589000
25591325
25598268
25598285
25604505
25605764
25611317
25620019
25620353
25625178
25643450
25644012
25672461
25690102
25691593
25697665
25700042
25705210
25711606
25712141
25713390
25715468
25716726
25729381
25736414
25737087
25737810
25738731
25754198
25762983
25781467
25781984
25798600
25804213
25812401
25817984
25824836
25828910
25829141
25834736
25842950
25849407
25862053
25869965
25876486
25876487
25876488
25876503
25891079
25896690
25927007
25928441
25928467
25931590
25939507
25963643
25974210
25975407
25988438
25994256
25998808
26020283
26025901
26027368
26038406
26043838
26047188
26059513
26063856
26065103
26069964
26070669
26080641
26095362
26103911
26105071
26123398
26124192
26143069
26149012
26150539
26163675
26177454
26182660
26187320
26188288
26199744
26224691
26259880
26286963
26305456
26309315
26325073
26336267
26336309
26339153
26344467
26344891
26347736
26348850
26353398
26361732
26367482
26377177
26383662
26383663
26389711
26392158
26410928
26430461
26435220
26438077
26438794
26441860
26441890
26443517
26446423
26450112
26451841
26462853
26463167
26469877
26473734
26484539
26485147
26485450
26491176
26494420
26495854
26496604
26518910
26524218
26528469
26536670
26539719
26553463
26563112
26567502
26574012
26576933
26591703
26591705
26592695
26599979
26625461
26634751
26644436
26665605
26665739
26673248
26698952
26711808
26713244
26724738
26760973
26771845
26774329
26778487
26795402
26800341
26813723
26818694
26829486
26843450
26845766
26864070
26866815
26875618
26876035
26877580
26883590
26884330
26886069
26894530
26895880
26938551
26944839
26984293
26984973
27003632
27014218
27014253
27015536
27029142
27046452
27060051
27066243
27067323
27074415
27076149
27076150
27113102
27133266
27136302
27141906
27160296
27161977
27170642
27170724
27174456
27183721
27187032
27195680
27234457
27236318
27242774
27249524
27259520
27280174
27281573
27300509
27315342
27337483
27346118
27347390
27363202
27375563
27376053
27377187
27382076
27396162
27396172
27402776
27423480
27457063
27458447
27474778
27481241
27482880
27489291
27492011
27513350
27527609
27534956
27578768
27578859
27593697
27602258
27606595
27614915
27615720
27626637
27664903
27676224
27682124
27721393
27722858
27722859
27722860
27722861
27722862
27722863
27722864
27722865
27722866
27722867
27722869
27722870
27722871
27726806
27745954
27789646
27791071
27832215
27837479
27837480
27837486
27837489
27839576
27870634
27874136
27876297
27911947
27929533
27936190
27981238
28018363
28019002
28030576
28043017
28054667
28067495
28068343
28081130
28090753
28091625
28103160
28117561
28122816
28125398
28165493
28165869
28167671
28196868
28219158
28220110
28221119
28223382
28233511
28239773
28243913
28257423
28260338
28280241
28293231
28348813
28377623
28379405
28384062
28393629
28395471
28398677
28399281
28418764
28455335
28463626
28468083
28478558
28486528
28486652
28487429
28504448
28512097
28520514
28522707
28529271
28533472
28540946
28544266
28556563
28606812
28632140
28643091
28646112
28680860
28694806
28695856
28710276
28722614
28726410
28732479
28737374
28743813
28746380
28750048
28754138
28785546
28792853
28809473
28820134
28839028
28847850
28848715
28848716
28854255
28873412
28879613
28883503
28886687
28887007
28934426
28935246
28956397
29021156
29030266
29031042
29037578
29059012
29070654
29073248
29085601
29087334
29090192
29095164
29109161
29110441
29114402
29129538
29136087
29141705
29141768
29155827
29159477
29162211
29174893
29177091
29180033
29183475
29227994
29232397
29263858
29286262
29305937
29312891
29318122
29339508
29340453
29348336
29350136
29350155
29357385
29369556
29372142
29379209
29386263
29399006
29433443
29440252
29449917
29458689
29463656
29483286
29537829
29539448
29549640
29554882
29555700
29601573
29607044
29607260
29610260
29618515
29628173
29691189
29695520
29700709
29718184
29723100
29725025
29733579
29737392
29737663
29740404
29744628
29768127
29773334
29800562
29843675
29855259
29861179
29884871
29887859
29889829
29891548
29897940
29930050
29939993
29974157
29989480
30017148
30019314
30021116
30042927
30044788
30060316
30075098
30088790
30107826
30108176
30109217
30114220
30117073
30136243
30152475
30201412
30217500
30218736
30232285
30239780
30246775
30256745
30260060
30271558
30274124
30280023
30291406
30296053
30304231
30327445
30333962
30374415
30380206
30460205
30467064
30478041
30497835
30512706
30528431
30551741
30553999
30563467
30577606
30582796
30584097
30619162
30625164
30629404
30642901
30666930
30668280
30681072
30695461
30695484
30695532
30695533
30763255
30789917
30792499
30792905
30800398
30801031
30801065
30804102
30830480
30842226
30854334
30882315
30893422
30893428
30915064
30922226
30930106
30940874
30943181
30974891
30979834
30980880
30983371
30984769
30985006
30991930
30992361
30994405
31002845
31040834
31053177
31061115
31069175
31076594
31083805
31085709
31086982
31092597
31095689
31095987
31096787
31100372
31112469
31121001
31124237
31124240
31138630
31138696
31138855
31140075
31161047
31164419
31164713
31170147
31174587
31177427
31177428
31177429
31177431
31177432
31177433
31177436
31177437
31177438
31177439
31177440
31178419
31193431
31199832
31207330
31228931
31252217
31288641
31300464
31303627
31305020
31311844
31323857
31327994
31334249
31337784
31339955
31384253
31404671
31416643
31424585
31428104
31430284
31443439
31453250
31475928
31478906
31490969
31531149
31534162
31534221
31535027
31546416
31546628
31548183
31559683
31578321
31580793
31580794
31610342
31611210
31621104
31695901
31742515
31744922
31751348
31784214
31792176
31800948
31809257
31816945
31822588
31842739
31844019
31859568
31860690
31869212
31871100
31880988
31887395
31891169
31894514
31907194
31922951
31935354
31941912
31964555
31971556
31979277
31988008
31993217
32000692
32015027
32017101
32050093
32056731
32067088
32098032
32101616
32120337
32128567
32134908
32152195
32155175
32159462
32170725
32176482
32192402
32201804
32205462
32214557
32229265
32233019
32277139
32277812
32287347
32287465
32288237
32294143
32306515
32308030
32315702
32334682
32366193
32391285
32424009
32435798
32435800
32435801
32435802
32435803
32435804
32435805
32435806
32437661
32450913
32457145
32462782
32463821
32472468
32478035
32488779
32490208
32498297
32517609
32528126
32533162
32595634
32598277
32601469
32611387
32670604
32678173
32679707
32721043
32726928
32727041
32756297
32759339
32776421
32778558
32782016
32783386
32807214
32810167
32817386
32835180
32838287
32838963
32853251
32868431
32884081
32946437
32959380
32970936
32979306
33012225
33012231
33014895
33022266
33026884
33033133
33035476
33074791
33076607
33077628
33079040
33082432
33084706
33093054
33104121
33106412
33115844
33120511
33126357
33132200
33154013
33154422
33172013
33172393
33190425
33200238
33202679
33207046
33224128
33226890
33228200
33257531
33257532
33257640
33258957
33284863
33291818
33294421
33298527
33318222
33322274
33332041
33335833
33344044
33353123
33359463
33360431
33374468
33378827
33401634
33420198
33440682
33453344
33462624
33470041
33479491
33481673
33481692
33484405
33513140
33514747
33523963
33531196
33541878
33546271
33560169
33571993
33593844
33621179
33631008
33631294
33646062
33661624
33668618
33669472
33671545
33684147
33733592
33734371
33748822
33753342
33787901
33822142
33844840
33862185
33882192
33886558
33894809
33895137
33898234
33935990
33980652
33981971
33989499
33996439
34002224
34004173
34007452
34012979
34060331
34060904
34063816
34065940
34066578
34068310
34096704
34109597
34112224
34132578
34139279
34142207
34154629
34191632
34192537
34193354
34199195
34201818
34203937
34208006
34208306
34213855
34215513
34219394
34235464
34244722
34255997
34264565
34280001
34286686
34289143
34303920
34305832
34305865
34307197
34310798
34319069
34340543
34343197
34348905
34361970
34364449
34372590
34388354
34398663
34465619
34473105
34480413
34485387
34512658
34522025
34543120
34545784
34575967
34594592
34610007
34618261
34648607
34680043
34680537
34683487
34688666
34716262
34728737
34757815
34777285
34780267
34782694
34796590
34809459
34832510
34835260
34842850
34854671
34872353
34878588
34888257
34946123
34989602
34990822
35001887
35060711
35062712
35070338
35083655
35109894
35120135
35145268
35154110
35177639
35186366
35206699
35215198
35223919
35229581
35230028
35255676
35262770
35320275
35380331
35380675
35383854
35398357
35401532
35404104
35412351
35412864
35422211
35433082
35436762
35438532
35448362
35458417
35464914
35477743
35490230
35526849
35580179
35601093
35607727
35625199
35648812
35665712
35705810
35708399
35715846
35760284
35761175
35768946
35787155
35801716
35820417
35837060
35860925
35862683
35862709
35880003
35882233
35900096
35919741
35927280
35943690
35966705
35969599
35990805
36011612
36017344
36032319
36034097
36048714
36056613
36063993
36118168
36126300
36152020
36169047
36182700
36219109
36250592
36257115
36261521
36288406
36303123
36375370
36389793
36404372
36412326
36437334
36466443
36480265
36502435
36507179
36508668
36520713
36526581
36542185
36547255
36557735
36559140
36560744
36575206
36576503
36584342
36598665
36602809
36656269
36658311
36668675
36712379
36744930
36781971
36841239
36846939
36847572
36888708
36889308
36897342
36935099
36939324
36971082
36989240
36992165
36992528
37010269
37032167
37046126
37106798
37112066
37126517
37189153
37191545
37206964
37218899
37233629
37250315
37251308
37253742
37289480
37305418
37305434
37325016
37334092
37338372
37339944
37347519
37352427
37415819
37458592
37459255
37463152
37464758
37466430
37486875
37501563
37515171
37523875
37529582
37549110
37575662
37582843
37588366
37602146
37607174
37614276
37615436
37623951
37631039
37679664
37695821
37745000
37748767
37768454
37780382
37784226
37853246
37889940
37896092
37929289
37948337
37954941
38004812
38009518
38015408
38027761
38029221
38038662
38053511
38089699
38089818
38101440
38135831
38167314
38173967
38179062
38179235
38217947
38257973
38270131
38271464
38290077
38305237
38313817
38389313
38452122
38457490
38459433
38468749
38492103
38495310
38520511
38534666
38547321
38555818
38605961
38619541
38623480
38701065
38717518
38722159
38747614
38771885
38775074
38782263
38793629
38826713
38827832
38829419
38835755
38844193
38863074
38935608
38952277
38954719
38958447
39002222
39005373
39021931
39023266
39045692
39090583
39110120
39111725
39130741
39152136
39155318
39158280
39158304
39172256
39173663
39179552
39189763
39200037
39203437
39206483
39206953
39210935
39242587
39282547
39292000
39296840
39315965
39318207
39320535
39342509
39389387
39423229
39427779
39463721
39493844
39513865
39521900
39536013
39541703
39584937
39592257
39599471
