447500
533772
730827
1295762
1331018
1338315
1393825
1396748
1599250
1768083
1960112
2096397
2148089
2156799
2165473
2323546
2599352
2646276
2679351
2832373
2985540
3005243
3036772
3343220
3435494
3665895
3899001
3971777
6201990
6376535
6713308
6833179
6969573
6990866
7081969
7145796
7235711
7492085
7592134
7735920
7920254
7926664
7985999
8486560
8572695
8648007
9003606
9496942
10471570
10602714
10722503
11120995
11257040
11408211
11858906
11997164
14602600
16233782
16403880
17158987
17284250
18385145
19438622
19767355
20067390
20495039
20972239
21402766
21439390
21525249
21642397
21850056
22528303
22529692
22552027
22844426
22924993
23068949
23201047
23383759
23522670
23927597
23942877
24071779
24313449
24487527
24586292
24622338
24743571
24828543
25044324
25326306
25465128
25796741
26475926
26702912
26784747
26789999
27036035
27381339
27555309
27570236
27881419
28119466
28588204
28636668
28971068
29105163
29213261
29352878
29535379
29772522
30018743
30250232
30256506
30301767
30355393
30404694
30459320
30522122
30576150
30578963
30584008
30656801
30792823
31119393
31177942
31207608
31318165
31417532
31617357
31782595
31805145
31849851
31955643
32093252
32126968
32265336
32537376
32555458
32582117
32590914
32697259
32783933
32813756
32859592
32860635
32916306
32917289
32989189
33033580
33043794
33067643
33102244
33121006
33159326
33348106
33430766
33465156
33499721
33501810
33533603
33587952
33604753
33685966
33919474
33920646
33945308
33952353
33981943
34083551
34114015
34182773
34228269
34361871
34361885
34375351
34392792
34526715
34578867
34660667
34731054
34763485
34821239
34869341
34869502
34879869
34990118
34995484
35048732
35103060
35118834
35129072
35143877
35241668
35289327
35318288
35352345
35369057
35380653
35426398
35449389
35574378
35585256
35596750
35657444
35939214
35949981
35985811
36052065
36076885
36121235
36358789
36386777
36428566
36443547
36532422
36536563
36543996
36564826
36609477
36659284
36678256
36696509
36746585
36786619
36853013
36968219
37017778
37032862
37047729
37095530
37105857
37250055
37274812
37298483
37362927
37450067
37454621
37570841
37580334
37587126
37609544
37652953
37689641
37764709
37794047
37818748
37828887
37833304
37834117
37836407
37845615
37858797
37865367
37894951
38135391
38171663
38196273
38329697
38332014
38439579
38465411
38473829
38488198
38511344
38535841
38553486
38578093
38601060
38621910
38628220
38653239
38711505
38721310
38732540
38777177
38792577
38845049
38865187
38868519
38891933
38924930
38926031
39000364
39103958
39104524
39151314
39154462
39204119
39208897
39300532
39358432
39369250
39390025
39436683
39499489
39526138
39566817
39576066
