366078
621178
788654
804979
805241
874460
1041649
1118660
1154918
1166115
1222005
1704302
1721084
1748978
2041960
2050103
2053730
2123386
2237126
2306672
2689485
2722660
2915025
3194592
3296310
3316035
3384926
3531013
3569202
3692991
3765620
3927560
3940748
3972443
3972692
3979370
3980091
3994111
4001557
4019296
4045192
4057345
4075235
4076146
4210335
4475688
5355324
6067827
6299959
6421470
6485223
6649407
6649408
6824223
6869947
6874528
7056679
7074416
7238483
7272839
7411735
7490335
7494042
7624856
7661815
7740759
7762123
7806706
7861956
7871247
7890407
8039922
8175473
8236725
8271975
8294764
8322442
8354217
8358649
8393588
8460269
8533309
8541320
8745261
8862585
8880511
8926060
9032908
9129589
9187729
9203321
9284125
9331670
9361390
9369003
9409520
9477475
9533893
9579073
9631548
10195462
10208886
10225899
10424701
10455004
10466503
10502481
10555211
10569766
10676151
10684756
10706310
10832647
10832828
10846214
10850848
10979512
10992520
10992989
11027813
11034298
11060079
11093400
11093626
11093627
11104039
11108009
11108010
11292736
11376093
11397293
11424579
11739510
11739763
11786261
11812213
11842595
11846020
11858875
11876354
11880454
11932201
11939333
12011018
12174583
12383266
12383640
12393213
12553466
12595453
12597421
12638790
12695044
12757948
12860084
12887605
12902232
12918829
12926588
12939505
14567432
14612246
14616711
14641828
14715751
14798785
14812146
14854838
15056770
15155624
15184494
15232160
15251198
15358426
15365243
15545473
15564026
15606870
15614344
15715061
15720514
15835280
15876228
15892227
15934258
15949927
15950504
15953700
15985288
16084036
16137772
16239519
16292534
16309352
16312244
16341905
16342530
16376297
16379663
16384667
16411588
16455902
16488562
16504158
16509563
16550347
16559972
16580099
16697037
16790057
16820310
16825410
16837034
16846728
16870855
16897076
16923080
16943344
16948585
17007644
17015455
17019060
17026551
17062124
17088298
17109135
17110979
17124841
17124846
17126392
17159220
17169506
17188435
17220506
17221200
17296161
17319876
17321016
17351174
17360081
17369697
17422355
17427400
17433441
17468322
17486411
17520983
17531409
17583785
17647831
17805528
17928789
17935774
17938413
17944378
17957340
17997053
18003607
18077002
18192575
18237042
18287302
18323245
18408194
18411272
18432104
18521530
18551332
18599166
18599850
18616598
18673393
18716664
18817175
18832307
18840263
18978086
18983882
18986779
18990191
19027152
19054107
19088917
19114079
19139235
19165932
19165937
19175745
19175920
19185432
19202092
19233787
19267155
19322715
19322881
19325880
19327162
19357799
19416181
19423628
19451654
19482493
19508349
19524290
19528580
19563892
19659725
19661511
19687630
19745031
19763180
19782148
19825402
19827984
19868351
19913370
19933827
19949559
20005857
20077037
20106485
20106608
20123710
20208076
20223800
20361396
20416936
20425725
20425729
20447028
20492747
20494421
20556207
20570190
20629970
20632899
20675628
20684868
20687350
20713629
20820836
20861329
20883563
21038807
21088177
21104023
21256981
21273109
21303377
21346059
21365475
21443748
21492215
21511406
21525223
21537486
21570219
21586881
21605128
21631499
21640625
21672953
21676986
21709046
21752476
21757503
21790766
21801073
21803839
21807055
21810618
21825960
21870348
21908346
21914890
21997564
22032896
22075580
22100039
22117172
22225686
22276442
22362945
22375044
22384152
22489773
22495558
22506984
22516084
22560762
22567158
22579875
22594019
22613253
22615244
22666370
22712412
22767480
22841882
22884566
22947139
23036444
23050474
23084505
23105024
23184858
23192319
23306366
23330057
23419937
23454837
23465547
23511053
23517211
23527817
23568215
23571534
23597033
23620180
23632199
23642414
23663066
23721084
23731628
23740925
23742619
23773239
23774595
23777752
23805668
23896429
24009118
24014562
24020788
24111546
24151876
24171169
24243287
24256234
24478515
24485764
24552615
24580994
24618399
24696150
24726504
24833976
24833992
24834002
24863652
24871644
24916762
24934262
25013359
25017320
25153651
25209613
25218891
25267286
25272902
25290767
25300634
25378402
25525266
25531424
25595678
25597942
25599591
25600453
25600455
25666081
25787926
25841794
25940309
25944783
26043133
26065461
26123371
26160165
26176731
26179301
26199194
26253669
26300275
26363110
26386491
26412537
26466087
26494240
26498898
26512678
26517620
26572959
26678318
26729310
26795860
26850537
26854112
26873394
26949095
27033528
27068185
27089967
27178179
27256117
27317457
27388015
27429463
27461345
27461348
27490189
27527760
27651668
27651677
27651915
27659898
27684571
27726373
27815272
27829495
27847375
27866939
27901387
28062002
28129093
28131378
28139956
28199901
28201995
28271546
28293868
28335829
28460559
28532794
28569133
28569630
28600445
28661019
28681687
28749324
28755579
28757029
28765219
28860059
28906182
29018124
29019196
29048299
29103694
29147933
29164073
29198841
29306502
29341315
29377359
29398274
29424487
29545493
29574904
29583047
29626984
29654609
29691005
29717639
29741839
29758536
29761571
29778182
29902111
29924957
29976217
30013983
30173735
30197437
30265187
30265893
30418103
30520521
30561307
30639625
30850426
30864127
30900775
30902191
30947806
30977463
31019139
31022218
31068686
31071198
31077966
31092309
31107530
31109307
31155820
31174167
31176409
31236928
31280485
31300129
31364808
31367857
31373743
31405490
31409748
31506299
31636136
31641092
31732164
31769122
31791529
31952639
32052491
32074645
32165161
32228801
32273017
32304282
32327039
32359641
32368218
32374892
32444507
32447155
32460392
32507408
32513761
32532177
32585994
32586031
32615343
32624846
32731906
32770642
32840159
32843405
32853420
32946731
33036142
33057397
33059768
33060275
33074578
33169427
33179576
33205184
33289123
33390599
33420757
33424331
33478766
33503504
33570507
33582824
33630353
33644143
33647714
33684029
33685097
33728675
33969039
33974283
34119209
34125848
34126448
34130437
34197198
34219772
34225054
34281634
34338822
34368093
34460012
34475702
34558797
34570896
34585529
34600470
34621931
34732605
34826647
34859085
34987627
35000217
35019696
35052902
35072293
35124153
35182443
35268183
35296061
35343046
35395546
35405292
35427992
35442445
35448685
35506838
35535386
35625669
35866343
35890002
35908600
36046020
36164606
36255327
36294926
36297218
36311722
36386617
36433648
36495987
36538151
36557601
36571673
36586522
36669050
36737294
36819646
36839464
36851382
36924902
36973146
37062791
37081588
37115801
37221932
37232523
37265809
37276410
37290208
37321744
37375440
37376525
37390793
37450582
37481173
37533031
37546341
37626228
37728478
37748870
37764914
37766287
37818977
37848882
37861318
37875963
37896855
37930433
37988858
38003789
38003820
38006720
38029076
38083902
38180724
38233700
38239063
38352743
38379770
38430797
38473161
38481214
38498953
38522137
38554599
38582147
38640833
38674721
38674768
38702665
38763315
38772119
38841053
38854287
38881781
38897953
39083933
39155341
39180060
39194143
39338418
39421427
39470512
39496336
39529671
39543729
39597590
366078
621178
788654
804979
805241
874460
1041649
1118660
1154918
1166115
1222005
1704302
1721084
1748978
2041960
2050103
2053730
2123386
2237126
2306672
2689485
2722660
2915025
3066243
3194592
3296310
3316035
3384926
3531013
3569202
3692991
3765620
3927560
3940748
3972443
3972692
3979370
3980091
3994111
4001557
4019296
4045192
4057345
4075235
4076146
4210335
4475688
5355324
6067827
6299959
6421470
6485223
6649407
6649408
6824223
6869947
6874528
7056679
7074416
7238483
7272839
7411735
7490335
7494042
7624856
7661815
7740759
7762123
7806706
7861956
7871247
7890407
8039922
8175473
8236725
8271975
8294764
8322442
8354217
8358649
8393588
8460269
8533309
8541320
8578661
8745261
8862585
8880511
8926060
9032908
9129589
9187729
9203321
9284125
9331670
9361390
9369003
9409520
9477475
9533893
9579073
9631548
10195462
10208886
10225899
10424701
10455004
10466503
10502481
10555211
10569766
10676151
10684756
10706310
10832647
10832828
10846214
10850848
10979512
10992520
10992989
11027813
11034298
11060079
11093400
11093626
11093627
11104039
11108009
11108010
11292736
11376093
11397293
11424579
11739510
11739763
11786261
11812213
11842595
11846020
11858875
11876354
11880454
11932201
11939333
12011018
12174583
12383266
12383640
12393213
12553466
12595453
12597421
12638790
12695044
12747660
12757948
12860084
12887605
12902232
12918829
12926588
12939505
14567432
14612246
14616711
14641828
14715751
14798785
14812146
14854838
15056770
15155624
15184494
15232160
15251198
15358426
15365243
15545473
15564026
15606870
15614344
15715061
15720514
15835280
15876228
15892227
15934258
15949927
15950504
15953700
15985288
16084036
16137772
16239519
16292534
16309352
16312244
16341905
16342530
16376297
16379663
16384667
16411588
16455902
16488562
16504158
16509563
16550347
16559972
16580099
16697037
16790057
16820310
16825410
16837034
16846728
16870855
16897076
16923080
16943344
16948585
17007644
17015455
17019060
17026551
17062124
17088298
17109135
17110979
17124841
17124846
17126392
17159220
17169506
17188435
17220506
17221200
17296161
17319876
17321016
17351174
17360081
17369697
17422355
17427400
17433441
17468322
17486411
17520983
17531409
17583785
17647831
17805528
17928789
17935774
17938413
17944378
17957340
17997053
18003607
18077002
18192575
18237042
18287302
18323245
18408194
18411272
18432104
18521530
18551332
18599166
18599850
18616598
18673393
18716664
18817175
18832307
18840263
18978086
18983882
18986779
18990191
19027152
19054107
19088917
19114079
19139235
19165932
19165937
19175745
19175920
19185432
19202092
19233787
19267155
19322715
19322881
19325880
19327162
19357799
19416181
19423628
19451654
19482493
19508349
19524290
19528580
19563892
19659725
19661511
19687630
19745031
19763180
19782148
19825402
19827984
19868351
19913370
19933827
19949559
20005857
20077037
20106485
20106608
20123710
20208076
20223800
20361396
20382824
20416936
20425725
20425729
20447028
20492747
20494421
20556207
20570190
20629970
20632899
20675628
20684868
20687350
20713629
20820836
20861329
20883563
21038807
21088177
21104023
21256981
21273109
21303377
21346059
21365475
21443748
21492215
21511406
21525223
21537486
21570219
21586881
21605128
21631499
21640625
21672953
21676986
21709046
21752476
21757503
21790766
21801073
21803839
21807055
21810618
21825960
21870348
21908346
21914890
21997564
22032896
22075580
22100039
22117172
22225686
22276442
22362945
22375044
22384152
22489773
22495558
22506984
22516084
22560762
22567158
22579875
22594019
22613253
22615244
22666370
22712412
22767480
22841882
22884566
22947139
23036444
23050474
23084505
23105024
23184858
23192319
23306366
23330057
23419937
23454837
23465547
23511053
23517211
23527817
23568215
23571534
23597033
23620180
23632199
23642414
23663066
23721084
23731628
23740925
23742619
23773239
23774595
23777752
23805668
23896429
24009118
24014562
24020788
24111546
24151876
24171169
24243287
24256234
24478515
24485764
24552615
24580994
24618399
24696150
24726504
24833976
24833992
24834002
24863652
24871644
24916762
24934262
25013359
25017320
25153651
25209613
25218891
25267286
25272902
25290767
25300634
25378402
25525266
25531424
25595678
25597942
25599591
25600453
25600455
25666081
25695401
25787926
25841794
25940309
25944783
26043133
26065461
26101315
26123371
26160165
26176731
26179301
26199194
26253669
26300275
26363110
26386491
26412537
26466087
26494240
26498898
26512678
26517620
26572959
26678318
26729310
26795860
26850537
26854112
26873394
26949095
27033528
27068185
27089967
27178179
27256117
27317457
27388015
27429463
27461345
27461348
27490189
27527760
27651668
27651677
27651915
27659898
27684571
27726373
27815272
27829495
27847375
27866939
27901387
28062002
28129093
28131378
28139956
28199901
28201995
28271546
28293868
28335829
28460559
28532794
28569133
28569630
28600445
28661019
28681687
28749324
28755579
28757029
28765219
28860059
28906182
29018124
29019196
29048299
29103694
29147933
29164073
29198841
29306502
29341315
29377359
29398274
29424487
29545493
29574904
29583047
29626984
29654609
29691005
29717639
29741839
29758536
29761571
29778182
29902111
29924957
29976217
30013983
30173735
30197437
30265187
30265893
30418103
30520521
30561307
30639625
30850426
30864127
30900775
30902191
30947806
30977463
31019139
31022218
31068686
31071198
31077966
31092309
31107530
31109307
31155820
31174167
31176409
31236928
31252831
31280485
31300129
31364808
31367857
31373743
31405490
31409748
31506299
31636136
31641092
31732164
31769122
31791529
31952639
32052491
32074645
32165161
32228801
32273017
32304282
32327039
32359641
32368218
32374892
32444507
32447155
32460392
32507408
32513761
32532177
32585994
32586031
32615343
32624846
32731906
32770642
32840159
32843405
32853420
32946731
33036142
33057397
33059768
33060275
33074578
33169427
33179576
33205184
33289123
33390599
33420757
33424331
33478766
33503504
33570507
33582824
33630353
33644143
33647714
33684029
33685097
33728675
33969039
33974283
34119209
34125848
34126448
34130437
34197198
34219772
34225054
34281634
34338822
34368093
34460012
34475702
34558797
34570896
34585529
34600470
34621931
34732605
34826647
34859085
34987627
35000217
35019696
35052902
35072293
35124153
35182443
35268183
35296061
35343046
35395546
35405292
35427992
35442445
35448685
35506838
35535386
35625669
35866343
35890002
35908600
36046020
36164606
36255327
36294926
36297218
36311722
36386617
36433648
36495987
36538151
36557601
36571673
36586522
36669050
36737294
36819646
36839464
36851382
36924902
36973146
37062791
37081588
37115801
37221932
37232523
37265809
37276410
37290208
37321744
37370345
37375440
37376525
37390793
37450582
37481173
37533031
37546341
37626228
37728478
37748870
37764914
37766287
37818977
37848882
37861318
37875963
37896855
37930433
37988858
38003789
38003820
38006720
38029076
38083902
38180724
38233700
38239063
38352743
38379770
38430797
38473161
38481214
38498953
38522137
38554599
38582147
38640833
38674721
38674768
38702665
38763315
38772119
38841053
38854287
38881781
38897953
39083933
39155341
39180060
39194143
39338418
39421427
39470512
39496336
39529671
39543729
39597590
