5050
13591
24583
29906
34659
35566
36726
41422
41424
43142
44662
48553
51000
54498
55952
57271
61330
68699
69630
72881
73011
73692
75188
75846
78951
79666
80381
80636
81411
82199
83301
84960
85001
86366
88728
90654
95900
103579
105813
106756
109838
111538
118926
120392
120454
123258
126599
136474
141139
143704
149768
156020
156538
162926
163219
163279
163616
164410
164504
165247
168311
172636
176279
176280
176281
176283
176481
176537
178014
181351
184762
188755
195517
197173
199141
202565
209263
210123
214834
217679
217841
221458
221485
221495
225325
226497
227363
227494
234790
239521
239574
239631
253004
262967
262968
269432
276384
283169
286148
302245
302827
303965
307459
307537
310362
311709
311984
316741
316742
319055
319746
321353
323378
326677
327545
329247
331762
332466
332626
335003
336525
336638
337760
342397
342403
342874
345281
346319
346477
350897
351818
355865
359590
361573
367273
369995
372214
381530
381796
386935
390934
390941
394411
394667
394733
394927
395402
399384
404703
409688
410377
413595
414081
415923
415928
422232
427831
429022
429536
429540
430547
438134
438537
445331
445486
447068
447377
448803
455787
457267
464187
464188
468386
475670
475671
479110
489131
500799
506155
506605
508339
511115
511226
512418
515375
523718
533481
535918
540983
541866
546785
551268
553835
568906
575151
580785
581570
581573
588246
590982
592456
592852
596014
599329
599728
599729
603462
605366
608528
608531
612536
616256
621758
624584
632803
635974
640586
646241
646664
659605
669812
671010
681794
685952
687663
689734
690600
696335
697261
700974
708024
711314
711315
716918
719845
721069
729130
730346
730361
730364
731020
732308
732874
738397
739007
744182
747006
747007
747026
747818
750785
750786
752309
752742
753371
760498
765572
768385
768386
768387
773060
773113
779744
780274
781145
786870
786890
787442
788896
790543
791597
794601
796790
799289
801260
803978
805247
805248
806532
807775
808500
809870
811146
811147
815447
815448
815450
826634
828672
830425
832549
833473
833574
838680
841316
842178
844901
844905
848483
848484
848485
850292
851423
852823
856010
856712
856920
863486
863514
870427
875239
875887
879755
884132
887992
892899
894697
895212
896078
901562
910135
924682
930848
932212
934024
937147
947380
948963
950557
952275
953912
953913
953984
955660
955689
963629
964915
965476
971951
971962
985804
985805
987751
992812
992839
1001931
1010578
1015934
1024965
1024973
1028645
1032896
1047628
1058471
1059707
1063129
1066088
1086742
1086763
1086862
1088098
1088100
1088101
1090480
1090531
1090686
1091551
1091563
1092651
1092769
1092860
1093472
1093921
1100774
1101396
1101813
1112408
1112418
1114331
1127253
1130852
1140826
1141793
1141861
1150154
1150893
1159322
1159323
1184361
1191809
1193734
1204251
1206376
1206628
1212991
1219899
1219909
1227974
1228226
1230046
1230047
1230048
1239409
1240174
1240223
1240295
1248870
1254995
1254996
1254997
1255753
1257727
1262061
1268236
1270131
1270369
1276448
1278168
1280062
1281098
1281653
1281823
1282793
1283000
1283438
1285425
1288041
1291463
1293222
1294392
1296941
1297030
1298873
1299428
1300926
1301227
1301665
1305896
1307117
1311706
1312771
1315232
1315733
1317381
1321324
1324389
1327350
1334832
1337866
1342521
1343655
1345081
1345312
1351608
1352030
1352761
1354833
1355798
1356750
1356927
1356934
1358749
1361754
1362309
1366742
1372314
1372796
1372980
1374985
1377184
1379408
1379840
1381311
1381806
1382601
1387276
1387519
1394094
1398801
1398996
1399002
1400172
1400230
1400247
1400961
1400976
1400994
1402014
1402063
1402101
1406279
1406368
1414098
1418185
1424153
1426177
1427010
1429449
1430972
1431260
1433911
1438213
1443615
1444398
1452026
1453953
1453988
1457289
1457416
1458690
1459409
1459412
1460695
1461156
1465231
1471411
1477236
1480112
1488021
1489792
1495844
1500200
1500520
1501595
1502836
1503441
1506061
1514795
1515155
1518058
1520006
1522800
1527420
1537896
1547512
1551995
1556073
1560773
1583321
1584068
1584072
1587587
1588309
1588578
1593139
1600950
1606871
1611204
1618951
1620896
1621412
1622746
1624583
1629335
1631111
1631846
1637741
1639084
1639490
1641510
1643823
1644705
1644747
1650342
1650386
1651376
1652542
1652558
1654521
1657343
1661365
1661574
1662488
1664785
1669889
1672971
1674016
1676035
1680773
1682267
1683004
1686631
1692675
1692807
1694826
1696342
1696928
1697631
1697780
1702506
1702758
1704009
1704409
1705025
1705246
1705608
1709766
1709991
1711014
1711017
1713281
1713857
1715950
1715951
1716810
1720753
1722537
1722766
1724789
1725094
1725837
1726445
1730470
1730472
1730473
1730478
1734056
1741267
1741910
1744505
1744533
1750109
1755069
1755920
1761228
1766378
1767034
1767988
1768087
1771972
1774258
1778433
1779768
1783804
1786218
1790564
1791351
1791468
1791765
1794128
1794903
1797392
1797652
1800405
1802889
1808468
1808999
1811381
1811441
1812527
1820262
1820501
1827488
1831949
1838654
1844781
1847347
1854193
1855646
1855990
1857199
1861146
1865362
1867031
1869798
1873848
1879486
1880408
1880441
1882490
1883840
1885735
1887704
1900113
1901361
1902210
1905563
1911487
1913338
1918837
1918868
1919095
1919109
1919110
1919114
1919122
1930578
1936999
1937782
1952859
1966245
1966633
1971257
1971653
1974887
1975833
1995929
1999383
2000374
2000404
2008802
2012804
2018510
2018638
2018978
2019547
2022336
2037379
2040430
2045361
2052603
2052618
2055790
2060759
2065905
2066602
2081336
2082025
2082027
2087879
2091663
2098418
2098633
2099071
2099072
2101140
2101148
2101385
2101388
2101392
2101479
2101480
2101483
2107277
2109096
2109157
2118824
2123831
2123963
2124707
2131632
2137033
2139101
2139919
2144956
2146847
2152485
2152889
2154122
2155260
2162464
2174833
2174861
2175000
2181919
2183047
2191009
2191694
2193065
2193628
2195813
2196962
2199497
2200338
2203637
2203662
2205577
2205579
2205582
2206100
2206459
2210489
2215283
2215284
2222436
2224645
2228054
2228234
2228240
2229340
2230018
2231676
2243182
2251873
2254034
2254038
2258648
2258649
2260179
2266091
2266879
2270006
2280728
2282116
2284500
2286218
2298870
2299183
2300417
2302351
2305173
2312721
2316500
2323548
2323828
2324281
2327294
2330784
2332153
2332154
2332475
2332478
2336399
2341728
2342085
2343327
2344953
2345019
2345026
2345916
2346942
2350336
2353821
2363795
2370116
2372482
2375060
2380369
2380645
2381042
2383016
2385990
2387637
2402675
2406458
2409836
2409896
2410265
2410362
2412368
2415814
2416143
2417638
2421536
2422297
2426198
2427153
2428494
2428496
2430059
2430523
2431157
2432416
2433386
2436027
2438408
2438443
2442393
2444496
2444761
2447017
2447470
2448333
2448460
2448968
2450866
2452582
2453464
2455085
2455978
2456988
2458658
2461482
2461623
2462153
2464195
2464884
2466545
2469271
2470267
2470268
2474711
2474712
2482336
2482860
2483041
2483651
2484470
2491910
2492108
2492345
2501431
2502251
2518733
2521829
2532157
2539354
2541150
2542736
2549403
2549510
2549710
2550772
2558161
2562507
2563245
2565244
2567485
2570082
2573216
2576015
2576091
2579940
2587944
2592546
2592550
2603194
2604399
2604409
2604845
2607096
2607573
2607994
2616773
2617655
2617656
2621385
2621627
2628290
2632639
2632640
2641646
2642599
2646275
2647564
2649680
2653963
2653964
2655536
2663610
2665350
2668188
2669100
2669661
2670348
2670900
2674322
2677434
2682220
2683771
2684006
2685027
2686301
2686311
2688642
2688936
2689545
2690736
2695790
2704600
2705773
2720517
2722240
2724325
2728700
2731977
2732867
2750268
2752940
2760481
2764569
2766118
2766121
2768474
2769238
2774784
2776324
2777342
2779469
2779472
2779474
2787793
2787902
2791724
2795637
2799584
2802613
2802912
2806903
2807523
2815324
2815719
2818795
2819719
2822664
2823275
2826418
2827202
2832365
2833565
2836362
2848703
2849017
2854515
2857430
2858464
2858954
2862160
2872108
2872109
2878033
2879483
2883655
2885982
2892363
2898843
2900227
2900401
2901987
2902009
2902187
2903129
2903173
2904642
2904796
2905206
2907917
2908925
2909484
2912896
2913315
2913490
2917796
2925248
2929189
2933906
2938309
2939028
2941257
2943082
2943703
2953814
2962838
2964158
2971620
2974756
2977630
2982738
2986318
2991197
2991206
2995438
2996656
2998547
2999564
3004071
3005236
3007362
3007571
3008635
3008944
3012281
3013828
3018039
3018312
3021628
3023983
3024288
3025445
3031428
3035095
3036665
3038946
3041907
3047003
3050359
3050379
3052895
3052896
3053778
3055182
3058295
3058406
3058509
3061255
3061263
3061645
3067503
3069286
3069860
3073574
3076719
3078575
3079181
3079469
3079514
3079730
3081448
3089604
3092018
3096512
3104086
3107002
3112272
3112282
3114617
3116489
3121750
3124418
3124764
3127953
3130237
3130732
3133241
3133305
3134469
3138473
3143787
3155161
3159676
3166979
3167001
3180140
3182468
3182795
3182988
3188734
3191509
3194704
3195696
3200161
3207723
3210996
3214157
3216765
3216766
3216777
3216779
3221203
3223774
3229091
3235665
3245293
3246586
3246916
3246917
3249577
3249579
3252601
3254071
3256999
3260105
3263817
3264764
3266900
3268051
3268055
3271065
3271267
3272825
3273600
3278684
3281978
3290106
3294461
3297167
3299030
3303485
3303760
3304006
3307237
3311904
3313733
3314272
3319775
3324967
3335402
3339633
3353754
3372399
3372501
3379327
3384631
3385766
3391968
3402007
3405234
3415232
3417355
3419420
3429076
3429623
3429794
3429800
3433343
3438148
3440458
3441879
3443455
3444442
3450016
3456952
3468193
3470752
3474038
3478551
3478701
3490216
3493135
3493239
3495240
3499247
3504219
3512830
3515813
3517061
3519790
3522553
3525228
3529759
3533985
3539429
3540506
3541468
3542835
3543624
3546145
3546273
3549923
3551832
3552989
3553305
3553884
3557620
3561095
3562999
3567088
3570456
3570476
3572368
3573143
3576285
3577496
3579274
3583349
3584425
3585965
3586089
3587092
3603613
3603697
3606095
3606096
3606111
3606879
3610890
3612742
3613995
3617104
3617183
3623694
3630474
3631933
3655401
3655719
3660066
3662506
3668192
3674873
3683218
3683219
3688678
3693523
3693549
3696480
3706203
3707576
3713366
3714350
3722029
3726999
3729397
3730372
3733181
3733590
3738456
3739461
3744560
3746875
3752994
3759164
3760066
3760126
3760815
3767362
3769118
3770265
3772103
3777927
3777928
3777932
3778149
3779031
3782045
3785323
3789717
3791304
3794648
3794649
3794656
3795327
3799104
3799115
3804447
3810476
3819476
3820275
3826498
3832366
3838969
3841022
3842768
3859365
3862630
3862894
3874396
3879198
3882416
3884294
3885851
3886626
3891518
3894410
3900637
3900640
3905611
3906920
3910298
3911661
3911676
3911684
3913065
3913071
3913626
3916223
3926652
3932533
3932541
3934207
3934328
3935159
3936399
3946388
3949714
3950396
3957429
3957432
3958151
3962918
3967921
3967929
3968044
3968450
3968541
3969638
3972446
3973005
3976175
3979022
3980099
3987695
3993280
3998099
4001752
4002931
4008618
4014093
4020159
4023801
4030693
4044055
4051487
4054116
4056003
4057353
4060850
4065151
4065341
4066032
4068894
4071198
4072273
4072496
4073866
4077968
4084863
4096632
4110358
4118961
4123765
4124903
4129825
4129962
4131518
4163924
4168882
4170509
4178278
4190864
4195032
4205945
4206029
4206342
4207061
4207760
4212504
4218249
4222389
4222390
4223532
4225707
4236129
4243510
4243511
4286453
4287452
4295003
4314999
4323584
4324714
4326853
4330046
4331724
4335441
4335444
4335984
4346977
4348470
4349114
4355577
4357931
4359992
4366779
4368545
4371434
4372130
4372172
4372181
4374475
4401630
4418033
4426648
4426706
4435860
4435893
4439267
4440362
4442949
4443613
4448465
4464248
4469229
4473220
4476928
4501837
4539440
4545721
4548387
4549039
4550673
4555774
4560429
4560748
4563971
4564785
4564788
4570128
4570279
4570333
4571325
4573943
4577987
4584049
4586738
4587384
4592974
4593945
4596491
4598219
4599373
4601148
4601899
4604337
4610011
4615154
4629079
4630603
4631236
4634456
4635079
4636782
4637288
4638499
4643689
4653966
4654645
4654646
4655307
4656355
4661449
4661464
4666268
4666270
4666673
4670695
4674090
4677870
4677871
4680678
4681633
4689912
4690633
4690964
4703124
4704472
4712963
4715553
4718437
4729932
4731191
4731194
4745671
4748825
4756251
4762111
4763973
4764347
4764406
4790935
4807209
4809112
4810267
4817466
4823423
4823581
4825613
4828312
4828910
4842331
4847560
4853464
4861190
4869615
4870518
4871710
4873660
4893086
4906111
4906785
4911684
4912068
4920226
4924867
4930067
4930662
4934433
4940021
4942915
4947606
4957316
4971885
4975941
4978880
4986889
4988693
4992340
4995964
5004220
5008591
5013832
5035187
5035189
5038023
5042921
5071064
5092750
5093666
5112342
5120303
5121765
5135317
5139517
5148720
5153353
5154896
5157926
5161480
5170447
5170548
5170657
5294176
5294177
5294306
5294325
5295150
5296396
5296397
5297802
5299756
5300874
5300875
5301733
5301744
5302302
5302303
5302304
5302329
5303331
5306110
5306111
5306539
5312994
5312996
5312997
5313002
5314746
5314749
5322753
5324546
5328778
5344097
5349377
5359618
5361220
5370272
5370274
5373694
5374754
5374968
5374970
5399687
5402473
5402474
5415045
5415046
5421427
5424359
5463400
5473901
5480374
5487181
5502346
5505340
5505341
5505342
5506195
5512773
5524317
5528686
5528687
5528688
5536443
5570558
5595577
5596264
5640388
5640986
5645863
5650066
5657269
5663564
5698667
5701286
5701989
5707921
5709282
5718716
5724978
5732219
5770842
5770843
5771179
5776005
5776007
5776530
5777737
5788722
5804723
5824006
5827191
5827507
5840410
5885701
5903110
5917020
5922548
5923097
5952839
5959890
5961046
5970132
5976561
5981465
6003986
6025453
6029825
6056277
6064849
6086048
6086528
6088363
6089444
6090390
6090415
6094650
6095986
6096253
6098527
6099923
6107548
6107735
6119307
6123635
6126611
6131221
6132141
6139332
6140426
6141390
6143729
6146017
6147293
6152038
6155326
6155730
6156826
6157637
6160701
6161944
6167577
6168143
6171516
6171825
6181089
6183214
6184536
6185422
6186373
6188694
6193168
6195273
6195419
6195442
6196534
6199199
6199368
6199370
6201315
6202906
6204471
6206130
6206795
6212135
6212591
6219622
6225539
6230043
6239700
6245152
6247314
6249587
6252829
6254947
6255459
6257652
6257990
6258916
6260124
6260631
6260754
6262471
6262760
6263258
6265372
6269992
6272300
6273284
6275727
6276300
6278925
6286715
6287076
6288839
6290992
6291353
6295024
6295276
6295953
6298275
6300382
6301560
6306873
6307460
6307786
6309041
6309499
6311752
6315594
6315643
6315707
6317939
6323378
6324005
6324533
6325417
6328035
6328224
6329956
6330332
6335611
6337551
6339389
6339647
6341242
6341990
6345393
6347763
6349840
6351748
6353279
6353819
6357081
6362074
6363100
6363287
6363631
6366060
6370564
6370724
6371043
6373618
6373961
6374658
6374748
6380449
6381550
6384354
6386873
6389925
6393126
6393682
6394621
6394970
6395270
6398008
6398564
6405336
6411622
6415227
6417020
6426450
6426766
6429044
6429448
6431164
6432538
6432694
6434645
6434656
6437812
6437981
6440851
6449275
6460753
6469354
6469362
6470149
6470675
6470676
6486303
6486784
6487288
6490062
6490304
6492121
6493071
6496453
6501815
6501817
6505790
6508252
6512251
6517765
6519698
6523176
6524163
6524164
6528780
6530269
6530534
6536785
6602094
6607275
6612541
6615837
6617890
6618665
6619281
6620458
6624312
6627396
6630194
6630437
6634168
6634957
6635553
6635756
6636284
6639037
6642429
6642640
6642665
6642675
6644937
6646234
6649979
6651299
6655301
6660880
6665839
6667916
6673133
6673858
6675649
6677405
6680095
6680121
6680124
6680125
6680691
6682833
6690422
6693169
6696769
6706943
6715036
6715038
6715044
6730494
6735567
6736229
6736680
6738382
6740382
6742803
6742824
6742842
6746031
6748042
6750522
6750983
6752027
6752189
6755981
6757054
6757437
6761362
6772569
6788867
6790574
6790927
6804434
6807703
6811360
6812801
6817051
6817052
6819324
6822427
6824317
6824323
6827137
6829769
6835234
6837203
6838150
6839020
6840378
6840833
6840862
6842021
6842022
6843632
6847681
6852870
6852913
6853556
6855642
6857285
6859844
6860666
6862533
6863510
6865498
6865805
6873477
6873478
6874074
6874901
6875517
6877323
6881192
6881430
6885157
6886407
6887516
6889574
6894606
6896436
6896621
6927239
6930937
6933260
6948297
6969138
6969139
6969689
6969690
6973417
6975182
6975183
6982775
6984342
6986402
6989857
6998228
6998259
6998963
7002792
7003031
7005079
7014769
7017718
7019078
7019725
7019819
7021421
7023142
7024113
7024610
7027559
7034412
7035365
7037543
7037833
7041820
7045877
7047394
7054327
7058975
7059616
7060593
7061878
7062464
7067412
7068225
7069227
7069228
7069880
7076294
7076295
7077294
7082685
7083255
7090657
7093518
7095856
7103475
7106887
7107541
7107852
7107860
7114037
7115311
7115666
7117796
7118752
7119793
7129638
7130366
7130700
7141690
7142689
7143425
7143426
7144450
7148231
7151789
7152669
7153323
7160480
7163843
7169236
7170647
7174561
7175493
7179411
7184950
7187344
7188267
7189746
7194358
7216473
7216497
7218576
7220079
7228170
7229102
7229800
7232840
7233156
7235397
7235699
7235700
7237426
7238513
7239566
7243338
7244509
7247399
7248589
7248964
7248965
7251134
7251142
7252264
7256728
7265164
7269926
7271371
7271657
7274638
7275319
7276149
7278707
7282188
7283382
7283785
7284396
7289236
7294788
7296700
7298183
7298184
7298185
7298190
7298194
7299876
7303003
7303139
7304565
7304570
7307069
7309007
7315090
7317857
7324652
7324656
7325285
7325957
7328757
7331494
7331603
7331624
7333674
7333985
7334329
7337468
7340725
7344098
7344115
7347415
7350497
7354217
7358427
7359569
7364714
7380541
7380543
7380551
7381922
7387130
7390566
7391820
7399688
7400099
7407104
7419491
7421625
7430064
7434013
7434077
7434994
7435018
7436741
7437452
7439987
7443164
7448456
7460125
7462157
7462409
7462703
7464602
7469659
7474354
7474396
7477034
7477037
7479787
7480605
7482176
7483603
7485686
7487003
7487023
7490296
7490448
7491417
7493738
7496521
7496922
7501869
7501870
7504475
7504579
7505875
7508299
7510310
7510671
7511958
7512065
7513062
7516312
7517950
7520652
7520833
7521249
7523253
7523254
7525284
7525413
7527546
7528249
7528734
7528898
7530711
7530888
7531564
7533744
7533888
7534053
7535309
7535870
7537627
7538078
7540016
7540582
7544150
7548495
7548496
7551060
7556186
7557312
7557467
7558324
7559975
7561195
7561254
7565011
7565017
7565031
7565104
7567791
7568465
7570828
7570835
7570836
7572947
7585695
7585718
7586091
7588739
7590438
7590791
7591082
7592121
7594311
7594312
7594314
7594688
7594800
7597345
7601494
7602181
7603133
7603474
7612110
7612931
7615751
7616008
7618870
7623405
7626525
7627909
7636931
7640673
7640676
7646638
7646639
7650730
7653129
7655658
7658089
7658465
7664730
7668930
7673807
7676651
7678018
7678593
7680060
7680409
7686029
7686353
7686610
7688846
7691876
7691878
7693194
7693203
7693598
7693601
7695314
7698669
7701087
7701133
7701134
7701135
7701136
7701137
7701138
7701139
7701140
7704268
7704895
7706818
7707332
7711897
7715293
7716408
7721533
7722448
7723660
7728355
7729848
7729849
7729850
7734842
7737119
7737472
7737517
7739019
7746117
7747291
7747315
7747976
7751049
7751386
7756810
7758780
7761898
7764248
7764758
7765009
7766053
7768598
7768621
7768815
7768818
7769312
7771138
7771141
7771151
7771152
7771153
7771154
7771155
7771156
7771158
7771160
7771163
7772869
7773236
7776088
7778142
7778361
7779285
7779879
7780018
7781973
7783643
7783678
7783690
7784729
7790086
7791203
7796960
7797907
7798872
7802956
7804011
7804012
7806370
7814060
7814463
7822050
7823005
7825463
7827404
7827509
7828921
7828926
7829132
7829152
7829153
7829163
7830555
7835331
7835992
7835993
7836309
7836323
7840478
7843342
7846774
7849584
7852369
7852571
7853440
7853867
7854116
7855647
7856300
7856775
7858646
7859509
7861958
7867743
7867744
7867745
7867949
7868829
7868831
7868837
7869006
7870098
7872438
7874882
7875567
7875711
7879479
7883190
7883191
7883885
7883912
7887015
7890391
7894059
7896075
7898381
7903285
7906005
7908003
7908004
7911787
7911968
7912681
7914665
7915699
7915816
7915998
7916248
7917880
7922030
7927567
7927673
7927755
7927787
7927795
7928097
7928989
7929758
7931371
7932928
7933349
7934851
7935049
7939959
7941003
7941865
7944542
7945482
7955024
7958252
7959047
7959972
7959973
7960144
7961448
7963350
7967990
7968678
7969588
7972070
7974665
7974666
7975239
7975839
7981535
7982366
7984085
7984089
7985750
7988886
7988887
7989269
7993149
7995992
7997165
7998643
7999128
8003258
8003902
8003903
8003954
8005066
8005212
8005659
8012436
8015024
8017114
8017123
8017948
8018898
8025688
8028606
8035010
8036819
8037848
8039189
8039663
8039872
8039900
8045604
8050719
8051024
8051251
8051441
8056286
8056287
8056295
8058040
8061653
8063108
8063341
8063343
8063344
8063351
8063402
8067067
8067088
8067092
8067107
8067145
8067806
8070433
8071223
8074532
8077410
8077733
8079536
8080608
8082453
8083157
8090081
8090995
8095039
8097177
8097178
8097272
8101894
8101899
8104603
8104843
8109246
8112775
8112859
8119348
8122948
8124099
8125341
8126193
8131662
8132356
8133802
8136780
8138138
8138681
8139873
8151674
8155519
8155853
8155994
8157311
8157789
8158030
8162438
8168977
8169115
8169387
8170408
8175891
8178559
8181723
8183304
8183399
8183400
8186099
8188612
8188990
8188991
8190999
8194067
8195082
8195409
8195832
8196532
8203704
8206309
8225601
8228350
8231807
8236388
8243985
8245542
8246823
8248646
8253521
8254971
8259570
8263204
8269945
8270795
8272626
8274229
8274230
8276432
8277281
8282702
8284127
8289209
8289212
8289628
8295565
8296092
8296486
8298533
8302310
8309354
8315000
8318834
8319437
8320772
8325391
8332061
8345508
8352397
8358225
8358670
8359462
8359676
8359680
8363507
8368858
8370939
8371726
8379144
8379920
8384684
8389476
8401237
8405930
8406031
8406642
8406643
8406837
8408840
8409281
8411093
8416815
8422256
8422366
8423007
8423098
8427549
8427811
8429813
8432592
8434922
8438619
8440469
8440717
8447164
8447165
8452962
8454179
8454187
8454453
8458975
8459488
8475028
8475125
8478325
8501233
8501234
8501322
8502172
8502178
8503886
8508394
8509337
8514410
8515739
8518514
8519314
8520525
8522831
8524919
8524922
8529890
8529891
8529892
8538577
8541985
8544225
8544342
8549400
8550192
8550210
8550410
8550475
8553731
8556740
8557074
8557075
8557325
8557353
8557361
8557362
8557364
8559036
8560536
8561160
8566700
8567912
8568194
8568643
8573322
8574746
8574829
8576041
8576045
8576328
8576349
8577236
8577263
8582139
8584790
8586685
8589171
8589594
8589660
8590409
8591030
8593618
8594324
8594332
8595602
8598271
8600346
8603943
8604230
8605522
8606118
8607503
8607796
8608155
8613388
8620902
8621096
8629072
8635748
8641766
8642786
8645136
8656543
8657011
8657016
8658086
8658163
8663142
8665933
8666070
8667409
8667410
8673845
8674542
8675319
8675334
8675353
8682355
8685638
8690206
8695332
8698524
8701657
8704989
8708328
8709688
8709866
8714141
8714254
8714622
8717400
8719177
8719316
8724063
8727886
8727901
8727937
8731017
8735097
8735760
8739320
8741209
8744831
8746034
8749654
8751094
8751900
8751929
8755590
8757822
8757840
8757877
8758879
8760931
8760949
8760950
8761569
8762632
8763944
8765728
8771935
8779590
8781968
8782351
8783503
8783504
8783505
8783506
8783508
8783514
8783515
8783516
8783517
8783519
8783521
8784608
8786900
8793876
8800550
8805070
8805549
8805781
8805782
8809541
8815080
8815104
8815457
8817490
8817491
8817767
8818884
8820651
8822054
8824604
8830039
8830219
8830276
8839176
8840813
8844654
8845658
8848850
8850129
8850130
8851390
8853011
8854028
8854382
8855579
8855762
8856066
8856191
8861218
8867370
8869501
8869503
8870404
8871110
8877329
8877380
8878014
8880140
8880308
8880516
8882188
8885392
8885404
8890197
8890221
8890241
8899969
8903208
8905306
8908606
8911010
8915127
8917113
8918935
8919105
8919724
8919774
8921899
8921943
8922484
8926026
8926028
8926065
8926115
8927057
8927778
8931321
8932704
8938375
8940236
8940420
8940432
8945571
8945596
8950856
8953025
8964461
8965675
8980601
8981346
8982004
8982014
8987551
8990197
8994322
8994788
8995242
8995441
8999316
9003081
9003538
9003850
9005782
9007276
9009299
9009346
9011116
9011120
9012440
9014293
9014902
9019011
9025275
9025287
9026451
9027168
9027173
9029829
9032480
9034311
9037771
9038230
9038330
9041245
9041401
9041770
9044266
9044701
9051414
9054324
9054325
9057408
9068652
9069701
9074497
9076515
9079898
9081308
9082720
9086143
9087961
9098074
9102658
9113439
9113874
9114398
9119464
9119478
9119505
9120332
9126824
9128176
9129077
9133706
9140915
9141191
9141713
9144361
9145595
9149147
9152035
9157159
9158776
9159877
9162580
9163504
9163895
9168128
9168634
9169742
9170269
9171405
9171437
9174666
9180604
9182114
9185273
9185405
9185422
9190823
9191962
9192018
9196208
9199470
9202455
9203786
9203787
9206089
9207276
9207730
9210300
9220000
9220159
9221664
9224872
9224875
9224876
9224877
9234762
9234763
9234777
9234816
9235016
9236746
9241533
9242485
9245140
9249028
9249053
9249140
9251224
9252325
9253874
9257344
9258442
9260522
9265738
9268382
9270997
9271875
9272984
9273923
9276406
9276546
9277036
9280014
9280513
9282385
9282393
9282524
9284121
9284134
9284163
9287939
9292414
9293185
9297105
9297828
9301118
9302213
9304318
9304333
9304335
9308293
9311128
9312275
9316912
9322067
9322765
9324220
9327577
9331994
9334476
9339631
9343193
9350858
9350866
9353751
9354010
9360342
9364137
9366059
9366597
9368535
9370295
9371445
9371453
9371455
9374715
9376615
9377108
9379907
9380902
9382740
9382764
9385600
9388905
9391312
9393786
9394556
9395323
9395690
9399556
9401240
9402922
9403498
9407082
9407221
9410248
9416616
9420531
9423889
9426123
9426139
9426995
9435261
9439092
9440430
9440520
9444327
9446585
9449811
9453628
9453654
9455882
9457888
9466256
9468625
9468728
9472141
9472665
9473029
9473045
9478138
9483880
9490076
9493366
9493369
9494669
9494841
9495023
9501228
9502599
9503599
9504429
9505877
9508308
9508329
9513150
9514575
9514639
9515705
9515742
9522876
9523239
9524071
9524224
9525778
9528811
9529093
9532681
9532736
9534795
9535087
9537749
9537758
9540841
9542946
9551241
9554855
9562686
9562989
9564786
9566491
9567501
9570290
9572025
9573077
9573178
9579071
9585694
9586330
9589607
9596713
9596722
9600864
9606491
9607838
9611796
9618534
9625786
9632254
9632571
9632577
9639666
9641973
9650989
9652394
9654940
9656354
9658217
9670616
9673258
9673290
9675855
9675860
9680213
9682213
9682971
9690793
9691445
9695302
9695467
9695923
9698108
9698837
9698904
9699395
9701817
9701892
9707367
9711805
9712742
9720241
9721290
9721317
9721969
9722874
9732528
9734339
9740281
9742694
9745210
9745222
9746570
9747751
9747752
9747757
9748441
9748465
9752752
9754251
9758780
9758814
9759385
9761599
9764321
9764328
9767574
9768010
9768187
9768213
9772310
9775006
9775456
9778740
9781884
9781885
9783389
9784561
9785483
9789785
9791107
9793468
9794075
9798033
9798148
9805043
9805044
9805053
9805411
9806871
9810642
9810644
9811489
9812307
9813989
9815420
9815482
9817521
9817879
9818353
9825490
9825508
9825773
9825774
9825775
9826360
9826365
9826723
9828704
9829917
9829958
9830519
9830524
9830525
9832192
9835549
9841673
9844253
9850410
9850683
9858748
9861698
9864209
9866901
9868778
9869662
9871327
9879921
9879938
9880509
9881772
9889386
9893363
9916056
9916115
9916119
9918668
9919673
9920125
9920483
9921581
9922251
9922266
9924512
9925522
9927695
9930015
9949497
9972074
9973334
9973335
9986816
9986842
9987131
9987132
9987841
9988980
9990478
10023081
10024539
10024551
10024572
10024587
10030702
10048021
10049292
10049382
10049907
10066668
10067702
10072150
10074090
10074520
10077658
10078377
10078386
10085006
10085055
10088330
10090073
10097157
10102661
10188245
10190102
10190103
10198025
10203477
10203830
10212447
10216267
10216863
10217785
10219594
10224020
10225872
10228365
10230041
10322014
10322612
10322778
10326288
10333175
10338202
10339831
10343379
10347072
10347079
10347867
10348876
10348878
10349429
10355785
10356728
10356747
10357055
10359300
10360577
10361726
10362941
10371570
10377160
10383952
10388689
10398590
10398830
10400582
10400589
10403342
10408479
10414380
10417131
10419203
10419262
10424424
10438055
10439420
10439932
10447892
10466965
10480546
10481095
10486921
10489733
10489734
10491911
10491912
10492786
10496169
10496875
10496885
10496898
10496913
10498727
10498943
10498944
10499145
10501233
10504039
10506402
10508410
10510964
10517599
10517600
10518724
10518743
10521656
10523534
10531221
10531246
10535267
10542181
10544566
10548569
10549425
10556702
10556709
10564499
10564522
10569747
10569748
10571000
10571317
10579441
10588910
10592802
10601218
10601863
10603391
10603647
10605516
10606749
10612004
10612398
10612727
10614066
10617135
10618061
10618132
10618215
10618216
10621931
10625704
10629204
10632889
10633109
10637643
10637984
10639413
10639469
10639476
10639478
10645099
10668268
10673003
10677480
10678922
10678953
10678965
10678967
10678992
10679414
10680299
10681568
10685109
10692152
10692166
10692380
10692381
10694008
10696413
10701212
10702359
10708371
10709458
10713434
10715012
10715015
10716569
10721914
10722126
10722584
10722590
10726753
10731603
10735886
10737846
10738097
10746192
10746776
10747228
10752686
10754579
10756147
10759577
10764646
10769005
10769357
10770767
10770768
10772208
10774703
10776515
10781565
10794945
10797980
10799459
10804240
10806366
10808566
10808569
10809704
10810592
10813143
10817710
10822584
10823767
10825607
10842790
10846211
10850976
10851981
10852004
10852073
10852568
10858186
10858198
10865179
10872445
10873485
10874738
10876862
10876865
10876885
10876889
10880560
10880564
10884944
10886620
10887553
10887580
10888351
10888841
10891406
10892490
10894732
10894740
10899892
10904360
10924789
10925861
10925862
10925863
10925874
10926490
10928374
10929141
10930693
10932723
10932739
10933251
10935316
10941926
10942706
10943958
10944196
10945781
10947231
10948107
10948122
10952301
10960093
10960111
10964441
10966424
10970422
10979913
10981695
10982062
10982867
10986235
10986258
10987721
10991736
10992523
10992527
10994530
10997493
11000455
11000461
11000467
11006654
11014767
11014770
11015401
11018137
11021588
11021935
11021936
11029691
11030062
11032799
11035750
11035753
11035765
11036024
11041258
11055897
11057367
11057956
11060082
11060101
11072502
11073913
11082037
11083783
11083805
11083852
11092860
11093807
11094852
11100992
11104814
11107788
11107903
11111909
11112537
11112538
11112571
11112851
11114915
11115104
11118538
11119308
11119535
11119564
11121579
11129720
11133942
11136445
11143856
11143861
11145274
11150657
11157262
11157923
11157950
11160100
11160103
11160122
11164748
11168070
11169119
11169439
11178241
11178265
11179323
11179335
11179381
11179951
11191759
11207559
11207565
11208556
11209061
11210629
11210646
11210647
11210656
11211223
11217964
11217966
11220769
11220974
11220977
11220978
11231182
11232774
11236504
11243070
11243753
11244064
11248198
11248234
11248518
11250084
11257546
11257729
11260476
11264049
11268787
11270813
11271727
11273144
11278067
11278543
11279036
11283279
11290330
11292584
11292781
11292789
11292792
11292832
11294508
11309065
11312617
11319123
11334624
11343224
11344150
11346901
11368121
11371530
11371543
11372395
11372645
11375146
11376047
11376607
11377872
11378428
11391007
11393286
11393287
11394182
11395206
11395467
11398407
11399138
11402016
11407007
11414447
11425745
11427424
11427575
11430401
11437342
11438186
11444375
11449796
11452294
11454333
11466276
11468924
11479276
11481451
11483378
11485069
11485103
11485679
11488920
11489120
11489126
11489131
11489855
11494170
11497216
11500465
11503295
11513826
11517445
11522479
11522739
11524010
11526004
11526157
11528000
11531335
11533066
11534395
11536935
11544240
11545272
11548252
11548254
11548262
11548265
11550565
11553546
11553575
11553581
11553605
11558133
11561970
11561977
11563260
11567743
11567757
11569256
11569271
11569273
11571173
11574160
11580909
11583854
11599482
11599737
11600347
11606310
11668944
11672844
11673429
11681447
11682534
11691578
11692861
11694903
11697737
11698663
11705940
11705948
11705949
11705950
11712364
11714056
11722728
11722746
11726156
11733467
11734009
11747744
11748172
11748178
11762200
11769638
11771124
11772022
11772647
11773113
11775883
11779136
11784302
11791976
11812853
11816113
11816983
11818571
11822667
11823188
11823252
11823500
11837201
11837398
11837975
11844759
11849541
11850417
11850896
11854465
11854470
11865872
11871621
11872121
11872713
11872714
11872729
11873401
11873402
11874856
11874883
11877421
11881484
11882700
11888296
11895960
11899048
11911188
11914354
11914364
11916376
11920320
11923363
11925988
11927570
11934505
11934562
11936836
11939579
11945645
11946557
11947521
11947928
11952217
11952899
11952906
11952913
11953220
11953379
11953381
11959583
11964824
11972052
11972789
11983930
11985966
11987131
11990491
11992291
11995904
11996834
12002529
12011002
12011463
12022154
12024237
12026506
12034098
12041597
12041598
12041763
12042307
12043141
12043145
12043149
12045243
12050664
12050668
12055286
12055621
12061671
12065481
12069878
12069969
12071715
12073571
12078077
12079406
12079408
12088614
12088858
12089141
12089294
12096925
12098792
12100554
12101001
12101305
12102686
12107127
12107144
12114987
12117994
12118282
12121953
12121955
12122213
12123457
12127983
12133305
12134262
12141041
12142404
12142417
12146868
12151192
12161065
12169626
12171621
12175740
12176318
12180025
12182829
12183252
12193633
12199714
12202569
12205294
12224592
12228259
12234523
12239837
12243062
12244367
12244657
12270810
12281645
12288419
12317930
12343751
12345473
12348202
12351223
12364378
12373501
12379674
12381465
12387827
12391881
12392671
12393195
12396633
12400636
12403100
12406694
12406742
12406743
12406780
12409420
12410473
12411090
12413735
12421317
12426348
12427958
12435504
12435759
12437076
12443672
12448343
12449693
12450305
12452126
12454195
12455611
12455897
12458674
12459494
12471739
12480424
12493228
12493825
12496202
12500547
12501290
12501605
12506636
12508151
12511516
12515529
12517837
12524992
12524994
12529504
12529505
12531339
12533458
12533480
12534264
12538850
12538902
12540588
12552086
12552921
12559810
12561481
12562304
12562789
12562793
12562809
12564993
12568332
12571000
12575896
12576583
12580282
12587559
12595250
12597553
12599062
12601157
12603748
12606030
12606562
12615217
12616941
12619447
12620739
12620865
12631523
12631749
12635933
12639006
12639492
12640703
12654491
12654793
12654806
12656042
12667089
12671690
12674350
12675810
12676727
12676865
12684849
12686150
12686635
12686648
12694622
12696375
12699612
12702236
12704130
12706446
12713461
12718054
12718174
12718175
12724383
12730707
12732310
12732548
12734232
12734277
12738652
12739372
12744509
12755363
12761075
12761101
12769840
12775692
12777805
12779031
12788781
12791841
12797770
12800494
12807153
12810266
12816201
12816361
12819118
12823192
12823812
12824501
12826608
12837732
12839745
12839800
12840683
12855739
12856219
12856976
12859767
12860718
12862150
12862151
12874331
12874365
12878498
12878594
12878596
12886322
12886601
12886625
12886638
12886640
12886963
12887025
12887901
12888916
12890320
12892051
12896985
12897002
12897013
12901595
12902261
12904424
12906102
12906889
12922096
12923077
12929359
12941279
12948359
12948360
12949095
12949172
12951258
12954090
12954091
12957889
12957968
12967744
13002386
13009451
13019553
13020183
13025490
13040663
13043930
13069776
13095416
13095749
13124912
13125003
13125328
13129939
13130058
13148751
13152625
13171664
13232699
13260888
13262844
13339328
13357123
13357693
13357778
13376884
13376915
13397517
13403265
13403288
13403376
13426178
13428929
13439157
13448636
13448659
13451640
13463386
13470476
13514125
13575755
13575863
13638373
13654813
13664325
13666809
13666854
13672179
13672647
13681288
13704950
13704958
13704959
13704960
13709549
13710687
13716230
13728880
13739505
13758923
13765078
13773642
13791704
13800348
13815058
13824857
13831073
13875030
13878926
13894076
13896481
13896482
13903782
13903783
13903784
13944689
13946546
13952057
13959442
13972595
13986981
14013521
14034946
14042088
14080806
14097603
14101011
14107434
14107748
14107749
14109983
14125192
14134700
14154194
14182375
14183393
14207625
14215188
14215190
14233131
14246492
14246494
14263197
14266442
14273642
14281045
14281046
14281486
14297626
14313803
14333946
14334157
14334169
14336429
14345692
14355829
14407054
14407055
14412035
14468120
14475439
14477034
14477037
14479579
14479856
14499937
14500467
14500477
14501987
14505000
14505319
14507367
14510347
14510838
14517689
14519249
14532045
14532174
14532177
14532336
14534692
14536065
14556751
14556971
14558737
14559113
14561077
14568149
14568156
14572629
14580972
14585681
14596993
14602587
14602656
14602929
14605150
14607067
14607110
14607413
14607417
14608419
14610071
14614140
14617169
14617653
14623020
14645284
14660411
14660669
14666784
14668247
14670719
14672224
14672225
14675787
14678171
14678649
14679441
14681736
14684578
14688120
14688795
14695063
14697085
14699052
14702307
14702315
14702341
14710858
14718189
14726230
14728617
14729143
14734172
14738797
14743981
14747986
14748469
14757199
14760972
14766976
14801364
14806605
14935670
14936360
14937758
14944169
14951511
14957061
14962124
14973024
14973043
14977996
14981288
14983042
14989907
14990305
14990953
15010474
15019730
15022616
15022934
15024974
15024976
15024977
15027758
15037750
15038587
15039369
15042161
15052315
15059213
15063620
15066042
15066786
15066987
15072156
15081815
15085599
15085601
15090504
15090525
15105882
15107532
15109462
15112225
15130123
15138046
15141271
15143042
15143552
15147276
15149770
15155646
15155667
15156020
15158282
15158775
15159389
15164715
15172815
15174276
15175315
15181581
15186348
15186355
15188416
15188549
15188550
15188551
15193410
15194154
15195540
15198341
15199181
15204437
15205415
15211517
15213140
15213154
15213169
15213170
15215082
15225309
15225327
15226294
15228530
15231794
15234754
15240661
15242645
15242763
15249062
15251406
15255898
15262913
15262923
15262955
15271902
15272767
15279944
15287748
15297024
15297052
15299231
15304548
15310160
15311291
15313536
15316263
15317799
15317801
15318500
15318514
15321050
15322049
15322201
15334265
15334266
15341330
15343144
15344790
15346766
15346956
15346959
15353570
15353602
15357715
15358412
15364889
15375117
15375645
15378743
15379571
15382736
15385509
15388476
15400362
15421690
15442516
15451094
15452615
15466033
15466044
15469898
15470516
15472325
15473163
15482923
15496388
15502411
15508424
15509712
15510963
15522078
15526661
15533433
15536996
15547287
15554305
15554327
15554329
15555932
15566782
15573214
15574951
15576774
15576780
15582302
15583158
15583324
15585131
15591633
15593123
15597566
15597569
15601709
15607226
15610013
15612922
15615597
15621444
15624044
15632448
15636129
15639625
15642977
15647287
15647905
15653771
15656991
15664197
15664471
15664940
15668924
15670164
15673660
15684414
15690817
15699331
15703294
15705572
15708313
15715856
15716446
15718296
15728357
15728982
15731030
15731039
15735307
15750117
15750123
15756423
15764195
15766778
15767696
15769380
15771251
15773401
15774863
15786867
15790027
15790030
15807652
15808339
15808362
15816934
15823199
15823200
15825143
15829587
15830491
15837361
15838025
15838027
15838043
15838638
15839896
15843017
15845500
15845509
15853890
15859469
15864320
15866944
15870079
15872007
15878247
15882408
15883026
15884751
15890203
15892695
15902510
15905054
15908392
15908430
15916081
15926801
15931993
15937163
15937172
15941425
15941511
15942662
15945546
15946296
15946665
15948954
15950996
15963708
15964861
15969077
15977570
15978069
15978075
15978620
15979389
15992618
16000757
16000796
16008141
16012515
16014422
16022790
16027119
16028125
16028512
16028522
16030246
16033522
16040956
16040959
16046165
16049021
16061261
16079344
16081414
16083163
16085342
16085859
16085883
16086579
16098493
16098764
16099990
16102875
16107018
16109368
16109379
16109941
16109960
16113288
16113292
16113306
16113340
16116259
16124436
16126365
16127356
16128399
16128567
16135229
16141314
16146223
16146233
16149103
16151208
16153727
16156982
16156987
16159765
16173391
16177333
16177344
16182896
16184007
16184008
16185462
16185850
16186100
16201020
16207388
16207916
16223984
16237000
16237027
16239097
16239542
16246383
16249063
16254052
16262796
16262799
16267135
16272702
16275104
16276928
16280324
16283251
16291658
16291662
16295321
16295679
16299312
16300407
16301805
16302067
16305956
16316745
16318414
16318732
16321945
16326089
16327992
16330061
16332844
16341015
16341343
16343318
16343705
16346550
16347001
16347534
16357262
16359328
16368474
16376028
16376396
16385068
16385069
16388136
16388577
16397850
16398755
16404157
16414655
16415609
16416923
16420618
16424854
16426794
16428409
16428410
16428736
16428762
16432199
16434708
16437687
16443247
16447160
16451731
16456254
16458564
16460846
16464435
16465832
16469463
16471238
16475506
16478458
16478492
16478700
16483695
16492975
16496689
16496690
16498616
16506550
16511277
16517670
16518766
16525996
16528897
16529647
16530466
16530834
16531650
16532643
16532666
16534922
16535661
16537404
16538861
16539534
16547031
16547065
16549391
16549669
16552036
16553836
16553883
16557311
16557700
16557731
16557750
16557774
16557901
16558049
16558058
16558081
16558096
16558121
16559140
16560908
16564706
16567412
16567865
16573684
16573690
16581160
16584477
16585645
16585754
16597991
16598018
16600622
16601099
16602979
16608355
16615613
16622232
16622251
16641475
16643804
16650390
16670088
16672614
16679532
16680524
16681839
16682451
16687585
16689793
16696898
16697733
16699625
16699653
16704973
16706794
16707668
16710900
16713057
16714595
16719988
16721902
16730823
16734622
16749988
16750427
16751520
16754867
16755046
16755997
16757139
16760445
16760521
16764894
16775751
16785698
16789156
16790890
16796149
16797934
16799167
16801431
16804679
16823929
16823935
16827618
16830582
16830586
16835850
16841506
16850639
16854675
16855253
16873545
16875540
16882552
16885438
16891156
16893462
16897302
16914034
16919836
16923911
16924145
16928135
16929318
16934939
16936343
16936349
16950899
16952942
16954226
16954282
16954285
16954301
16954325
16957040
16957277
16965376
16966771
16966811
16968294
16968933
16969505
16973619
16978643
16983078
16988262
16989629
16996172
16998199
17000721
17005969
17006619
17009951
17010106
17015461
17016910
17020553
17020579
17023917
17030916
17030917
17031616
17034889
17035737
17036837
17037725
17041063
17043435
17046810
17049432
17050494
17053310
17054394
17056684
17057281
17057343
17064934
17071756
17074850
17074903
17076677
17081197
17085549
17085558
17086224
17087384
17087996
17093013
17094789
17097005
17113524
17116251
17118400
17118982
17121090
17121691
17122338
17122399
17123456
17125005
17131234
17132831
17133163
17136367
17140288
17140754
17153080
17158670
17158745
17159216
17159897
17161319
17163139
17169972
17170450
17172518
17178462
17180039
17181781
17181782
17182751
17186156
17189363
17189368
17191897
17194147
17196981
17197419
17213560
17216354
17220218
17220262
17220406
17222137
17222185
17224212
17224413
17227687
17233716
17233827
17234887
17244810
17259105
17261615
17262177
17267617
17270211
17273983
17275906
17277949
17283087
17283330
17302148
17303303
17307739
17314018
17314365
17316023
17320105
17322313
17333658
17333744
17336031
17336443
17346360
17354604
17359259
17360342
17360576
17362509
17372457
17381524
17383226
17384764
17386033
17404497
17427005
17428586
17431549
17434972
17434996
17438022
17446676
17446687
17449699
17449702
17458144
17464063
17464284
17468246
17470639
17473533
17474905
17475554
17489024
17492351
17496082
17496089
17501920
17501928
17507075
17510270
17511514
17521359
17522276
17523424
17523437
17526705
17526733
17545217
17553496
17554439
17556542
17557077
17559304
17565813
17570527
17571801
17574145
17575935
17575980
17576228
17584454
17584456
17585933
17586525
17586630
17590227
17590231
17590380
17591770
17594735
17598994
17600045
17600492
17603995
17606920
17610123
17613090
17614235
17614967
17618223
17618421
17621584
17623843
17625736
17625783
17626024
17629116
17633146
17639158
17642498
17643020
17651134
17651221
17661707
17672318
17676874
17682760
17689765
17697110
17697117
17697209
17698571
17698573
17704222
17704555
17710560
17716938
17723696
17725382
17768239
17768794
17827285
17845071
17854903
17868606
17870270
17873062
17874110
17874982
17875629
17876456
17876834
17877182
17878662
17881059
17881351
17882454
17883312
17884842
17886381
17888533
17890167
17890307
17892230
17893171
17897378
17898844
17898856
17900729
17905973
17907749
17919878
17921282
17921296
17931161
17933263
17939389
17944831
17950040
17951440
17951576
17955973
17956426
17959056
17962152
17962948
17963590
17966578
17968017
17968531
17978204
17979549
17981840
17981973
17981980
17986190
17986616
17987958
17990031
17992832
17993521
17997582
18004304
18005391
18005688
18005744
18008168
18019422
18022192
18024592
18031087
18032386
18033654
18033829
18033834
18034161
18037783
18038543
18043871
18045430
18053392
18064800
18065611
18067297
18070076
18074211
18077387
18080563
18087626
18093230
18096197
18137175
18154075
18154687
18159288
18164089
18173783
18174131
18174340
18179420
18181490
18182043
18184591
18184631
18188535
18191006
18191489
18192728
18194518
18198339
18198938
18200426
18201198
18212071
18217545
18222649
18223081
18225789
18227161
18227596
18230037
18232735
18241884
18243247
18245230
18247575
18250174
18250933
18251274
18255051
18258274
18270575
18276581
18281404
18282004
18283731
18284213
18288410
18289689
18289922
18300248
18306049
18310138
18310414
18311075
18311943
18312392
18312415
18314303
18317460
18318712
18319466
18323627
18326579
18330064
18337355
18337508
18340369
18358456
18359832
18362401
18363799
18368749
18369732
18373694
18388568
18388978
18392091
18396068
18398491
18401119
18401561
18404301
18405378
18411263
18412339
18413319
18432110
18433007
18436320
18439249
18439375
18453505
18454933
18456804
18456812
18456850
18456905
18458319
18462070
18463208
18479458
18490456
18498110
18501582
18503544
18510562
18523643
18524568
18545963
18547441
18549803
18557895
18561097
18564011
18574146
18577166
18579241
18582406
18582519
18586940
18591230
18591243
18595476
18598639
18599703
18600198
18606790
18606988
18616601
18621898
18623144
18625283
18627518
18628554
18629909
18633722
18634865
18637531
18639903
18641168
18647828
18648931
18653912
18666928
18675897
18676667
18678672
18681937
18686854
18686931
18689675
18690017
18697592
18698408
18701447
18704577
18708497
18710912
18717821
18720620
18729782
18755696
18756818
18757542
18762819
18763059
18765239
18765724
18765906
18768797
18768857
18770592
18774337
18776020
18776260
18777317
18781876
18790865
18790873
18793311
18794293
18795799
18800559
18804863
18806340
18809662
18811633
18811655
18813221
18814842
18818731
18819403
18819404
18819625
18831535
18832018
18832377
18832726
18833030
18834908
18840632
18845756
18849423
18849430
18854707
18866176
18914662
18917525
18928302
18930049
18931287
18931927
18949027
18949626
18951939
18952786
18954564
18968943
18978217
18979011
18981509
18990527
18991540
18996426
19001078
19001267
19007339
19009320
19010827
19011071
19015025
19015515
19024176
19025555
19028569
19031764
19040663
19046341
19050358
19054108
19058583
19058604
19062701
19062702
19074660
19074664
19075025
19079253
19081261
19100303
19103121
19103276
19103773
19110311
19110602
19115014
19120975
19121605
19124471
19127719
19131969
19135022
19139224
19141742
19141743
19148576
19149671
19155212
19155226
19157484
19157799
19158257
19159613
19160819
19164142
19165149
19166158
19168737
19171080
19190416
19196710
19199791
19201789
19201795
19208885
19209724
19212328
19213700
19220350
19220862
19223322
19226328
19229498
19230946
19231189
19237532
19244623
19244898
19244917
19246791
19251862
19252449
19253091
19255636
19256418
19258630
19268696
19270684
19276173
19276207
19276771
19281529
19283664
19286128
19286133
19286788
19290638
19294491
19297603
19298370
19304855
19306957
19317060
19324092
19325886
19329635
19329638
19331734
19333369
19333391
19344358
19346342
19346392
19350225
19350982
19357634
19358004
19367338
19368121
19370638
19381558
19386376
19389772
19391519
19395495
19397680
19400536
19400801
19402712
19410003
19411843
19426268
19427174
19427417
19434753
19443090
19453752
19454006
19456828
19463740
19465933
19468189
19469006
19469287
19470179
19470748
19474207
19478449
19480715
19494580
19497299
19497327
19501041
19502395
19502446
19504885
19523608
19525342
19528176
19528207
19534996
19542276
19542291
19543938
19545355
19545630
19555725
19556347
19561182
19563890
19564378
19564383
19574644
19578229
19580888
19583033
19584531
19589152
19592588
19594624
19599642
19605400
19616104
19617350
19617366
19620211
19620709
19624473
19631226
19633551
19636831
19637687
19639824
19640599
19640838
19646531
19650770
19656298
19659744
19660457
19665695
19666711
19666715
19673408
19673410
19674127
19675394
19678844
19679033
19686078
19694431
19694812
19695305
19696891
19696991
19701456
19703973
19704787
19706905
19709209
19713362
19716242
19717600
19720009
19720995
19728775
19729262
19730680
19732141
19733434
19734310
19734314
19734600
19735197
19735275
19735324
19744927
19745511
19746269
19747093
19749052
19757026
19761838
19762646
19767434
19767462
19768169
19778962
19779031
19779606
19780972
19781621
19781971
19789504
19796659
19797359
19797815
19810041
19812690
19812979
19814796
19815016
19815364
19815665
19818394
19819004
19833774
19838203
19841974
19842384
19842974
19850044
19854900
19858296
19858311
19858575
19861266
19863017
19867701
19874480
19876467
19876617
19878715
19883159
19888998
19891709
19896347
19898477
19898478
19900531
19900536
19902800
19902840
19906273
19907657
19909344
19913702
19929967
19933806
19933826
19936046
19937156
19937399
19939517
19940940
19942436
19943759
19949057
19952318
19954074
19956581
19969537
20004098
20007761
20007763
20010838
20011506
20011960
20019796
20021845
20023022
20023099
20030720
20030727
20039097
20040104
20041216
20047819
20049303
20051036
20053280
20053858
20054881
20055482
20059616
20066040
20070445
20070509
20080633
20082865
20086209
20090843
20095434
20097854
20099756
20109154
20112694
20118606
20123708
20124707
20127474
20133655
20133778
20135270
20141327
20145974
20148967
20150502
20150509
20154133
20154134
20160087
20163190
20171259
20176796
20176965
20193210
20194520
20198919
20202282
20202851
20206171
20212166
20212168
20213559
20218337
20219880
20223896
20225076
20227481
20229998
20237446
20264816
20270642
20270643
20291725
20299504
20302923
20307644
20335099
20336507
20336508
20337116
20337712
20345385
20348258
20348425
20360139
20363636
20364601
20371949
20381793
20382022
20385759
20390555
20398207
20400550
20418878
20421480
20428396
20428687
20438097
20439970
20440684
20441745
20442821
20453095
20454692
20454906
20457430
20461887
20463886
20466768
20468095
20472740
20475875
20477960
20495270
20495276
20495624
20509862
20511501
20515927
20518355
20525383
20528929
20528940
20534565
20536711
20538311
20538647
20543879
20545841
20555205
20558271
20558724
20562301
20562308
20566768
20571957
20577829
20578525
20581193
20584265
20585059
20587187
20595045
20596127
20601467
20602021
20604142
20604144
20604145
20604146
20604201
20607994
20616050
20616193
20621579
20622061
20631866
20635557
20637589
20638331
20639358
20644623
20645834
20657061
20657067
20659293
20666989
20668130
20671932
20673838
20679439
20679441
20682884
20688407
20688821
20689316
20689747
20693455
20693676
20697667
20709100
20709810
20713622
20715760
20724514
20734698
20739485
20799403
20799583
20802077
20805389
20810767
20816895
20818301
20819164
20824430
20824973
20825484
20826646
20840148
20844248
20851041
20852064
20852644
20860010
20861838
20862321
20863435
20872263
20875425
20878703
20884452
20927349
20938097
20944629
20950482
20952390
20958764
20958774
20962142
20962724
20966091
20967447
20971679
20974937
21031313
21033468
21034165
21041490
21044320
21048563
21049271
21054266
21067451
21070267
21075874
21078967
21079963
21084635
21085088
21091215
21091448
21091503
21094189
21109012
21110901
21115127
21115657
21118541
21135177
21139223
21140669
21142692
21145485
21147057
21149233
21151774
21159937
21161212
21162623
21162634
21162870
21163839
21169492
21170356
21174131
21178947
21183596
21184218
21184776
21184858
21186711
21187377
21192989
21197957
21203470
21204303
21209100
21211572
21212984
21215108
21215109
21215353
21216187
21216950
21218228
21219472
21231812
21232736
21233598
21237177
21245534
21246108
21247801
21248157
21252269
21252450
21255114
21255118
21257772
21262799
21263023
21266749
21276098
21276749
21282418
21282902
21288994
21290424
21290425
21294503
21296930
21298838
21300836
21304168
21305698
21307833
21313756
21313886
21314704
21317260
21317321
21325136
21327112
21330435
21338683
21345186
21346055
21347387
21353273
21359697
21360148
21366345
21378190
21378198
21379340
21381379
21381382
21381755
21383015
21385634
21385872
21388458
21390267
21393219
21393367
21401435
21406971
21409571
21413329
21413330
21413343
21415486
21415487
21415488
21415489
21415490
21415491
21415493
21415494
21415495
21415497
21415498
21415499
21415500
21421002
21424669
21430354
21432485
21440558
21444815
21444984
21446152
21453446
21454167
21455265
21458979
21464837
21466657
21470437
21470448
21470464
21471347
21478057
21478644
21482756
21483709
21483756
21484255
21486909
21487001
21488982
21491932
21491957
21501469
21502531
21502666
21510946
21511055
21513717
21527347
21528784
21528785
21529368
21530641
21537071
21537088
21537091
21537092
21537778
21537782
21538250
21542860
21546589
21554341
21555399
21567314
21571011
21572002
21576340
21585090
21586349
21592381
21596754
21599729
21604388
21604389
21607085
21610211
21616048
21620987
21625644
21641585
21642406
21642464
21643457
21646430
21652714
21653763
21658103
21669071
21672261
21673111
21673189
21675442
21676349
21683110
21687387
21692819
21695873
21697327
21697337
21697339
21702293
21707677
21707739
21709090
21722254
21731967
21733841
21750152
21752109
21752809
21753799
21757004
21764856
21764957
21771112
21774613
21778203
21778208
21779167
21780667
21782033
21784933
21784943
21786618
21788707
21790806
21792174
21793218
21794163
21799407
21802520
21802635
21803312
21804008
21807059
21811418
21812138
21816881
21821958
21825170
21825777
21833303
21839393
21843873
21846723
21851839
21851931
21852526
21856848
21862630
21866102
21871929
21873407
21880975
21883522
21885438
21890359
21896336
21899371
21899909
21900486
21903104
21903588
21904621
21907255
21907374
21909372
21926213
21926235
21931548
21936962
21938449
21938682
21942205
21949076
21952367
21952545
21965411
21965571
21965573
21966921
21976808
21977578
21980116
21983710
21984792
21997936
21999643
22001326
22002608
22004038
22015175
22016560
22016747
22020507
22028938
22032623
22039545
22039970
22040529
22043781
22045586
22047695
22049830
22049941
22051624
22053934
22054549
22062086
22067940
22069678
22071643
22073138
22074599
22074990
22078751
22083711
22089867
22099098
22099099
22099113
22099115
22099116
22099121
22099122
22100429
22101846
22102237
22105795
22106284
22112397
22133188
22139167
22139188
22144480
22145341
22145342
22145343
22146006
22147790
22157363
22162543
22167185
22177227
22177306
22179934
22194453
22194751
22195039
22198234
22201788
22204035
22216364
22221710
22222000
22224000
22225492
22229925
22230233
22231452
22232178
22232448
22235937
22239666
22241048
22248371
22248922
22250984
22253590
22253612
22268636
22270383
22287003
22287520
22291019
22292065
22295878
22296329
22296330
22306663
22311923
22312802
22319512
22321588
22321859
22324483
22325012
22336609
22339216
22344665
22348317
22348672
22350259
22350933
22352095
22353001
22354023
22357499
22357651
22359585
22361030
22361759
22364087
22365393
22366169
22367545
22371817
22383120
22387643
22391990
22401908
22407322
22410247
22421109
22426330
22427641
22433892
22437006
22441386
22441768
22443716
22447451
22447901
22451165
22453903
22457232
22461907
22464683
22467780
22467785
22484176
22487081
22488052
22488053
22502586
22502605
22504393
22505737
22510219
22510289
22511349
22512320
22512753
22516130
22518009
22518151
22518867
22518935
22519828
22521215
22524114
22524115
22524127
22533880
22534305
22535947
22535961
22537150
22544275
22546527
22546941
22552208
22555467
22556361
22556841
22557005
22557053
22557054
22557227
22561042
22561621
22566273
22568007
22570276
22574681
22575663
22578941
22583547
22587006
22589301
22589684
22607531
22607971
22609718
22612159
22613192
22615254
22618242
22619583
22619917
22624829
22627893
22632601
22634452
22639795
22645140
22649528
22653946
22654664
22661259
22662140
22664501
22665610
22666485
22670341
22673304
22673571
22675448
22676367
22676552
22682545
22683795
22684730
22690884
22693805
22693991
22699333
22701685
22705404
22709679
22710417
22711807
22711841
22715312
22717659
22717752
22722930
22723378
22730296
22731847
22734659
22736983
22737089
22740531
22747061
22748592
22750414
22753378
22755083
22761573
22770420
22781421
22788966
22791257
22792219
22798614
22802636
22803110
22805952
22806193
22806848
22814165
22814176
22821976
22825612
22830064
22840562
22846342
22850508
22863778
22867881
22868762
22875567
22878247
22879887
22879984
22882566
22884742
22885193
22885749
22898822
22902612
22904284
22905225
22906320
22913716
22917905
22921731
22923112
22934782
22934938
22937199
22937564
22937565
22942280
22947068
22952969
22952995
22957115
22963323
22964723
22969195
22970112
22974320
22977073
22991708
22993083
22993087
22993090
22993096
22993410
23013214
23015737
23016895
23017338
23019319
23026220
23027748
23028317
23028836
23031266
23033645
23041054
23045478
23046358
23049471
23055647
23057727
23063285
23070816
23071851
23072646
23076327
23077508
23082625
23082752
23092313
23093249
23097430
23100668
23100746
23100755
23100781
23104412
23107454
23110230
23111873
23114701
23115018
23118472
23121500
23125205
23126672
23127287
23127381
23131828
23135228
23137437
23137790
23143257
23144245
23144706
23152310
23159467
23164747
23168310
23168707
23169942
23175269
23175649
23181552
23184949
23185212
23187318
23190726
23192049
23201336
23208091
23208274
23209200
23209214
23209283
23222721
23226484
23230295
23249744
23249958
23252968
23256604
23257194
23261726
23264457
23274130
23274141
23275338
23282501
23289410
23289512
23290231
23291177
23297386
23297627
23300923
23301694
23308292
23311318
23319310
23321008
23325815
23326233
23326443
23335920
23336198
23339912
23341461
23341465
23341592
23349723
23349777
23351031
23359995
23361046
23361528
23362380
23370051
23382174
23382822
23386845
23392641
23397220
23401533
23407641
23409261
23413707
23414807
23414843
23415234
23417487
23427461
23429745
23431378
23435982
23436993
23437548
23441178
23441214
23446800
23449872
23457771
23458379
23459673
23461272
23461487
23461522
23461927
23468950
23475970
23489050
23492079
23493053
23494573
23497008
23500361
23504020
23507621
23508422
23511474
23515016
23515546
23516184
23518363
23519659
23519794
23524608
23533357
23538564
23542679
23543142
23545172
23562411
23563708
23564177
23566241
23568211
23569884
23575050
23587952
23592265
23593304
23593571
23608373
23612750
23613664
23617200
23620159
23620850
23622872
23630951
23638267
23639597
23642157
23643392
23651092
23665147
23668604
23670977
23674613
23675480
23680352
23680644
23681886
23687270
23691635
23695726
23697890
23706502
23714204
23716609
23716683
23722168
23722436
23727916
23728818
23733460
23742105
23742181
23746357
23748896
23751482
23755572
23755875
23757128
23760830
23761256
23761370
23762755
23765992
23765995
23765998
23766000
23766003
23766009
23766017
23766018
23770313
23772399
23775017
23776471
23781070
23787517
23793642
23795905
23797422
23798539
23802730
23803158
23805645
23805667
23812812
23817334
23817372
23818869
23820088
23820381
23820394
23825302
23826402
23826956
23832212
23834664
23841714
23845813
23846742
23850948
23856896
23857100
23866702
23872186
23872570
23873591
23876154
23883166
23889924
23893063
23895500
23897993
23901011
23902581
23905008
23906348
23912276
23918781
23919373
23919997
23925114
23930335
23933168
23935051
23936424
23936475
23945156
23947819
23948561
23954417
23954505
23955009
23955520
23957349
23960745
23961238
23966359
23967359
23969060
23974033
23975772
23982069
23982202
23985936
23989162
23994142
24000598
24003222
24008229
24018202
24023387
24023752
24024909
24029491
24030824
24031874
24034608
24034615
24039581
24039929
24048535
24050076
24054793
24055378
24060694
24066084
24066154
24073823
24074349
24077904
24086707
24086753
24098113
24101638
24101639
24101641
24101642
24101643
24101645
24101646
24101649
24101651
24101652
24101653
24102290
24102849
24106077
24106189
24106190
24106192
24106767
24114175
24117836
24118020
24120705
24127573
24130011
24131399
24134710
24136453
24140390
24146001
24147655
24155884
24157057
24159544
24165439
24173028
24177595
24182988
24185740
24191858
24192554
24194646
24194737
24197287
24200064
24204993
24212181
24213557
24213848
24215700
24215877
24221617
24236404
24239941
24244437
24244685
24252120
24256715
24260780
24265497
24278614
24281668
24288944
24291710
24293720
24294997
24297704
24302826
24302921
24303045
24308002
24308271
24316251
24319148
24319616
24323966
24331463
24332540
24334844
24334935
24339434
24341209
24347178
24348240
24348465
24351060
24353005
24356964
24361395
24361839
24362421
24363348
24367358
24368230
24368696
24368907
24368914
24372841
24375135
24376440
24377372
24378019
24379807
24385900
24389075
24391524
24396087
24398387
24401020
24401137
24407776
24414916
24414922
24415083
24416925
24419619
24420052
24420105
24420888
24420955
24421136
24423722
24423771
24424942
24425944
24426099
24427750
24432507
24436778
24442820
24445205
24446701
24448269
24452176
24455398
24457344
24458378
24459146
24459831
24462909
24470563
24473132
24475332
24478067
24490592
24490918
24491579
24492010
24498789
24502173
24505241
24511696
24516685
24517211
24520310
24521079
24529384
24530989
24532381
24532770
24534578
24538000
24539605
24540875
24544448
24551247
24551784
24558639
24567731
24568688
24568884
24571741
24574069
24574800
24575898
24576322
24586205
24590676
24596150
24598921
24603850
24605649
24605670
24614503
24614657
24616417
24617904
24619586
24621315
24624463
24624467
24643345
24644247
24648517
24650008
24650354
24652326
24653717
24655502
24656386
24667909
24668172
24673931
24676972
24685041
24686062
24686479
24686738
24698180
24699521
24699653
24705262
24706774
24710767
24711447
24715891
24717970
24719419
24722374
24724536
24731056
24731836
24732980
24733097
24733243
24746009
24747608
24753695
24755638
24757839
24765090
24769694
24772939
24786645
24794872
24798289
24799624
24799626
24799908
24800334
24800828
24803519
24806882
24808185
24810719
24811312
24815929
24816311
24817729
24821967
24824785
24827501
24829308
24831345
24838129
24842138
24842223
24843853
24849816
24852224
24858602
24858614
24861668
24862282
24862438
24869721
24869952
24874670
24887199
24889424
24889608
24901522
24901849
24901994
24905599
24905769
24907334
24908687
24909685
24911407
24913685
24914172
24917311
24935981
24936389
24943244
24944120
24945318
24945690
24946128
24952048
24953649
24958870
24962154
24964882
24968678
24970042
24972615
24983529
24983989
24983990
24987103
24996028
24997084
25004958
25005105
25009820
25010199
25013135
25016919
25022309
25022434
25022982
25023120
25023745
25032802
25033656
25035324
25039966
25040623
25050173
25051691
25051695
25051696
25051705
25052842
25054332
25056071
25056361
25058483
25059371
25062095
25068415
25070088
25071005
25073409
25074236
25078404
25080816
25082345
25084391
25092291
25092436
25096633
25105169
25109775
25113053
25114012
25122858
25128747
25129553
25130096
25131990
25139901
25139903
25144724
25145069
25145073
25147720
25159619
25161196
25164169
25171098
25172449
25177492
25182489
25182499
25182685
25182849
25187967
25188334
25188839
25193391
25194929
25195905
25197514
25201413
25205724
25212618
25219432
25219433
25222698
25225263
25228776
25229224
25229494
25231861
25233006
25233936
25234699
25244128
25246027
25253268
25255436
25265418
25266381
25269971
25275396
25281373
25288772
25290505
25294076
25305017
25313612
25318589
25322200
25328106
25338464
25339398
25343965
25349633
25359669
25359671
25359919
25366201
25366211
25367272
25368110
25368298
25370488
25371593
25375795
25377699
25378500
25381244
25385643
25385860
25386993
25390051
25390633
25392355
25397871
25404447
25408339
25408351
25410205
25411971
25415339
25418293
25419260
25420689
25421389
25421572
25422303
25424344
25424418
25427654
25431887
25432754
25448363
25449757
25450504
25450857
25451701
25460805
25461799
25462170
25466205
25468792
25471186
25474211
25474636
25474893
25475326
25479128
25483775
25483917
25486771
25491382
25496520
25500964
25506341
25510171
25516242
25518668
25523714
25525783
25525786
25525791
25532743
25536777
25538191
25538196
25539065
25539806
25540009
25543033
25543097
25548286
25551828
25554784
25555375
25556194
25559625
25561705
25561707
25561716
25563004
25566217
25572472
25580216
25581714
25583523
25584121
25588652
25589902
25591710
25596892
25598755
25599549
25602161
25602257
25603396
25605793
25607896
25609371
25613689
25614837
25615438
25620046
25621620
25622616
25623305
25631756
25635914
25641100
25646441
25648987
25649684
25651002
25651322
25656264
25662215
25664673
25664785
25664801
25667263
25670735
25674360
25676328
25679049
25679988
25682583
25683557
25684220
25688103
25692734
25695834
25698486
25701672
25705354
25715048
25715096
25722294
25722619
25722857
25723169
25723712
25724966
25730803
25732338
25732514
25732682
25732684
25733618
25737836
25740377
25741322
25743072
25744696
25756608
25759499
25763025
25766606
25768799
25777950
25782990
25792735
25794000
25797008
25802972
25805019
25805898
25806409
25814617
25818509
25819968
25824837
25826566
25826569
25831459
25835520
25842946
25842952
25845910
25847810
25847959
25848022
25848023
25849031
25849499
25849889
25850702
25853032
25853552
25856120
25857791
25862465
25862499
25865248
25865265
25866118
25869320
25870070
25870911
25874462
25874792
25875621
25877070
25879562
25882423
25882848
25883517
25884840
25887601
25888391
25895940
25897030
25897570
25900650
25907113
25908431
25910585
25912137
25913612
25915771
25916780
25928584
25928839
25939511
25941008
25950744
25951392
25958185
25962828
25972005
25974870
25975654
25977434
25982817
25986323
25986680
25988304
25989366
25990269
25991682
25992634
25996593
25999037
26000450
26001818
26004776
26021803
26027261
26042153
26048074
26048558
26055740
26056384
26059432
26060565
26061412
26064954
26066787
26078314
26078323
26081394
26081395
26081396
26081523
26088695
26093918
26097806
26100039
26104437
26104709
26110870
26116881
26131907
26133505
26135641
26136468
26146127
26146226
26150210
26154421
26156292
26164777
26164796
26169421
26170409
26172085
26175126
26175663
26179653
26181318
26182664
26184966
26185067
26185088
26192200
26194016
26194724
26195552
26202476
26203082
26203545
26206987
26220967
26222047
26228148
26234099
26235439
26235489
26236294
26237109
26240317
26240338
26242626
26253680
26255776
26255896
26257967
26259263
26259264
26270537
26271050
26275048
26283553
26284068
26286031
26288927
26288935
26292998
26293172
26294280
26303391
26303831
26308054
26310076
26316386
26317760
26319881
26322032
26322875
26324721
26337047
26339088
26342435
26347724
26361388
26363144
26391481
26392502
26394005
26396299
26401962
26402715
26405107
26409202
26410587
26416829
26416894
26417994
26424466
26431465
26434928
26435282
26438816
26439292
26441902
26442938
26443504
26443570
26445388
26448988
26454015
26454478
26463058
26466421
26466422
26470956
26470957
26472256
26473925
26476668
26478285
26478391
26478842
26483327
26485125
26488395
26496916
26498860
26500613
26503346
26503722
26503849
26505896
26506097
26512047
26513287
26515440
26522159
26528773
26538361
26539168
26540279
26543710
26545759
26548956
26553852
26554547
26554719
26555464
26555534
26558913
26559970
26562418
26572140
26574510
26577770
26579088
26588462
26590262
26598368
26602366
26606536
26611737
26614677
26614991
26615332
26627652
26629687
26644037
26644383
26644436
26656743
26665605
26665739
26668266
26668761
26674584
26684163
26687741
26702366
26706943
26707378
26712007
26717407
26717859
26718467
26721205
26723000
26724686
26728467
26733187
26735874
26735969
26744193
26748713
26755564
26755629
26767388
26773255
26781855
26784029
26792800
26793417
26801576
26806181
26807477
26811968
26812236
26813771
26814183
26817219
26817236
26820494
26824956
26825075
26828455
26828665
26828963
26829922
26833408
26842142
26845681
26849223
26849349
26850377
26851782
26853167
26855737
26862642
26864892
26865910
26878914
26881083
26885465
26885469
26892025
26896684
26897170
26900865
26902215
26904017
26904604
26904721
26920786
26921318
26927462
26929342
26930352
26930702
26933214
26934383
26939983
26940502
26944841
26944842
26947158
26950987
26950990
26952544
26956038
26970029
26970046
26970204
26972117
26972509
26973069
26980836
26981710
26987371
26988050
26992172
26997710
26999629
27000091
27000701
27001804
27004169
27009211
27013793
27019847
27021561
27029109
27029119
27029123
27038276
27041371
27042465
27060480
27065970
27070545
27073099
27077312
27104237
27107107
27107181
27117415
27118300
27129462
27143391
27148171
27148238
27150630
27152358
27154466
27160575
27162326
27162369
27168165
27173141
27174292
27180742
27183165
27185914
27190166
27191718
27192187
27192358
27193001
27198622
27208110
27210435
27213179
27215217
27216069
27216239
27219477
27222028
27224211
27227302
27228670
27228677
27231485
27231636
27232338
27234208
27242744
27242751
27247094
27253749
27255911
27261784
27267601
27268399
27274815
27283786
27297265
27297393
27302486
27303696
27303743
27305977
27315721
27324251
27325677
27328180
27333286
27345492
27358409
27364121
27371587
27380372
27384558
27407302
27407304
27416521
27418355
27427937
27428258
27430513
27431270
27435459
27436120
27438715
27442077
27444689
27445393
27448952
27452084
27452304
27453198
27457973
27463787
27470490
27474868
27479360
27479445
27480918
27481926
27481929
27487957
27492955
27507612
27510301
27529184
27537830
27549637
27550934
27555592
27555841
27561681
27562255
27562297
27565580
27567251
27571752
27573843
27578558
27578758
27584824
27586526
27599865
27604649
27605980
27607139
27608845
27610607
27617169
27623688
27625149
27637882
27638313
27638940
27639271
27645387
27646159
27650573
27664317
27665757
27668288
27670078
27677930
27698273
27706170
27709461
27716803
27726771
27729512
27744412
27744703
27747902
27754582
27756420
27757199
27765293
27766741
27769003
27770538
27773473
27780663
27786291
27789632
27789673
27790431
27795359
27795930
27799301
27800436
27803695
27803895
27813703
27818656
27836844
27837335
27842489
27842536
27843109
27845364
27847368
27849180
27849586
27858184
27864644
27871138
27871750
27888174
27888291
27892495
27900286
27902431
27903655
27916412
27917206
27921342
27923270
27923919
27934824
27940044
27957837
27959472
27959873
27959942
27965638
27991578
27991885
27992488
27992883
27999163
28000045
28007529
28007852
28024527
28027803
28031373
28035613
28035820
28036143
28043017
28053088
28053842
28056928
28056944
28057113
28062293
28066763
28067918
28076802
28083717
28086090
28087840
28096445
28098242
28103259
28115548
28119077
28123382
28129014
28129137
28138024
28146150
28151956
28152988
28159460
28165005
28165453
28165831
28169223
28171809
28179117
28191473
28192431
28196401
28196886
28196960
28199144
28210461
28215587
28215703
28216648
28219321
28221954
28228329
28232438
28235098
28239422
28242357
28246358
28264910
28264992
28270154
28270803
28278575
28283521
28293221
28298441
28300142
28302312
28318894
28319101
28319200
28324231
28327641
28331913
28332578
28334932
28336461
28338673
28348025
28352909
28358835
28363962
28373867
28373966
28382165
28389961
28392408
28406946
28412524
28420739
28425301
28427249
28432381
28436221
28436435
28438947
28441472
28443076
28448489
28461445
28464377
28478552
28480353
28481076
28484045
28493859
28496342
28500346
28505561
28507912
28512090
28514430
28516064
28520352
28533237
28535267
28539715
28542616
28544984
28546472
28552952
28555129
28569564
28574285
28575400
28577398
28579983
28580353
28586382
28594177
28594826
28597815
28600312
28604791
28605194
28605374
28607158
28607990
28622368
28622736
28625543
28625997
28631437
28640592
28642158
28642371
28642796
28646477
28646965
28647124
28651800
28652300
28653930
28662147
28674069
28674316
28677232
28683122
28686591
28690319
28696147
28698162
28698913
28700707
28701756
28703218
28707245
28712383
28712489
28713514
28716138
28719281
28720083
28722575
28742070
28743812
28747188
28749764
28752963
28758290
28759565
28762945
28769509
28774152
28775481
28780344
28786497
28792540
28795725
28797285
28801549
28808000
28820711
28820902
28827313
28830349
28835649
28842874
28851288
28851910
28857444
28860256
28864654
28869845
28870828
28882894
28883135
28886688
28888938
28894128
28894440
28898293
28904700
28906060
28910274
28917176
28917709
28919196
28923497
28923607
28925831
28926339
28926554
28930017
28947741
28951866
28952662
28955305
28955962
28956399
28956623
28957751
28959249
28961768
28961807
28961953
28970909
28991895
28992811
29011906
29012939
29013811
29014237
29014410
29016318
29018120
29018300
29020117
29021299
29028003
29033540
29038053
29038252
29039249
29043171
29043212
29045455
29053421
29054522
29056457
29058677
29063635
29065131
29075619
29076803
29082281
29084860
29085601
29090677
29091745
29091945
29093571
29095994
29099119
29101229
29103266
29111407
29111483
29123067
29123068
29126967
29133155
29133347
29134076
29138301
29145158
29146843
29149072
29152799
29155665
29155670
29155937
29157211
29159689
29163672
29167238
29167753
29170743
29178823
29178993
29180725
29183395
29191736
29193174
29205766
29214494
29218035
29218041
29222103
29231751
29234496
29236304
29238460
29250042
29255010
29255324
29259138
29262492
29268781
29273584
29274667
29279443
29281768
29290097
29290231
29291913
29293563
29295515
29304169
29306353
29306940
29307484
29307802
29311281
29312893
29313493
29315383
29315809
29316507
29317118
29320233
29326272
29334047
29334058
29337198
29347965
29350941
29355149
29360345
29366858
29369558
29372896
29374205
29375503
29376036
29377560
29377882
29379258
29398650
29403450
29404412
29407408
29408200
29417804
29422606
29428381
29431710
29432487
29446800
29446801
29446802
29446803
29446804
29446805
29446806
29448965
29453341
29454492
29457883
29458678
29462719
29463743
29469977
29473528
29475943
29478177
29483163
29486158
29488455
29496831
29505558
29510248
29510849
29515532
29517352
29519847
29531180
29534431
29536001
29538377
29539877
29545156
29547971
29548295
29550406
29555694
29555704
29563899
29565731
29571579
29574083
29581407
29581410
29584668
29596880
29608970
29610212
29610339
29616005
29616596
29620801
29621296
29621708
29624592
29625977
29630036
29633936
29634190
29649471
29654185
29655627
29657131
29659574
29659578
29659916
29661863
29664387
29665368
29666284
29667809
29668218
29681353
29681896
29684006
29688490
29702254
29706341
29718439
29719085
29722872
29726267
29728954
29731398
29733476
29733913
29735756
29735761
29735763
29739335
29740541
29741280
29741835
29743643
29747543
29752416
29754245
29757128
29758259
29760209
29768238
29769498
29771875
29771877
29775727
29783948
29785029
29785068
29790841
29791974
29794057
29795553
29797532
29803078
29803593
29806601
29808060
29813015
29847920
29849063
29852089
29856502
29857578
29857590
29864113
29867816
29870016
29874233
29875145
29888211
29891656
29891864
29899022
29899024
29899025
29903206
29903911
29904071
29906791
29910569
29912959
29914987
29915043
29915049
29916306
29917313
29927375
29928892
29930068
29931749
29934743
29939310
29942084
29943371
29948009
29949592
29956605
29961811
29967440
29969107
29969728
29971055
29981154
29987956
29991587
30000632
30002421
30006352
30007313
30011386
30013283
30019329
30021850
30023642
30044657
30044836
30047049
30047050
30047051
30047052
30047053
30047054
30047055
30047056
30047057
30047058
30047060
30047061
30047062
30047063
30048254
30048543
30052631
30058121
30059022
30060177
30060647
30061291
30064476
30070985
30083898
30084058
30084401
30102403
30103196
30110191
30112349
30116229
30120058
30123189
30123408
30131359
30135231
30143508
30150745
30157659
30160100
30161101
30167037
30171215
30181246
30184117
30184118
30202236
30204411
30206140
30209565
30211956
30214899
30217849
30218129
30218472
30219066
30224439
30244396
30246696
30248003
30249708
30249745
30250457
30251700
30268503
30271941
30272959
30275512
30308295
30309013
30315069
30315109
30351022
30352106
30365951
30368924
30376582
30384009
30386445
30389408
30393533
30395214
30403745
30410475
30420597
30444469
30446560
30446599
30446722
30447286
30449688
30463026
30464758
30473684
30478789
30479158
30487156
30488322
30500844
30502947
30503045
30506503
30509844
30512613
30522011
30524405
30528588
30530139
30533736
30533846
30533865
30538760
30540737
30541885
30552169
30554875
30557874
30559220
30559732
30561939
30574591
30576750
30578837
30580014
30582054
30582742
30586245
30586498
30597093
30601632
30602584
30602788
30606126
30610119
30615401
30615402
30617203
30622183
30627119
30629784
30630696
30635420
30636952
30641323
30643734
30649554
30663567
30665342
30683078
30687832
30689351
30689886
30695354
30695385
30695457
30695486
30695495
30695530
30695545
30695546
30696390
30696692
30711493
30711745
30712137
30715523
30716618
30717668
30718586
30720962
30727781
30734601
30739247
30741961
30742725
30745373
30753891
30755482
30760591
30763794
30772070
30782657
30782990
30787116
30787170
30796747
30804907
30804918
30807058
30810520
30826907
30833330
30834412
30837338
30845262
30848725
30850018
30853357
30858296
30858300
30858454
30859453
30861666
30863373
30866194
30867241
30867296
30870416
30873268
30873684
30887946
30888695
30889173
30894284
30905288
30909880
30918252
30921841
30921878
30921951
30925646
30934461
30934749
30943178
30946408
30949908
30950473
30951510
30953000
30955768
30959392
30959895
30963989
30966987
30971707
30981896
30983806
30986392
30988505
30991485
30997364
30998780
31002075
31002899
31003275
31003362
31006836
31009148
31015332
31018258
31021308
31029488
31031724
31036726
31040310
31049364
31057510
31063116
31069064
31069372
31072300
31073702
31076508
31076615
31082474
31083938
31100406
31100504
31106143
31113054
31113085
31114556
31121688
31121696
31121725
31124781
31126058
31130620
31137279
31137293
31143687
31145047
31145741
31150386
31156607
31156716
31158969
31159023
31159084
31164471
31165739
31167904
31168151
31168590
31178496
31179975
31182799
31182978
31186325
31188854
31189177
31192364
31195440
31195485
31195564
31197144
31202906
31202968
31205017
31205019
31205868
31206344
31207330
31207728
31207773
31209355
31211792
31214149
31214991
31215369
31225796
31231774
31235375
31239347
31249730
31263955
31265226
31266671
31266870
31272870
31272871
31275259
31276546
31279566
31279652
31282228
31285087
31285232
31286580
31288641
31289173
31293982
31300398
31301917
31306528
31313835
31322662
31325090
31331976
31332386
31333682
31338129
31341572
31345641
31350338
31356927
31360526
31367037
31369553
31371515
31372934
31395455
31396501
31397152
31404118
31405375
31405916
31406332
31407393
31420511
31422158
31424386
31427135
31427903
31430343
31432400
31434744
31437258
31439670
31439922
31451324
31454505
31470206
31471320
31475130
31478834
31494206
31498842
31499665
31501340
31510925
31521198
31523404
31525185
31533127
31536698
31541778
31543492
31550988
31551990
31555253
31555855
31563325
31565184
31570868
31574121
31578759
31578858
31593544
31593902
31598993
31599254
31600207
31600502
31603702
31604186
31605981
31606206
31608267
31609521
31626631
31628950
31635115
31647518
31649922
31652058
31655628
31658256
31659021
31659297
31660280
31664493
31664927
31664972
31666256
31667508
31673047
31689379
31689544
31699135
31710602
31712121
31712283
31724880
31733928
31736941
31739124
31743334
31756977
31757758
31762145
31763556
31765785
31767877
31769402
31770631
31771223
31771974
31773555
31773580
31776240
31780231
31781080
31787954
31790740
31796158
31796544
31812649
31815195
31819871
31824455
31824470
31825257
31825986
31835029
31841567
31846743
31848285
31849912
31853065
31855545
31859750
31859761
31860435
31862138
31862141
31864001
31866010
31866967
31868254
31869327
31871033
31871096
31871097
31874341
31883807
31891368
31897362
31898254
31898428
31901519
31904450
31914164
31921074
31922544
31928299
31932441
31933518
31937566
31941909
31954270
31956707
31958052
31961790
31963423
31964715
31967084
31968229
31970854
31977129
31990915
31992591
31995751
31996706
31999364
31999626
32009457
32029764
32038597
32038640
32042128
32045711
32047137
32053783
32059031
32059660
32069325
32071243
32094260
32094588
32097736
32100707
32114705
32115541
32117142
32126231
32127455
32133757
32139572
32141496
32149220
32154230
32157346
32158991
32175783
32176695
32176708
32179576
32183745
32187137
32187936
32193348
32193350
32207400
32213253
32214098
32219088
32220836
32222116
32226855
32229557
32236098
32237026
32247784
32251547
32255856
32262804
32263264
32278144
32283260
32284367
32310947
32314570
32316585
32319181
32319946
32324089
32329714
32337781
32341341
32342306
32344510
32347610
32348759
32349767
32350213
32351470
32355001
32362889
32365482
32393643
32396824
32408383
32409576
32417228
32417424
32422352
32425907
32431681
32442652
32450807
32452117
32458788
32462045
32470696
32484353
32499849
32505345
32514182
32522950
32527924
32533695
32540930
32540931
32542975
32552414
32553162
32558275
32560807
32562811
32571124
32582358
32586863
32589220
32589664
32589955
32590971
32592280
32592580
32599022
32610345
32611794
32614915
32616928
32617446
32625182
32631492
32631948
32635946
32636337
32640584
32649692
32651201
32655699
32661076
32663235
32672823
32679070
32681820
32686304
32690607
32690633
32691457
32697966
32705543
32710864
32712557
32717968
32719134
32719207
32723922
32733427
32737883
32743000
32744240
32745526
32763930
32765001
32765430
32773997
32776919
32777352
32781601
32786292
32790793
32795243
32796134
32797205
32801574
32807755
32812898
32816086
32819573
32826344
32831039
32833676
32836088
32841296
32848007
32849982
32860313
32863351
32866145
32868403
32869741
32873641
32873761
32873763
32874595
32876069
32877398
32881972
32885535
32890563
32900828
32900868
32916241
32930410
32935217
32942223
32944045
32957572
32958839
32963008
32966693
32973706
32982995
32987116
32990431
32990553
32994896
32994897
32998953
32999185
33001525
33004800
33008879
33010360
33016695
33022266
33025904
33033237
33033258
33035310
33036564
33040816
33042146
33047673
33051375
33053678
33059058
33065385
33066373
33072618
33074088
33082446
33087444
33089544
33097267
33101360
33101566
33102256
33106317
33106492
33117311
33119597
33123494
33134741
33139137
33139575
33142751
33146031
33147077
33148338
33148717
33150553
33150864
33150981
33152620
33153751
33156741
33162948
33172314
33172996
33174898
33177216
33184162
33187995
33193241
33194819
33194821
33203761
33208517
33214840
33214843
33219258
33220341
33230293
33234606
33234688
33240240
33241067
33244479
33247102
33261037
33264464
33278375
33283084
33288715
33288753
33292099
33298574
33301968
33316271
33324800
33325748
33328352
33328371
33330989
33332258
33333823
33339261
33344836
33345203
33350910
33350917
33354982
33355111
33359433
33360541
33362241
33368680
33372204
33372380
33374361
33375968
33377094
33377096
33397700
33403840
33404933
33408174
33410001
33410933
33411925
33414898
33416465
33443205
33448654
33450547
33453344
33453495
33463026
33468594
33472446
33476373
33477474
33478998
33482361
33485793
33489949
33490291
33492170
33502310
33525814
33527987
33531387
33536444
33536668
33541292
33544959
33553418
33558237
33569748
33576015
33578186
33578663
33579060
33582501
33588990
33596471
33600151
33600188
33620462
33622723
33629658
33646977
33647514
33649152
33659431
33660421
33664147
33680355
33681340
33685895
33712424
33718286
33720402
33727356
33735319
33736648
33741484
33753465
33753586
33753589
33753590
33753592
33753593
33756393
33762022
33789398
33791092
33797544
33804835
33809945
33812724
33815311
33823541
33824203
33824212
33824912
33826904
33830907
33836064
33844507
33845047
33850688
33856344
33858076
33866238
33872211
33875544
33879588
33892013
33895137
33895551
33899753
33906747
33910997
33913531
33918855
33925118
33925877
33928120
33930421
33930770
33932367
33941578
33947893
33965751
33966631
33968805
33972433
33973453
33976372
33990308
34001988
34006192
34012979
34014927
34022352
34023444
34030094
34031037
34048565
34061623
34066017
34076466
34080905
34081341
34089838
34091863
34091964
34096499
34097462
34100695
34106768
34107018
34107298
34122386
34122666
34126945
34128784
34129602
34132593
34134498
34136552
34136728
34137176
34143732
34149632
34150249
34151162
34152300
34153031
34158674
34160447
34161288
34162914
34180341
34183815
34194844
34196617
34201310
34212032
34212857
34214115
34216130
34218080
34220107
34224663
34228490
34228499
34228715
34232076
34232860
34237020
34242727
34242991
34249004
34260307
34276582
34281388
34283568
34283874
34286010
34286588
34287011
34305846
34310890
34314595
34326207
34330824
34330925
34339299
34339419
34341412
34346702
34347522
34348444
34362438
34365192
34365294
34379161
34390611
34412489
34413890
34415193
34415925
34421835
34424915
34427503
34427512
34436566
34436587
34442637
34449728
34453062
34453539
34453544
34468051
34473699
34475453
34478460
34478496
34487759
34488449
34489915
34490971
34506946
34528689
34531958
34532345
34534487
34539611
34543105
34543121
34558498
34561441
34566903
34586051
34586052
34591885
34592052
34597302
34599171
34602024
34612526
34617964
34621930
34623898
34626300
34632833
34633491
34633869
34638525
34639500
34643224
34643717
34649847
34651572
34654895
34656597
34664814
34665117
34668341
34668561
34669693
34670655
34670657
34673980
34675415
34683448
34687662
34695646
34714228
34714447
34716040
34722376
34724597
34732259
34737110
34737727
34738888
34745063
34749532
34753930
34760355
34768193
34769085
34770925
34772986
34774564
34775892
34780462
34788017
34788627
34789573
34789754
34791351
34793252
34793441
34796126
34799450
34803974
34806784
34809464
34809609
34817317
34825308
34829444
34831448
34842841
34847728
34848326
34852023
34859544
34866598
34866983
34867055
34867883
34870749
34872749
34874769
34874908
34877500
34888255
34900155
34908143
34923959
34936880
34937180
34946219
34960228
34960610
34961207
34961483
34972864
34978144
34978719
34979838
34983312
34994295
35012344
35014397
35017666
35020734
35021992
35030034
35032924
35066583
35068568
35072520
35073258
35073606
35074425
35089399
35112905
35113781
35124128
35130995
35131030
35135874
35137487
35139743
35140698
35147210
35152903
35153212
35164562
35170309
35171023
35183630
35200417
35202520
35208951
35215308
35217408
35220071
35220137
35236411
35251470
35254905
35262466
35286518
35302986
35315699
35318072
35324722
35333909
35335687
35337841
35337913
35343438
35344548
35351008
35353296
35354946
35368520
35379438
35383540
35384706
35388218
35389261
35390166
35397865
35411099
35422793
35424088
35429638
35433084
35433512
35435721
35438174
35438787
35451794
35453268
35457298
35468830
35483107
35499339
35500027
35504999
35506694
35521830
35526849
35529835
35531216
35532354
35537855
35548583
35551191
35551522
35567650
35568982
35573801
35576764
35577916
35586521
35589581
35604123
35608654
35619028
35624820
35627261
35635780
35656199
35657090
35659898
35664858
35671532
35676416
35679825
35685393
35693465
35697926
35705115
35714156
35722322
35726607
35737135
35739618
35742404
35744773
35748957
35752362
35757682
35759873
35762749
35764446
35771939
35782143
35787619
35790112
35790122
35790755
35796835
35801116
35809748
35812345
35814690
35817890
35845827
35859219
35862704
35872323
35880876
35880882
35882843
35891740
35901269
35902989
35914337
35915480
35916229
35929370
35929826
35930328
35940129
35960895
35960903
35963648
35969071
35983997
35987769
36000378
36000870
36014986
36026491
36029963
36051762
36055404
36061315
36072570
36079620
36081796
36087684
36090081
36097213
36102515
36125006
36130487
36136760
36139109
36139220
36142546
36154360
36167071
36170146
36170198
36173766
36194176
36200147
36202242
36209065
36212018
36216164
36220828
36229546
36240278
36259649
36270233
36285907
36286520
36287918
36288405
36292695
36306729
36308492
36312941
36317425
36332871
36333944
36342139
36343262
36347445
36358189
36362959
36365050
36366993
36367311
36369865
36376441
36385554
36386632
36404338
36408539
36409136
36417331
36417332
36417932
36417939
36439761
36441723
36446527
36447970
36448817
36459183
36469767
36473840
36474386
36475804
36482060
36483202
36498316
36504455
36507673
36511656
36519445
36528063
36530486
36533913
36537825
36542674
36546869
36547726
36548227
36551345
36553491
36558851
36560571
36570392
36573348
36573678
36573719
36576310
36576807
36613986
36618409
36619987
36619988
36621299
36625646
36634024
36639850
36662232
36670071
36677486
36679943
36685953
36688638
36688763
36690664
36692077
36692091
36692305
36699600
36703590
36703962
36709867
36717140
36717410
36730197
36732857
36736026
36739058
36745674
36746024
36748512
36748569
36751685
36751742
36755108
36762863
36766304
36779243
36786209
36792868
36792869
36792870
36792871
36792874
36792875
36792877
36792878
36792882
36792883
36794951
36795928
36804851
36812260
36815436
36819035
36830326
36831943
36832206
36840595
36841487
36846968
36854443
36855429
36859426
36859771
36861972
36865607
36868794
36877586
36882734
36907197
36913372
36916565
36916917
36916969
36924912
36927368
36927394
36928244
36929450
36929893
36931735
36935099
36962590
36962896
36963555
36972246
36978422
36985206
36987873
36990341
36991312
37001687
37022166
37040409
37043377
37044164
37046358
37055389
37065125
37066636
37072680
37073528
37074192
37076586
37077245
37078593
37084337
37089576
37091815
37094126
37094681
37095149
37100570
37101657
37108435
37117016
37124777
37125926
37134007
37139878
37140034
37146742
37172034
37179486
37191528
37195186
37195209
37199626
37215733
37215826
37216386
37223353
37223640
37223736
37237475
37241619
37243669
37246652
37255423
37256112
37277103
37283925
37294058
37295405
37324923
37343290
37348112
37352549
37355673
37362935
37365341
37366981
37368739
37370365
37378569
37383250
37402215
37404138
37406691
37410076
37419073
37428913
37429798
37441523
37464758
37468731
37469426
37487168
37520347
37523954
37526354
37530997
37539115
37567478
37574072
37574314
37580033
37594274
37599915
37601441
37603587
37610182
37616193
37623317
37624264
37630590
37631982
37633922
37639428
37642466
37646517
37650403
37663624
37668010
37680823
37686329
37699782
37708235
37710014
37717062
37717449
37717547
37729203
37735743
37742113
37747071
37759348
37768326
37770173
37770747
37771230
37781379
37783453
37794044
37800954
37804981
37811987
37819129
37821025
37850460
37860134
37861314
37866633
37871571
37882527
37882540
37883451
37887115
37889006
37889007
37891478
37898401
37899970
37908075
37908129
37915564
37915580
37918872
37919800
37920000
37921679
37925157
37932063
37934002
37938225
37948182
37954246
37958637
37962395
37963502
37966233
37976963
37977515
37991223
37996461
38000366
38000510
38004762
38007009
38011558
38017151
38025790
38030087
38041628
38053530
38070498
38070547
38075873
38076719
38078337
38085703
38095366
38095490
38112429
38129922
38130237
38144913
38148362
38157857
38162836
38171003
38172623
38177335
38180462
38181072
38185395
38198674
38205176
38206049
38206122
38214222
38215547
38245627
38254012
38257894
38263228
38277405
38277776
38288593
38289918
38293403
38300630
38323722
38338504
38340318
38345380
38349173
38352175
38358276
38359344
38360573
38366392
38375901
38378884
38387848
38391226
38399800
38403962
38405090
38426052
38435022
38441045
38443393
38443690
38446009
38449342
38461219
38471818
38488929
38492831
38498053
38511867
38515294
38518953
38543543
38543787
38549076
38559768
38564611
38570545
38578806
38579327
38579715
38593061
38593463
38598601
38600130
38609487
38614631
38622093
38622483
38623280
38630076
38635349
38642319
38648812
38669570
38674635
38674762
38675772
38675826
38682070
38687069
38687808
38704888
38704889
38710117
38712952
38723602
38723876
38735644
38740055
38742091
38749426
38752543
38756731
38759293
38760271
38765293
38773948
38775491
38779707
38787036
38792707
38792751
38818200
38826458
38831174
38831578
38834027
38838459
38841342
38855763
38868203
38869748
38870273
38881391
38902619
38916318
38920383
38925382
38935460
38938609
38943722
38948825
38948830
38955304
38958446
38967463
38971360
38975892
38977786
38990002
38997643
39002129
39005411
39006003
39011533
39017876
39023531
39024393
39028535
39043451
39045511
39050512
39052912
39057915
39060226
39061286
39071379
39071398
39071417
39079033
39085652
39085873
39090427
39092469
39110120
39113212
39128725
39133004
39136457
39137586
39138238
39149900
39163285
39187456
39206954
39208189
39212061
39219657
39220706
39222816
39222998
39223499
39224640
39226336
39229784
39230524
39235832
39239731
39242067
39252550
39257796
39259213
39260372
39282359
39287445
39288109
39291731
39292012
39296070
39303689
39309771
39311857
39313510
39314748
39330838
39330913
39343919
39344164
39345538
39353924
39365770
39368563
39372729
39373785
39376940
39377576
39382298
39382321
39385642
39386452
39386473
39386630
39399201
39404463
39405459
39412871
39412929
39413666
39414933
39416734
39421563
39421862
39429281
39432681
39433653
39433986
39440733
39441631
39447207
39457374
39458246
39458410
39471801
39476502
39484419
39494449
39499633
39503815
39510635
39527521
39528737
39534287
39543102
39547634
39549339
39554810
39555915
39556531
39559243
39560042
39565647
39567665
39574629
39574654
39574722
39576112
39580575
39585926
39595604
39599855
39603490
39603837
39605465
39605520
39605525
39610277
39611848
