58980
105153
106870
118145
120873
130981
156076
181658
204323
234911
234915
236983
237834
237835
239255
267668
307538
320819
323486
328528
388944
392123
411926
484770
521490
618716
638920
645856
671743
688073
809944
833449
941605
952731
983583
1023146
1098394
1176044
1176356
1190592
1193733
1193736
1291846
1296530
1297917
1300925
1301662
1305858
1338744
1356911
1369194
1370846
1374833
1398969
1400988
1417312
1419118
1452350
1455960
1481610
1496878
1509840
1512876
1515487
1524210
1526645
1541555
1541823
1612751
1620153
1641946
1653509
1671003
1674737
1681715
1688874
1692676
1694206
1695207
1702745
1729199
1730186
1745260
1745261
1745270
1745271
1745272
1769021
1778744
1800375
1805689
1864276
1872101
1879918
1879938
1879943
1882602
1882612
1885735
1891728
1897063
1909711
1944326
1950288
1955701
1966755
1983455
2013502
2097847
2101478
2179844
2185419
2201152
2227710
2229367
2264748
2320968
2336321
2338733
2376012
2377086
2432744
2452535
2474506
2475738
2478486
2481633
2490401
2498098
2516219
2517160
2517513
2596200
2610533
2622330
2630032
2660474
2660477
2665002
2671019
2728707
2737756
2745701
2836636
2900904
2941945
2958150
3025707
3029442
3110207
3143203
3158139
3176784
3229097
3237052
3257461
3280838
3280839
3296576
3356465
3356786
3397185
3494744
3507552
3522344
3551821
3582597
3699624
3702338
3710592
3751405
3753568
3760138
3772171
3796231
3813743
3842118
3850862
3875562
3875626
3878364
3892222
3901628
3920844
3962541
3965776
3975716
3998104
4017402
4031036
4057512
4066925
4082752
4099755
4129476
4163639
4192178
4204021
4215444
4229465
4471744
4503972
4548386
4564560
4570449
4624012
4627016
4629251
4886856
4894492
4922256
4949502
4961829
4966546
5018219
5051095
5099097
5219716
5547987
5617969
5629468
5745533
5814146
5917335
5934176
5991179
6153169
6153660
6203835
6220538
6225274
6240873
6241403
6273600
6319290
6320357
6327984
6358566
6381031
6393050
6396330
6418758
6429355
6449122
6464571
6606391
6612398
6613417
6631062
6659760
6667429
6711197
6741361
6768954
6780964
6823614
6832815
6878028
6881689
6886487
6982628
6993191
7006062
7011971
7036590
7043979
7046398
7046896
7077093
7093820
7095859
7113529
7142690
7146829
7153327
7190590
7216416
7228389
7269912
7315867
7331604
7331615
7332454
7333669
7352712
7354127
7438552
7439978
7496953
7510445
7520654
7520655
7537721
7550729
7583930
7583933
7590305
7631511
7653140
7653143
7676942
7686137
7697521
7748535
7764815
7806352
7813885
7822019
7850217
7856346
7890413
7903283
7930725
7933295
7941852
7941862
7941871
7948556
7960142
7975855
7992539
8005668
8014484
8027551
8039881
8042659
8059577
8061654
8067085
8067125
8110955
8123561
8150973
8184621
8251580
8258864
8274686
8295562
8298431
8348625
8349780
8384458
8405941
8417022
8421889
8423095
8426087
8432603
8446062
8480962
8485771
8496644
8510568
8514339
8525740
8549717
8578807
8615448
8631917
8667375
8675305
8701638
8701641
8701651
8704976
8711161
8724399
8757866
8789061
8793882
8817615
8818897
8820667
8827690
8861025
8861027
8861030
8861031
8861032
8861033
8861034
8861035
8861036
8861037
8861038
8861039
8861040
8887334
8943413
8958253
9027167
9027690
9037042
9097380
9103072
9114378
9120284
9125567
9161408
9169749
9172861
9174185
9204289
9232429
9245133
9252574
9264796
9289276
9295886
9314451
9327557
9327558
9391956
9426784
9439120
9457420
9524862
9573096
9598777
9632626
9646473
9700870
9705439
9706572
9748768
9826369
9928875
9929997
9929998
9973506
9989380
10048175
10085019
10328679
10356737
10432958
10439512
10455349
10458054
10484829
10531213
10531260
10585830
10589911
10592644
10596102
10614080
10618057
10618283
10619747
10664887
10671352
10678963
10698989
10709458
10709464
10709466
10719202
10722593
10730862
10808564
10813490
10819342
10834954
10851991
10876882
10879600
10904804
10914146
10933655
10945451
10945456
10947217
10975073
11011763
11060087
11083651
11085448
11096763
11119506
11160805
11220974
11228320
11233852
11257996
11386933
11387843
11402018
11440227
11467089
11483272
11485678
11526142
11526148
11576297
11591134
11594130
11681204
11693973
11728719
11757506
11774197
11788995
11855943
11860302
11866851
11895957
11900351
11939340
11982309
12009202
12037110
12043166
12061195
12069013
12086077
12124931
12133969
12149360
12154521
12170560
12197873
12197876
12297391
12364373
12369513
12393200
12410824
12422587
12450827
12473106
12498211
12514047
12517824
12528455
12542469
12574268
12574964
12605730
12608453
12615222
12620383
12628554
12630366
12643831
12648943
12650771
12659297
12659739
12718181
12728676
12732472
12735158
12741082
12770718
12791928
12831369
12843022
12869541
12874344
12874367
12885873
12894685
12901846
12909664
12910777
12922099
12928407
12967744
12972577
14127585
14482893
14500514
14505277
14510181
14514156
14554016
14568408
14640945
14662930
14680699
14688569
14709391
14733269
14758833
14974853
15001997
15004863
15010524
15011979
15046952
15053367
15084508
15102818
15109407
15109417
15120157
15132239
15141973
15149767
15150328
15155622
15164717
15176947
15184180
15185926
15188553
15188557
15193398
15207172
15207312
15213156
15268932
15274779
15287379
15305697
15312850
15317786
15322031
15339914
15358816
15375123
15378745
15458779
15458781
15460318
15488667
15495931
15508783
15519043
15524088
15528561
15528681
15539498
15550942
15557642
15561819
15574954
15583330
15585501
15608763
15608764
15614696
15626487
15638842
15640799
15650081
15650093
15663872
15668033
15677845
15686852
15729218
15745053
15752834
15758077
15780452
15784575
15788155
15820149
15827211
15845234
15845466
15847798
15861359
15869961
15878815
15881932
15892173
15900842
15901721
15919131
15922718
15925273
15928980
15931499
15935744
15937965
15953028
15953029
15954469
15954721
15964202
15998735
16027239
16028504
16028881
16050523
16100754
16113308
16143497
16146218
16151142
16207953
16208017
16212441
16219088
16223941
16230474
16237218
16239121
16257097
16257504
16269811
16272336
16297292
16299332
16308216
16356719
16373510
16386645
16391330
16398191
16407890
16423364
16448801
16456169
16467300
16476789
16478092
16485467
16495634
16498895
16503121
16506347
16511256
16513388
16517634
16525197
16532645
16550191
16552035
16553886
16574669
16619065
16621457
16622218
16622830
16669925
16696701
16704343
16707060
16707067
16707671
16709849
16714555
16714598
16729688
16730660
16759227
16781667
16790773
16790797
16816147
16816208
16826236
16830584
16836829
16841206
16842053
16848641
16849722
16857732
16859106
16861631
16879747
16882038
16885459
16893624
16895974
16899453
16908516
16908853
16912944
16914176
16923916
16926401
16926403
16936340
16941875
16958857
16980500
16982824
16983090
16987180
16996713
17000723
17000726
17000729
17011748
17030571
17068088
17074846
17074911
17081064
17088343
17114266
17114771
17121981
17128982
17132831
17160676
17178484
17178781
17202364
17210667
17215359
17227466
17233889
17241671
17241711
17242058
17249186
17263332
17277110
17291638
17294160
17296747
17296751
17306050
17309636
17314427
17316369
17338507
17339345
17340995
17346863
17347390
17348288
17349694
17360489
17369012
17372002
17372012
17378900
17389372
17395724
17395725
17395726
17395728
17395730
17395735
17395737
17400503
17406676
17416926
17420240
17427705
17428930
17435117
17435118
17435120
17435122
17445320
17446084
17451358
17452468
17452523
17459476
17467189
17468229
17474518
17482385
17491074
17499936
17502386
17517064
17517865
17523430
17533643
17538893
17547223
17550600
17561666
17571921
17575919
17577830
17579074
17579300
17582573
17593976
17600922
17628200
17634278
17644593
17646338
17658781
17662071
17672125
17680765
17682043
17724076
17764754
17768257
17785474
17850485
17875369
17878068
17890329
17893160
17895988
17904793
17905833
17933252
17933263
17960662
17965094
17978237
17983789
17987355
18006572
18019340
18021237
18022413
18024317
18024683
18025095
18025217
18032834
18062180
18079113
18087734
18173084
18179581
18208325
18217558
18227174
18245238
18248629
18266468
18275811
18284578
18287753
18295889
18304778
18307525
18308432
18310413
18321237
18321578
18344342
18370109
18370996
18380474
18380605
18390465
18390739
18390995
18391003
18392279
18400010
18402679
18407970
18411294
18411318
18426871
18426883
18427567
18430786
18444562
18450226
18452706
18453609
18458069
18462387
18469101
18474647
18490464
18490759
18491968
18503176
18505805
18510341
18514317
18523292
18524531
18539500
18539739
18551370
18554395
18557897
18558401
18559431
18573901
18575611
18591675
18592144
18593295
18599841
18599860
18611038
18613792
18614668
18619818
18628490
18628887
18629413
18644878
18650358
18666584
18680519
18687205
18692537
18698339
18708593
18716452
18755386
18765722
18768873
18769490
18789156
18798995
18808726
18809544
18810348
18811234
18819401
18832715
18835994
18837786
18842136
18844996
18852245
18852251
18923830
18927608
18929413
18930100
18945184
18950590
18954971
18955478
18968943
18981246
18981253
18992838
19005569
19014635
19015321
19018964
19022323
19023422
19029814
19044262
19046524
19049648
19058636
19067747
19068128
19071403
19074656
19074661
19076843
19095065
19120459
19126421
19130491
19146715
19158962
19166326
19166327
19176692
19190224
19191977
19196760
19201795
19203408
19204089
19204287
19205479
19206187
19211773
19212707
19220402
19223477
19232853
19233475
19237526
19237528
19245342
19247435
19250281
19250590
19251656
19251856
19255471
19276059
19332817
19333186
19335549
19342669
19346432
19349423
19351090
19364939
19368784
19369949
19372153
19372155
19388904
19398003
19398640
19407096
19409509
19413369
19415661
19419798
19423631
19424499
19426268
19443547
19459486
19462919
19478886
19480580
19490832
19490961
19502406
19506014
19515205
19520198
19521508
19524059
19535009
19538114
19538455
19538509
19551605
19556569
19558687
19567246
19569471
19584516
19587798
19609248
19610325
19615403
19616492
19625016
19627585
19635830
19651173
19651867
19659427
19664305
19669828
19684141
19685089
19686629
19703975
19703976
19709538
19711573
19713053
19734171
19749055
19752236
19756146
19756149
19762448
19763680
19781659
19783615
19796400
19799467
19799845
19801257
19811540
19811647
19818182
19820161
19821974
19825409
19826763
19826916
19833196
19835784
19836403
19837286
19841074
19853481
19858304
19863250
19863554
19863999
19876386
19879904
19889726
19895698
19917753
19923904
19925880
19926654
19932069
19936231
19936232
19946137
19948864
19956071
19961668
19961673
19961699
19998007
20003180
20005265
20006480
20011597
20016043
20018266
20023027
20027169
20027221
20028804
20028980
20034843
20041145
20043398
20046031
20052432
20054881
20063802
20070509
20073421
20082697
20100564
20113177
20113553
20122335
20123717
20123721
20126460
20132255
20137470
20140244
20170494
20170768
20171544
20175567
20176744
20181102
20181907
20184753
20190973
20213378
20220165
20224751
20226053
20228110
20231408
20348422
20351692
20351693
20351694
20353304
20368994
20376351
20383480
20385757
20385761
20393138
20401524
20401834
20401835
20409613
20419133
20439975
20445258
20457908
20466857
20479082
20482589
20482590
20490635
20490763
20491583
20496596
20522628
20543103
20552012
20553108
20558585
20558723
20563231
20575645
20585390
20585449
20587156
20600796
20605777
20610796
20613713
20618133
20618341
20620161
20624965
20625157
20625403
20626289
20643859
20651039
20654658
20657845
20662782
20678093
20679532
20686600
20688042
20688749
20695271
20695280
20696823
20709464
20711500
20729315
20731870
20796283
20801884
20810833
20825435
20837574
20845911
20846016
20861832
20865530
20868645
20885922
20921148
20921527
20923306
20951861
20966287
20967278
20972648
21042033
21045289
21063979
21067590
21070859
21073144
21078861
21091448
21098227
21110016
21115714
21127743
21136042
21136602
21138299
21139203
21142970
21143837
21152024
21152407
21158500
21167882
21182191
21189323
21189486
21191064
21193666
21206916
21214540
21214606
21232117
21236668
21245269
21245469
21252445
21277990
21282410
21286087
21313823
21327124
21341159
21341160
21341161
21385413
21398073
21413268
21418587
21420447
21422184
21440052
21442618
21462168
21464086
21466282
21467996
21472520
21473100
21476047
21483828
21491457
21501382
21505237
21511271
21526941
21529386
21531796
21542868
21544194
21546201
21565523
21568771
21569124
21586267
21601022
21605655
21607086
21611870
21612529
21612530
21613430
21623848
21628658
21632711
21637805
21644066
21661327
21666011
21669537
21670171
21682874
21686123
21687406
21687410
21687418
21687421
21687425
21687747
21687753
21687763
21687770
21687776
21687801
21687803
21687806
21690239
21694781
21700740
21709054
21709631
21747796
21747799
21750122
21753150
21767345
21784318
21789257
21799828
21803089
21803910
21803994
21804002
21813776
21816392
21819572
21824365
21824374
21824376
21831551
21833327
21845949
21846829
21852349
21853659
21856791
21871799
21872603
21873113
21884176
21902795
21915295
21919365
21930232
21930705
21930762
21931773
21931798
21932541
21967285
21969334
21975180
21980115
21999548
22002987
22005344
22027840
22032579
22066999
22072975
22083489
22090307
22091710
22098466
22099502
22123065
22155623
22158740
22161752
22163782
22167214
22179251
22184418
22184939
22202123
22217180
22257032
22264342
22267515
22272458
22275868
22278325
22289499
22305204
22337979
22355343
22355407
22355707
22357630
22359626
22361235
22370220
22371172
22382819
22384012
22401576
22412866
22412915
22421134
22421135
22428026
22438809
22445929
22450977
22452727
22484348
22486311
22488053
22491058
22493083
22493124
22508856
22512320
22514651
22518151
22518861
22526678
22529298
22530023
22535949
22540014
22555457
22560472
22563500
22571636
22588497
22615981
22628499
22639311
22642319
22652404
22654100
22661710
22662210
22663564
22674915
22688817
22688822
22690123
22692740
22722745
22725260
22734295
22734313
22747335
22752903
22763567
22768173
22770772
22773070
22776056
22783145
22795971
22800496
22804921
22816270
22820330
22830063
22835441
22841607
22848684
22850512
22859584
22863802
22867268
22888138
22899777
22905031
22919586
22919664
22920915
22923614
22925024
22931809
22966934
22977649
22984769
22986450
22988021
22993755
23009728
23023217
23028924
23037919
23043786
23045475
23065699
23075445
23087911
23107058
23114700
23115038
23118885
23121644
23133361
23141103
23144254
23167710
23176698
23185631
23201853
23208274
23209222
23209745
23211027
23211929
23230288
23230707
23243306
23247654
23249114
23253075
23275090
23279070
23283640
23322778
23333731
23345286
23349802
23349900
23356941
23357387
23359218
23372736
23378429
23390918
23403609
23404403
23405342
23415475
23418519
23421886
23421891
23430251
23439306
23440500
23447635
23448564
23457625
23473220
23500517
23517149
23520492
23523968
23529615
23529616
23529623
23535274
23545572
23549511
23554897
23559358
23564177
23577127
23582425
23593930
23596588
23613871
23623254
23628693
23630667
23647853
23669032
23674461
23690939
23697804
23704901
23707360
23712689
23716605
23716606
23729477
23735285
23745121
23763361
23764535
23774604
23796927
23813821
23815100
23817430
23821549
23836815
23840797
23844703
23852642
23857584
23880085
23898209
23901583
23903543
23903544
23912874
23916469
23920326
23921460
23922243
23925884
23959031
23959721
23963236
23966861
23970565
23971883
23971929
23975862
23986442
24007881
24014665
24040090
24057273
24076169
24078889
24116108
24130966
24133657
24134488
24145011
24147813
24151583
24152503
24155975
24162084
24171690
24191415
24215700
24219801
24228959
24236032
24239221
24270145
24270148
24280916
24286610
24292038
24307666
24312679
24324751
24324933
24330941
24334283
24343645
24347283
24351753
24351755
24358292
24359418
24362106
24364141
24364512
24367766
24374051
24382336
24397487
24398387
24399669
24400128
24409419
24421047
24421806
24427743
24449562
24452684
24453125
24454817
24473660
24478415
24480622
24501637
24502661
24505427
24506723
24506724
24510200
24513705
24519779
24531488
24557750
24558472
24572607
24575824
24576218
24579066
24593131
24595710
24600590
24614652
24614653
24616435
24619262
24619527
24637682
24639953
24655540
24659144
24660164
24664176
24671937
24672776
24686053
24689989
24695402
24713322
24730142
24730213
24738287
24747573
24750848
24755401
24757837
24778115
24781911
24783062
24796635
24817365
24819259
24828279
24837506
24853542
24856508
24866789
24874046
24878840
24885274
24893695
24902499
24911857
24935978
24937079
24942898
24944231
24959833
24961323
24963721
24968190
24975935
24995163
25007508
25050972
25052107
25068496
25070738
25072987
25076398
25080140
25092026
25097081
25100640
25101094
25108781
25115488
25143191
25150161
25152813
25156581
25170518
25171003
25172272
25172278
25191316
25191647
25194798
25200086
25200734
25205198
25207161
25208535
25215633
25231992
25238067
25244672
25245806
25250027
25257164
25258544
25266682
25271640
25284816
25291764
25295729
25296161
25312957
25313604
25317383
25318562
25333059
25340543
25356890
25362054
25373479
25389518
25391005
25393063
25401326
25402174
25410207
25424732
25442329
25457302
25494920
25528909
25528917
25529639
25531286
25531919
25536105
25551578
25566509
25572738
25598285
25609657
25617059
25666656
25677657
25700042
25700401
25705612
25727796
25737087
25755189
25755190
25756756
25761411
25766142
25768794
25769821
25773439
25774715
25774716
25802058
25816922
25830507
25842947
25842950
25847026
25856198
25896829
25897100
25897786
25918839
25931589
25941556
25951937
25957291
25961064
25973794
25984770
25985721
25986219
25987704
25990357
25999917
26004443
26004621
26010977
26029367
26034213
26043838
26055233
26057442
26062561
26068662
26072512
26098553
26114641
26121137
26121147
26134933
26137499
26161475
26161724
26182660
26189939
26192619
26210091
26216222
26231649
26239909
26244842
26253078
26272574
26312374
26314404
26333034
26336102
26358917
26379269
26380880
26394283
26400883
26403111
26414429
26422407
26435204
26438077
26441860
26450927
26462853
26463160
26474413
26503658
26510639
26520052
26536232
26538431
26551418
26566788
26567837
26576185
26579112
26582818
26583383
26584074
26608358
26612988
26621335
26632662
26633893
26644475
26656673
26658853
26665740
26666582
26668753
26673248
26679594
26679996
26711522
26714771
26738841
26739172
26741324
26747442
26762760
26773181
26779445
26787696
26788019
26799474
26802627
26810039
26815358
26818694
26824958
26833009
26850402
26851418
26853540
26858709
26885419
26886069
26902724
26906922
26908053
26918301
26919282
26933097
26935205
26938551
26943995
26953190
26965856
26967133
26980837
27010448
27015566
27020530
27021349
27028889
27029112
27029588
27090889
27098957
27100824
27150591
27156814
27169554
27174456
27175505
27175638
27177502
27182819
27185209
27187871
27192816
27194547
27199935
27200274
27205902
27231145
27234215
27235883
27237545
27238938
27242974
27246117
27255102
27259517
27259691
27274048
27280174
27291825
27315342
27318438
27326857
27334667
27335619
27353580
27356883
27365531
27367325
27419157
27432517
27435644
27448164
27448494
27460813
27475899
27477000
27477510
27478485
27482880
27496749
27506111
27507264
27511510
27511964
27513341
27520284
27525215
27527221
27537327
27543611
27554051
27558340
27560917
27564142
27577555
27585457
27602570
27609050
27620887
27622976
27630217
27645766
27668749
27671061
27682124
27695643
27714591
27731377
27756129
27790972
27802578
27828762
27830989
27832588
27838540
27842441
27847371
27854567
27881415
27926940
27929353
27933275
27939130
27965147
27990601
28031350
28035113
28068343
28069362
28077440
28077973
28108583
28119692
28154750
28165869
28174696
28183313
28202055
28231234
28233060
28255921
28255998
28256734
28263875
28293231
28311702
28325762
28328947
28336603
28348839
28357328
28360906
28372827
28373354
28377902
28394614
28398677
28401066
28402703
28418764
28421167
28437093
28443249
28466800
28478203
28480295
28486521
28502642
28504633
28511911
28529959
28536678
28539197
28547120
28550119
28559261
28570503
28580063
28599094
28605439
28611741
28618894
28621333
28628459
28630061
28636341
28652232
28674048
28680859
28684041
28689870
28690600
28702010
28721222
28726608
28739786
28739830
28745311
28745813
28750854
28754318
28755524
28774562
28791299
28807561
28864445
28873421
28877846
28903263
28905501
28942292
28951422
28955308
28955505
28955933
28956784
28968195
28981682
28994410
28994770
29017676
29018123
29021156
29025776
29034854
29038498
29046388
29059012
29063667
29085810
29102170
29109188
29118164
29122856
29132197
29136087
29158241
29168443
29171073
29183485
29189951
29197182
29208096
29212580
29232527
29239792
29240272
29250489
29253157
29258801
29269496
29281823
29284034
29307484
29311235
29311236
29312899
29322032
29341950
29350869
29360337
29372903
29373737
29378894
29385445
29386263
29391972
29399382
29421225
29468144
29473442
29482417
29487854
29491552
29492770
29501703
29503812
29507084
29509142
29547971
29549640
29555731
29563944
29568809
29578544
29582465
29593661
29593810
29594068
29594802
29623260
29630613
29632532
29635071
29635625
29642835
29649265
29670588
29670861
29678401
29682484
29684046
29692981
29694682
29694705
29714156
29716621
29720697
29725025
29730028
29740542
29760217
29761532
29761597
29799843
29799870
29857162
29868496
29868510
29903512
29922267
29922601
29925679
29931113
29963499
29969671
29969788
29978561
29980611
29996780
30006464
30015463
30015465
30016244
30034369
30039929
30042767
30042927
30046592
30054549
30055244
30106177
30106668
30109216
30112352
30114374
30120657
30137434
30140074
30146078
30152475
30201412
30217500
30234022
30246665
30248400
30249311
30271974
30284963
30296053
30296254
30307638
30346998
30351625
30380209
30404813
30440027
30447176
30452140
30459188
30480992
30508402
30533047
30550240
30556330
30557123
30563899
30610992
30616666
30622981
30638683
30642993
30655036
30656604
30666752
30670554
30681072
30730826
30758273
30763508
30768885
30789314
30804548
30805312
30842226
30842273
30849949
30855571
30870480
30872471
30891514
30920904
30939106
30996692
30996827
31002053
31007621
31017571
31024860
31029736
31064636
31071480
31073183
31085702
31090220
31112094
31112469
31118924
31138855
31139576
31164053
31164713
31174488
31189580
31235714
31245979
31253680
31258523
31260252
31263682
31269216
31282230
31287787
31302416
31303231
31314675
31316809
31323857
31334134
31368492
31384551
31388083
31395094
31398981
31400225
31404671
31437557
31437682
31439876
31443439
31447815
31451389
31494583
31513897
31519702
31538915
31546628
31548183
31578219
31582169
31600457
31626892
31637994
31640844
31648246
31649645
31659298
31660371
31689421
31696118
31711731
31725770
31733511
31740527
31741721
31750777
31754926
31781515
31782200
31784214
31841657
31848075
31877174
31886740
31910083
31924594
31937491
31941692
31956393
31969244
31972499
32016130
32023304
32050093
32050874
32051235
32054705
32056440
32088933
32090107
32142641
32155963
32194525
32213160
32214557
32226062
32241221
32258801
32275693
32318966
32324068
32332817
32349636
32359978
32365846
32366588
32380974
32389537
32391009
32394036
32408663
32422907
32429829
32435125
32438768
32457701
32479491
32484234
32492066
32518249
32524955
32548313
32671053
32678173
32687866
32694562
32695245
32722194
32722207
32722213
32723276
32723639
32727555
32731606
32745117
32752076
32825290
32839173
32841534
32849637
32855253
32867856
32884055
32911069
32918935
32932593
32970936
32971773
32989563
32991594
33000726
33013814
33019689
33036147
33060276
33079040
33081341
33081422
33096715
33114018
33114188
33115844
33135671
33153998
33154017
33172013
33178148
33190317
33193267
33194778
33202547
33209946
33217319
33224128
33238185
33239460
33261098
33277357
33291395
33302236
33303672
33321814
33329659
33363054
33374468
33374861
33397692
33401725
33417856
33420198
33440900
33441661
33452341
33456336
33469978
33505681
33536221
33538648
33543941
33553001
33556556
33573639
33581986
33601964
33610608
33716126
33748822
33753342
33755005
33760886
33774480
33774629
33789598
33808578
33822142
33828158
33875472
33875476
33916002
33921917
33946283
33950539
33970545
33999916
34012525
34048009
34054749
34067337
34068262
34068310
34105911
34139279
34140472
34201577
34202420
34203503
34205547
34223120
34240263
34242839
34242840
34272234
34272362
34290955
34292654
34305832
34335615
34346871
34358042
34361970
34379357
34423953
34424748
34424987
34438988
34439042
34449811
34451388
34454337
34456897
34458354
34543102
34543107
34548672
34564373
34659206
34683457
34690967
34696556
34721352
34739391
34773979
34777285
34777335
34780120
34801846
34814173
34882733
34888257
34894005
34946140
34959601
34961822
34966137
34981990
34985724
34990926
35004352
35015629
35030532
35056485
35062769
35076000
35077486
35084225
35096655
35149415
35149529
35223919
35228156
35245369
35275912
35318921
35338968
35352900
35417099
35448968
35475633
35507235
35529481
35615518
35667686
35693822
35751560
35752204
35787417
35788357
35794913
35873156
35873298
35879387
35889112
35912704
35913965
35916521
35966705
35974355
35977964
36002235
36006281
36032319
36033876
36034097
36036641
36049027
36059929
36099382
36099731
36121290
36141528
36183414
36190401
36205212
36216510
36223396
36226562
36237421
36257115
36264197
36298458
36302352
36303532
36334909
36365018
36370268
36389167
36455310
36458719
36467722
36509808
36510661
36557493
36560950
36602520
36608845
36641863
36656269
36662533
36662824
36677332
36677450
36678376
36681600
36700989
36702369
36713212
36729948
36741404
36774342
36781570
36816490
36831274
36860486
36865594
36890167
36907901
36945928
36958014
36972230
37023434
37030013
37038504
37076811
37097147
37101813
37104940
37110328
37113234
37173617
37200772
37209668
37210378
37240179
37246787
37266012
37266014
37289422
37305410
37309344
37325016
37331050
37338229
37347519
37352301
37367199
37370302
37387368
37404047
37424551
37468804
37490214
37492528
37547680
37582218
37589998
37590254
37591266
37627757
37676009
37683723
37695821
37735772
37747071
37781364
37833763
37841261
37875923
37877608
37883420
37889940
37915804
37916743
37937999
37941380
37954520
37975637
37987818
38097820
38117811
38135831
38156016
38163163
38179877
38192304
38242908
38247118
38249473
38284496
38291608
38294108
38294110
38294111
38294112
38294113
38294114
38294115
38294116
38294117
38294118
38298538
38305237
38312214
38345469
38347948
38380104
38380456
38393764
38393822
38421161
38457094
38461051
38465237
38480644
38492103
38492609
38500499
38533334
38534666
38553022
38564047
38593668
38628552
38651622
38653738
38683788
38713688
38714064
38717067
38728365
38747614
38772554
38775074
38797747
38805787
38853709
38858807
38869724
38876983
38889158
38940590
38941282
39002657
39005541
39025546
39057808
39057968
39066824
39110120
39146636
39166785
39184331
39194223
39211440
39228894
39240271
39255287
39295179
39320338
39346691
39351006
39356820
39368217
39372513
39380678
39398688
39406044
39417793
39420255
39441768
39466911
39481537
39530915
39549306
39551770
39578067
39597120
39597734
39597755
39601264
39605548
