16000765
19196764
19286785
19671005
21916626
23117718
23190116
23532156
24016217
24632252
24686403
25450555
25649754
25724775
26089818
26308592
26413050
26734053
27392180
27555919
28018370
28027498
28324289
28990482
29488347
29678917
29905507
29923802
30070617
30156705
30283415
30686188
30759533
30930868
31038016
31137465
31253682
31375496
31635046
31804901
31811183
31829116
31882706
32391034
32469926
32506499
32517212
32865478
33048630
33175655
33373896
33891376
34030449
34291924
34342710
34472193
34489540
34543058
34777306
34894749
34931906
34940636
35283838
35369455
35509307
35531255
35536029
36129764
36132859
36318253
36342839
36498976
36856653
36909430
36973329
37097444
37176889
37368450
37432099
37537791
37758696
37765372
37990522
38018859
38105425
38715158
38829831
38924220
39010309
39093823
39102648
39460399
39532930
