39086
85991
87963
89389
91620
94059
121114
316686
373555
383744
384910
384938
386116
387807
389772
391115
391338
391816
393713
393779
394307
397223
399167
399383
399930
400222
434652
448196
457855
462175
478655
479642
500795
511984
518088
544635
552832
554002
1289632
1300253
1306151
1309398
1310095
1312921
1313043
1314222
1320629
1321325
1322369
1324645
1327483
1329642
1333091
1333092
1337069
1351712
1355563
1362751
1364022
1369187
1369446
1379319
1379907
1379959
1381710
1392275
1392277
1394383
1397117
1399954
1402113
1406289
1409673
1414610
1416853
1424783
1424901
1425738
1426178
1426993
1431253
1431359
1432292
1439460
1452353
1452366
1454667
1457037
1464734
1468430
1471585
1479356
1482124
1487822
1487981
1489206
1490922
1492694
1499672
1502903
1503585
1512568
1514790
1517467
1520976
1522682
1526452
1527507
1547702
1548422
1551972
1552203
1554406
1558502
1559306
1560753
1563786
1565823
1569400
1570254
1571431
1572139
1572978
1575991
1579112
1582468
1582691
1584005
1588912
1589629
1594630
1598846
1599705
1601074
1607704
1608606
1611559
1612744
1615009
1622262
1625383
1632199
1633359
1637168
1637917
1639515
1643585
1646846
1647138
1650875
1652563
1662625
1662890
1662893
1663397
1674219
1679812
1680907
1684979
1696687
1701085
1703270
1705239
1706730
1711078
1713768
1713950
1716685
1727545
1729070
1729091
1729191
1729375
1732223
1734527
1746954
1748116
1752308
1759527
1759529
1766377
1768104
1768146
1770693
1778846
1781683
1781692
1783281
1789042
1797645
1803979
1810185
1815711
1816489
1826354
1835689
1840577
1854173
1855972
1857196
1858465
1859053
1861271
1863316
1863947
1879479
1879480
1879949
1879952
1887168
1887703
1889252
1890182
1890189
1890309
1898614
1904841
1907034
1908167
1912250
1914547
1914587
1917878
1918366
1929303
1937404
1939574
1948796
1949672
1950286
1955873
1956291
1961979
1964449
1967319
1969803
1971632
1973736
1974912
1987039
1987055
1989793
1990135
1993756
1993758
1995743
1997428
1999485
2008046
2008440
2013212
2013997
2014980
2014994
2017340
2028225
2029552
2029553
2031965
2036080
2036213
2037540
2039192
2050589
2053716
2056129
2071878
2073410
2086787
2092360
2097849
2102119
2103802
2104576
2105238
2110146
2112449
2117582
2118357
2120908
2121588
2122336
2133066
2138651
2141391
2146549
2150144
2151552
2152938
2154427
2164510
2166766
2177516
2179256
2184818
2188318
2189741
2196255
2196257
2203824
2205580
2211446
2212949
2214393
2228244
2229435
2230263
2231679
2233111
2239031
2243186
2258345
2258352
2261616
2266581
2275536
2275589
2285286
2286591
2286787
2296040
2298009
2304095
2316763
2317047
2318604
2322078
2323354
2324276
2332403
2345305
2347381
2347683
2349520
2355188
2355189
2358903
2359837
2368143
2371549
2372820
2379467
2381440
2382902
2384141
2386671
2387627
2393493
2396455
2398030
2400179
2401738
2409915
2411662
2413140
2413652
2417953
2419278
2420820
2420824
2421969
2430904
2433220
2438083
2444323
2448382
2454935
2458000
2460492
2473164
2483635
2490401
2496141
2498268
2498451
2499140
2501424
2507680
2511345
2513201
2516622
2526110
2530201
2546010
2550514
2551303
2555036
2559147
2560362
2566581
2567304
2567312
2567758
2567762
2579942
2580546
2589379
2591166
2599996
2604513
2610584
2613328
2614691
2615084
2616825
2619277
2619303
2622251
2622252
2628105
2628216
2630424
2634459
2646318
2646508
2650836
2651088
2654183
2656751
2660289
2661321
2667111
2667115
2668184
2672263
2673263
2673821
2674192
2675339
2677980
2679337
2680287
2680548
2685031
2687665
2691969
2692353
2692799
2696860
2701194
2703042
2703472
2707395
2715999
2716415
2722245
2723038
2729346
2737080
2738412
2738794
2745255
2745260
2745685
2747322
2749147
2753334
2754000
2757740
2760483
2764000
2764570
2770424
2786153
2787029
2788873
2791504
2793404
2794466
2796435
2796576
2798562
2802506
2803457
2807531
2818797
2822760
2828413
2831044
2836529
2840016
2846649
2854187
2856299
2862467
2873437
2874378
2880997
2882091
2883198
2888811
2893806
2896706
2903174
2904297
2917615
2917616
2917785
2920101
2925251
2925252
2926324
2930077
2937547
2960106
2968968
2981277
2987191
2994327
3000947
3002538
3003894
3009529
3016084
3017918
3018252
3021521
3030951
3031303
3037523
3046228
3047884
3049937
3053773
3053969
3059772
3064515
3064895
3070065
3071820
3087929
3088173
3088689
3093580
3093600
3100173
3100206
3100304
3107260
3107261
3117890
3119553
3119737
3122558
3123264
3124379
3126242
3128479
3131422
3133155
3134773
3137275
3138320
3139716
3140536
3143484
3144549
3161953
3161954
3162619
3163717
3170906
3171547
3176753
3180864
3181681
3182073
3182447
3182448
3182462
3182468
3183024
3187322
3190188
3195473
3196003
3196008
3202625
3204070
3204075
3204078
3214153
3215293
3219283
3222665
3224497
3235666
3237054
3242560
3244983
3250748
3252753
3257460
3259166
3264454
3273872
3275862
3281225
3283362
3289628
3293133
3294909
3298828
3300013
3302873
3308708
3309528
3309831
3316470
3319673
3321265
3321414
3323432
3325908
3326372
3328252
3328553
3328889
3328890
3328892
3328894
3328895
3328896
3328897
3328898
3332177
3332887
3333797
3340136
3343316
3343332
3343523
3343524
3348609
3348954
3352131
3355245
3356793
3360087
3364078
3367056
3369794
3372016
3376621
3377492
3379365
3379516
3384922
3393255
3403040
3422002
3425032
3429389
3435101
3435150
3440771
3448661
3457525
3458697
3481325
3490557
3492176
3496384
3499724
3504217
3510178
3511146
3512431
3512965
3516364
3517046
3517064
3519457
3523917
3524495
3527229
3527250
3528766
3529794
3532303
3534093
3534757
3538313
3539546
3539865
3543209
3543426
3544386
3546390
3546392
3551784
3553722
3561070
3564781
3565648
3566272
3570468
3571461
3571479
3572754
3573852
3578359
3587412
3589397
3591819
3595743
3604505
3606021
3606101
3609170
3610332
3614158
3623700
3630472
3631124
3631827
3641543
3654130
3655974
3662501
3662515
3663768
3666960
3667049
3674843
3678387
3678388
3681188
3682989
3683217
3685714
3685898
3692603
3696826
3700600
3707035
3707828
3708497
3711303
3711308
3711861
3713641
3713887
3716688
3719461
3719688
3731919
3742574
3744550
3746079
3746488
3746878
3746879
3748243
3751406
3756116
3759736
3771744
3790276
3793430
3793431
3793432
3793447
3793448
3793452
3796136
3803703
3809071
3809173
3809818
3816128
3818919
3819456
3819647
3822827
3824036
3826043
3831004
3837916
3856118
3859262
3859775
3862361
3862660
3865949
3872195
3881218
3881400
3881470
3882879
3885714
3886578
3888124
3890934
3891777
3892241
3896142
3896188
3897388
3897662
3899943
3900129
3905621
3905954
3909698
3913451
3913660
3924087
3926908
3926910
3937869
3941000
3942015
3943891
3945460
3947031
3950395
3954351
3954503
3958153
3960189
3965411
3968461
3968771
3968786
3977311
3980045
3980079
3980300
3980693
3985035
3985605
3989510
3994470
3996079
3998095
4004227
4004233
4004234
4004442
4008372
4008985
4009691
4009880
4013316
4014285
4014286
4015089
4015091
4018066
4020112
4030689
4031512
4031547
4032801
4033468
4033831
4043126
4044043
4044800
4051574
4055026
4056012
4056449
4062461
4066552
4066557
4069414
4091548
4091551
4092704
4092705
6084623
6092423
6105294
6113250
6118761
6118930
6121139
6122781
6129241
6133845
6135832
6136797
6141347
6148914
6155111
6156594
6158812
6161138
6166529
6171159
6173328
6173911
6175657
6177236
6182230
6184221
6186198
6187207
6190756
6191927
6192178
6197774
6206086
6206087
6206723
6230581
6239702
6252840
6258432
6259377
6261396
6268549
6275975
6288801
6288805
6294145
6295960
6303219
6316115
6325347
6333470
6333840
6337488
6338032
6339543
6339567
6339957
6341276
6342093
6342532
6343293
6344745
6344838
6345579
6345589
6348079
6349427
6350180
6350372
6351091
6352966
6354024
6354714
6354717
6355195
6356647
6356706
6356708
6356710
6356711
6356714
6357411
6358248
6358250
6358342
6358343
6360045
6360903
6361052
6365966
6367308
6367919
6369980
6371723
6373825
6373965
6376354
6378003
6380068
6380524
6380525
6380526
6384191
6384746
6386881
6386999
6388781
6391405
6393100
6393709
6393829
6394609
6395736
6398796
6401778
6403577
6404825
6412327
6413413
6414083
6414374
6415102
6415956
6421749
6422578
6424568
6430015
6431025
6436392
6438187
6442507
6459562
6466457
6469355
6470097
6470140
6470670
6480116
6490828
6490831
6490846
6491366
6496553
6501409
6501881
6508292
6508311
6508313
6509525
6511346
6520232
6523127
6545797
6547453
6585711
6587311
6594028
6594234
6597558
6603115
6612349
6614038
6614685
6616281
6617506
6618671
6619577
6619736
6625344
6630106
6630177
6630463
6631074
6634714
6637229
6637230
6637232
6637233
6637235
6639028
6644240
6644990
6645723
6646929
6649980
6651455
6652583
6655046
6659769
6660882
6663081
6664746
6664945
6675736
6684231
6690409
6691329
6692469
6698064
6698777
6699139
6702814
6703545
6708633
6713304
6715510
6724697
6725165
6726002
6734305
6735976
6736675
6736922
6741365
6742844
6745985
6747977
6749154
6749760
6752034
6752185
6752194
6752443
6753484
6754293
6754942
6755928
6756135
6759533
6760643
6761354
6761358
6769388
6769947
6780104
6785310
6785311
6787070
6787397
6788701
6788796
6788797
6790514
6791407
6792082
6798144
6802868
6807035
6808023
6810738
6818250
6822749
6823462
6823953
6824252
6826698
6827146
6833484
6833487
6835415
6837589
6840845
6844878
6846937
6848556
6849535
6854436
6854847
6859846
6863501
6863914
6869091
6869962
6870084
6873476
6874904
6874913
6881771
6886778
6890793
6894076
6922835
6930020
6943261
6967573
6969575
6979243
6983846
6985783
6985784
6986400
6986404
6987177
6987923
6989229
6989933
6990037
6992727
6993890
6994607
6995339
6995496
6995497
6996548
6996551
6997673
6998333
7000000
7005268
7006066
7007417
7008590
7009642
7012167
7012173
7012392
7012472
7013702
7014123
7014621
7014622
7014732
7017062
7017574
7017598
7019781
7020252
7020390
7020508
7020594
7021483
7023501
7028630
7031860
7032278
7036333
7036824
7037831
7038787
7040484
7042513
7042762
7045167
7046833
7050146
7050153
7050163
7050255
7050258
7050736
7054324
7054331
7054588
7055374
7057845
7059065
7065789
7068223
7069537
7071531
7080833
7086112
7091885
7092451
7103304
7103477
7103487
7107021
7108276
7110803
7119096
7119121
7119742
7120355
7124158
7124763
7125358
7132874
7133222
7134103
7136354
7139412
7141707
7144138
7145813
7149720
7153316
7153509
7154057
7159081
7185940
7186901
7186905
7190579
7199234
7209462
7209463
7209465
7212481
7216476
7224623
7228402
7228404
7229015
7229438
7230470
7235365
7235392
7235414
7236041
7240396
7241049
7241565
7242484
7246139
7251147
7251523
7253729
7257656
7259160
7287886
7287888
7302345
7313567
7313570
7314031
7315798
7316506
7324788
7325633
7325645
7330305
7330592
7352723
7354127
7354129
7358845
7363835
7365275
7373091
7376399
7377185
7391615
7396318
7399685
7406491
7419699
7425611
7429628
7433921
7434053
7436651
7436653
7439997
7441002
7447190
7451664
7458076
7462408
7462418
7468524
7468637
7469207
7469211
7486896
7494031
7501224
7504099
7506653
7516906
7521603
7523184
7526121
7527329
7528581
7532136
7532505
7534589
7535177
7536215
7540828
7541270
7542266
7543861
7549035
7556662
7558118
7559201
7559959
7578732
7585361
7590316
7591051
7591108
7591159
7591161
7592020
7597669
7607666
7608956
7616010
7616011
7619992
7620012
7622203
7628188
7629446
7636279
7638914
7638915
7641840
7642253
7642298
7646019
7646036
7653292
7665634
7673683
7673686
7675801
7682281
7691508
7698807
7704835
7705490
7707335
7713198
7719907
7722417
7729449
7729890
7734827
7745303
7747943
7751659
7751740
7758494
7759685
7759822
7765393
7765898
7768596
7777582
7788088
7789484
7790062
7791209
7791279
7793965
7805680
7805684
7807006
7813113
7814513
7817549
7824817
7829419
7829975
7831630
7834696
7839051
7839256
7842786
7852558
7855487
7861953
7865349
7871239
7873767
7874883
7879552
7883646
7883887
7883900
7883904
7883910
7888544
7888549
7891565
7891566
7899513
7903084
7911485
7913699
7916876
7917219
7920461
7920466
7921129
7923334
7927821
7946483
7948328
7960121
7960155
7979837
7983346
7984104
7984974
7992856
7996024
7997914
7999388
8000965
8001761
8005687
8007818
8017938
8019815
8026155
8035763
8039889
8039895
8049098
8050062
8050067
8052122
8056694
8063412
8063421
8063428
8067312
8077395
8101197
8107628
8109918
8111164
8111597
8112835
8112844
8117870
8118400
8118629
8119354
8120447
8126166
8126182
8126436
8131545
8131632
8132476
8133111
8142501
8143807
8161631
8165026
8168511
8168950
8168978
8173798
8173799
8173807
8191115
8192443
8192446
8195835
8196541
8200525
8206858
8209134
8222795
8222870
8225572
8225582
8225605
8225610
8225627
8226420
8237592
8237978
8239624
8239853
8243486
8252995
8253953
8253978
8261169
8262363
8262638
8270010
8270798
8278069
8278737
8278738
8285669
8292073
8300214
8300234
8300238
8303628
8314981
8327650
8328493
8328811
8335371
8335382
8336078
8347938
8353821
8354920
8358204
8360127
8361186
8364804
8366052
8370750
8372274
8382332
8394380
8396088
8396090
8396196
8397687
8406789
8407696
8409914
8413346
8417021
8417885
8432314
8432872
8448318
8454334
8467999
8468501
8475135
8476497
8478302
8478303
8486946
8486947
8489763
8494743
8501072
8501221
8507462
8514382
8516345
8524918
8528004
8535514
8536723
8537269
8537286
8539074
8548000
8549715
8549718
8550218
8550225
8552864
8569284
8571732
8576337
8577277
8586887
8588143
8589525
8593002
8596266
8603533
8605075
8605076
8613357
8613378
8613400
8613408
8620910
8620964
8621078
8626284
8629056
8641790
8647752
8675295
8698466
8698483
8703024
8711237
8727074
8728961
8731649
8735125
8735131
8739487
8742248
8748296
8749675
8755173
8757834
8757859
8763626
8764471
8768605
8776852
8787400
8787650
8797301
8804974
8805654
8806792
8808311
8810756
8811055
8829338
8838181
8840755
8852547
8855593
8861031
8862616
8864432
8866478
8880539
8882383
8884186
8885061
8891350
8896348
8896520
8898384
8902407
8910891
8912764
8914132
8922573
8936321
8938377
8943407
8943727
8945524
8945559
8948274
8961567
8965609
8966367
8972675
8975718
8975903
8980784
8981975
8988757
8993346
8993377
8996029
8996742
8999366
9009315
9009347
9012363
9016982
9021917
9035712
9039234
9041116
9058545
9070320
9076416
9077068
9077075
9084116
9086394
9090107
9091117
9097418
9119362
9131787
9143134
9157160
9163496
9163502
9169800
9171380
9174205
9179855
9196197
9218912
9222053
9234637
9245043
9245622
9254652
9255891
9297350
9297985
9303395
9309436
9311194
9321724
9321725
9327252
9327548
9332363
9333161
9338498
9343356
9350744
9353059
9353084
9372662
9385485
9386330
9393796
9393834
9399493
9403997
9403999
9404507
9409904
9412401
9412402
9421315
9423840
9423859
9431941
9435069
9435080
9437482
9452389
9455504
9455522
9457851
9459407
9465074
9467921
9476354
9480307
9484888
9488371
9488381
9489037
9494658
9495668
9502466
9502483
9508667
9511064
9511812
9529072
9529112
9529113
9533064
9533475
9542962
9543764
9545154
9550595
9551986
9573067
9573114
9574712
9585703
9596294
9596766
9603844
9614079
9623914
9632267
9632562
9636866
9639820
9643385
9643387
9643391
9643392
9647849
9650941
9650980
9653083
9656677
9659767
9674168
9687103
9687528
9692520
9699298
9702025
9705420
9712761
9712785
9712800
9717210
9726849
9726850
9730199
9746556
9750332
9757681
9758283
9758285
9762415
9765568
9779379
9780423
9786196
9795300
9797218
9803276
9812538
9826369
9835507
9851034
9854106
9861677
9865992
9868664
9869571
9872526
9872527
9881346
9891109
9895268
9916101
9925622
9932644
9986854
9990477
10024777
10028067
10029997
10047559
10048038
10049368
10063623
10078391
10084418
10084453
10094618
10118907
10220762
10225673
10225863
10231011
10276210
10281778
10322670
10322756
10334594
10342703
10351932
10358769
10361301
10361710
10364584
10368731
10374448
10377156
10378132
10383989
10386021
10389532
10392336
10393970
10395146
10405416
10410977
10417184
10423738
10427716
10438758
10442425
10447882
10450782
10456883
10456891
10456945
10486205
10488187
10493129
10496097
10496159
10506876
10509069
10509473
10516537
10518043
10545255
10547824
10552988
10553077
10559990
10564519
10580276
10584898
10588909
10589931
10598391
10603410
10605954
10613973
10614601
10633110
10635802
10640764
10648865
10659360
10660067
10664592
10664593
10671453
10677839
10678909
10682546
10685644
10691195
10691203
10698751
10706473
10708519
10719006
10722574
10730681
10732834
10740074
10743318
10744366
10749465
10751702
10760136
10762570
10768959
10768992
10770771
10774259
10780378
10790085
10804863
10809032
10824031
10831220
10831229
10834956
10834990
10836344
10840346
10843702
10846211
10846213
10857860
10858211
10859768
10865236
10878074
10878082
10879037
10879269
10882688
10885845
10886620
10898695
10913104
10913695
10916494
10918979
10919792
10920394
10932396
10948139
10948149
10958627
10958634
10959726
10962269
10971941
10980164
10981350
10991843
10992525
11001749
11004406
11014721
11014877
11016282
11016850
11018138
11020257
11028183
11035237
11035756
11040443
11041710
11043980
11044684
11053969
11060093
11061626
11061629
11067875
11068674
11073144
11073912
11075648
11083766
11083821
11091058
11109358
11109570
11114526
11115108
11117642
11119504
11119544
11120966
11129747
11133942
11136453
11136802
11140085
11140095
11157897
11159993
11168074
11168113
11169048
11170989
11178347
11179377
11200426
11207291
11207624
11222171
11222614
11227252
11243265
11245632
11251842
11254553
11254562
11254565
11254621
11261761
11263351
11293675
11293965
11303809
11309113
11321132
11321824
11326811
11339880
11340527
11347276
11349020
11349063
11349974
11358174
11374899
11386595
11393288
11393289
11401716
11401723
11401964
11403402
11412117
11412696
11427579
11432530
11447151
11447198
11451675
11463526
11471112
11474011
11491180
11497083
11513791
11518106
11523558
11524681
11525995
11529560
11529563
11545554
11553582
11557138
11557455
11559972
11566392
11568855
11569435
11573325
11602638
11605805
11673639
11674968
11679556
11679684
11687318
11688836
11689436
11693505
11695086
11695089
11700362
11700363
11703188
11709122
11711437
11714820
11722729
11727817
11727818
11727819
11734171
11741845
11748165
11749746
11751578
11757977
11774705
11776727
11777660
11792828
11798569
11807697
11807698
11809974
11810567
11833297
11842985
11845660
11852895
11854250
11854262
11856168
11856250
11856251
11856290
11856315
11856316
11860803
11860816
11864082
11864269
11864308
11864309
11864350
11864353
11868601
11869247
11871617
11886198
11886587
11886588
11890545
11895946
11904081
11913078
11914343
11918120
11918802
11923356
11927981
11936513
11953009
11967072
11974901
11980313
12003984
12008915
12012043
12012761
12030402
12038036
12039724
12043374
12047413
12055287
12058317
12060869
12060893
12065505
12069880
12076798
12081952
12088652
12089300
12089674
12093687
12101309
12107671
12109917
12127983
12136645
12147677
12150492
12169753
12169831
12173126
12174438
12183141
12189536
12195388
12200279
12202611
12205057
12222127
12228295
12234140
12324324
12353875
12354888
12355387
12355396
12356360
12372201
12376032
12379686
12379706
12384836
12387779
12413010
12415468
12415469
12415471
12427954
12446652
12447391
12473468
12477334
12482915
12483212
12487183
12491233
12493166
12496164
12498598
12511724
12517822
12523771
12525918
12526741
12527619
12535123
12537326
12543655
12547654
12558187
12562691
12572086
12581362
12598198
12604545
12614979
12615216
12618448
12620617
12620627
12631957
12634332
12639013
12645108
12645664
12660949
12666582
12668142
12669628
12671062
12674506
12675793
12676871
12678701
12682254
12684849
12685878
12695481
12701688
12701914
12702702
12704109
12706569
12718823
12727363
12732519
12734211
12734286
12734448
12740268
12753545
12762360
12765420
12772603
12781516
12791873
12792302
12802978
12806931
12818153
12818162
12819052
12822422
12838656
12842479
12843023
12843029
12843044
12843082
12857492
12860643
12867476
12868650
12869541
12870387
12871171
12872528
12874317
12874332
12890021
12894464
12897011
12925111
12925125
12926331
12929345
12929592
12931346
12940586
12944674
12954091
12957935
12958219
12962307
12972448
13680109
13680399
14513269
14518666
14525703
14532229
14557924
14558266
14561077
14563861
14573644
14573650
14573695
14574845
14594847
14596898
14602929
14614670
14617170
14623910
14625271
14629968
14631437
14638997
14651611
14654580
14663079
14663288
14671500
14678329
14685927
14687561
14688110
14692345
14695063
14715805
14715807
14715899
14734178
14734755
14738901
14741435
14748261
14768368
14960832
14970242
14977957
14979735
14984304
14986242
14988561
14996796
15003709
15004121
15006790
15008942
15010572
15010573
15012871
15013296
15023304
15026520
15029835
15031729
15034642
15039098
15044494
15056438
15058276
15063056
15063808
15068198
15078743
15086042
15090493
15100977
15102753
15102773
15102819
15103899
15109472
15116296
15117975
15118204
15119993
15126465
15127261
15133109
15145583
15149027
15153163
15155631
15155646
15156026
15174987
15175284
15175295
15182208
15187209
15187442
15191040
15198183
15198192
15207606
15211862
15213149
15225301
15227024
15240719
15243342
15258190
15263883
15271909
15271914
15272058
15272059
15287376
15293082
15293450
15293621
15293899
15303619
15307560
15314189
15318490
15318523
15319548
15322940
15325760
15329532
15347742
15358411
15361367
15365006
15365022
15370649
15385501
15385502
15386105
15448271
15458499
15461262
15467216
15467720
15469430
15479410
15480880
15490851
15501747
15506167
15520000
15522109
15527493
15528550
15545040
15555376
15560380
15560384
15583339
15588044
15595390
15598540
15613486
15618172
15619425
15621435
15625297
15628293
15630181
15632436
15636757
15640199
15652976
15653750
15653986
15661013
15676014
15679834
15679845
15681203
15687220
15691915
15691920
15695646
15704668
15715156
15720558
15727299
15727373
15735422
15736010
15747062
15748096
15749313
15756423
15771338
15773981
15781869
15782278
15784309
15784543
15784579
15791524
15792741
15793128
15809913
15838018
15840455
15844057
15845473
15845496
15845527
15849933
15853880
15869165
15870307
15872220
15879906
15883032
15883178
15885241
15888080
15893238
15902529
15917565
15919770
15923051
15935674
15941776
15947745
15947860
15948950
15949135
15950137
15952891
15953031
15961932
15972519
15972528
15972532
15977555
15990982
15992094
15996744
15998735
16000443
16000746
16000824
16002178
16003053
16005118
16012542
16019051
16019386
16020902
16022473
16024220
16040960
16078578
16088740
16091472
16104984
16106195
16113249
16113250
16113289
16121906
16125907
16143191
16162244
16163417
16163419
16163422
16168576
16171106
16171114
16176860
16177298
16177332
16179732
16181505
16181747
16186469
16191857
16198023
16204491
16207953
16207989
16208015
16208189
16218122
16226441
16227110
16227331
16229770
16235829
16237009
16238821
16239561
16246423
16258821
16260445
16267296
16274507
16285353
16296619
16304885
16304887
16305282
16305672
16309424
16312315
16323138
16330310
16334549
16339557
16341636
16346179
16348834
16349110
16349278
16365527
16366060
16366061
16366367
16375972
16390948
16406773
16413926
16419902
16423685
16443217
16444259
16445684
16451413
16452402
16452417
16455159
16459041
16459042
16461717
16469056
16470719
16473578
16476563
16488572
16490144
16490781
16494750
16495539
16498921
16508683
16511108
16511256
16515803
16516315
16520845
16522778
16527041
16535197
16548060
16552444
16570380
16585643
16585654
16597874
16597941
16597985
16597995
16606669
16611228
16617744
16622243
16630039
16632318
16635720
16638292
16642654
16648951
16650955
16652170
16670325
16671026
16687585
16689726
16689827
16701992
16703513
16706371
16706786
16710455
16713613
16714556
16714560
16714592
16714844
16716008
16728401
16730822
16740446
16751507
16751547
16751575
16758041
16759052
16765841
16767484
16788727
16792936
16793247
16801748
16803597
16807847
16807858
16811167
16816197
16824952
16828035
16828158
16831218
16837243
16837556
16849718
16856399
16864074
16870401
16874021
16874072
16874182
16882028
16885298
16891524
16891800
16906144
16911566
16914218
16923890
16926407
16928391
16935249
16938241
16939534
16940169
16953800
16957190
16957269
16957311
16967589
16971406
16984919
16984921
16987630
16990048
16997951
17005379
17005576
17011149
17012371
17014083
17027196
17027217
17036152
17037141
17037163
17045689
17051484
17060467
17063193
17068130
17087731
17092678
17101649
17101653
17108074
17108275
17109091
17109773
17117999
17124169
17144417
17144592
17148071
17148602
17154666
17159207
17159208
17159209
17162501
17172523
17173221
17180462
17181000
17181416
17184291
17184292
17184324
17188684
17191393
17192810
17194840
17196009
17197147
17219241
17219492
17224169
17233694
17242152
17249419
17251393
17258676
17259101
17259844
17261610
17261623
17298365
17302824
17309675
17313475
17314358
17314363
17314417
17337541
17337587
17343784
17355920
17356093
17360363
17366028
17366050
17369779
17371403
17371856
17380047
17388784
17392021
17402193
17403130
17409215
17414123
17420236
17427805
17438033
17439808
17440617
17441327
17441328
17447476
17455623
17459899
17460326
17462712
17472639
17472646
17477503
17482698
17506816
17531986
17532691
17544473
17548481
17548639
17564984
17567632
17569085
17573440
17574285
17577479
17578429
17586893
17601635
17601811
17606286
17614967
17620533
17632005
17642537
17644359
17652025
17659763
17662166
17666762
17670926
17682707
17687012
17688692
17689220
17690885
17697208
17700986
17704640
17713816
17718416
17720622
17723319
17802902
17804659
17850297
17870669
17888731
17893138
17897376
17901808
17909867
17932831
17932832
17933263
17933279
17945454
17947549
17952054
17953608
17953819
17956060
17957402
17975084
17975091
17979985
17980243
17982089
17988811
17991506
17992549
17995531
18000955
18029698
18032625
18034886
18042187
18043362
18048909
18057768
18059101
18065115
18069892
18073166
18077026
18083880
18085683
18093139
18094136
18094534
18159429
18159449
18160107
18162378
18165359
18171215
18174123
18174124
18178130
18190309
18191502
18192074
18192394
18194518
18199124
18201993
18205653
18205654
18208761
18243750
18245233
18250176
18256241
18275154
18278588
18279343
18281405
18283549
18284575
18287305
18289719
18298535
18303259
18310031
18321237
18337253
18339450
18359810
18363881
18365173
18366641
18369153
18374436
18375795
18376465
18376573
18376574
18379604
18387168
18390683
18399815
18401152
18403241
18411263
18419436
18425463
18426877
18426879
18431493
18436233
18439718
18442863
18447956
18451508
18453601
18462396
18464535
18464537
18464542
18464543
18464552
18464558
18467992
18502777
18502936
18515476
18538055
18549454
18549456
18552170
18554395
18557951
18557962
18558790
18562117
18566289
18578502
18581001
18581992
18581993
18591853
18599442
18606645
18606773
18621500
18621865
18621869
18622682
18623987
18633335
18650351
18670632
18673369
18677519
18692139
18694969
18723253
18724372
18725739
18752009
18761945
18769851
18771559
18776234
18782351
18792785
18800559
18805971
18805977
18806346
18807492
18811729
18819413
18819842
18821847
18830409
18838275
18839249
18843542
18849432
18855027
18927410
18936184
18937569
18939571
18945470
18973775
18980612
18981133
18981241
18985083
18986295
18997022
19011659
19016775
19016782
19016880
19019140
19021631
19031443
19039955
19040633
19040705
19043295
19043549
19043657
19050363
19052327
19070072
19073229
19076842
19076843
19077205
19089374
19089822
19090273
19095644
19114479
19120608
19120656
19144560
19156453
19157961
19161719
19165328
19167878
19169888
19170883
19177777
19177781
19201975
19208094
19212290
19217020
19218380
19223626
19225076
19225096
19227256
19237518
19241230
19241231
19243440
19246759
19254639
19261788
19264101
19267082
19271542
19282391
19287368
19293428
19320573
19324950
19343209
19363080
19368892
19369520
19369951
19376163
19379540
19383702
19385336
19386084
19392903
19398549
19398893
19400772
19400807
19411324
19411431
19420163
19423258
19429621
19438520
19438525
19438641
19438643
19450709
19455515
19457534
19457570
19459484
19465160
19465529
19474069
19478083
19482547
19483326
19487458
19492077
19492970
19508168
19517595
19519544
19519843
19521510
19553574
19561404
19563462
19564365
19573161
19575190
19578436
19578813
19580436
19583105
19593377
19601525
19605573
19607780
19624501
19628930
19631370
19638422
19640837
19645762
19647041
19659425
19666608
19673961
19678829
19687203
19696501
19703825
19704903
19720760
19720834
19722835
19726892
19747214
19747952
19748467
19751596
19759040
19759475
19762997
19768502
19783074
19796090
19799145
19804724
19812203
19817866
19818051
19822119
19841075
19854466
19857394
19863553
19875245
19888467
19892463
19895645
19915024
19916901
19930271
19936053
19941871
19942850
19954129
19958381
19960359
20000116
20007397
20008069
20008105
20009251
20011736
20014950
20023027
20028808
20030628
20036523
20036663
20041211
20044831
20048047
20049525
20051107
20051846
20055121
20055122
20056602
20058542
20061458
20062668
20064470
20069090
20070309
20071332
20074591
20082041
20088978
20089863
20095417
20095523
20099248
20102336
20119676
20127472
20132312
20141490
20143509
20148897
20148929
20153694
20154223
20159373
20159467
20162519
20162927
20163500
20163564
20167127
20167960
20167980
20174605
20176951
20185546
20194593
20199576
20199605
20200292
20202281
20202309
20202420
20211548
20216382
20220163
20235103
20236513
20302104
20314559
20333253
20335111
20338910
20345489
20347283
20349106
20351136
20351139
20363943
20368425
20370832
20373001
20375353
20382022
20385852
20388763
20400697
20418445
20424535
20424910
20428911
20442401
20457347
20472324
20482739
20493666
20526646
20532483
20537944
20543670
20544994
20547746
20556878
20558588
20571163
20572940
20586563
20600793
20615218
20616805
20622069
20630115
20636972
20650996
20651120
20656373
20656784
20656879
20657617
20660614
20661449
20678644
20684519
20685341
20693456
20701881
20703621
20727011
20727463
20727568
20730523
20735326
20735921
20796212
20799092
20801884
20813839
20833813
20835931
20847460
20851954
20851993
20853198
20880356
20889314
20919575
20929312
20939755
20944063
20949065
20949911
20961962
20965781
20967776
20971864
20978010
20980561
21034773
21044294
21045112
21046330
21048081
21057511
21074903
21092200
21092629
21093012
21097506
21098666
21108472
21109012
21122583
21126333
21129494
21139554
21142106
21146719
21148156
21169481
21178169
21179419
21182824
21185305
21193672
21198889
21206168
21216993
21220530
21223541
21223834
21240698
21243397
21244021
21249170
21257985
21266026
21268900
21270399
21276145
21276147
21276629
21278293
21282416
21291849
21294606
21296953
21299776
21301113
21306445
21316728
21321072
21329735
21339025
21340877
21342713
21358774
21366522
21375592
21381372
21383054
21390206
21408005
21408607
21413250
21418578
21422183
21426726
21432125
21435210
21457667
21460288
21463682
21464250
21466255
21466280
21470340
21470397
21504249
21509184
21527132
21537656
21537990
21538239
21543880
21572823
21596526
21598621
21604546
21609698
21622529
21623036
21623098
21623847
21624019
21626022
21626372
21626373
21637816
21641261
21655438
21664386
21680813
21686578
21687415
21687422
21687424
21687427
21687433
21687755
21687756
21687758
21687766
21687775
21694911
21708989
21713066
21713115
21713431
21715591
21716286
21734656
21735748
21735989
21741121
21742865
21742913
21743810
21743811
21746921
21747786
21747787
21747794
21757706
21764936
21767077
21771913
21775694
21778203
21781510
21787754
21790939
21794031
21794054
21794613
21794945
21821761
21822290
21833330
21833335
21833338
21843523
21843863
21847513
21848971
21849075
21859295
21861442
21873199
21873489
21878319
21878746
21884165
21890700
21893197
21894754
21918512
21921112
21925948
21933720
21940651
21942196
21956982
21976200
21981078
21985602
21990428
21993284
21999143
22011575
22015397
22017573
22029459
22044686
22047552
22052399
22057370
22059087
22067212
22069558
22070605
22073313
22073610
22079982
22092856
22096100
22100012
22101183
22103438
22104384
22118294
22120420
22135970
22140462
22144493
22149148
22158903
22160401
22170925
22186775
22192759
22194589
22196877
22197305
22202467
22204761
22205819
22212760
22214451
22216304
22226955
22227989
22228731
22234523
22234602
22241989
22244582
22250387
22260247
22264512
22266131
22266780
22278293
22279610
22279612
22285188
22287234
22288428
22307087
22308473
22321587
22321859
22339541
22341575
22346430
22346468
22346494
22374950
22377993
22383880
22384664
22389880
22390624
22393890
22401507
22411835
22413947
22416200
22416225
22423612
22433882
22433883
22435730
22435900
22443397
22446304
22449586
22465301
22466030
22467504
22474394
22475340
22476603
22484623
22491803
22492442
22494803
22504023
22504352
22511965
22512320
22514486
22528499
22538796
22545059
22545684
22546937
22549730
22558046
22563053
22569517
22581222
22582391
22607480
22609831
22615981
22627604
22635991
22635996
22645286
22672106
22677099
22680348
22685293
22686449
22686947
22693450
22693806
22694730
22696443
22697112
22705619
22707706
22707708
22711632
22714414
22718210
22723524
22727141
22730532
22736983
22742804
22742805
22750778
22752174
22754628
22760420
22762526
22767692
22805141
22814505
22815712
22816190
22820326
22830115
22830268
22838216
22843284
22851749
22854354
22854618
22855392
22856409
22859812
22870945
22872634
22872863
22888441
22891658
22894566
22901006
22901537
22905869
22911089
22922068
22924117
22932165
22939135
22966048
22975496
22975509
22982639
22984741
22988883
22992204
22992462
22995431
22998348
23010904
23011748
23013002
23020035
23021840
23028312
23029523
23029640
23032830
23033905
23046164
23049981
23052757
23052925
23062200
23063442
23078231
23078810
23092579
23094048
23101209
23104286
23110528
23112293
23133385
23135482
23135949
23136984
23137466
23150392
23150393
23150394
23150395
23150396
23150397
23150398
23150399
23150400
23150401
23150402
23150404
23150405
23150406
23150408
23150409
23150410
23150412
23150413
23150414
23150415
23150416
23150417
23150419
23150420
23150421
23150423
23154735
23159466
23160134
23163026
23166491
23168310
23171054
23175978
23176480
23184962
23185637
23188566
23198477
23206723
23213891
23217401
23231042
23235329
23239729
23251687
23266795
23269379
23271971
23286339
23288104
23288541
23292133
23305778
23306006
23307811
23319553
23333226
23333710
23348507
23350295
23350929
23354744
23355222
23355576
23356253
23362621
23381940
23382224
23383004
23385143
23394039
23404401
23416998
23420491
23429532
23430195
23433257
23435972
23436060
23437241
23442526
23444840
23449761
23454033
23457299
23461517
23481601
23494321
23494322
23507956
23511302
23519230
23519799
23526294
23527075
23530621
23535283
23536272
23537827
23546039
23564195
23569112
23572077
23572275
23583350
23586422
23588383
23601102
23601924
23603681
23606383
23609210
23613778
23616102
23618765
23633572
23634210
23638172
23649096
23649339
23657054
23669793
23676128
23686480
23687269
23690939
23696742
23706882
23717549
23728622
23729650
23732852
23742105
23744171
23744173
23746239
23750338
23750955
23753633
23755046
23762026
23762385
23763588
23764733
23764871
23766255
23773455
23781129
23792742
23797873
23798536
23805539
23815549
23819354
23821544
23823019
23826259
23830739
23843460
23848378
23866508
23870312
23892963
23898197
23900830
23900831
23908944
23910438
23915094
23918171
23918172
23918173
23918174
23918176
23918177
23918178
23918179
23925490
23929291
23937571
23947819
23949285
23949658
23956987
23957615
23968544
23970183
23974134
23980114
24002062
24004689
24022027
24034494
24035857
24048182
24058631
24064177
24064547
24068924
24069845
24069939
24077541
24080887
24099652
24100576
24112119
24112651
24118162
24121838
24125817
24126522
24139577
24141270
24150959
24161959
24165476
24166955
24168696
24170969
24180137
24185913
24197558
24197883
24200009
24205008
24206397
24226047
24244168
24245827
24251098
24251768
24264468
24265918
24269651
24272032
24272784
24274292
24277019
24279872
24286927
24293241
24299965
24309206
24309244
24317491
24321079
24324933
24328384
24330286
24330484
24334670
24334848
24358157
24363711
24364428
24364868
24368810
24371531
24373249
24374573
24379287
24383402
24383882
24387877
24397557
24409420
24411834
24426100
24442072
24446310
24453980
24456211
24461298
24462430
24463975
24467827
24473127
24478086
24483784
24490699
24520063
24521596
24530282
24531169
24531256
24531477
24548208
24549958
24556577
24575391
24575645
24576553
24576701
24605682
24610709
24616501
24628820
24629522
24656318
24670616
24673084
24679738
24685965
24699658
24707906
24711504
24715728
24720786
24721257
24730993
24744922
24747986
24759720
24762308
24779070
24781744
24782516
24783896
24792813
24811180
24817720
24829561
24831788
24856525
24867705
24881962
24888231
24904060
24904553
24914444
24928741
24928786
24935752
24937218
24948769
24950229
24955522
24957128
24970283
24992562
25006264
25007654
25008164
25008831
25012125
25013386
25016052
25023637
25024371
25033208
25033402
25058342
25062389
25062693
25063652
25073644
25074793
25092908
25104770
25105285
25109939
25114243
25118235
25130616
25132694
25141909
25153475
25172279
25172280
25172398
25175147
25176171
25184565
25185429
25186641
25189617
25190206
25192927
25205198
25207263
25210123
25211076
25218687
25218702
25222472
25225276
25234046
25241149
25250244
25252358
25253612
25253788
25273707
25277877
25282102
25286173
25290923
25299187
25306486
25307889
25327274
25339170
25348534
25363599
25369898
25370747
25380533
25381233
25381242
25385112
25391236
25399597
25406235
25415518
25416763
25417358
25420390
25422301
25425515
25445655
25445671
25449315
25449751
25461576
25461578
25469776
25471320
25485627
25488819
25490721
25496424
25498244
25503777
25511251
25523221
25524126
25531804
25534767
25547789
25548747
25556866
25566200
25567224
25570970
25573468
25573597
25573935
25575308
25582583
25592737
25619037
25622002
25627305
25643265
25659351
25663111
25666151
25668389
25686789
25699403
25701245
25705169
25706222
25712880
25713573
25722040
25722201
25724468
25725384
25738962
25739981
25751402
25755889
25761613
25764275
25774515
25793551
25796498
25800840
25817814
25817815
25821953
25825728
25834717
25842533
25847958
25850992
25851812
25864003
25870856
25873585
25878144
25879996
25887275
25902991
25903720
25914647
25932966
25935681
25936763
25944859
25948362
25955695
25956886
25974993
25977442
25980749
25995221
25996405
25999129
26000653
26019270
26033043
26034289
26039110
26042964
26052550
26057812
26059316
26060275
26066310
26066311
26067986
26092030
26094507
26099580
26099583
26102291
26131925
26140674
26141796
26142386
26146184
26147231
26149750
26177904
26184706
26188406
26195554
26202110
26205420
26212142
26213977
26216420
26216429
26218315
26219498
26231651
26232428
26234255
26241406
26253719
26255967
26259398
26266572
26268237
26289365
26292304
26292305
26294350
26294765
26298602
26306795
26307115
26315269
26316537
26320785
26327358
26327456
26330609
26341706
26343456
26346201
26349661
26355222
26369551
26373823
26380880
26386398
26391934
26392509
26402328
26406895
26415652
26419332
26425041
26426142
26427134
26433729
26436788
26441958
26448745
26455518
26458252
26460561
26462745
26464771
26483404
26492259
26495854
26496794
26501115
26512952
26513329
26515938
26526572
26529574
26535924
26538361
26543151
26545400
26557031
26557032
26566647
26577141
26596966
26598366
26598703
26598709
26607018
26607265
26608761
26626407
26627188
26631897
26632328
26633832
26672473
26687278
26691313
26703696
26704297
26706346
26706971
26709975
26713766
26716104
26717079
26724441
26729716
26730986
26738313
26741365
26752266
26755725
26762760
26770744
26775932
26776105
26790498
26792862
26818796
26829557
26829847
26830989
26831115
26832643
26834713
26835793
26847270
26848612
26865691
26868659
26873217
26882544
26886069
26888563
26903310
26932735
26934669
26936325
26937888
26951763
26968365
26969695
26969696
26971469
26985908
26995895
26998861
27005665
27014213
27019912
27028760
27032250
27046155
27049943
27056561
27060122
27062772
27068091
27079173
27086907
27091026
27092135
27092528
27096478
27096482
27098616
27105352
27105429
27107536
27108684
27112927
27113731
27114610
27130431
27148204
27151801
27177720
27180896
27185787
27191778
27196677
27199169
27226543
27242974
27260619
27276986
27280420
27287324
27288243
27293110
27294627
27300652
27306488
27308081
27311515
27315555
27315603
27316958
27322334
27334731
27336236
27337459
27357520
27377444
27377675
27404243
27404583
27405130
27412167
27412543
27417291
27418355
27421128
27421957
27427481
27432973
27436892
27437406
27442238
27445383
27446530
27454787
27455299
27455397
27459495
27459964
27460809
27478660
27482120
27482806
27484084
27491976
27494738
27496776
27498630
27515183
27522579
27533856
27538580
27547478
27554054
27563044
27573071
27591009
27598374
27600508
27607556
27613680
27622823
27629106
27640674
27642464
27650238
27662900
27667984
27671446
27684472
27692939
27703525
27706210
27717486
27720012
27734007
27739904
27742734
27760576
27773623
27777252
27791457
27797349
27800148
27805070
27815848
27826682
27865699
27890040
27892503
27904113
27906087
27911388
27912065
27915212
27919312
27928939
27929353
27932612
27934840
27941800
27942021
27960206
27964907
27973535
27979684
27979686
27979854
27979936
27986836
27994017
27999148
28026026
28026092
28029443
28034914
28040888
28041930
28062161
28062459
28063015
28069647
28070335
28074027
28082190
28085262
28085931
28093834
28094205
28097816
28098535
28111017
28116768
28117485
28124966
28126227
28129393
28137776
28137890
28137939
28138020
28138785
28153889
28159171
28159173
28159177
28159784
28166249
28166862
28177291
28179246
28183814
28188095
28203790
28212376
28213329
28217110
28219188
28224696
28228245
28251179
28257493
28259635
28259636
28261564
28261625
28264171
28264909
28264910
28282040
28285860
28286615
28287548
28321389
28326293
28330891
28336145
28336774
28352254
28353109
28357391
28366526
28369254
28370625
28373357
28376265
28376442
28378991
28383283
28384349
28389563
28390237
28393985
28395732
28396241
28432021
28441664
28445535
28448459
28451517
28463986
28465870
28479105
28480285
28497596
28497808
28500949
28501485
28502296
28504273
28515631
28527390
28529959
28530837
28543850
28567444
28570695
28574056
28589425
28596545
28598235
28598344
28599867
28602386
28605194
28606287
28609649
28622629
28622979
28625225
28632996
28634242
28639230
28650958
28662761
28664708
28665800
28667632
28668392
28674045
28674246
28682593
28689128
28695408
28696077
28696299
28706879
28713154
28714967
28724535
28740179
28746866
28753503
28756828
28761819
28768406
28771586
28776986
28778742
28779434
28780244
28782709
28809541
28817941
28821546
28824598
28830950
28835546
28842705
28849909
28859016
28863324
28865995
28867389
28873330
28875372
28875940
28878740
28883006
28887059
28887725
28889040
28890285
28890505
28900525
28910630
28931863
28933649
28938259
28940762
28944216
28964650
28966893
28978350
28982141
29016299
29022684
29027275
29037504
29047425
29048281
29048287
29054644
29054940
29072607
29092737
29093212
29097162
29097994
29104863
29108681
29108710
29124413
29133401
29136147
29146912
29155867
29158279
29159828
29161575
29162202
29166595
29173188
29173230
29175332
29176577
29190490
29194455
29195159
29203674
29215132
29217420
29225047
29226035
29226112
29229824
29235173
29246145
29246951
29247056
29250488
29250489
29261791
29269681
29279237
29290845
29298342
29301934
29304227
29317310
29344101
29355148
29370690
29373263
29376029
29376417
29379774
29383497
29386076
29386389
29389983
29391246
29395563
29395730
29404281
29410427
29415051
29417046
29424715
29426363
29427765
29428779
29429664
29432149
29433439
29437918
29468303
29475870
29487244
29502885
29523542
29535972
29536353
29536354
29536361
29543380
29549055
29552544
29562743
29566231
29572569
29580999
29587446
29596620
29602783
29607950
29611898
29625340
29631185
29635263
29642013
29644823
29650583
29666285
29670859
29674708
29678761
29679057
29691989
29701815
29703496
29705157
29712912
29731171
29733858
29742157
29743879
29748997
29770512
29774203
29784886
29784975
29787733
29795346
29795347
29802665
29844490
29864633
29870726
29875765
29895637
29910209
29912714
29929281
29929350
29934867
29971047
29972777
29976756
29980559
29980812
29982152
29998560
30012113
30015617
30016940
30019769
30021216
30027603
30029147
30037724
30053025
30071124
30075256
30083282
30086926
30105799
30107915
30110899
30124811
30146120
30157982
30165781
30168494
30172821
30177108
30178647
30195090
30203072
30212639
30212651
30219511
30223775
30225797
30226165
30226949
30238775
30242701
30259480
30265290
30272959
30275106
30290642
30291115
30301851
30312149
30322750
30323027
30323031
30323948
30335848
30370624
30371137
30386929
30420781
30426015
30429383
30479037
30501676
30501994
30509489
30512406
30522085
30529241
30536542
30537070
30538188
30550844
30552854
30557874
30563592
30568639
30573084
30573678
30583962
30584212
30591389
30618315
30623561
30629886
30640035
30648971
30655036
30659146
30659551
30661910
30682021
30683743
30685302
30687648
30687833
30694482
30694483
30694484
30694486
30694487
30694488
30694489
30694490
30694491
30694492
30694493
30694494
30694495
30694496
30694497
30694498
30694499
30694501
30694502
30694504
30694506
30694508
30694509
30696527
30697209
30702192
30709427
30711766
30718423
30728749
30730983
30733336
30738817
30740634
30745369
30755738
30755938
30763875
30804548
30807035
30813532
30814318
30815687
30827827
30850050
30850059
30857147
30880136
30881058
30883403
30891905
30892501
30893701
30924807
30925374
30933796
30935766
30942774
30952008
30953428
30962397
30973601
30976021
30992549
31001603
31011165
31024468
31036480
31036725
31048196
31048385
31053752
31074841
31085113
31086119
31088922
31088930
31092595
31107214
31110362
31118270
31119574
31134893
31148475
31160361
31166887
31195295
31209078
31212678
31223008
31246988
31251173
31251782
31252216
31257239
31268152
31275054
31292348
31293540
31293545
31304634
31316809
31330531
31330532
31331436
31337540
31342243
31344972
31351897
31354920
31355284
31367743
31385942
31389781
31391784
31405864
31405960
31409320
31410186
31420430
31431530
31448241
31455655
31455740
31462698
31501284
31504472
31525518
31525880
31527638
31532911
31540829
31576744
31583125
31589416
31591191
31600856
31604766
31624006
31625842
31625848
31625866
31638905
31657966
31675053
31682223
31690664
31703951
31706575
31719183
31722778
31723216
31726393
31732457
31738334
31740681
31741729
31748320
31754273
31759642
31772633
31787938
31793076
31797948
31799878
31814563
31823727
31825121
31826962
31832709
31838606
31844013
31855541
31858932
31860715
31863584
31904109
31907282
31912849
31921066
31922052
31926439
31931228
31935215
31937548
31940328
31974818
31978736
31988381
31992628
31994202
31997467
32041369
32045871
32050878
32062882
32064256
32071271
32081644
32088542
32094130
32096265
32106217
32117224
32122942
32123090
32132569
32133999
32147537
32153546
32163484
32165585
32168802
32176798
32186784
32188994
32207972
32209684
32209695
32212253
32218409
32220647
32225141
32226119
32229585
32244550
32245064
32277023
32287685
32288263
32288264
32288713
32288730
32290755
32297939
32303927
32312449
32321897
32326561
32345387
32365117
32373596
32377550
32411722
32418638
32421893
32423439
32423822
32430469
32440549
32451737
32455615
32457311
32458793
32471136
32472821
32482366
32482642
32499557
32505919
32513747
32513920
32516992
32517040
32517424
32517597
32525135
32534142
32537759
32554236
32568063
32576241
32590203
32596129
32614681
32622269
32629554
32656228
32673893
32685358
32686895
32687025
32687938
32703460
32718496
32719160
32720355
32727982
32729154
32731616
32771655
32796666
32807755
32825290
32825468
32827981
32834786
32841604
32842454
32850075
32853279
32854338
32855985
32860684
32866217
32876045
32899686
32900828
32905772
32938848
32946366
32951019
32953125
32959802
32971988
32974218
32974222
32976823
32985039
32989045
33000184
33024033
33030784
33034117
33075184
33084120
33105606
33107849
33117867
33135033
33136002
33139883
33140176
33147266
33168636
33175075
33176204
33178148
33179208
33181409
33183356
33185526
33188548
33191583
33193278
33207645
33212019
33212943
33232602
33233464
33237924
33239371
33251162
33271905
33277357
33309852
33319733
33326642
33330340
33352192
33352528
33358259
33362725
33363545
33367732
33384668
33401725
33408238
33413170
33414354
33421260
33427223
33428375
33447136
33450485
33455135
33467059
33467483
33467718
33468581
33469029
33476647
33484265
33490789
33491325
33492731
33497300
33499048
33503026
33513950
33527200
33540788
33542442
33563829
33570908
33571674
33572638
33583106
33583181
33599258
33600747
33608288
33608737
33609035
33610634
33610980
33614523
33642433
33642937
33651401
33652278
33652772
33659428
33659464
33660322
33668592
33674435
33684989
33734371
33758992
33760868
33774901
33778243
33796607
33799081
33808578
33813251
33845084
33847421
33870219
33899848
33900187
33901021
33906075
33915921
33921277
33962007
33987951
33994277
34018265
34019935
34028067
34041837
34051632
34069615
34074754
34076467
34088604
34092232
34107367
34109500
34115982
34120381
34132590
34135581
34151181
34151776
34152299
34161202
34169820
34183971
34184507
34184807
34201908
34204285
34236029
34241791
34254252
34272205
34277662
34280250
34282663
34287033
34302884
34303751
34311369
34314090
34322616
34359283
34361422
34378969
34379526
34402779
34423959
34425035
34444305
34445798
34445973
34451495
34458026
34472525
34478272
34488448
34491594
34501942
34519271
34541216
34541229
34543123
34543502
34557277
34571990
34618288
34620473
34633867
34634944
34635501
34652404
34658413
34662241
34665777
34670660
34684299
34687426
34695417
34702826
34704006
34704056
34731604
34734762
34746129
34759763
34801678
34807482
34812410
34816517
34818106
34825414
34826345
34826402
34832563
34835307
34838530
34845838
34852987
34866609
34882089
34887398
34908503
34932451
34933785
34943700
34944446
34946143
34963235
34969219
34972680
34977290
34985976
34996350
34999316
35003021
35004706
35008007
35019464
35022888
35024770
35030980
35053207
35056530
35056590
35056629
35059677
35081880
35084332
35088956
35089517
35093709
35131428
35140216
35162120
35162143
35175192
35177348
35180498
35182850
35198541
35200365
35204726
35204756
35206148
35208710
35208810
35208847
35208896
35224642
35225702
35230931
35232746
35236759
35246533
35258332
35259915
35270223
35278295
35283096
35303873
35314557
35315693
35318935
35321996
35325820
35326833
35328980
35336074
35336109
35351592
35351944
35361166
35364354
35401464
35415862
35416565
35427813
35433459
35456814
35505000
35505308
35506506
35510157
35526297
35558114
35563430
35573783
35600231
35617788
35625552
35627498
35630315
35630493
35633636
35639581
35643782
35653564
35678276
35711665
35720117
35735528
35745536
35753796
35759189
35770167
35787555
35805725
35808617
35817249
35819928
35840056
35849524
35858834
35862996
35863001
35880811
35882877
35890033
35902990
35905552
35922526
35950853
35951533
36000381
36007613
36015029
36032581
36041457
36047173
36048151
36058110
36073935
36104051
36109147
36140149
36140654
36157789
36159650
36164443
36168234
36175694
36194898
36240833
36270142
36286248
36294446
36297255
36302786
36312931
36314784
36314797
36314908
36318515
36321832
36358558
36372752
36396153
36400772
36411449
36413047
36413498
36421640
36427489
36452219
36463752
36478673
36496059
36525357
36525490
36529135
36538933
36557579
36557683
36588479
36598225
36604301
36626121
36626949
36636491
36677320
36677496
36713227
36714349
36717381
36719079
36721447
36724954
36750678
36753243
36772440
36782173
36790208
36793878
36805271
36815834
36835297
36838414
36838463
36858656
36889700
36890008
36893270
36907106
36910223
36927577
36927717
36933221
36934281
36936764
36943049
36947259
36947445
36952669
36971250
36978183
36985212
36985310
36986388
36988466
37054892
37059348
37059817
37059987
37074657
37076474
37087798
37098955
37111515
37125166
37137207
37155695
37156500
37158597
37164062
37180254
37193230
37199620
37204446
37208193
37209431
37209673
37223974
37252954
37253620
37256104
37257103
37263666
37274310
37279255
37290689
37307684
37317097
37338312
37344851
37347796
37353007
37374862
37376316
37380986
37402668
37403323
37428036
37463171
37471226
37489700
37505660
37512541
37513012
37513731
37544110
37549300
37552766
37593760
37600942
37633274
37633566
37639588
37643149
37652687
37653467
37668382
37670282
37680681
37723456
37724578
37728338
37728609
37737612
37740955
37747071
37756196
37756220
37760645
37763244
37773490
37795993
37815477
37817751
37819088
37834049
37839586
37843413
37844643
37853062
37857833
37866633
37874248
37877948
37882795
37891705
37895170
37908155
37908545
37915853
37923743
37926040
37930552
37933294
37938162
37949373
37957213
37962610
37969216
37969222
37970541
37975167
37984176
37999609
38030269
38032214
38043535
38060434
38060476
38071510
38092873
38095310
38099453
38099659
38117589
38130174
38153060
38153067
38153068
38153189
38160319
38181756
38204334
38224856
38236032
38281956
38289130
38305908
38325450
38335095
38343479
38353250
38363136
38379053
38386622
38424185
38447033
38455712
38463904
38466143
38501659
38503748
38511938
38520253
38530466
38542144
38549473
38554967
38562771
38568811
38569435
38574283
38601816
38602145
38608884
38609771
38624208
38625380
38632664
38645023
38666647
38674658
38678725
38682908
38690889
38692886
38696083
38708341
38714565
38735607
38739652
38749333
38757288
38771316
38776962
38780098
38781632
38785702
38788954
38792751
38792790
38818321
38818749
38821274
38826349
38830423
38836055
38836877
38838013
38851738
38854237
38867173
38898115
38901309
38908045
38910759
38933033
38936430
38941866
38961023
38989332
39004818
39005748
39009586
39016616
39023717
39026145
39028750
39028840
39039267
39044841
39057790
39060466
39065022
39065134
39084374
39092033
39109109
39130068
39160186
39166849
39180999
39185481
39200710
39204265
39212288
39214961
39214970
39214972
39216355
39236821
39245746
39247236
39252664
39252966
39259722
39267516
39269166
39279459
39288007
39291751
39292009
39311204
39319087
39334659
39338977
39349471
39352935
39357850
39365064
39366327
39366491
39384175
39401218
39406043
39425873
39439937
39452214
39452728
39453963
39464821
39465969
39502646
39526800
39535209
39541434
39562741
39581470
39582057
39584475
39584845
39597529
39611668
39612475
