9336927
10203482
10488171
10655415
10970351
11230429
11321071
11321544
11397673
11491349
11588691
11724828
11814664
11830304
12204364
12610727
12628542
12687415
12754231
12807195
12884074
12892852
12933878
14573682
14585856
14612237
14659536
14662975
15096547
15112061
15143009
15184539
15218997
15297563
15385520
15463892
15463897
15472352
15516469
15541981
15681508
15711795
15812007
16030222
16040202
16081224
16217180
16233838
16266831
16388024
16500084
16687590
16781896
16860003
17002785
17033756
17205687
17296759
17509790
17595284
17658302
17693726
17910284
17953572
18032622
18217926
18310047
18524931
18624797
18684854
19146953
19153076
19285387
19533713
19579020
19635825
19716254
19880661
19948863
20185551
20236810
20337933
20412282
20438352
20511428
20519474
20544435
20602636
20643851
20810766
20826205
20852798
20880411
21208930
21538256
21724375
21752084
21835880
21984237
22006009
22052100
22089390
22171975
22360670
22361941
22484971
22715269
22919584
22922277
23035662
23104033
23105020
23105085
23214453
23378576
23406585
23478130
23706672
23888610
23978260
24040015
24092012
24163337
24196427
24260482
24358195
24362703
24530988
24722372
24728272
24759710
24790091
24810292
24933233
24957830
25104220
25125326
25156735
25272005
25392361
25392525
25411181
25441256
25474359
25676757
25974852
26187366
26195596
26233897
26503664
26586873
26671758
26814642
26996269
27160743
27514367
27620956
27665523
27822534
27839953
27872073
28096160
28138122
28264560
28407432
28430818
28463663
28468829
28584102
28625994
28683814
28721855
28733286
28965239
29055510
29164069
29352801
29497870
29619322
29914989
29983287
30012762
30091842
30249707
30341796
30375378
30532201
30683036
30687759
30709708
30910901
30962350
31167848
31229548
31350337
31392941
31393205
31786294
31925306
32142878
32335276
32446686
32504154
32507782
32628999
32878952
33101250
33228110
33318011
33326490
33720991
33723985
33884648
33931418
34097494
34132614
34151662
34236112
34370574
34524889
34603736
34604306
34660335
34718934
34990646
35215373
35326755
35431096
35625319
35740188
35932295
36132989
36260443
36525921
36716692
36864824
36995114
37043060
37098094
37252893
37298372
37449463
37498085
37526960
37748387
37813217
38032212
38126119
38299816
38400190
38474392
38582164
38869300
39306074
39361547
39440926
