671578
1557375
6404990
6863975
7489921
7498425
7547474
7800041
7894745
8117465
8525055
8764685
9013253
9099582
9511829
9523438
9569669
9573188
10390640
10547686
10556723
10759311
10790392
10903373
11108593
11155997
11328780
11592990
11880639
11992713
12097909
12140246
12206235
12559491
12597651
12643829
12709338
12710612
12854423
12897857
14629385
14651648
14662922
15024419
15036143
15037105
15140268
15270538
15275347
15297923
15305172
15386106
15491544
15535575
15750072
15774024
15865286
16030207
16033569
16085497
16208939
16269725
16339946
16396396
16495252
16777737
16818783
16820474
16924406
16928646
16936055
16950898
17028229
17036209
17040394
17298560
17329802
17361572
17470297
17584494
17761848
17879233
18005738
18155858
18257289
18259058
18355299
18387819
18401667
18405836
18456851
18461124
18502862
18545272
18550617
18622662
18770621
18836024
18974344
18979023
18988686
19265485
19292821
19296184
19307581
19329661
19343208
19364731
19389774
19411536
19486895
19496412
19523069
19652990
19692410
19712416
19753103
19906794
19911047
20193981
20198874
20231892
20380298
20585501
20644622
20647151
20700535
20880864
20944019
20949079
20976219
21050430
21075139
21171866
21175696
21183640
21214605
21225190
21278277
21337952
21445333
21576469
21676204
21776894
21829485
21922235
21936318
21945051
22012236
22085419
22292021
22375862
22447527
22497736
22533729
22609369
22649020
22654845
22674991
22679853
22798369
22808174
22831171
22835476
22874746
23025192
23113940
23133394
23149015
23166816
23171418
23210448
23271364
23324387
23384159
23540123
23719839
23733960
23785694
23802876
23825950
23828002
23845310
23856508
23924682
24118111
24164708
24190075
24204251
24282596
24345405
24387805
24484966
24551251
24594301
24605469
24763283
24797695
24860790
24926801
24963388
24974378
25096321
25132534
25154109
25155417
25300665
25354059
25452279
25538866
25717372
25739023
25739293
25809075
25906062
26019119
26115104
26174827
26189661
26204449
26244782
26254486
26291077
26400107
26427709
26441903
26497146
26556361
26601484
26631376
26706669
26721865
26818097
26856916
26891349
27021523
27047911
27055293
27156023
27183820
27189996
27279553
27342560
27362709
27381293
27432829
27543297
27768689
27827425
27855218
28026036
28262718
28266601
28334194
28435138
28446677
28542621
28568404
28568927
28606944
28617844
28623959
28655666
28702705
28732048
28776863
28799248
28805637
28854601
28991902
29042606
29076641
29141766
29216317
29282144
29751814
29779872
29789369
29807401
29897678
29950416
29981933
30069620
30106293
30150426
30165658
30274467
30474731
30533608
30583042
30583288
30646951
30744707
30796064
30950399
30997886
31014588
31060581
31083952
31120156
31161026
31194893
31346538
31416478
31615544
31644794
31659008
31699757
31726321
31750894
31793429
31846415
31847836
31900308
31927646
31961929
32041638
32191724
32282862
32384776
32555677
32582067
32649049
32708688
32722516
32733407
32803130
32851048
33083739
33120915
33198811
33325576
33441735
33716790
33879316
34074789
34107180
34108021
34110943
34190587
34292940
34351459
34442272
34446060
34448004
34492433
34564228
34580706
34584163
34634928
34642800
34791181
34849818
34969947
35068604
35236394
35266572
35292086
35294495
35446252
35526745
35538383
35581290
35678877
35726500
35857094
35873163
36005362
36005381
36085160
36169529
36299486
36447246
36555851
36636344
36648231
36677449
36715911
36800397
36850014
36857313
36883556
36889142
36989319
37098535
37117271
37417166
37604924
37622600
37744653
37874788
37989350
38006542
38470882
38484041
38493661
38502456
38547310
38588812
38701242
38976758
39041013
39052691
39077840
39102421
39157806
39176079
39243881
39336607
39341970
39349234
39495807
39506857
39533947
39543157
39548000
39562330
