1288347
1312090
1317150
1325937
1328152
1347040
1352512
1362171
1479804
1482176
1496756
1500175
1573905
1577692
1637842
1718341
1746106
1747121
1769542
1829347
1835700
1901041
1910033
1936941
1973928
1987143
2037534
2108992
2116449
2116916
2161844
2164846
2254261
2361945
2753858
2803261
3053777
7499342
7521309
7592343
7706221
7721716
7721839
7754711
7768768
7806384
7811006
7843081
7867809
7876197
7883712
7896083
7928976
7937823
7960141
7988905
7989561
8037745
8048974
8056283
8073195
8127896
8144530
8154787
8157629
8206157
8218359
8233637
8236693
8253756
8357252
8373385
8412656
8434795
8458847
8491705
8491737
8503890
8505293
8540717
8589669
8626310
8626559
8661920
8682310
8723479
8752348
8757870
8759860
8762621
8798587
8834879
8849253
8867604
8905098
8973304
8980139
9023212
9083014
9084166
9114380
9158729
9158761
9163531
9177272
9258941
9274017
9298187
9312089
9338490
9345764
9425250
9435058
9440521
9451822
9517928
9561745
9579335
9650934
9724934
9733699
9770293
9785452
9796658
9811642
9841664
9879919
9914501
9990142
10069368
10079833
10207923
10223926
10340844
10362527
10380629
10383981
10413097
10418099
10427702
10428839
10520745
10575614
10596896
10618129
10639134
10762252
10777070
10788452
10810996
10873580
10879490
10939046
11010870
11050655
11060051
11060057
11060090
11073729
11092850
11112367
11133940
11157951
11162579
11171086
11248190
11271419
11272259
11321084
11341377
11415452
11430498
11484786
11535796
11557766
11566225
11585824
11594604
11594769
11696373
11747441
11803039
11825951
11837389
11851818
11864950
11886197
11914342
11959576
11980486
11983695
12089310
12105952
12164282
12189418
12196165
12224651
12351242
12385883
12392906
12406727
12417030
12455613
12461007
12523634
12543674
12572673
12613853
12634338
12651848
12767849
12829267
12869539
12876690
12878541
14526002
14535582
14572490
14596989
14597003
14611181
14703871
14981290
15009211
15057514
15126702
15585502
15802565
15830669
15839407
15895735
15943817
16085800
16108802
16151212
16157547
16158233
16170825
16175246
16191708
16212060
16341371
16388931
16404507
16502332
16550463
16569830
16597896
16629168
16630381
16650958
16691474
16698119
16701541
16788055
16797039
16808350
16912037
16923897
17046092
17258207
17283098
17325446
17326750
17532190
17587700
17613069
17766449
17899464
17920212
18080683
18086839
18177941
18180067
18245252
18269355
18289719
18295881
18298454
18305969
18310424
18422952
18460472
18483900
18559856
18599707
18645808
18954011
18979168
19125305
19184832
19222538
19333776
19372160
19418247
19567344
19621635
19631355
19774401
19778344
19798118
19833097
19844647
19858568
19895650
19903200
20042062
20132375
20352375
20418419
20433865
20451296
20497495
20519483
20639015
20735478
20802190
20810144
20817645
20842358
20873734
21114506
21122331
21248089
21273384
21295546
21319823
21395627
21477066
21569931
21597057
21602356
21664110
21813759
21839380
21950071
22003038
22021858
22029817
22036229
22053628
22082498
22096043
22114184
22166211
22260926
22261519
22281320
22309016
22313539
22360895
22363334
22471967
22575714
22622011
22730119
22777344
22828966
22918892
22933757
23007388
23255866
23269456
23334411
23350629
23390911
23396344
23485245
23535981
23588135
23639357
23712873
23750157
23966487
24010630
24031942
24036261
24047647
24058539
24089518
24109529
24133651
24197782
24247239
24325647
24346073
24404436
24455887
24605454
24609495
24698417
24915885
25017384
25035319
25111748
25207988
25229752
25258315
25368300
25405007
25405882
25481947
25505269
25519007
25584777
25662243
25702162
25742971
25796033
26026404
26074889
26369334
26417465
26455369
26474562
26543562
26566933
26603748
26952401
26957978
26960635
27127665
27145777
27162377
27166215
27242675
27260143
27315453
27340071
27392397
27476730
27487805
27567151
27663381
27682080
27697162
27717798
27729019
27780292
27807367
27857597
27936329
27987112
27991828
27999767
28116929
28189328
28229213
28260587
28270110
28285496
28297650
28316009
28316889
28330248
28340291
28342109
28427899
28430425
28488226
28609553
28694023
28799224
28833105
28845982
29030312
29055593
29111433
29165147
29210695
29278907
29337343
29387903
29519512
29530530
29621708
29864148
29867856
29932149
29951380
30006010
30069686
30080119
30155476
30165820
30173753
30186621
30205468
30267215
30284921
30353110
30605272
30622846
30624665
30637906
30706116
30711531
30729160
30791887
30792995
30804798
30852798
30955810
31084171
31107150
31124051
31207381
31207535
31209486
31251533
31303057
31320255
31439707
31449920
31454711
31492453
31519751
31540276
31540503
31560461
31598480
31651255
31663834
31683205
31691814
31834656
31847230
31879958
31896482
31910839
31960131
31965693
32059859
32118070
32127598
32185186
32266590
32306109
32333954
32339850
32366243
32375832
32388703
32715869
32724992
32820119
32827921
32932843
33025182
33097182
33181409
33202368
33370990
33371410
33378295
33492450
33608287
33737921
33872754
33976389
34171542
34194401
34203681
34307079
34351493
34416928
34423377
34464988
34474124
34556047
34563197
34628644
34639339
34787441
34828051
34889238
34942014
34944289
34947739
35056483
35113894
35147844
35203826
35206710
35215165
35216093
35259335
35326843
35333989
35351944
35368335
35452978
35454112
35481757
35602086
35699894
35707938
35765548
35832805
35857430
35912375
35941332
35944787
35971252
35989355
36053368
36061879
36098848
36139091
36173159
36185519
36194530
36215468
36297031
36358345
36360150
36402913
36458992
36467638
36539569
36642748
36673462
36695758
36712199
36757840
36846772
36897262
36966282
37014476
37049972
37059348
37104459
37273558
37278951
37330452
37370300
37371521
37379596
37403134
37478160
37484003
37507515
37531004
37647551
37689895
37700074
37755084
37786852
37798570
37821792
37868061
37887187
37907118
37954234
37977373
38005278
38085805
38098666
38128739
38176508
38280311
38395395
38399811
38498111
38500189
38563617
38792809
38828370
38851786
38910254
39000264
39002512
39005782
39213909
39222179
39229122
39340376
39356407
39410094
39419727
39467681
39478619
39483124
39572733
39573818
39590102
