35311520
37405159
36591
116630
120616
121144
172183
433674
629550
736056
783046
783048
791875
875885
955696
955697
955699
955701
955705
955706
1119745
1191345
1294015
1641291
1643936
1889288
1899819
1925728
2061581
2063846
2108192
2402659
2496449
2501465
2511905
2520550
2563011
3002538
3120269
3128197
3753567
4043971
4719530
6304611
6415818
6433567
6436337
6440415
6741120
6773604
6779260
6814312
6826777
7081877
7224922
7314031
7405910
7513847
7712269
7725685
7817549
7892750
7997760
8163694
8195733
8198317
8201345
8233176
8257178
8282837
8393983
8435028
8445168
8465313
8604303
8656171
8711652
8757356
8874254
8948274
8978163
9016618
9407483
9764268
9872193
10101192
10202227
10223091
10448994
10474515
10654971
10783581
10954595
11031342
11071937
11191152
11337179
11472636
11493128
11502638
11677283
11897994
11972343
12006434
12065338
12065339
12188441
12361446
12598403
12620381
12732822
12740268
12837872
14576319
14621450
14972377
15037698
15503681
15555826
15611807
15620603
15625297
15681485
16002953
16143191
16143584
16304082
16451727
16470249
16644879
16695976
16948943
17128838
17308212
17556745
17637367
18079229
18435477
19095568
19318345
19535492
19539102
19739426
20118388
20171545
20802904
20884727
20920764
20927683
21161445
21439510
21536614
21722263
21727645
22110297
22184919
22346419
22346468
22424630
22502799
22696636
22886080
23188566
23285777
23294711
23466609
23535111
23622002
23968755
23993112
24330021
24330612
25186505
25366416
25592340
25629010
25846458
25874735
25957137
26084074
26223662
26284257
26557032
26586037
26819961
26848377
26922693
26976263
26986172
27019912
27040303
27040534
27057827
27082601
27191004
27230114
27242720
27293852
27475111
27661056
27836006
27923522
28073091
28376442
28474099
29072872
29096010
29279451
29318527
29479548
29559400
29595632
29768381
29864383
30092287
30157804
30175736
30226949
30290642
30768887
30843291
30951222
30985670
31014083
31097260
31128571
31399022
31488697
31725635
31842954
31851288
32143599
32386104
32446872
32448200
32868199
32970220
33178864
33268306
33592835
33592875
33639884
33708517
33733396
33850819
34012847
34114559
34354405
34548004
34549484
34557557
35038199
35152773
35251667
35311520
35816304
35917101
36084539
36205104
36218836
36388772
36636843
36731870
37405159
37741157
37950996
38214084
38858211
39129001
39334394
39399709
39469091
39524400
