9614
48687
61328
65205
81920
96129
97222
98519
102431
104183
105520
106070
106902
108219
110164
111333
111440
111936
112483
112807
113847
114513
115787
116098
117748
118422
118927
120849
121117
133640
141424
168311
214419
319774
352926
401865
402176
404035
405396
406436
408517
408595
409666
409685
410896
412349
414704
415068
415769
416036
418603
553835
804024
804436
804848
807194
811707
811834
815566
820199
820281
820282
824484
861886
899456
931810
935909
1090531
1092769
1155368
1180872
1245766
1285147
1285166
1391077
1397226
1452782
1453929
1474268
1490908
1490919
1599709
1631071
1633295
1640830
1669870
1679815
1699074
1718867
1735717
1791203
1809999
1823253
1828057
1900984
1901182
1909075
2000253
2077715
2084836
2108894
2108899
2111231
2111600
2116013
2124491
2129148
2151460
2169838
2202836
2227396
2265753
2283968
2323738
2411714
2414559
2429062
2446452
2470979
2472081
2473577
2477635
2494266
2500809
2500817
2500820
2502701
2504502
2506133
2508377
2509569
2514113
2515098
2517490
2517567
2528876
2530743
2689286
2774033
2775330
2827023
2839340
2868590
2891757
2948351
2966528
2983113
2993167
3019994
3025175
3025674
3030029
3034972
3039312
3092513
3092514
3092733
3099476
3099872
3101240
3110777
3112181
3113135
3117892
3123261
3124723
3127695
3133761
3134212
3135463
3135587
3137746
3143181
3143205
3143322
3146190
3149838
3155709
3182468
3357194
3425857
3604504
3607997
3611323
3692607
3738434
3767639
3878295
3923111
3923442
3924830
3925636
3932300
3933222
3936303
3938060
3939144
3978486
4033457
4106685
4118506
4121100
4144951
4160233
4168960
4174116
4181396
4184904
4189402
4197161
4197640
4198730
4199720
4202032
4202642
4203597
4203598
4204202
4205669
4208496
4208497
4209307
4209991
4217558
4247034
4255339
4286676
4311067
4313087
4314542
4322195
4343208
4389659
4454806
4621498
4621609
4627014
4627266
4627722
4629654
4630294
4630304
4632361
4632985
4634011
4682353
4789156
4953416
4953724
4953887
4953888
4954898
4955450
4955534
4955877
4956562
4957019
4958768
4958917
4959295
4959874
4960025
4960184
4960490
4961190
4961348
4961625
4962651
4962656
4962784
4963144
4963147
4963247
4964482
4964511
4964512
4964746
4964818
4966142
4966204
4966205
4966884
4967685
4968790
4970248
4970413
4970945
4971158
4971243
4972108
4972946
4973065
4973328
4974217
4978873
4978942
4980710
4981515
4981550
4982281
4982394
4983572
4983897
4983949
4984160
4984161
4984189
4984303
4984872
4985425
4985818
4986458
4987379
4987967
4989987
4991999
4992000
4992529
4992530
4992661
4992667
4993328
4993621
4994905
4995730
4996370
4998255
5000829
5001135
5002314
5004276
5004952
5449648
5638398
5666750
5828964
5856535
5887555
5888381
6086530
6101751
6108068
6138500
6160701
6174796
6185059
6198315
6206301
6218629
6227172
6229118
6243620
6255866
6270060
6277011
6283169
6300416
6311753
6316330
6318665
6325395
6355166
6372321
6375175
6389348
6402176
6402488
6403502
6404081
6408164
6411692
6413401
6416165
6417458
6418764
6419207
6424364
6424628
6426293
6426456
6427179
6428091
6429042
6429985
6430970
6432397
6439780
6447173
6519811
6595900
6598552
6750042
6767807
6776290
6778025
6780629
6785212
6785449
6785450
6786851
6786985
6790347
6797351
6805177
6806258
6807498
6807989
6808630
6808914
6808967
6818327
6819337
6821284
6887703
6893847
6988404
7071685
7106128
7223724
7381985
7406725
7489768
7489918
7559184
7560966
7568230
7568464
7591059
7603758
7615709
7624323
7641771
7646303
7681640
7729671
7730218
7739593
7743135
7768861
7814338
7830565
7831266
7852575
7869554
7899317
7907342
7919700
7937822
7990147
7997860
8007061
8019819
8027375
8054440
8106325
8110941
8111165
8168920
8253972
8263202
8284128
8343537
8355630
8355637
8378326
8412663
8443306
8448320
8452961
8478311
8486407
8522837
8529874
8550480
8559800
8569575
8573568
8576378
8596528
8599056
8599765
8603942
8666848
8727917
8754453
8764484
8784555
8784575
8821021
8894575
8894741
8896510
8921853
8939436
8977947
8984415
9003612
9003626
9006041
9045292
9045809
9057340
9082736
9083761
9122631
9126447
9132114
9144784
9172866
9188089
9194403
9230366
9258565
9279989
9317037
9323477
9353044
9393842
9398247
9399510
9404504
9422739
9431948
9447903
9460869
9505178
9572022
9582465
9613652
9648648
9670755
9688813
9697776
9712757
9712865
9733382
9759385
9774560
9785999
9798043
9827285
9835025
9841780
9866730
9887269
9919665
10028593
10074520
10074531
10085021
10220818
10341192
10348851
10356731
10356732
10382031
10388628
10409691
10447032
10455111
10464204
10483500
10485921
10488190
10497029
10509474
10565154
10587745
10598381
10629190
10635798
10657187
10657191
10657200
10657202
10657205
10657206
10657207
10657208
10657209
10657221
10694006
10732668
10747168
10751393
10760146
10760164
10766788
10818196
10826839
10835015
10876887
10884862
10899841
10932611
11004391
11015416
11029696
11042283
11045069
11057966
11073924
11076724
11099937
11152428
11157965
11179298
11210616
11210640
11220973
11247343
11266304
11283092
11313140
11320302
11361072
11494762
11550555
11574919
11597336
11684296
11849348
11851299
11871310
11886559
11902155
11959451
11979120
11996689
12000953
12037265
12075771
12093688
12096018
12169610
12170325
12199083
12232668
12270831
12393210
12446639
12454177
12480929
12490412
12506628
12543916
12543926
12584002
12624069
12630329
12644496
12655054
12656150
12661461
12675807
12682118
12712509
12740624
12840010
12855165
12892140
12910872
12964050
12977775
12977776
12977962
12977976
12989788
12994626
12999694
13001998
13006960
13012820
13012821
13015969
13020274
13022924
13030876
13033306
13040889
13041758
13043328
13048666
13051120
13054441
13066470
13071073
13076882
13079153
13081619
13084556
13084557
13087252
13091064
13093479
13093696
13095434
13097702
13097794
13100857
13101451
13104705
13111657
13127407
13129217
13132537
13134367
13137232
13137255
13140372
13141410
13141601
13143951
13149737
13156392
13156593
13157585
13160167
13160211
13160212
13165057
13172050
13173312
13173982
13179698
13179705
13181916
13185178
13188706
13198121
13198832
13199554
13201251
13205170
13206352
13206355
13211984
13214055
13218389
13219125
13220608
13225071
13228414
13229998
13232564
13233160
13236154
13241770
13244327
13244519
13249168
13250068
13253263
13255099
13257357
13257404
13257799
13260155
13260281
13261422
13267998
13271307
13273363
13277768
13279120
13282447
13282448
13283597
13286240
13287499
13293259
13294803
13299354
13299695
13301506
13304107
13304111
13308788
13310146
13314375
13318395
13319258
13325823
13325839
13328905
13328992
13334471
13335237
13338797
13338798
13338804
13341991
13342187
13346016
13348037
13348038
13351332
13351338
13353698
13360249
13375023
13376876
13382901
13382910
13385402
13390570
13392531
13392584
13393652
13393654
13395824
13397125
13399799
13402111
13410039
13410555
13410556
13419780
13420059
13420406
13421133
13423620
13423746
13423747
13423748
13423749
13423750
13423800
13423801
13426422
13426423
13426424
13428084
13428920
13443983
13443984
13448597
13449210
13452223
13457078
13457214
13465493
13465496
13465497
13465498
13465775
13466181
13466864
13467514
13468650
13469286
13470842
13475227
13475231
13479978
13480527
13480528
13483068
13483070
13485483
13485484
13486916
13487119
13491431
13499429
13499471
13501942
13501943
13503072
13504154
13504193
13507043
13507057
13508621
13511133
13513604
13514124
13518411
13520258
13529827
13531870
13531888
13535759
13535764
13544437
13544562
13544565
13544566
13544567
13549028
13549701
13549702
13552679
13553672
13555066
13559813
13560480
13560482
13562600
13562985
13570120
13570502
13570515
13570539
13572391
13575385
13598367
13599992
13599993
13599995
13600004
13600047
13601994
13604354
13605091
13605092
13605095
13607782
13610802
13611206
13618324
13623526
13626130
13627596
13632391
13636350
13641674
13648853
13649684
13652161
13658690
13659859
13659866
13668865
13670999
13671141
13676801
13682433
13682669
13686197
13687032
13687033
13687320
13693077
13693680
13700380
13708879
13708881
13712210
13716744
13725786
13727783
13727784
13729829
13730324
13730325
13731211
13733592
13733593
13734741
13737002
13739010
13747620
13750215
13752001
13767752
13769162
13773329
13777167
13778958
13790403
13792400
13792663
13792664
13792665
13795726
13795727
13813903
13819397
13819398
13830288
13830289
13831310
13832992
13842068
13851564
13852019
13852776
13853186
13859887
13861431
13862955
13865599
13875213
13884987
13895880
13896067
13903265
13905631
13909299
13912187
13914084
13916623
13918498
13919412
13919413
13922991
13925045
13936045
13939492
13941336
13946026
13961156
13961593
13962619
13966472
13970250
13974044
13976002
13977117
13977525
13977526
13981573
13998855
14003311
14009171
14009172
14012121
14016524
14016525
14017440
14017441
14018221
14020612
14020823
14021175
14021432
14023195
14035545
14036798
14037806
14047220
14048143
14054476
14058954
14066552
14066596
14069847
14071133
14071137
14071138
14071139
14071140
14075934
14077129
14078474
14079248
14079294
14080806
14085507
14086314
14088035
14090100
14090271
14090790
14090961
14091321
14094688
14097484
14102172
14102188
14102827
14107794
14112158
14113869
14116184
14117730
14119141
14122568
14122976
14124722
14124733
14128780
14128888
14130407
14130877
14133990
14140754
14141941
14141942
14141943
14141944
14141945
14142928
14144803
14147713
14151748
14151767
14158470
14162807
14166981
14167618
14172279
14178619
14184875
14186718
14186756
14186826
14187578
14187949
14187971
14188017
14188721
14191375
14191800
14192400
14193398
14201087
14205444
14206511
14207637
14218774
14225830
14231056
14234812
14237752
14253467
14255902
14259026
14268399
14268584
14270040
14273499
14274028
14279458
14290055
14291601
14293592
14310445
14325283
14325888
14334403
14338017
14338863
14346571
14349282
14350336
14350349
14350600
14357907
14360548
14360551
14360669
14365333
14366838
14366842
14366843
14367290
14375273
14380759
14382302
14383710
14385671
14388336
14390768
14391737
14393511
14393514
14396168
14397681
14404730
14404917
14405758
14405936
14406106
14407187
14408380
14412890
14424796
14425313
14430502
14437909
14440441
14446112
14446959
14448990
14449892
14454254
14455724
14456847
14458113
14459463
14460551
14470773
14471251
14476030
14479724
14479866
14481156
14482292
14482311
14483758
14487794
14488335
14493129
14495897
14497609
14532043
14532240
14602910
14604803
14617647
14622427
14638415
14645223
14695899
14700169
14711339
14715320
14726229
14770825
14770854
14771045
14771046
14773091
14773092
14774525
14774989
14777480
14778955
14784925
14787666
14789181
14792895
14798937
14798938
14799468
14803753
14809863
14810136
14812394
14817285
14818982
14820944
14820968
14825605
14825813
14828359
14831036
14832416
14832969
14837296
14838592
14842097
14845655
14846642
14848022
14848058
14850426
14856245
14858431
14860082
14867598
14869619
14874374
14874375
14880693
14880766
14885112
14885168
14898363
14903240
14904478
14905710
14911955
14912016
14913506
14918353
14918354
14924587
14925674
14925840
14927573
14928741
14938456
14944678
14953965
14966119
14983039
15024972
15039307
15049077
15059628
15109786
15122888
15163767
15205415
15225319
15287739
15336488
15351033
15353570
15365022
15392846
15395178
15396631
15410025
15413608
15413609
15413713
15420348
15433996
15437242
15437243
15444753
15447793
15456786
15481931
15528205
15628844
15629913
15632194
15634975
15667993
15814981
15816203
15823025
15828187
15876349
15882532
15897998
15905338
15938759
15959987
15968079
15968823
15997879
16000474
16111218
16113319
16146229
16166084
16206827
16233277
16239540
16246167
16308214
16335054
16350064
16350084
16352732
16406634
16414580
16426709
16431389
16434717
16440286
16452436
16522631
16544277
16558904
16560384
16560385
16560425
16560809
16560989
16561398
16561791
16566125
16570512
16585752
16585757
16672385
16748385
16760319
16911772
16923899
16950777
17059178
17095508
17159220
17163130
17183220
17259312
17275217
17292306
17322319
17353293
17354605
17359232
17369815
17376076
17431853
17543196
17657027
17712004
17720794
17769488
17771854
17849290
17877539
17882833
17902703
17906776
17919283
17989189
18013470
18015640
18016380
18099982
18102524
18112617
18116325
18141126
18219082
18257138
18290809
18378421
18404803
18463592
18575847
18595471
18779588
18784317
18797769
18859613
18861718
18867832
18872689
18876948
18879482
18919156
18927428
19007916
19013041
19074382
19089478
19099151
19143171
19146571
19201805
19238246
19244623
19255544
19306020
19340963
19393707
19433095
19459470
19464556
19505463
19592583
19623714
19628642
19628919
19652344
19805181
19827491
19854905
19873879
19966008
19970571
19970994
20007980
20051108
20055937
20138787
20251878
20264822
20266357
20272110
20277619
20280186
20284033
20292352
20342004
20344315
20350389
20475198
20475209
20475320
20475321
20475379
20475403
20475780
20475892
20490433
20491827
20495169
20495509
20547743
20639324
20655112
20692989
20695214
20696088
20711574
20728389
20806922
20835621
20844217
20941542
20942914
20989337
20990537
20999531
21073308
21111065
21174557
21188384
21205008
21322482
21359697
21413281
21443692
21525220
21549738
21557059
21593261
21596008
21598618
21641260
21669023
21732292
21742447
21780772
21803991
21880960
21889551
21918025
21921111
22081710
22090411
22184915
22205447
22221495
22239957
22287525
22321591
22335194
22339216
22346556
22382258
22402499
22438866
22443092
22493337
22494559
22505676
22514641
22535233
22538997
22557227
22568715
22588485
22628502
22808726
22887653
23120183
23125120
23163039
23230295
23320433
23357389
23393527
23402486
23449875
23508421
23585541
23625444
23627412
23724339
23772071
23778659
23824772
23852866
23904149
23932883
23940209
23945957
23965520
23981100
24000590
24006007
24106279
24106714
24200588
24209492
24293345
24294241
24295558
24341210
24344208
24371307
24377418
24378941
24383653
24477182
24541110
24541726
24544855
24749659
24816089
24873177
24925458
25023856
25027172
25051700
25062832
25131001
25153519
25195886
25208910
25286521
25286540
25320226
25335402
25354840
25356320
25378500
25404705
25427102
25496130
25502525
25559625
25631591
25635272
25703400
25752606
25756608
25862688
25898753
26016345
26055849
26082031
26104697
26107188
26155836
26170452
26226444
26227590
26249683
26294390
26322885
26382754
26424684
26452736
26455435
26459339
26478504
26490043
26517665
26519837
26525966
26561319
26607400
26609038
26625388
26634231
26644434
26677424
26691231
26840007
26883545
26884173
26981011
27000873
27032253
27070129
27099070
27291708
27314309
27377440
27381918
27407288
27551018
27561288
27585941
27585943
27630847
27640957
27857661
27881543
27902402
27902437
27934582
27974280
27983494
28032302
28039359
28043222
28206911
28208859
28254972
28264610
28289087
28330333
28380097
28397983
28478776
28480263
28483856
28535857
28608671
28628446
28681814
28686600
28694441
28711373
28722581
28726616
28741682
28757016
28807095
28913330
28929958
28950931
28954639
29013660
29049350
29071076
29132312
29255382
29311283
29370758
29435693
29437107
29440253
29465341
29479345
29487033
29487617
29507090
29523087
29526446
29616610
29629244
29648145
29688558
29701029
29724782
29752561
29844180
29875175
29912686
29912709
29917039
29927249
29981488
30023642
30064365
30174653
30179278
30180805
30258651
30280689
30308476
30334727
30350821
30355399
30359301
30376615
30465638
30509172
30583866
30646974
30677284
30695349
30703462
30709334
30718426
30742135
30767351
30785694
30794877
30814269
30920634
30921303
30953325
30969492
31033407
31036455
31036811
31057086
31061711
31076496
31162026
31164873
31182148
31207044
31215890
31226315
31250594
31267892
31294205
31382874
31418673
31425581
31437147
31443569
31454392
31472364
31478826
31497588
31573517
31585651
31593511
31653227
31678926
31748323
31755876
31769641
31804499
31829153
31855139
31864859
31912662
31953428
31992594
32003344
32091368
32119905
32160282
32166638
32209165
32217691
32284274
32317393
32334517
32396336
32408918
32440366
32499101
32654902
32658384
32715869
32727830
32747952
32772111
32818407
32818967
32822716
32865881
32999749
33094342
33109284
33162956
33171283
33189955
33245764
33246485
33256617
33268541
33275088
33298610
33498785
33594869
33601764
33613904
33622492
33672886
33686077
33714465
33723052
33770235
33805816
33907680
33925877
33980219
34022437
34091094
34170418
34172699
34292063
34338627
34339636
34370555
34370560
34388323
34405169
34524891
34656079
34687839
34737673
34774362
34792391
34910778
34959416
34974304
34988247
35051755
35075995
35139782
35141216
35169995
35182755
35190783
35209973
35223662
35248526
35328715
35351489
35544196
35613349
35749600
35767641
35787040
35797309
35860872
35863003
35873280
35876749
35905020
35910417
35922239
36053480
36140605
36178603
36259695
36330823
36346227
36350124
36398576
36469781
36648835
36677967
36721501
36742785
36748453
36778052
36787273
36787356
36830604
36851989
36902043
36993015
37042786
37099600
37140254
37196412
37212056
37226547
37227047
37250492
37344769
37359068
37371526
37384376
37486209
37572824
37580220
37597133
37642998
37645492
37690442
37712831
37729854
37777286
37786852
37815714
37917029
37926867
37940844
37957801
37971662
37985550
38018182
38034127
38044953
38103335
38157791
38250813
38284202
38381586
38444885
38497937
38543527
38549563
38592748
38635392
38650814
38675763
38677407
38696348
38706760
38721474
38739120
38756974
38806021
38809016
38922140
39043387
39061335
39092925
39110090
39165018
39186721
39190269
39196424
39213744
39232488
39261531
39280325
39280491
39295187
39313157
39373943
39382357
39399232
39438263
39550426
