1280567
1287612
1288961
1290865
1297403
1312921
1320603
1324239
1324647
1327789
1328138
1329620
1331205
1335830
1336892
1362754
1379907
1386566
1391026
1393813
1396735
1396749
1396778
1396779
1399949
1411315
1416883
1424519
1429336
1450260
1452490
1452503
1486887
1486888
1489178
1500191
1503874
1506348
1525791
1526671
1526673
1527336
1527337
1527339
1532405
1563388
1592697
1597200
1617037
1617039
1617040
1617926
1617932
1618002
1618006
1638583
1657855
1657856
1662624
1662890
1663930
1664825
1679812
1684981
1685025
1709390
1725147
1725149
1725150
1728891
1730186
1739053
1748124
1748125
1754733
1761452
1767808
1771307
1778855
1790546
1797456
1797457
1798067
1800377
1800379
1802534
1808857
1854174
1854178
1889181
1889182
1901696
1905385
1906097
1906160
1907759
1908199
1909615
1917050
1920724
1925470
1929253
1929318
1950981
1955695
1957129
1991059
2013209
2013211
2029722
2039192
2086814
2105479
2112907
2113874
2122410
2123112
2126268
2127342
2226499
2492736
2501351
7484684
7485853
7486925
7492110
7494011
7502887
7520730
7523537
7529743
7535189
7543887
7549225
7551388
7556239
7558637
7567314
7567315
7570582
7578726
7581272
7594672
7594675
7603759
7625784
7629560
7638020
7638030
7638031
7641600
7648836
7649192
7650211
7666121
7667051
7681376
7683000
7685283
7686466
7695313
7699846
7706158
7710536
7721696
7734162
7744489
7745773
7752010
7765397
7767563
7774141
7782974
7784666
7789091
7792126
7813385
7831228
7840567
7840581
7843673
7843823
7845752
7852573
7853075
7855552
7861204
7864482
7866327
7867299
7874881
7889957
7889960
7898388
7899359
7901276
7914205
7927771
7927815
7956452
7961215
7963583
7968509
7970948
7984970
7990263
7994439
7996007
7996627
8007816
8014504
8024214
8024645
8026155
8026159
8040114
8043036
8047854
8047855
8051269
8070432
8071676
8085732
8086559
8090082
8090611
8096219
8106231
8109918
8109948
8112047
8119289
8120682
8126177
8126887
8131638
8144425
8145044
8150771
8151675
8153687
8153789
8177624
8182002
8182011
8192458
8193620
8195609
8195839
8205935
8219444
8222794
8223142
8226417
8228353
8239624
8243035
8243037
8247636
8253964
8257127
8257132
8264093
8285609
8285618
8288881
8295817
8300216
8308510
8313865
8314290
8335988
8347504
8354296
8359005
8359008
8360978
8362228
8362234
8383653
8385592
8386847
8388792
8390433
8396086
8404918
8415335
8417428
8417430
8419593
8421416
8434362
8444677
8452169
8457123
8458058
8463169
8476583
8478311
8480088
8494387
8513818
8529440
8529774
8537137
8539070
8541820
8543488
8548000
8556485
8559043
8562749
8568239
8577264
8585554
8585739
8589142
8590446
8595636
8595638
8595872
8600928
8619590
8636949
8657383
8675285
8675303
8684101
8696169
8697894
8711652
8722546
8723475
8724401
8724814
8726004
8729201
8737129
8745021
8751262
8751263
8769627
8778564
8789142
8808712
8808715
8818841
8818852
8820185
8822290
8824982
8829015
8833562
8839647
8844505
8849237
8858472
8858475
8858478
8858479
8858480
8858481
8860389
8863213
8866802
8878240
8878241
8879804
8882383
8886150
8893948
8894581
8908270
8910868
8918954
8919162
8920809
8935664
8937841
8937842
8938639
8950528
8968398
8980763
9002189
9021183
9021207
9021216
9041624
9044026
9051060
9061728
9074839
9096192
9096193
9109154
9109158
9124843
9124860
9127099
9127102
9127104
9137517
9142455
9154539
9154675
9157458
9158804
9163659
9173208
9174181
9174193
9179528
9180184
9182113
9184355
9193863
9210677
9210692
9213343
9222046
9222050
9222069
9224992
9241892
9248977
9248979
9251851
9259127
9270422
9271172
9279505
9288298
9288300
9294704
9296244
9306479
9306480
9309417
9333040
9338492
9338498
9350413
9350746
9353007
9360255
9372428
9377607
9380472
9385485
9385486
9394237
9401810
9411073
9411078
9412874
9420035
9420050
9435027
9439382
9444376
9449267
9449270
9453393
9453607
9455450
9458982
9475837
9480791
9484870
9484875
9484876
9505188
9511057
9515894
9517932
9517937
9521146
9521943
9522111
9532829
9533064
9533455
9533462
9552709
9554182
9561021
9564988
9567574
9571733
9575355
9578171
9579717
9583788
9597392
9598781
9600862
9603129
9612873
9620956
9628289
9630405
9630410
9631791
9632574
9635461
9635909
9640818
9648698
9650948
9669643
9671039
9673246
9673324
9674329
9674458
9675520
9685429
9693967
9700241
9707304
9711451
9712766
9712790
9716289
9720464
9726340
9727650
9727651
9727653
9727654
9727656
9730292
9738431
9738829
9756750
9757681
9758177
9758284
9764398
9770140
9770282
9774611
9781351
9781990
9783407
9784768
9787518
9791757
9795289
9795812
9797250
9797415
9797419
9800637
9802629
9812333
9817820
9823532
9823538
9829441
9849979
9850001
9857083
9857615
9859087
9865757
9865980
9866845
9870628
9872042
9872194
9877360
9879927
9884506
9889241
9916077
9925540
9932075
9949519
10024576
10024604
10030544
10052893
10065679
10077777
10084418
10090434
10092967
10096493
10103218
10119493
10147287
10190589
10190709
10197038
10202229
10202230
10202232
10202233
10207769
10207774
10212755
10216864
10223157
10223917
10225568
10225579
10229264
10325362
10326742
10330195
10332718
10335955
10340719
10341914
10346192
10350383
10350384
10353511
10354859
10356888
10356896
10357059
10367484
10375042
10378127
10382869
10382874
10383971
10389642
10390424
10391181
10397375
10401200
10404333
10404336
10404337
10404344
10417140
10418757
10420581
10424501
10428928
10435684
10435921
10436551
10438784
10456903
10459644
10460927
10464889
10482034
10489333
10493607
10501241
10504039
10504382
10506876
10513845
10515124
10520581
10522504
10528786
10529880
10530434
10530580
10530598
10531234
10543737
10552986
10558123
10571435
10573961
10577768
10577771
10580192
10580734
10586832
10588304
10588312
10588313
10590036
10590275
10590284
10590288
10595568
10599658
10603732
10618075
10639382
10648376
10651391
10651407
10653044
10655357
10660499
10660501
10660504
10671460
10678976
10681330
10689157
10691195
10692750
10695024
10697804
10707942
10715160
10719006
10719007
10722621
10730681
10740170
10744364
10746192
10747822
10756861
10758078
10760166
10762569
10764611
10764968
10768820
10770773
10783039
10797089
10797094
10799799
10807330
10810209
10810561
10823798
10824027
10824028
10826914
10829105
10837440
10845431
10852520
10852645
10855023
10858213
10863104
10863108
10865200
10865201
10877516
10877517
10878536
10882358
10882692
10885819
10904192
10904194
10907590
10908976
10926447
10942125
10948114
10948153
10952602
10954955
10955236
10955911
10965095
10965100
10977480
10984323
10991838
10996579
10997593
10997594
10999485
11000464
11001126
11001130
11035732
11044266
11052420
11052421
11052424
11052582
11053902
11060784
11063556
11068672
11074112
11080146
11082778
11083626
11084671
11086282
11091045
11098193
11099083
11101907
11106042
11115440
11117640
11118848
11118860
11120946
11120966
11128558
11128560
11131955
11132712
11132713
11137405
11144397
11144705
11157910
11160084
11163472
11168105
11173191
11173194
11176586
11176590
11178347
11179299
11200552
11208326
11209098
11219522
11245326
11248523
11254821
11258173
11260878
11266425
11269215
11269368
11270281
11283803
11284928
11292642
11302805
11302811
11303824
11310801
11314704
11318808
11320449
11328783
11328784
11334340
11339025
11349016
11356732
11367873
11376364
11377862
11384550
11389116
11397615
11397619
11397620
11404068
11411344
11418513
11419497
11422249
11424585
11434953
11448561
11448564
11453311
11465836
11468101
11474632
11475047
11475577
11481299
11489995
11502375
11516938
11523558
11526140
11529259
11561799
11562895
11566972
11566974
11575586
11576632
11576790
11576792
11589483
11594009
11595989
11605810
11667725
11675905
11678934
11687308
11691572
11704047
11709658
11711300
11726004
11731927
11734704
11734708
11734777
11743458
11755437
11755439
11755440
11755441
11761195
11764770
11771335
11772242
11773835
11775241
11775392
11781271
11783700
11785852
11796376
11810485
11810507
11810511
11810516
11810521
11810533
11810597
11810606
11813893
11813929
11814765
11814767
11817288
11817976
11820948
11821172
11821238
11827034
11837388
11843908
11845401
11850164
11850165
11850285
11851042
11851704
11856249
11856292
11862302
11864130
11864324
11865420
11866681
11866735
11866796
11869224
11869245
11869246
11869247
11876603
11878155
11880740
11892059
11892894
11892930
11895952
11897602
11905003
11906762
11909846
11919528
11921490
11921492
11923393
11932143
11936367
11936912
11955601
11959554
11963587
11977497
11980591
11981394
11985490
11986442
11997157
12003592
12007850
12009294
12011518
12017369
12017394
12019092
12020912
12021498
12023354
12043151
12043306
12073719
12077154
12077155
12077157
12084002
12109917
12110669
12117081
12117964
12126010
12132316
12137200
12139560
12145727
12149338
12149489
12150492
12150493
12150687
12151193
12166789
12181400
12184444
12184590
12187704
12218263
12226803
12236562
12237601
12239228
12239229
12297355
12297362
12297808
12356793
12356797
12363421
12376036
12376037
12379673
12379693
12385682
12385697
12385698
12385699
12389878
12390053
12408220
12409426
12410480
12413827
12418556
12427206
12443811
12445016
12456364
12461013
12462428
12478329
12482994
12493166
12493802
12511854
12511856
12516233
12519344
12525923
12533275
12534334
12534945
12535685
12556435
12559789
12560147
12560149
12575688
12578160
12587037
12590855
12595444
12599529
12599530
12615879
12621736
12634580
12634588
12637118
12644500
12648369
12654799
12657049
12670985
12672574
12673102
12682118
12685879
12693271
12698133
12709801
12718823
12719453
12727075
12729995
12729999
12760822
12760850
12760861
12761112
12761130
12782478
12783093
12789613
12791474
12792379
12799507
12807276
12807691
12814146
12822523
12826543
12839705
12853512
12855724
12856747
12862402
12865398
12869909
12874311
12878507
12900817
12906097
12909660
12909662
12925097
12927955
12933840
12934414
12937015
12949249
12951253
12953772
12962190
12967753
12967754
12972578
12973459
14506039
14508879
14519672
14520106
14521493
14525705
14533820
14550957
14566999
14570346
14573664
14575405
14585864
14585865
14596971
14602368
14602374
14606178
14614364
14614365
14616553
14616716
14623003
14632101
14632103
14638491
14638765
14663392
14667791
14671500
14674328
14687687
14687693
14688566
14692376
14693518
14693540
14699456
14702493
14702495
14706083
14710008
14711339
14715793
14719985
14726431
14726904
14729759
14729761
14732308
14732313
14734192
14759230
14768367
14961138
14973152
14976433
14978548
14979735
14991515
14998077
15007290
15008138
15011754
15013037
15039309
15040943
15056640
15056651
15058742
15077996
15108147
15125783
15130324
15131462
15145454
15152807
15155113
15164961
15164972
15175991
15177851
15187209
15190031
15191379
15193241
15193378
15194123
15198183
15212560
15215227
15216472
15225855
15228931
15236918
15246511
15269191
15272227
15276914
15302145
15307563
15308371
15319548
15322870
15331748
15355766
15361938
15364973
15365022
15383594
15449099
15456336
15472001
15481918
15482675
15483353
15494258
15501752
15501773
15501804
15521160
15548905
15554319
15557018
15561855
15582300
15591260
15591635
15603993
15606217
15616310
15627450
15649996
15664481
15664485
15683453
15690686
15700658
15702045
15702353
15706987
15708312
15720557
15725048
15727145
15728995
15734074
15737519
15755326
15755616
15757424
15763284
15778001
15784586
15793128
15793158
15799766
15802165
15805178
15808317
15808319
15817782
15819870
15823187
15838019
15845482
15847719
15848230
15849869
15851496
15878442
15878482
15885332
15885987
15888464
15888469
15889365
15892589
15899734
15908376
15911015
15911326
15927060
15937760
15947322
15949076
15954852
15955251
15972513
15980628
15987232
15992094
15992930
15996744
16006058
16011015
16015392
16034210
16041029
16044858
16059698
16087013
16088716
16088719
16088723
16089233
16100009
16105563
16107942
16107956
16110171
16127593
16133241
16133242
16134356
16148107
16148850
16159786
16172355
16177336
16188314
16189097
16194830
16198005
16207162
16214222
16226017
16237271
16239090
16239560
16248860
16255991
16257168
16273858
16282278
16291671
16293317
16299311
16299321
16301327
16302571
16307551
16309423
16317771
16329578
16333114
16358917
16358923
16360331
16372880
16395189
16399173
16399788
16401943
16410885
16420607
16422181
16455908
16462285
16487301
16495530
16495531
16506084
16506088
16511752
16513492
16519120
16532669
16539298
16546341
16549511
16566868
16572254
16572607
16618915
16626914
16630000
16635707
16638292
16643773
16646958
16648948
16651345
16684402
16686940
16689828
16722817
16723565
16736885
16755812
16757025
16767484
16772423
16777383
16778466
16785586
16822636
16835426
16837154
16839731
16841712
16845633
16847184
16849717
16850448
16855849
16872370
16896431
16906531
16907741
16922631
16930923
16934238
16940834
16948991
16949783
16962178
16963572
16964325
16966403
16989632
17021108
17030494
17033379
17035819
17041038
17043258
17046209
17054439
17056056
17073558
17079497
17088358
17099791
17101264
17101651
17109095
17109673
17133154
17166229
17179664
17184288
17189096
17194570
17202908
17211546
17220316
17242152
17260672
17261234
17261623
17267051
17267337
17292577
17298464
17300907
17309981
17310090
17334061
17340999
17349461
17353072
17359321
17371852
17371858
17387003
17387157
17388814
17391370
17403868
17408903
17420235
17436860
17439541
17449889
17471435
17471436
17478618
17494717
17506820
17507119
17516077
17537778
17548187
17548456
17561768
17562762
17578609
17608812
17608944
17612257
17620351
17623694
17644191
17686227
17712670
17721687
17728917
17729179
17763332
17767605
17768034
17850316
17868918
17877118
17892485
17895425
17901793
17902695
17908808
17908940
17919545
17921900
17928596
17938194
17945468
17968816
17997283
18006084
18018419
18065547
18069032
18073166
18085683
18092706
18096871
18162930
18162931
18164190
18173067
18178028
18184679
18227159
18229559
18242635
18295938
18312870
18313879
18316525
18321237
18323580
18337458
18340553
18353594
18360302
18362134
18363879
18370555
18372337
18375810
18377357
18380900
18400547
18443116
18487327
18497748
18509908
18558790
18559429
18573936
18574652
18586342
18603861
18606569
18611409
18611503
18611519
18611587
18611663
18611736
18611754
18616437
18633147
18670623
18678656
18678659
18709531
18757515
18789178
18790608
18795947
18814800
18819978
18819984
18820017
18826823
18835763
18836450
18839348
18844598
18849202
18855228
18931134
18931466
18931467
19014838
19016443
19024645
19028617
19091517
19093775
19094935
19103131
19124373
19174454
19191620
19203863
19208881
19253807
19303171
19306940
19319018
19321284
19321697
19390189
19405217
19419515
19443974
19450350
19451466
19458179
19477524
19480579
19482754
19486794
19487444
19504729
19525016
19528278
19528279
19546364
19549565
19554400
19572273
19584505
19587067
19622454
19651870
19667048
19667544
19667546
19667547
19667702
19673349
19673351
19673357
19681950
19683349
19697520
19717264
19721084
19725100
19732412
19735226
19771688
19780761
19781080
19786139
19835476
19836184
19850707
19851720
19858566
19860322
19879704
19882981
19883356
19886799
19889789
19895585
19912665
19918134
19918136
19929027
19933801
19958241
20012724
20014898
20014950
20074461
20074591
20084912
20084922
20090836
20109045
20121490
20134359
20137709
20153730
20159376
20199596
20211548
20298727
20308878
20334458
20335823
20350222
20398122
20406467
20437253
20453089
20467756
20472695
20477342
20491344
20493666
20504840
20566418
20575092
20590169
20595209
20615695
20646956
20656297
20666070
20667430
20686433
20696870
20700753
20801781
20802073
20802829
20807208
20815726
20820100
20821039
20822623
20831515
20831882
20832776
20839026
20847012
20887345
20926702
20938703
20950191
20952834
20956903
20969800
20976878
20977542
20979100
21029939
21044239
21055953
21076711
21088861
21098105
21118660
21120723
21123150
21123308
21134967
21167392
21189350
21194403
21199162
21220534
21245439
21256201
21269504
21270401
21295447
21299688
21343467
21349930
21364226
21369775
21409533
21420284
21425595
21441505
21458739
21464250
21466255
21470340
21482565
21482567
21482572
21498651
21501641
21503215
21504249
21508164
21518646
21576428
21590368
21593705
21612048
21621347
21628484
21649905
21660385
21668485
21689403
21694911
21704103
21718563
21721597
21736904
21785568
21838871
21842370
21847518
21851481
21868031
21868180
21876142
21877210
21880469
21883660
21889281
21892897
21893151
21900518
21909436
21915878
21975496
21988135
22014754
22016866
22022564
22033573
22051141
22074676
22078969
22083713
22092567
22098056
22135255
22140482
22154675
22170924
22184412
22198792
22198825
22202107
22216312
22224311
22232311
22234107
22282460
22287234
22301480
22306239
22339678
22346371
22346378
22348418
22350402
22373064
22394083
22397629
22449241
22470115
22513080
22514369
22514386
22515296
22521692
22539468
22541259
22551165
22566804
22574524
22594846
22636782
22655080
22662179
22668804
22703292
22726254
22737288
22741759
22745266
22751663
22752171
22761391
22766652
22768228
22784508
22819151
22819241
22820696
22858160
22863758
22903951
22903952
22905269
22911275
22925540
22935180
22953708
22960551
22973975
23049802
23052306
23073648
23082199
23083637
23092529
23092680
23109504
23113751
23115412
23118268
23136074
23142086
23146404
23147735
23163026
23163028
23163140
23163186
23163337
23167692
23173294
23184710
23188566
23188581
23202581
23209224
23211666
23219721
23241293
23241988
23245490
23256870
23257176
23266462
23286738
23287138
23305654
23320622
23336167
23369612
23370914
23404508
23406599
23424784
23433257
23474333
23475908
23478958
23479972
23519230
23522635
23534125
23535208
23536534
23538334
23542952
23564195
23567301
23569477
23588893
23620157
23626831
23671716
23678064
23686506
23720461
23746414
23757372
23782650
23786927
23796866
23801418
23811087
23815298
23817618
23836172
23844117
23844181
23860479
23908477
23912886
23916453
23934577
23936538
23936573
23940582
23941132
23969881
24016033
24030785
24041039
24055804
24080321
24090102
24098982
24099576
24134083
24141797
24142255
24148302
24167843
24192397
24211414
24248959
24308654
24333961
24344868
24349245
24354520
24355091
24391058
24392515
24411834
24423399
24439877
24461461
24462416
24477328
24480055
24502062
24530690
24582389
24582578
24592201
24599281
24599973
24612682
24616267
24627537
24631068
24632826
24643539
24644069
24649797
24649798
24661290
24686454
24698319
24698341
24702973
24717966
24748519
24771863
24777091
24787737
24814418
24834935
24850882
24912091
24914218
24915552
24931335
24947736
24953451
24955983
24958163
24970703
24978309
25032744
25051704
25084351
25103335
25107659
25131001
25154610
25156736
25169065
25175818
25179236
25183669
25216361
25218165
25232779
25237030
25252727
25259619
25277715
25285112
25312127
25312959
25326650
25347329
25358677
25362808
25373505
25450804
25451635
25461312
25465254
25475135
25481761
25496176
25533886
25549898
25581469
25583725
25623134
25664734
25694055
25700566
25703401
25706527
25708671
25724797
25741972
25743473
25764097
25772704
25775744
25791651
25817352
25861433
25888024
25894988
25897241
25910716
25917807
25923017
25923426
25925694
25934551
25937246
25961891
25964847
25973941
25980050
25980051
25980052
25980353
25995221
26004175
26033043
26039250
26042357
26047639
26052103
26055131
26059041
26074910
26083474
26089657
26099587
26099590
26141864
26149186
26162030
26164848
26182813
26182814
26195518
26205976
26209405
26228497
26232540
26251889
26260391
26261422
26262821
26277095
26286268
26296581
26341913
26349117
26349628
26361369
26363637
26365560
26367344
26392013
26399701
26417692
26437754
26477641
26484117
26497500
26498667
26537639
26565427
26578325
26597985
26619478
26658669
26662406
26667610
26712944
26714647
26717659
26724423
26729499
26742001
26742285
26749955
26781412
26783131
26853802
26860929
26861621
26877537
26904734
26908723
26910587
26912404
26943827
26946303
26953891
26954601
26968077
26971180
26972562
26979086
26989548
26998627
26999868
27006460
27020793
27038042
27044551
27047618
27048580
27048581
27048584
27065768
27086363
27125273
27182898
27225239
27225259
27230066
27235165
27240503
27246774
27265454
27265455
27282403
27290827
27290828
27313296
27333043
27391026
27391898
27403532
27405603
27413187
27436464
27458220
27464260
27476592
27493063
27530786
27559120
27566276
27581439
27591787
27682847
27741941
27773623
27774989
27776489
27803461
27907156
27988122
27994923
28024738
28042527
28057435
28057571
28072501
28085501
28088924
28099499
28110050
28148731
28164610
28170403
28185742
28223386
28224696
28230273
28239374
28241513
28251179
28256375
28258107
28262704
28300698
28330238
28342288
28357413
28372533
28412081
28420677
28429163
28431934
28432209
28444395
28451037
28467237
28483717
28492126
28497596
28528362
28536249
28546484
28566083
28575367
28583061
28588123
28616365
28620585
28632907
28647125
28659326
28668258
28668567
28669567
28680500
28707578
28721014
28740363
28755833
28760904
28779997
28784702
28790814
28807095
28824879
28829833
28845768
28848555
28853985
28890509
28893369
28913912
28968674
28971877
28981235
28988664
29034852
29081265
29092780
29114953
29121208
29132302
29155241
29158121
29161087
29184554
29200950
29203544
29227464
29236192
29255393
29279451
29280432
29285648
29287070
29290527
29324986
29345007
29360088
29378719
29380575
29380707
29382496
29395713
29405664
29410954
29445273
29447223
29467579
29557543
29563531
29604333
29610202
29614568
29631403
29633637
29649269
29656888
29688138
29709448
29767396
29798080
29804657
29863956
29908309
29932038
29950304
29959565
29959609
29986368
30017978
30029595
30033505
30043078
30045868
30050355
30053847
30075013
30097415
30122961
30155460
30174554
30205845
30214251
30226954
30261667
30266767
30279114
30282611
30299424
30315990
30335144
30353485
30373807
30396360
30398191
30410757
30414838
30464556
30481479
30496439
30510399
30510409
30515253
30538189
30554692
30564392
30565684
30568427
30568479
30578387
30578888
30600131
30603377
30609299
30617092
30619274
30670415
30671281
30719234
30719329
30740462
30759444
30771553
30796312
30801022
30825698
30858215
30875247
30920634
30985547
31006971
31029515
31035017
31054937
31072191
31075181
31085462
31110359
31119172
31129639
31167433
31196772
31201890
31223008
31270125
31274402
31283028
31311598
31367314
31400508
31404620
31406530
31416508
31437650
31446729
31460130
31474471
31502909
31518936
31570247
31586662
31616921
31643208
31668366
31692618
31705486
31708879
31717311
31738334
31748320
31749410
31801841
31818247
31822014
31837561
31839468
31842745
31844013
31850076
31859164
31869625
31874656
31901291
31906848
31914021
31920285
31923349
31941798
31948716
32010085
32032364
32035706
32053211
32071045
32082989
32089697
32093784
32105346
32117167
32140705
32176838
32186784
32193234
32205139
32227731
32228653
32241868
32287509
32288530
32322712
32330397
32349795
32356026
32360778
32368971
32401688
32424289
32477966
32497137
32514361
32524657
32555615
32565151
32570062
32590341
32596738
32597749
32618581
32622623
32650475
32661075
32664929
32669474
32689869
32689914
32711113
32805360
32808581
32822175
32849386
32850546
32887458
32894364
32945651
32983076
32983170
33023149
33037984
33042095
33044742
33131502
33143954
33172398
33211958
33214657
33216464
33239090
33277177
33281908
33303714
33306743
33332970
33337936
33393596
33419114
33420151
33525776
33583215
33627095
33632144
33642434
33655670
33671944
33759242
33836129
33843461
33868688
33879499
33894778
33931430
33939189
33964302
33969642
34013453
34070813
34095179
34098094
34111578
34138947
34146254
34192508
34199284
34207238
34220777
34304468
34315915
34422683
34425035
34430429
34432166
34446318
34472572
34543409
34548867
34555450
34589455
34590629
34592373
34606144
34630348
34633850
34661955
34668748
34680454
34687426
34730410
34775129
34785887
34787955
34803081
34810003
34820619
34832583
34858522
34880258
34881190
34943357
34965026
34983432
35005455
35016569
35026180
35026986
35056502
35141318
35250904
35252035
35265810
35273059
35276316
35289295
35295756
35363645
35366267
35368516
35378873
35386977
35386999
35407461
35440801
35469122
35476706
35483507
35498792
35509077
35544065
35546602
35547787
35552562
35583335
35601953
35639578
35655997
35725310
35794793
35812707
35843493
35877653
35888639
35899285
35904140
35923420
36006987
36034696
36036125
36056265
36056795
36068109
36069032
36071818
36123298
36145417
36165783
36171985
36202079
36202640
36262970
36269763
36300133
36304309
36377804
36382945
36402959
36418809
36470351
36532267
36598677
36598712
36645216
36646290
36660346
36714354
36733852
36751142
36756486
36762431
36771193
36777952
36829672
36881677
36909845
36934642
36974988
37010413
37039613
37047578
37069910
37085283
37088262
37111403
37116613
37120991
37123130
37124848
37139600
37199622
37245116
37270550
37287344
37332170
37338299
37353732
37406212
37434118
37440188
37448669
37490085
37546648
37556294
37572241
37585220
37597970
37605134
37658443
37671813
37702681
37728376
37744797
37772853
37798723
37855078
37863895
37887365
37977204
38048806
38088146
38097209
38109763
38112637
38113528
38152664
38169345
38189296
38245844
38260738
38314853
38328427
38342813
38350792
38390521
38391578
38399695
38400196
38410509
38431400
38445451
38448747
38452914
38455907
38476493
38478043
38506028
38535596
38569771
38579539
38587683
38682956
38751999
38756971
38808825
38838209
38841018
38897241
38904365
38910264
38926682
38967072
38974281
38977076
39018127
39026529
39073027
39086626
39122252
39144897
39187935
39292009
39297657
39322608
39337257
39398897
39421368
39461973
39502658
39539733
39539741
39545755
39547283
39550426
39556174
39566672
39609763
