332
4438
5372
7545
8414
9178
9523
12138
14116
17163
19358
20406
22492
27176
27458
30699
32139
33903
34774
35516
37064
39583
39892
40874
40875
42666
43357
43450
43667
44699
44700
44855
45521
46128
48404
50407
52248
55047
56416
58874
60519
61178
62821
66964
67149
67167
67333
68279
71816
72052
72949
76400
78894
78895
81246
83299
86276
86464
87241
88414
88491
89783
90508
91661
92512
93575
94598
96085
96098
96124
96125
96134
96274
96726
96727
96728
97231
97235
97270
97273
98203
98204
98235
98236
98600
98602
98647
98745
98750
98833
99084
99417
99655
99913
100049
100511
100561
100562
100624
100875
101076
101129
101275
101276
101459
101468
101509
101519
101555
101741
102193
102732
102733
103365
103495
103496
103829
104212
104769
104770
104771
104953
105219
105411
105412
105793
106068
106775
106776
106918
106919
106973
107152
107802
107855
107981
108009
108131
108261
108339
108344
108637
109025
109164
109165
109930
110141
110427
110695
110768
110769
110824
110830
110889
110907
110937
111119
111433
111612
111615
111617
111754
111763
111765
111767
111975
112060
112063
112253
112255
112787
112856
112915
112918
113174
114090
114187
114195
114196
114197
114295
114490
114531
115097
115099
115101
115369
115448
115449
115831
115833
115839
116373
116374
116593
116705
116707
116708
117058
117411
117803
117979
117980
118154
118491
118493
118798
118928
118998
119057
119328
119329
119330
120407
120804
120931
121455
121821
122527
123817
125402
125512
125773
131116
131510
132888
136290
139969
140251
142463
142756
144170
144543
146026
146725
147159
150261
150305
154172
154175
154560
155415
157438
158832
158834
159746
160688
161079
161160
161459
165244
166724
168181
175434
178405
182717
193124
194255
197052
197785
200133
203607
207670
211086
213162
213390
213495
219951
222734
230884
232127
236277
237620
242082
248268
253572
256524
309306
309629
310279
316007
322821
336080
340171
345799
349218
370986
379366
383747
393363
400933
401477
401495
401507
401723
401781
401782
401828
401829
401832
402426
402474
402572
402977
403097
403139
403141
403142
403145
403181
403197
403859
403994
404007
404199
404241
404246
404247
404252
404273
404315
404316
404318
404555
404570
404740
404964
405261
405323
405324
405329
405431
405433
405456
406011
406199
406221
406352
406355
406683
406787
406833
406836
407159
407214
407313
407378
407840
407968
407995
408415
408425
408428
408429
408492
408494
409004
409341
409343
409466
409469
409684
409686
409688
409729
409730
409733
410113
410364
410452
410905
411373
411578
411806
411836
412260
412465
412557
412558
412791
412875
412918
412966
413164
413198
413229
413571
414353
414816
414817
415002
415006
415007
415033
415054
415067
415093
415118
415119
415294
415441
415983
416056
416468
416718
416876
416878
416879
417047
417090
417407
417408
417780
417781
417783
417964
418060
418062
418078
418143
418146
418302
418593
418726
418848
418860
424843
427515
432699
453781
464590
494042
494043
503379
512425
518387
531725
569664
577586
581502
622087
627736
633681
644416
659605
678956
697346
709347
711611
730218
737516
744718
761020
767027
770500
775819
798639
803240
803480
803786
803861
803924
804022
804029
804148
804347
804445
804849
804956
804957
805162
805183
805654
805797
806017
806327
806361
806526
806527
806529
806688
806772
806939
807158
807159
807206
807554
807662
807676
807762
808098
808129
808158
808249
808274
808520
808790
808856
809237
809353
809360
809469
809474
809477
809480
809481
809587
809793
810059
810478
810479
810480
810481
810484
810892
811342
811343
811344
811645
811683
812044
812885
812926
812949
813297
813569
814101
814352
814354
814962
814977
814985
815226
815242
815266
815269
815270
815273
816415
816438
816649
816745
816753
816755
816974
816978
817027
817770
817777
817778
817779
818019
818027
818107
818113
818421
819088
819089
819090
819376
819412
819418
819594
819971
820243
820438
820636
820685
820688
820897
821921
821937
821966
822128
822167
822707
822716
822721
823171
823172
823175
823271
824037
824268
824375
824376
825023
825024
825028
825034
825184
825532
825581
825610
825612
826107
826111
826482
826483
827325
827326
827327
827537
827553
829038
829480
829584
829828
829908
830050
839383
843896
867201
871893
883811
887328
929348
931792
938029
939808
961430
963624
984788
1010769
1010771
1014786
1046355
1155115
1169908
1173143
1236621
1237516
1254505
1254989
1259407
1277056
1280567
1280568
1281234
1281427
1281800
1282447
1286119
1286120
1291008
1293054
1295171
1300358
1310671
1315946
1316041
1316073
1316366
1316371
1318294
1321116
1324638
1324647
1325963
1326549
1327787
1327789
1328077
1328880
1330137
1330818
1332587
1332594
1335830
1337506
1339413
1339419
1341640
1342000
1342453
1347637
1348857
1351005
1351681
1354833
1355085
1358873
1360614
1360853
1362447
1369700
1371320
1372291
1372474
1374732
1378871
1382015
1383156
1383930
1384151
1385549
1386566
1391639
1396735
1396767
1397115
1398958
1398971
1398981
1399951
1400191
1400243
1402087
1404929
1411835
1411836
1411837
1411841
1411845
1411846
1416851
1416861
1416879
1416883
1418135
1419130
1420690
1424520
1427805
1429457
1431356
1431378
1437386
1447140
1447971
1452689
1454437
1462399
1462400
1468419
1472171
1474717
1477024
1477225
1477252
1478049
1478725
1486513
1487255
1487256
1489178
1492262
1492264
1500530
1500533
1503585
1504159
1512204
1521192
1522071
1522209
1523627
1523628
1526673
1527431
1530008
1530018
1534422
1535561
1538163
1541538
1541549
1541573
1543154
1543768
1543769
1547839
1548006
1548010
1550170
1551223
1554823
1554830
1556062
1562944
1566944
1571381
1572960
1572967
1572986
1574001
1574002
1582653
1583114
1587479
1587606
1590695
1593345
1595017
1595018
1595019
1597525
1601289
1601981
1605592
1606222
1606514
1607193
1608963
1609678
1611211
1611848
1612771
1615347
1618845
1619287
1625316
1628967
1629904
1630313
1632195
1643825
1653220
1655626
1655627
1657711
1657785
1657855
1657856
1662885
1662890
1662891
1663249
1663930
1664418
1665775
1671354
1673923
1674976
1675221
1677275
1679431
1682267
1683810
1685175
1686781
1692081
1693630
1694004
1694611
1695655
1696003
1704384
1709306
1711080
1711142
1711571
1713195
1716719
1717310
1718877
1720505
1722554
1725221
1728091
1730493
1734230
1734556
1743708
1743711
1744044
1744587
1744870
1747674
1750256
1753877
1758722
1761433
1762590
1767802
1770363
1771472
1771476
1771478
1775091
1777459
1778850
1784071
1787801
1791751
1791763
1791853
1792339
1795336
1797455
1797456
1798067
1799912
1800078
1800368
1800377
1800889
1801185
1809845
1815562
1818798
1821807
1822152
1827704
1829113
1833934
1837031
1839280
1839707
1839925
1847399
1848839
1849604
1850572
1851517
1854174
1855826
1855979
1862460
1863940
1889047
1889177
1889181
1889182
1890171
1899272
1900212
1900460
1900468
1900663
1901067
1901535
1901657
1901956
1901985
1902004
1902197
1902989
1902990
1903166
1903355
1903430
1903677
1903910
1904456
1904861
1905320
1906078
1906260
1906968
1907197
1907198
1907286
1907402
1907404
1907405
1907618
1908511
1908693
1908744
1909019
1909325
1909615
1909830
1909831
1914044
1914843
1916772
1916779
1916793
1916797
1918047
1919101
1919116
1919507
1921504
1922115
1922235
1922482
1929267
1931376
1931980
1938955
1939563
1942405
1948509
1948511
1948512
1948513
1948514
1948517
1948519
1953057
1956010
1956082
1956286
1956287
1960392
1960856
1967608
1972533
1973697
1974848
1979321
1982402
1987065
1989117
2003533
2013211
2014970
2031517
2031520
2031521
2032473
2041952
2074248
2075077
2079000
2079375
2086814
2094402
2105668
2105953
2106171
2106396
2106493
2107141
2108028
2108088
2108900
2108998
2109167
2109573
2109583
2109960
2109979
2110032
2110142
2110241
2110497
2110833
2110947
2111087
2111274
2111275
2111276
2111775
2111777
2111778
2111942
2112587
2113559
2113717
2113718
2113796
2114371
2115576
2115881
2116408
2116567
2116670
2116671
2116951
2116953
2117225
2117303
2117461
2117569
2118330
2118763
2118883
2120542
2120895
2121608
2121620
2121785
2121792
2122266
2122657
2123165
2123827
2123869
2124210
2124727
2124728
2124730
2124731
2125024
2125245
2125587
2126154
2126232
2126324
2126325
2126689
2126797
2127315
2127548
2127630
2128472
2128698
2128792
2129109
2129173
2137304
2137900
2139166
2139936
2141298
2144026
2145816
2151509
2152910
2153292
2153697
2154426
2154428
2154430
2155389
2155533
2155857
2156421
2156791
2163742
2168377
2170331
2171110
2178426
2181120
2183112
2184973
2187793
2188437
2190794
2196887
2201077
2206813
2226498
2226499
2228841
2228843
2235090
2245984
2253734
2263899
2264006
2265841
2276209
2282973
2286405
2287904
2293688
2307026
2307184
2313131
2317408
2319514
2327762
2331407
2332249
2332471
2341143
2341145
2358390
2360118
2360123
2360135
2370108
2379349
2387574
2391110
2393275
2398058
2399858
2403406
2405323
2408396
2409203
2410172
2410544
2411658
2411660
2413148
2417987
2418125
2421861
2428752
2430891
2433384
2433678
2434892
2435677
2435829
2439488
2439546
2440807
2443609
2445265
2448789
2449146
2449865
2451616
2452958
2454382
2455211
2456365
2457634
2457919
2458121
2460579
2460761
2462011
2468090
2469938
2472377
2472827
2473091
2474121
2474627
2475525
2478424
2479110
2481688
2482333
2482335
2483261
2483740
2483846
2483993
2486979
2490169
2491746
2492099
2492149
2492301
2492308
2492736
2492905
2492970
2493163
2493192
2493423
2493452
2493995
2495372
2496108
2496142
2496174
2496539
2496582
2496606
2497297
2497299
2497594
2497703
2497705
2497751
2497756
2497954
2497955
2497957
2497958
2497959
2497961
2497965
2497966
2497967
2498268
2498388
2499543
2499656
2499769
2499770
2500382
2500718
2500719
2500720
2500722
2500723
2500785
2501071
2501077
2501341
2501345
2501351
2501632
2501649
2502013
2502356
2502494
2502529
2502535
2502837
2502866
2503264
2503299
2503435
2503445
2503447
2503487
2503681
2503682
2503792
2503953
2504617
2504777
2505012
2505392
2506009
2506029
2506130
2506225
2506350
2506403
2506653
2507159
2507216
2507217
2507222
2507784
2507838
2509146
2509343
2509361
2509365
2509374
2509415
2509512
2509632
2509636
2509645
2509742
2510173
2510326
2510327
2510519
2510711
2511009
2511065
2511251
2511667
2511799
2512325
2512520
2512657
2513375
2513412
2513717
2514075
2515041
2515148
2515225
2515246
2515415
2515520
2516116
2517044
2517196
2517905
2518778
2519394
2519803
2519974
2523827
2524997
2525074
2525119
2527592
2527635
2528454
2528473
2531117
2531756
2532631
2532897
2533473
2535452
2536992
2537695
2538396
2538620
2541765
2543633
2560023
2560422
2561644
2563367
2564006
2565824
2568576
2570588
2580788
2584383
2589276
2589358
2589845
2591176
2595844
2601940
2609174
2609175
2611972
2615650
2621166
2642549
2644068
2646055
2649960
2649963
2650859
2653698
2662668
2664255
2664999
2668155
2668187
2671855
2672256
2672262
2675753
2676328
2677360
2677956
2679369
2680801
2688147
2688325
2690615
2695328
2701783
2708180
2716599
2729260
2737760
2740967
2741450
2743182
2751962
2754716
2756353
2759708
2769512
2780123
2781631
2782857
2786518
2787274
2787903
2788660
2791485
2791486
2791496
2791722
2792488
2803578
2807289
2808080
2808214
2820190
2820968
2821636
2825179
2826333
2826469
2829710
2830678
2831009
2831107
2836311
2837138
2837733
2840016
2840679
2840680
2842323
2842403
2844651
2845756
2846300
2846631
2849604
2850138
2850444
2854063
2854281
2854452
2855897
2859529
2861108
2861194
2862130
2863630
2865177
2866848
2870495
2870986
2872268
2872674
2873189
2875950
2876777
2877285
2878907
2878919
2881892
2883240
2888833
2888835
2891588
2892194
2894211
2894335
2894820
2895102
2897185
2897186
2897189
2898429
2898784
2898841
2900173
2904127
2914240
2916625
2921047
2921230
2931345
2931518
2932122
2932303
2935773
2937130
2937164
2940213
2940446
2940714
2941358
2942454
2942456
2942473
2944385
2947537
2950043
2950045
2951285
2952063
2953180
2953304
2954818
2955222
2955742
2956495
2957519
2957956
2958401
2958947
2959199
2960012
2960555
2962529
2962661
2963836
2963868
2964092
2964157
2964225
2964246
2964340
2965423
2966141
2966608
2967246
2967809
2969218
2971268
2971501
2971603
2973474
2975212
2975218
2975815
2976208
2981198
2982264
2984619
2987298
2988430
2990157
2991120
2991186
2994943
2996413
2996414
2997100
2998694
3002961
3003036
3004176
3004276
3005477
3005679
3006101
3008971
3009040
3009647
3012805
3013566
3015775
3020002
3020721
3024290
3024974
3025099
3026010
3027577
3028966
3030109
3031929
3034761
3038500
3039672
3041630
3044987
3046943
3047073
3052757
3053550
3055170
3060240
3066051
3067388
3067389
3070496
3079864
3079921
3080213
3080393
3080532
3080534
3081291
3081301
3081425
3081657
3081658
3081741
3081835
3082016
3082017
3082018
3082019
3082020
3082021
3082022
3082468
3083313
3083395
3083514
3083843
3084162
3084245
3084312
3084386
3084543
3084664
3084665
3084666
3084943
3084978
3085233
3085412
3085473
3085556
3085585
3086048
3086050
3086230
3086581
3086989
3086990
3087037
3087121
3087274
3087301
3087302
3087861
3087882
3087951
3087954
3088030
3088036
3088132
3088135
3088981
3089144
3089903
3089904
3089905
3089906
3089907
3089908
3090021
3090037
3090268
3090494
3090882
3090904
3091234
3091393
3091564
3091577
3091756
3092634
3093085
3093221
3093293
3093384
3093961
3093992
3094172
3094173
3094174
3094286
3094439
3094444
3095135
3095215
3095216
3095239
3095242
3095479
3095480
3095492
3095641
3095917
3096197
3096726
3096894
3096959
3097066
3097067
3097079
3097433
3097462
3098163
3098578
3098683
3098687
3098911
3099337
3099639
3099640
3100355
3100475
3100483
3100489
3100504
3100755
3100802
3100837
3100967
3101587
3101590
3101626
3102197
3102348
3102361
3102635
3102766
3102914
3102922
3102934
3103865
3104208
3104627
3105099
3105244
3105246
3105447
3105448
3105449
3105900
3106215
3106220
3106407
3106870
3107462
3107579
3108136
3108153
3108252
3108327
3109897
3109967
3110077
3110306
3110893
3111116
3111257
3111354
3111732
3111976
3111977
3111978
3111986
3112010
3112100
3112120
3112706
3112966
3112967
3112968
3113458
3113459
3113941
3114142
3114148
3114313
3114323
3114336
3114604
3114893
3115172
3115886
3115888
3115889
3116097
3116154
3116158
3116397
3116488
3116679
3116685
3116686
3117687
3117695
3117722
3117845
3117850
3117968
3118043
3118173
3118595
3118665
3119182
3119183
3119461
3119462
3119466
3119494
3119496
3119768
3119854
3119877
3120364
3120589
3120761
3121021
3121668
3121854
3121860
3122212
3122813
3123169
3123265
3123360
3123389
3123391
3123395
3123514
3123517
3123709
3123821
3124073
3124277
3124365
3124737
3125215
3125219
3125222
3125223
3125613
3125616
3126129
3126140
3126141
3126143
3126144
3126149
3126399
3126550
3127382
3127662
3128154
3128155
3128517
3128881
3128882
3128961
3129064
3129357
3129366
3129392
3129537
3130559
3130775
3130782
3130784
3130785
3130786
3130790
3130792
3130793
3131247
3131248
3131250
3132029
3132092
3132371
3132406
3132668
3133479
3133937
3134319
3134630
3134850
3134854
3135301
3135406
3135534
3135537
3135606
3135607
3135608
3135611
3135750
3135992
3136314
3136652
3136964
3137148
3137149
3137150
3137151
3137152
3137172
3137207
3137581
3138015
3138363
3138369
3139497
3139546
3139603
3139826
3139827
3140146
3140531
3140532
3141116
3141351
3141472
3141507
3141555
3141568
3141569
3141578
3141743
3141883
3141884
3141904
3142015
3142298
3142343
3143039
3143304
3143573
3143896
3143902
3144509
3144523
3144542
3144546
3145264
3145386
3145742
3146552
3146599
3146837
3146841
3147519
3147521
3147522
3147524
3147525
3147526
3147527
3147528
3148113
3148634
3148816
3148817
3149083
3149209
3149259
3149883
3150361
3150364
3150367
3151361
3151995
3151996
3155708
3155806
3157551
3159712
3160647
3160949
3160985
3160987
3161721
3162652
3162653
3162781
3163383
3164987
3182416
3182458
3182976
3189639
3196008
3208547
3219818
3224972
3240705
3252753
3259489
3260766
3264132
3273616
3277508
3278108
3278113
3278234
3278970
3283097
3283921
3284151
3287559
3291442
3293524
3295108
3297809
3300310
3300528
3311572
3312922
3315624
3317294
3318087
3323169
3325255
3326185
3332781
3335474
3335475
3335476
3346025
3348319
3348609
3353051
3358239
3358240
3360965
3364946
3377456
3384913
3391048
3393942
3394697
3395105
3408874
3415944
3417503
3428135
3435129
3436316
3438787
3460983
3463557
3468100
3469153
3473910
3485436
3485737
3486862
3490001
3490827
3493201
3495236
3497610
3499115
3500158
3511709
3517270
3518051
3527741
3527987
3529014
3530626
3530703
3530870
3532371
3533755
3533756
3534731
3535057
3538672
3539013
3542944
3545650
3546153
3546154
3546155
3546397
3549179
3553053
3555053
3557979
3563830
3565517
3570479
3572882
3573062
3583269
3598229
3601368
3616854
3622220
3624110
3630166
3656604
3660168
3662901
3673861
3677798
3680003
3696836
3717553
3721514
3721515
3728028
3733084
3741814
3754031
3755418
3763205
3764623
3764628
3764629
3777076
3792229
3817820
3826122
3829089
3839220
3866513
3871382
3872725
3872779
3873446
3873898
3876887
3877041
3877803
3878080
3883785
3885669
3889044
3890223
3890225
3890227
3890228
3890658
3891700
3891778
3893316
3894656
3895947
3897169
3901216
3903906
3907172
3907341
3909316
3909326
3911605
3916040
3917484
3917638
3917886
3917960
3917976
3918073
3918112
3918768
3918956
3918988
3919117
3919991
3920089
3920141
3920143
3920199
3920319
3920347
3920771
3920959
3921462
3921562
3921898
3923632
3923633
3923837
3923922
3923924
3924653
3924654
3924655
3924656
3924814
3924815
3924816
3924829
3924833
3924878
3924898
3925030
3925605
3925773
3926631
3926632
3926813
3927000
3928269
3928316
3928576
3928766
3928768
3928769
3929060
3929403
3929405
3929406
3929407
3929408
3929409
3929563
3929678
3929684
3930169
3930402
3930471
3930560
3930562
3930745
3931991
3932305
3932306
3932456
3932472
3932488
3933109
3933201
3933272
3933803
3934078
3934080
3934123
3934388
3934496
3934746
3934756
3935043
3935045
3935493
3935494
3935579
3935658
3935906
3936199
3936200
3936201
3936202
3936683
3936771
3936772
3936773
3936775
3936776
3936777
3937397
3937746
3938201
3938476
3938568
3938800
3938962
3939492
3939493
3941001
3941006
3943903
3959289
3963075
3974964
3976789
3980309
3985557
3988340
4002094
4002096
4007860
4018335
4022811
4035521
4035523
4036112
4037674
4043974
4100338
4103464
4103465
4105835
4111031
4123393
4135335
4138568
4139222
4152046
4154922
4156358
4157355
4189291
4194576
4197389
4197757
4198023
4198105
4198142
4198720
4199206
4200266
4200538
4200856
4201242
4201243
4201245
4201637
4201640
4201648
4201935
4201936
4202604
4202720
4202900
4203362
4203531
4203782
4204795
4205329
4205880
4206246
4206345
4207280
4207283
4207310
4207517
4207582
4207764
4208046
4208255
4208635
4208637
4209013
4209067
4209404
4209767
4210185
4210453
4210576
4210577
4210728
4211104
4211357
4211678
4211679
4211732
4212063
4212126
4213017
4213096
4213665
4213729
4213915
4214306
4214417
4214772
4214776
4214777
4214778
4215765
4217782
4218411
4229466
4255761
4262305
4266505
4269625
4275225
4276273
4279027
4279267
4279905
4279906
4293593
4343029
4345591
4353645
4360088
4557181
4565636
4596750
4598431
4599858
4621948
4622625
4622626
4622671
4623083
4624008
4624216
4624714
4625435
4626945
4628259
4630035
4630224
4630241
4630242
4631989
4632044
4632419
4632769
4633230
4633478
4634190
4790935
4842337
4873189
4886857
4953367
4953428
4953822
4955696
4956769
4956796
4958881
4959087
4959611
4959715
4960158
4960816
4961015
4961630
4961767
4961768
4966397
4967018
4967109
4968314
4970638
4971484
4974916
4975395
4975573
4975741
4975742
4976112
4977454
4977823
4977824
4978314
4978892
4979098
4979391
4979581
4980063
4980836
4980838
4980864
4980865
4981351
4981352
4981391
4984406
4984601
4984752
4984764
4985406
4986552
4986553
4986824
4986855
4987774
4988098
4988120
4988226
4988368
4989102
4989197
4989403
4990768
4991406
4991710
4992717
4992940
4992987
4994207
4995731
4996097
4997135
4997136
4997481
4999575
4999788
4999992
5001188
5001296
5002588
5002598
5002991
5004427
5005577
5005848
5014427
5083442
5101355
5212580
5327885
5543005
5543104
5854212
6084312
6087659
6090373
6091842
6091843
6092005
6092006
6092433
6092739
6093523
6094454
6095473
6095474
6097090
6097114
6097173
6097409
6098035
6098036
6098512
6098709
6099976
6100907
6101593
6105130
6106042
6108675
6108716
6109909
6111122
6111387
6114820
6114982
6118488
6119353
6120197
6120980
6121757
6125476
6125478
6125560
6126433
6126519
6127165
6128301
6129285
6129464
6132010
6134836
6134959
6139341
6142055
6142073
6143607
6144397
6145701
6146874
6149341
6150009
6150276
6150544
6151587
6154403
6154404
6154405
6155190
6155481
6156972
6158239
6159054
6163592
6166560
6166568
6166692
6166729
6168589
6172380
6172543
6172931
6173988
6174450
6175066
6175726
6176675
6177191
6183215
6183218
6187768
6189200
6193064
6195309
6197495
6198284
6202806
6205016
6207109
6208218
6208219
6209399
6210338
6211027
6211139
6211217
6211621
6213195
6213287
6214008
6215085
6215455
6215976
6216397
6216611
6216612
6218390
6218434
6218587
6218863
6219085
6219159
6219281
6220165
6220202
6220724
6221210
6221419
6221775
6222686
6222695
6225482
6225808
6228024
6228391
6230990
6231755
6231855
6232015
6234465
6234966
6237711
6240224
6240311
6240784
6240785
6240786
6240787
6241193
6245338
6247970
6249192
6249195
6249755
6251853
6252178
6252829
6253023
6257650
6260663
6261525
6263403
6263942
6264845
6264846
6265158
6265159
6270834
6271037
6271049
6271052
6272628
6273382
6274143
6274494
6274842
6275781
6275784
6280502
6281215
6282751
6282778
6284954
6286034
6286592
6287927
6289963
6292160
6294798
6299208
6299449
6301999
6303209
6303215
6303490
6303743
6304017
6304463
6305057
6305252
6308286
6308287
6308444
6309002
6311320
6311321
6311803
6314099
6315765
6317245
6317561
6319238
6322910
6324264
6324399
6325353
6325397
6325750
6327618
6329404
6329638
6330881
6332017
6333207
6338050
6341582
6344763
6352563
6352734
6353613
6361062
6363935
6364405
6365235
6366321
6367888
6369706
6369707
6371040
6389437
6390741
6391783
6393074
6395277
6396400
6401284
6401789
6402263
6402480
6402755
6403198
6403199
6403200
6403253
6403898
6404217
6404578
6404667
6404835
6404838
6404926
6404928
6404930
6405038
6405492
6405687
6405918
6405973
6406367
6406640
6406725
6406989
6407021
6407103
6407217
6407235
6407392
6407724
6408006
6408035
6409342
6409343
6409344
6409345
6409989
6409990
6410070
6410591
6411313
6411496
6411515
6411687
6411761
6411763
6411816
6411833
6411856
6412869
6412959
6413071
6413395
6413417
6413595
6413599
6414093
6414342
6414702
6414716
6415361
6415784
6415820
6416607
6416901
6417014
6417023
6417025
6417161
6417163
6417164
6417340
6417362
6417734
6417804
6417805
6418008
6418051
6418065
6418757
6419492
6419676
6419683
6420030
6420502
6420573
6420905
6420906
6420907
6420908
6420909
6421257
6421450
6421451
6421633
6421738
6421742
6421872
6421938
6421941
6422041
6422216
6423283
6423362
6423546
6423593
6423936
6423962
6424249
6424296
6424476
6424563
6424854
6424921
6425219
6425355
6425356
6425357
6425361
6425421
6425502
6427111
6427466
6427493
6427555
6427945
6428048
6428162
6428307
6428695
6428696
6428697
6428698
6428699
6429510
6429966
6430225
6430226
6430300
6430462
6430463
6430464
6430698
6430797
6430806
6430808
6431013
6431014
6431120
6431227
6431620
6431621
6432693
6432836
6432839
6432914
6432949
6433159
6433697
6434425
6434520
6434541
6434542
6434640
6435053
6435055
6435451
6435514
6435812
6435813
6435814
6436185
6436214
6436311
6436313
6436315
6436318
6436395
6436492
6438184
6438364
6438449
6438766
6438816
6439404
6439625
6439732
6440097
6440412
6440479
6440480
6440658
6440703
6440906
6440950
6441224
6441265
6441274
6441275
6441276
6441277
6441278
6441279
6441280
6441281
6441283
6441284
6441285
6441286
6441287
6441654
6441834
6442123
6443029
6443030
6443096
6443203
6443581
6443642
6443789
6445161
6445528
6447113
6447142
6448664
6451178
6451179
6452709
6453109
6454658
6454659
6454660
6454837
6455178
6456692
6458203
6460907
6461606
6487986
6488649
6501133
6505917
6505918
6523317
6523323
6523326
6524904
6529771
6530085
6546317
6546811
6546936
6547232
6561017
6562258
6577348
6586712
6594322
6597563
6601650
6607032
6608436
6610219
6610389
6616526
6624395
6635433
6638988
6644689
6648745
6681667
6689380
6690835
6692469
6696862
6704696
6710284
6710285
6720642
6721470
6721472
6732223
6739312
6752184
6766274
6766294
6766452
6766888
6766952
6767428
6767455
6767684
6767703
6767783
6768418
6768419
6768620
6768714
6768715
6768768
6769599
6769600
6769802
6769811
6769815
6769823
6769954
6770095
6770690
6770727
6770754
6770765
6770956
6770957
6771118
6771211
6771212
6771365
6771877
6771878
6771879
6771880
6771881
6772097
6772481
6772567
6772568
6772573
6772601
6772627
6772990
6773152
6773641
6773645
6773826
6774824
6775005
6775007
6775011
6775015
6775032
6775595
6775761
6775764
6775766
6775767
6775769
6775771
6775773
6776142
6776285
6776296
6776589
6777301
6777429
6777436
6777456
6777719
6777883
6777884
6778380
6778381
6778382
6778384
6778385
6778387
6778486
6778494
6778589
6779387
6779388
6779389
6779390
6779634
6779824
6780174
6780210
6780456
6780524
6780529
6780535
6780631
6781346
6781347
6781348
6781350
6781706
6781707
6782080
6782659
6783261
6783262
6783283
6783533
6783548
6783610
6783676
6783705
6783816
6784443
6784570
6784677
6785159
6785160
6785234
6785243
6785314
6785363
6785364
6785365
6785379
6785380
6785845
6786212
6786230
6786701
6786725
6786780
6787078
6787099
6787136
6787490
6787687
6787976
6787980
6788029
6788458
6788697
6788746
6788901
6789092
6789466
6789557
6789562
6789738
6790152
6790441
6790518
6790571
6790572
6790660
6791587
6791758
6791759
6791760
6791761
6792081
6792083
6792219
6792244
6792296
6792659
6792979
6792981
6792983
6793248
6793419
6793618
6793667
6794235
6794854
6794856
6795127
6795273
6795689
6795982
6795983
6796248
6796562
6796599
6796704
6797054
6797237
6797239
6797243
6797333
6797747
6797788
6797809
6798130
6798135
6798160
6798296
6798415
6798924
6799141
6799142
6799143
6799144
6799403
6800041
6800951
6800955
6801009
6801022
6801191
6801194
6801279
6801513
6802439
6802441
6802475
6802748
6802757
6802762
6802795
6802866
6802871
6802878
6802934
6803200
6803233
6803574
6803590
6804186
6804388
6804485
6804487
6804489
6804596
6804898
6804928
6805248
6805251
6805252
6805253
6805422
6805848
6805849
6805850
6805930
6806131
6806132
6806180
6806191
6806195
6806239
6806242
6806319
6806436
6806456
6806913
6807088
6807134
6807472
6807844
6808013
6808016
6808019
6808674
6808675
6808676
6808677
6809419
6809607
6809622
6809784
6809843
6809875
6809888
6809970
6811421
6811431
6811432
6811435
6811436
6811442
6811724
6812388
6812490
6812846
6812847
6812848
6814355
6815278
6815429
6815592
6815593
6815817
6815818
6815950
6816385
6816477
6816936
6817019
6817704
6817708
6817906
6818247
6818285
6818318
6818556
6819096
6819741
6820029
6820162
6820454
6820802
6821083
6821174
6821200
6821201
6821501
6821502
6824907
6831190
6850266
6852711
6864898
6875289
6892712
6892789
6893105
6893380
6894059
6894560
6927783
6937974
6954875
6958016
6958017
6960805
6969574
6972194
6972729
6974539
6979306
6979804
6981167
6981925
6982024
6984048
6990330
7007447
7008601
7016917
7021588
7031094
7038039
7039215
7041280
7048581
7062778
7078867
7082029
7084856
7085079
7085080
7091218
7093983
7099784
7101088
7125792
7126520
7130362
7146458
7173175
7214119
7214122
7216484
7220097
7221805
7229806
7233301
7237082
7249797
7256329
7256492
7266040
7292210
7292212
7305145
7305221
7326553
7330755
7355338
7357949
7361160
7386704
7394694
7394695
7394698
7402920
7416748
7427687
7427698
7427703
7447263
7468664
7468669
7468683
7468684
7468687
7476198
7477282
7482107
7482108
7486935
7491226
7492088
7492114
7502182
7502185
7506294
7507102
7508470
7511773
7513101
7516313
7518786
7519803
7520117
7533594
7539407
7539410
7539687
7542638
7547108
7548283
7548291
7548543
7548573
7549600
7550049
7550050
7553571
7556239
7558290
7559838
7560175
7565013
7565106
7565116
7565558
7567115
7567314
7570134
7581997
7585901
7586907
7586908
7590715
7591117
7591137
7592182
7592800
7594681
7601844
7602183
7603756
7603759
7606585
7607465
7607490
7608095
7612536
7622218
7622261
7623414
7623657
7624811
7624814
7624815
7629509
7631202
7634710
7635487
7635488
7635490
7635492
7635495
7643745
7644525
7645632
7646657
7649456
7650211
7650728
7650729
7651069
7651643
7652655
7652657
7655544
7668052
7681376
7684677
7685283
7686935
7689444
7693451
7697325
7698652
7705341
7705854
7706529
7709319
7709324
7711899
7714206
7714210
7714943
7715444
7721290
7721686
7721696
7726535
7729865
7729866
7729887
7730260
7730283
7739379
7740976
7742335
7744403
7745105
7746148
7746149
7750947
7750963
7752190
7756935
7758939
7759801
7765397
7773394
7773412
7774572
7776299
7778896
7779922
7780787
7783620
7783624
7783639
7785557
7785995
7786010
7788675
7789091
7789214
7789285
7790083
7790098
7790434
7795109
7797908
7797909
7805362
7807698
7811045
7811047
7814541
7815949
7817733
7827668
7829173
7829513
7830568
7830580
7830772
7834712
7835257
7838190
7844389
7859910
7862218
7862377
7867299
7867311
7868410
7871447
7871449
7871450
7872742
7875022
7875573
7877537
7881379
7889957
7890406
7890416
7890429
7890934
7891550
7892886
7898823
7899223
7901733
7906688
7907777
7908674
7909606
7915940
7916339
7920460
7922638
7924210
7924316
7927717
7927771
7929784
7932842
7933531
7934821
7934834
7934933
7937305
7948160
7956017
7958383
7959708
7959709
7961446
7961452
7962990
7963715
7964493
7968509
7968534
7968658
7969193
7970897
7974067
7974071
7974072
7974078
7979312
7982947
7984085
7984095
7987468
7993152
7996021
7997158
7998594
8005971
8021769
8025667
8026155
8042124
8043968
8051793
8052133
8053087
8056705
8057908
8058819
8061086
8066342
8067748
8073340
8077409
8077732
8080188
8080200
8080215
8081669
8088932
8097016
8099073
8100243
8100347
8100930
8103071
8108753
8108755
8108757
8109918
8112036
8112047
8112835
8113683
8125245
8125316
8125831
8125832
8126887
8129471
8130688
8130689
8132344
8133088
8140488
8141573
8141798
8144473
8144644
8146139
8147654
8153771
8157643
8158024
8164636
8166184
8168937
8168986
8169216
8181404
8184701
8185697
8185698
8188352
8188362
8188595
8190447
8195104
8196105
8196548
8201767
8206469
8206482
8211540
8215281
8223139
8232067
8232380
8233733
8235919
8235924
8235928
8238115
8238160
8239622
8244352
8244353
8244354
8253691
8253983
8253999
8254898
8254900
8257132
8257153
8261726
8263199
8277244
8282295
8290195
8296126
8299953
8300096
8305573
8314322
8319879
8321733
8324051
8326854
8327873
8330904
8333204
8334311
8335312
8335313
8335316
8335367
8335498
8336867
8345839
8350252
8353252
8355614
8356115
8357048
8361358
8361558
8363686
8370725
8376331
8376843
8385592
8387602
8392964
8395468
8396093
8396192
8399246
8399861
8406039
8406856
8406864
8407693
8408559
8408583
8408585
8408586
8412627
8416445
8416458
8417014
8419788
8423003
8423230
8427514
8432710
8432837
8433451
8433960
8440254
8441767
8444481
8449408
8449836
8450407
8452120
8453025
8454325
8457978
8461723
8462562
8467631
8472773
8474805
8478054
8478062
8478080
8478311
8480958
8491057
8494736
8497364
8499824
8503057
8506277
8506477
8507457
8507758
8509101
8511708
8511709
8511710
8511712
8513059
8514383
8519357
8520255
8522539
8524957
8529870
8537268
8537490
8537686
8539070
8539079
8542728
8547409
8547415
8549276
8549280
8550220
8551240
8553150
8556444
8559801
8566974
8566975
8566985
8567887
8569773
8576375
8576380
8578403
8578412
8578806
8583798
8585723
8586683
8587166
8587715
8594326
8594332
8595862
8599487
8602142
8605908
8606085
8606197
8606352
8611782
8613370
8619601
8623803
8625999
8626318
8627027
8631722
8641756
8641792
8647755
8648215
8648217
8651989
8655518
8655552
8674970
8677076
8679601
8680936
8683637
8683638
8685180
8690498
8691495
8698356
8698364
8698488
8707732
8709840
8709956
8714280
8724511
8727891
8730876
8733223
8733983
8735098
8735117
8735838
8736530
8737122
8737131
8741236
8744372
8748025
8748297
8750486
8751911
8755589
8755886
8755899
8757878
8759842
8759870
8763586
8763952
8765265
8766644
8775507
8779458
8782959
8783959
8784614
8785253
8787362
8789003
8789046
8791859
8795782
8795788
8799786
8807070
8807793
8811367
8818841
8820679
8825101
8825771
8828215
8828233
8830022
8830264
8830266
8836018
8838050
8838710
8843253
8844460
8846488
8849179
8849192
8849219
8851587
8852280
8852966
8855317
8858668
8860791
8862594
8866467
8870415
8870654
8879194
8880487
8880518
8885068
8885069
8885076
8885400
8885412
8890194
8890217
8897182
8899718
8910446
8919735
8919739
8919743
8921899
8922011
8926079
8932311
8935664
8939434
8940213
8940214
8940476
8945537
8945539
8946633
8955641
8959067
8961554
8962144
8968915
8969626
8971714
8972665
8976828
8976839
8976854
8978091
8982629
8986558
8988391
8988393
8991440
8993370
8993383
8994781
8994786
8995060
8997849
8998979
9004226
9006061
9009324
9009326
9015018
9015881
9018776
9018779
9018781
9031670
9038304
9043139
9060056
9060430
9065140
9067972
9069547
9071422
9076726
9079926
9085536
9086138
9094430
9098083
9102846
9106204
9107574
9108244
9111185
9111757
9114143
9116069
9124839
9125573
9126442
9129079
9132980
9133594
9137737
9139927
9140974
9141704
9147914
9151893
9152033
9153730
9153731
9153733
9153734
9155553
9157158
9157237
9157238
9161420
9163477
9164804
9168625
9169737
9169774
9169783
9171398
9172869
9174181
9175650
9177889
9179810
9180179
9189644
9197406
9199474
9206122
9207385
9209024
9209780
9210662
9210682
9217557
9217698
9218786
9220014
9221754
9224186
9224882
9224884
9224886
9224888
9228757
9230396
9234776
9234803
9235052
9239501
9243747
9245801
9245802
9248128
9257777
9263362
9263364
9268008
9268019
9273028
9276426
9279505
9283668
9284146
9284164
9284776
9286064
9289258
9290454
9293607
9296086
9302742
9316907
9317017
9317047
9321671
9322642
9327248
9331987
9332627
9338500
9339966
9340985
9341004
9341014
9342059
9348138
9350775
9353019
9353049
9359728
9360608
9364915
9370268
9371445
9372426
9372429
9379894
9383843
9383846
9393792
9407082
9413436
9420050
9420059
9422601
9426134
9426239
9430636
9431752
9431945
9433966
9433968
9434748
9435027
9435362
9444789
9452708
9453597
9458987
9462247
9462433
9465102
9466265
9467907
9475908
9477586
9479048
9479056
9480984
9488386
9488392
9489672
9490996
9491182
9491183
9494404
9495774
9504115
9515697
9515702
9517932
9517935
9518010
9518381
9522987
9528716
9530902
9534233
9534743
9534744
9534748
9537290
9537399
9537520
9545154
9555899
9565669
9573070
9582111
9582465
9582471
9582472
9582483
9582484
9582486
9583260
9595660
9595666
9597387
9598572
9609572
9613570
9619092
9620391
9621685
9622458
9628358
9630766
9632614
9634299
9634306
9634324
9639825
9647149
9649249
9652713
9656403
9662768
9671244
9671249
9673015
9683539
9687414
9689124
9689222
9692169
9693112
9698901
9701824
9701828
9702590
9705245
9705315
9705949
9711344
9712776
9714829
9715025
9717259
9724797
9728543
9730895
9736155
9738829
9743118
9744248
9745190
9748444
9748496
9748808
9756778
9757775
9761692
9763607
9764939
9764941
9765808
9767087
9773430
9773433
9774566
9780255
9780503
9781437
9784525
9786181
9797206
9797226
9800257
9800262
9803591
9803596
9807192
9812300
9814873
9815223
9817871
9817885
9822829
9822830
9826361
9827107
9827265
9829160
9831669
9841831
9844000
9849554
9849557
9849558
9850683
9853688
9857075
9858343
9858347
9858349
9864256
9864308
9865616
9873046
9878021
9878453
9882668
9882683
9884896
9889191
9889224
9891675
9893340
9916071
9916089
9916098
9918320
9918322
9921577
9922234
9922478
9924464
9924469
9924473
9924474
9934548
9949193
9949498
9952388
9988241
10023354
10023356
10023357
10023358
10023359
10023361
10023365
10023366
10023369
10024555
10025478
10028081
10028113
10047561
10048019
10048033
10049368
10051655
10063657
10065189
10069312
10074537
10075231
10075421
10081510
10084418
10092961
10094619
10097674
10100773
10101431
10103175
10103218
10148587
10189753
10195051
10197038
10199222
10200956
10203650
10208798
10214427
10216854
10217784
10222669
10225234
10225569
10225902
10231481
10231688
10326119
10328017
10328021
10328025
10328029
10328030
10328033
10333286
10338491
10338512
10338533
10339832
10340197
10348754
10350732
10351985
10353299
10359958
10361916
10364583
10371472
10371473
10375640
10377128
10377136
10383754
10383771
10403477
10408362
10417025
10417159
10417653
10417654
10420596
10429768
10433979
10435763
10435764
10436438
10437757
10438365
10441398
10448346
10448347
10448362
10448363
10448368
10448397
10449495
10452657
10456167
10456962
10458636
10462605
10463550
10476608
10477310
10481080
10482498
10491876
10492429
10493609
10494940
10496937
10498728
10508026
10510237
10510725
10513845
10523556
10523571
10524762
10524955
10530573
10531218
10531275
10532578
10534208
10534728
10537219
10543766
10546705
10553023
10553085
10562806
10563563
10564495
10564824
10577639
10582630
10584033
10589709
10593954
10601915
10602678
10602748
10602753
10610817
10613877
10616354
10616357
10629191
10632875
10635797
10639460
10639461
10639679
10648099
10651072
10651285
10651543
10654860
10654868
10655208
10655338
10657779
10667900
10669374
10673001
10676973
10676979
10678480
10678991
10681836
10689182
10698346
10698950
10699032
10699511
10722605
10723743
10726074
10726644
10726647
10726944
10727457
10729658
10730379
10734698
10735590
10745241
10746192
10750211
10750520
10752012
10754947
10754952
10756177
10760154
10770737
10770780
10772086
10772462
10782747
10788628
10796126
10797094
10802171
10804036
10813160
10818419
10819322
10819823
10821594
10821601
10823765
10824035
10824935
10835020
10835606
10837198
10837429
10842552
10844691
10846211
10858200
10858263
10865112
10869977
10872914
10874232
10874915
10876091
10879973
10881399
10887570
10888024
10895378
10899879
10904114
10904193
10907913
10916122
10920657
10921950
10923157
10923855
10930579
10931894
10940049
10942467
10948150
10948165
10949431
10950780
10952602
10952612
10953166
10955963
10957893
10964267
10970381
10970412
10972806
10972826
10972832
10973906
10983107
10986265
10987452
10987456
10993081
10998171
11001329
11004172
11006655
11012233
11015361
11015410
11025272
11026889
11029998
11031243
11032801
11035242
11035728
11035741
11036048
11036053
11057393
11060071
11060784
11061063
11064582
11079018
11080773
11083761
11084573
11085015
11085266
11089306
11089787
11095812
11095835
11095836
11099438
11101514
11101576
11104814
11105913
11118848
11120932
11120953
11120999
11138910
11138913
11138916
11141851
11141862
11143968
11152396
11153203
11157049
11157222
11157935
11158704
11160816
11163967
11173034
11177482
11179372
11181352
11183745
11189961
11192850
11196039
11196049
11200227
11207564
11207577
11207590
11207618
11208793
11209629
11212924
11220484
11224831
11228212
11230391
11230419
11234784
11234790
11236110
11236416
11237802
11240764
11242818
11243099
11247712
11248679
11254625
11260136
11262256
11274034
11278708
11280121
11282976
11283067
11283280
11286658
11287687
11287690
11287692
11287699
11289194
11294736
11297015
11300681
11303191
11303192
11303266
11306560
11317079
11318255
11321577
11323043
11325945
11325985
11328778
11331723
11333586
11341916
11349019
11349972
11354261
11358054
11358172
11359834
11361882
11367527
11367737
11367920
11368810
11372645
11376070
11376083
11376085
11379452
11381130
11386956
11394975
11395444
11401721
11401984
11402235
11403186
11403188
11403195
11406757
11429861
11432529
11433092
11442829
11443098
11446513
11454218
11460020
11460027
11463523
11463531
11466271
11466274
11467794
11471104
11473214
11473220
11474015
11474018
11474021
11483124
11483763
11483922
11496009
11496010
11500462
11502546
11506909
11516062
11518867
11518869
11518873
11520797
11521277
11521281
11526134
11526685
11529621
11530308
11531621
11544207
11550129
11553013
11553578
11553586
11555298
11568790
11568849
11576790
11580753
11581235
11591668
11591672
11598849
11602849
11605193
11605315
11677383
11677384
11679076
11679691
11680791
11682492
11683469
11689753
11689756
11700184
11703655
11704096
11705062
11707339
11709349
11711258
11712365
11714940
11717659
11722733
11722812
11724670
11725227
11731159
11731630
11733469
11740704
11751218
11751818
11751883
11752467
11755563
11755907
11763238
11769023
11769668
11773133
11773875
11773879
11779376
11785416
11796379
11796626
11797180
11802929
11806663
11807051
11810580
11810587
11823215
11825985
11827480
11829728
11834959
11839165
11839168
11847104
11848620
11850260
11850628
11858902
11859134
11860694
11860695
11862490
11864261
11866735
11866755
11866845
11878767
11880389
11886608
11888808
11893225
11895977
11901164
11901188
11901859
11904085
11912463
11912467
11927047
11937567
11938352
11939406
11953311
11953395
11957125
11964772
11965726
11967492
11971262
11972936
11979115
11980709
11981445
11982956
11983930
11992292
12002087
12002445
12007850
12010959
12018794
12019074
12019980
12034915
12035020
12035021
12035022
12037060
12038892
12040955
12049102
12050955
12051066
12055301
12055302
12055303
12064989
12065517
12065533
12066116
12072921
12076381
12076813
12081169
12081969
12095618
12096194
12099086
12111567
12117956
12119340
12135571
12153881
12161151
12163874
12170124
12170126
12172800
12174768
12179634
12179655
12181466
12181467
12183233
12183262
12183531
12184549
12186325
12194741
12194742
12198613
12199099
12201175
12206288
12206377
12213785
12218847
12220764
12220782
12228311
12228324
12238650
12238651
12238656
12270819
12279945
12280505
12284232
12293269
12297017
12346973
12346974
12354846
12354851
12354874
12364368
12364972
12366402
12369149
12372824
12379671
12383547
12383553
12383665
12385679
12385834
12386364
12389654
12390350
12390351
12398023
12399483
12399486
12406224
12407240
12407242
12409374
12410476
12410832
12414002
12415063
12418541
12426326
12435671
12438387
12438404
12438900
12438903
12440957
12446837
12447745
12453228
12454153
12457517
12459228
12461013
12466719
12466720
12466722
12466727
12466729
12471378
12473806
12473819
12480115
12487525
12492093
12493784
12493797
12493801
12496205
12496210
12499233
12501217
12514435
12514438
12514445
12517848
12517865
12523071
12523225
12525187
12525923
12529019
12533455
12533487
12537725
12537730
12537735
12537737
12545689
12547662
12548208
12548950
12549520
12566185
12567179
12567437
12571236
12574295
12576616
12577501
12580687
12586395
12594649
12598131
12598784
12598891
12599082
12608861
12615218
12616149
12621734
12621736
12631874
12635534
12644481
12652791
12653917
12654732
12657800
12661086
12662387
12662391
12667351
12668548
12671545
12671546
12671549
12671552
12671555
12673405
12680331
12681529
12682137
12682168
12690140
12690141
12696000
12697113
12704129
12710124
12712045
12714813
12718049
12720087
12720546
12727073
12729982
12730643
12747588
12748735
12749137
12782950
12782955
12783093
12787359
12787521
12788028
12788575
12791061
12793065
12807279
12816664
12816666
12825110
12827535
12828541
12832079
12839632
12842332
12843076
12858832
12864814
12864848
12864863
12867837
12890814
12891749
12896992
12897689
12899585
12902582
12904360
12904416
12916129
12916137
12926734
12931370
12933514
12933898
12934372
12934399
12951253
12955650
12957813
12958238
12958275
12966099
12971565
12972788
12973459
12993861
13001422
13040220
13069389
13083054
13090980
13090995
13098804
13126855
13129433
13138482
13157848
13172470
13177434
13178985
13189043
13200127
13200976
13208780
13217505
13219972
13221808
13229310
13285966
13291723
13303189
13320489
13345760
13398896
13425426
13430028
13443365
13465763
13524787
13536426
13545824
13554512
13557203
13560791
13566469
13584481
13586694
13588485
13595752
13614463
13618566
13621730
13654384
13656994
13675226
13675278
13676258
13690964
13704598
13720942
13730259
13741072
13741073
13741074
13741075
13742862
13747869
13761227
13762842
13770043
13775482
13776179
13788628
13796784
13828515
13837665
13867398
13890565
13899050
13919838
13920514
13921122
13929553
13941031
13952554
13957984
13968233
13973034
13981907
13993477
13993872
13998620
14000750
14006822
14025945
14033374
14046010
14047217
14048143
14048144
14056535
14063939
14066424
14066596
14067826
14077315
14079248
14079776
14084699
14086510
14088641
14094688
14097484
14102172
14103069
14105729
14107751
14107752
14116184
14128888
14151767
14152119
14166620
14178020
14188730
14188731
14199506
14203991
14229306
14231469
14233660
14234355
14244447
14264328
14265342
14274936
14275961
14287970
14287971
14296019
14315717
14315718
14315719
14325874
14325888
14329862
14329863
14346574
14354554
14361505
14398256
14398257
14401968
14408379
14412437
14481098
14482837
14490304
14491691
14492362
14493400
14496807
14498722
14500476
14500523
14506039
14507359
14510065
14510104
14511497
14511498
14513394
14559707
14573647
14573659
14573829
14573834
14573836
14596769
14596772
14597249
14597734
14600227
14600243
14603094
14603097
14624733
14638497
14645274
14645594
14646635
14646637
14649105
14660449
14661974
14662949
14663123
14663126
14672471
14677304
14678592
14679783
14686916
14691651
14695957
14709128
14717035
14729699
14729713
14729716
14741158
14743069
14743074
14745698
14755033
14755041
14761998
14763436
14766821
14766825
14775024
14783902
14796031
14801672
14805001
14840672
14843458
14884639
14885517
14896012
14896730
14901683
14908226
14960717
14974280
14977936
14981366
14985631
14986248
14987061
14998987
15000741
15006070
15006074
15015842
15023275
15027869
15028933
15039331
15044393
15049095
15052856
15054169
15055278
15056217
15056651
15061949
15072852
15075018
15076932
15084227
15090526
15090891
15093791
15102567
15102784
15107628
15107634
15107742
15107886
15118630
15123985
15126492
15132870
15138731
15143477
15148922
15152807
15158777
15166535
15167645
15170011
15173146
15175267
15177901
15184558
15186013
15186402
15186579
15194045
15195253
15211084
15215701
15215702
15228729
15231766
15243040
15243065
15243093
15243099
15248092
15248777
15249686
15256598
15256825
15273147
15276914
15295126
15308836
15312845
15320905
15331748
15335669
15336487
15342592
15347757
15355770
15364113
15364299
15364300
15365038
15365860
15378437
15389000
15389003
15410965
15448393
15457858
15458899
15460955
15470866
15472322
15472345
15472851
15479510
15480115
15488283
15489357
15489428
15491363
15494917
15501771
15508193
15508502
15512178
15516597
15530594
15548863
15549154
15551209
15553358
15554294
15555359
15555881
15556741
15568457
15576794
15577651
15581779
15582300
15583309
15583317
15595680
15601489
15604584
15608583
15608588
15614116
15614711
15616287
15632269
15633091
15634960
15634996
15636744
15638837
15641680
15644636
15653780
15668617
15671806
15675242
15681722
15681724
15681727
15687191
15689189
15698721
15701549
15709796
15725719
15729151
15729156
15729160
15731049
15732345
15733114
15736958
15750099
15750129
15752195
15756355
15757510
15763913
15765329
15765864
15769184
15778862
15784536
15784537
15784566
15788924
15788927
15788928
15790029
15805536
15807265
15807943
15807944
15812456
15813231
15814961
15814983
15824424
15824689
15825393
15828166
15829029
15830482
15833098
15838790
15839892
15845463
15845515
15849530
15849962
15853879
15853882
15855492
15857514
15858172
15866734
15872247
15878435
15886468
15888472
15893829
15899076
15899087
15899770
15901695
15902536
15912402
15921613
15923297
15927892
15936895
15939360
15939852
15941699
15944283
15944306
15944444
15947134
15950072
15953032
15963875
15963876
15964294
15966676
15969775
15969778
15972481
15972507
15972520
15976596
15976598
15976603
15976620
15978078
15992072
15995201
15995218
15996158
15997000
16008251
16008586
16010215
16022773
16030229
16032562
16040996
16040997
16041054
16041251
16041255
16041728
16044010
16044393
16080084
16081973
16091433
16098215
16101998
16102317
16106090
16107976
16111217
16113287
16115956
16117745
16119003
16119761
16120706
16125281
16126499
16135233
16135405
16135590
16136461
16137043
16137322
16145072
16151203
16151218
16156663
16161754
16161757
16162665
16164557
16172597
16185017
16185231
16185780
16189114
16194236
16194237
16194847
16195256
16199739
16199740
16201262
16202144
16202938
16204843
16205307
16207253
16210106
16232519
16236488
16238618
16239538
16239559
16240694
16249622
16249714
16258817
16269221
16272500
16274961
16275906
16278026
16278435
16297736
16297744
16299348
16309425
16309460
16312690
16314767
16314768
16314773
16318912
16326853
16335295
16336765
16339945
16348232
16350023
16352629
16358728
16369000
16369732
16375618
16376524
16382817
16385214
16390436
16390947
16409676
16410969
16411760
16417496
16423492
16432479
16436063
16436629
16436729
16448912
16453256
16455885
16461596
16461601
16461738
16461870
16462959
16463681
16464281
16465924
16470126
16472308
16472725
16483839
16492719
16495532
16495586
16499664
16502519
16505736
16505744
16511420
16517899
16522201
16524406
16524550
16529095
16530221
16547015
16547016
16547451
16547452
16552073
16553657
16554697
16554698
16557716
16557815
16558027
16560649
16560759
16560774
16561032
16561033
16561199
16561736
16572037
16572040
16572041
16573689
16581572
16584194
16586054
16595048
16595053
16597205
16597868
16601661
16607434
16608073
16614587
16618494
16622200
16622214
16622235
16626926
16637241
16642260
16643623
16643676
16643679
16645517
16648949
16649292
16672599
16686353
16691155
16697733
16707682
16708055
16714596
16719561
16723364
16731091
16731672
16731673
16731683
16733613
16734055
16734888
16734965
16734967
16751403
16754820
16760307
16769696
16773025
16773034
16773035
16775958
16775959
16778739
16780132
16783243
16788186
16790759
16790783
16790801
16796676
16803582
16805233
16807034
16807252
16816397
16817010
16818792
16822635
16824026
16824104
16825186
16825397
16826347
16826478
16829298
16841502
16842581
16850760
16860515
16862466
16868528
16872806
16873916
16875007
16877574
16877576
16880174
16882030
16887698
16888612
16891479
16901915
16914656
16916881
16922862
16926157
16932043
16932044
16936020
16940068
16940898
16941340
16944253
16944260
16949362
16951354
16951363
16953371
16954205
16965515
16971401
16982615
16982911
16983244
17008285
17008584
17009941
17012514
17012515
17015660
17016969
17018507
17020893
17021122
17032654
17033366
17035758
17038122
17043338
17053151
17061490
17061502
17065426
17106672
17118954
17128343
17137534
17137626
17140412
17140413
17141576
17158214
17158783
17158905
17159225
17166633
17172112
17194793
17197350
17197595
17202199
17202273
17207083
17212856
17213353
17213525
17220319
17235284
17237736
17240104
17240593
17251394
17254733
17257430
17261178
17263653
17267627
17267635
17277065
17279049
17284396
17287984
17296753
17296763
17306653
17307859
17313744
17315677
17330383
17334061
17342647
17342663
17342672
17360838
17362555
17363891
17367469
17372007
17374888
17384821
17385435
17388744
17395270
17413534
17416061
17417132
17420216
17431287
17431378
17437632
17438025
17441538
17460741
17462733
17463380
17464862
17471772
17471777
17483228
17485794
17485798
17485813
17494717
17496077
17504428
17506820
17506821
17507834
17507835
17507837
17511725
17517873
17526702
17526744
17531993
17537943
17537947
17540669
17542928
17543117
17546311
17559396
17561712
17562775
17567314
17569720
17569721
17573479
17579075
17581931
17581933
17591846
17595594
17596201
17604320
17606293
17608667
17615066
17621363
17638718
17642862
17643011
17649662
17657022
17662554
17664822
17674316
17675523
17682045
17683982
17686216
17686218
17691693
17699008
17710141
17714447
17714681
17720283
17724992
17766070
17806051
17825091
17855579
17868893
17873032
17878816
17878950
17890310
17901085
17901639
17913866
17917605
17924006
17927698
17945048
17945050
17948752
17951381
17961874
17972366
17978806
17982718
17984207
17986492
17989586
18003708
18004027
18005511
18008255
18018589
18028581
18029022
18046265
18055489
18057080
18057133
18060648
18063719
18064057
18067849
18077848
18078691
18081581
18087084
18090177
18090178
18093859
18094535
18123456
18157061
18159523
18159531
18164598
18166849
18174141
18180215
18184660
18190261
18192290
18192788
18198040
18202910
18203837
18208764
18217521
18220545
18227091
18227178
18227595
18227601
18241521
18248938
18251277
18256103
18256105
18270642
18275272
18275441
18277943
18284299
18292569
18294244
18305122
18305155
18307078
18310343
18318230
18318948
18321237
18321364
18322062
18325040
18327008
18334064
18336461
18338709
18338951
18339660
18347046
18354344
18356769
18360319
18361850
18361859
18367575
18377583
18378705
18390650
18391004
18391429
18400919
18402854
18410333
18411284
18413622
18416602
18418297
18419036
18424739
18426887
18431700
18434942
18437119
18438001
18445461
18445794
18445948
18449459
18453603
18456385
18457051
18461372
18462909
18472888
18474513
18475324
18475328
18475331
18475349
18475350
18475373
18475395
18475406
18476154
18476190
18476195
18476203
18480000
18484011
18487964
18489463
18490867
18496418
18520976
18524033
18539003
18541655
18546847
18549310
18552343
18556619
18565739
18567658
18571386
18574654
18580706
18580819
18586945
18591264
18591276
18595874
18596070
18606569
18607313
18607316
18611503
18611562
18611628
18611763
18620833
18641536
18656077
18663018
18665871
18670473
18678271
18680415
18682796
18684112
18697483
18704315
18719929
18724270
18725546
18725558
18728379
18750377
18753347
18753933
18757819
18761100
18761689
18762223
18763330
18765120
18765752
18767421
18770539
18770590
18771645
18772926
18778732
18783339
18788528
18809212
18809643
18813031
18819776
18822386
18824531
18824615
18828853
18829626
18842937
18847583
18902200
18905746
18907306
18931272
18936950
18941533
18955385
18956683
18973432
18977704
18978065
18981349
18986991
19006515
19007408
19013435
19017267
19024508
19025498
19028953
19032106
19048191
19052176
19064231
19072503
19074928
19078204
19079182
19089560
19095660
19095774
19097863
19098059
19109481
19114493
19114544
19114548
19117832
19124663
19125141
19126571
19137107
19155241
19162160
19162465
19170863
19174734
19177755
19177759
19177762
19177769
19182056
19188383
19188616
19188626
19193848
19195446
19203353
19211309
19216747
19216944
19219343
19220203
19220645
19224158
19224556
19235496
19243592
19251655
19254902
19261600
19265740
19266528
19269760
19273554
19284575
19287450
19290914
19298649
19300516
19301977
19304963
19304966
19307123
19318360
19323630
19341768
19343383
19350154
19351231
19357159
19357202
19358733
19369445
19369534
19369939
19372159
19378875
19381396
19383597
19386838
19386967
19386976
19388163
19388165
19388166
19388167
19390608
19392745
19394259
19396954
19406739
19406894
19413336
19413770
19414800
19423631
19428826
19429310
19429611
19431528
19434010
19446590
19451328
19451856
19453773
19457289
19460783
19467767
19468025
19473997
19476432
19477809
19480817
19486161
19500195
19505805
19514600
19514664
19517905
19521097
19522720
19525855
19527171
19528210
19528266
19528267
19532086
19534842
19545209
19546192
19546370
19556927
19564286
19566023
19573335
19574307
19576822
19581214
19581548
19587067
19590491
19592592
19593988
19596496
19615706
19617869
19617870
19625286
19625477
19625591
19634691
19653962
19656086
19661435
19661842
19664150
19667558
19669031
19673353
19675016
19686347
19687198
19691497
19692753
19702151
19702993
19703841
19703843
19703846
19704398
19704400
19718832
19720754
19734822
19734823
19734973
19735224
19738353
19748342
19758331
19759047
19761737
19762436
19762442
19766974
19779620
19780761
19794054
19796658
19802967
19802985
19810171
19833693
19834553
19837352
19841003
19842387
19843535
19843536
19851451
19854700
19854902
19854909
19860322
19880968
19889029
19891453
19895819
19901062
19901860
19901861
19901864
19901866
19906704
19911970
19913149
19917203
19917755
19919060
19930647
19933360
19933728
19934542
19935075
19935421
19952927
19956622
19957526
19963275
19996047
19997508
20004262
20006195
20011362
20012733
20016674
20018629
20022192
20025173
20027519
20028823
20041143
20042155
20046325
20047199
20048043
20051932
20061763
20065058
20078555
20081558
20087948
20092631
20093260
20100859
20101643
20104111
20107432
20109152
20139191
20140025
20147631
20150957
20152101
20154126
20161024
20163035
20172999
20178541
20178982
20188518
20191200
20191906
20196080
20206836
20230939
20231417
20266261
20281487
20283500
20298772
20308306
20308834
20312949
20335410
20348314
20351623
20353145
20357220
20360139
20361132
20361538
20363948
20369268
20376355
20378894
20378902
20378907
20379743
20385752
20394716
20406467
20407879
20421400
20429088
20437689
20439477
20445753
20453722
20455407
20460266
20482147
20482854
20498099
20498110
20502392
20502394
20510019
20511367
20511499
20513293
20518279
20521493
20522633
20530262
20534431
20542960
20560356
20561928
20562585
20574043
20578531
20585125
20595209
20601472
20604651
20605703
20610820
20623208
20630471
20638603
20643433
20644498
20656718
20656721
20656722
20660213
20660594
20661175
20668135
20679963
20690208
20693173
20704258
20716255
20719957
20727809
20733036
20735437
20801168
20806073
20807208
20808760
20808844
20820835
20826755
20836087
20839022
20851893
20852197
20857329
20872148
20875490
20877088
20920108
20921932
20927291
20932863
20937912
20938375
20940153
20940154
20940158
20940159
20940160
20940162
20940180
20941895
20942031
20944208
20956076
20977351
20986966
21003542
21012657
21012658
21015719
21029476
21029592
21041493
21042234
21048705
21048963
21060849
21067570
21075927
21076139
21084524
21085056
21085857
21097735
21098249
21099596
21099605
21115127
21115481
21124257
21139150
21144442
21157631
21159935
21160459
21170565
21171878
21172790
21180100
21183864
21190837
21199852
21204865
21213011
21214637
21216968
21245268
21248091
21248096
21248969
21251255
21255115
21257765
21262023
21263808
21274025
21278624
21284737
21285914
21290739
21291519
21297090
21298020
21299643
21300774
21301385
21304951
21307209
21314477
21315173
21316007
21317686
21324559
21325040
21325546
21326987
21329492
21342066
21342071
21346868
21353028
21359151
21365384
21371235
21371379
21371388
21375183
21390251
21390725
21390726
21390733
21392925
21393127
21397086
21402139
21404599
21411585
21413257
21413302
21415207
21415210
21417648
21418914
21420203
21422217
21427428
21464453
21474988
21492017
21492406
21500474
21501367
21514555
21515755
21521723
21523404
21525021
21526113
21531728
21534852
21542610
21566558
21569093
21569319
21569347
21571972
21571983
21576437
21592343
21592437
21602219
21606224
21606362
21609745
21610073
21610119
21615661
21629610
21632019
21637847
21646450
21654502
21663482
21672195
21673042
21687431
21698977
21711917
21716786
21716796
21721538
21722790
21729959
21734242
21734634
21734909
21742006
21747781
21747795
21747805
21747807
21747812
21749454
21762238
21764022
21777898
21784943
21791061
21791924
21797933
21798683
21799581
21812841
21813721
21820251
21823339
21833308
21833316
21833322
21835969
21844239
21844302
21844713
21844727
21844729
21844731
21844735
21844744
21845064
21846672
21851423
21856516
21856854
21861439
21861441
21861872
21894387
21895795
21898997
21902571
21913393
21918113
21921393
21925547
21926887
21933698
21933917
21934558
21934572
21937985
21941568
21943934
21947096
21947770
21949708
21956990
21956992
21960034
21966997
21973299
21976763
21984785
21986029
21992980
21992984
21992988
21993639
21994137
21998416
22000085
22000844
22002460
22006923
22016852
22021972
22027378
22029692
22034496
22036133
22045584
22064717
22068065
22069014
22073597
22075591
22080264
22080271
22082720
22082722
22083701
22085362
22085601
22087366
22089602
22095197
22102734
22110154
22110468
22113463
22117004
22126104
22126106
22135257
22136570
22138345
22142497
22143116
22143532
22145868
22146107
22149387
22155830
22156895
22156970
22163288
22168311
22169277
22174908
22183836
22183837
22183839
22183846
22183847
22183849
22183854
22184419
22184617
22184905
22192351
22199108
22200257
22204176
22207596
22214775
22214779
22228985
22232288
22235165
22239555
22244259
22249300
22249304
22252268
22252417
22256336
22259215
22274163
22286973
22287521
22290508
22298157
22302695
22306338
22308534
22317841
22318666
22318778
22321999
22327577
22328644
22333840
22334602
22334604
22334697
22336270
22337104
22337200
22337879
22341824
22346429
22346471
22346477
22346523
22349975
22351512
22353959
22354296
22354319
22361030
22362682
22368277
22371042
22373191
22384840
22397678
22397838
22399131
22401562
22401563
22419642
22421690
22421693
22421701
22427638
22429498
22432703
22433672
22436137
22446590
22454816
22467321
22491994
22492860
22493096
22493300
22493338
22504591
22509901
22518864
22534388
22535909
22536367
22537232
22542425
22547617
22550410
22553456
22558266
22561762
22563554
22566592
22566897
22578237
22578934
22581892
22581895
22594866
22595630
22604449
22621817
22622447
22624483
22627011
22633246
22646654
22649596
22661631
22665107
22668947
22676068
22678036
22686196
22693236
22701624
22706212
22706215
22706217
22707135
22708244
22713571
22717470
22727081
22729196
22729926
22750777
22761285
22762232
22768164
22768475
22782829
22782830
22782831
22782835
22791716
22794785
22797875
22801346
22807549
22819150
22819604
22835468
22840274
22844448
22874837
22877592
22877599
22878023
22882265
22882659
22895675
22902672
22904337
22908152
22917693
22917694
22919521
22930291
22941436
22943919
22948154
22970467
22972828
22983501
22993183
22995365
23001269
23002175
23002192
23002223
23007214
23015673
23021501
23024224
23029370
23030644
23035839
23036167
23049763
23050734
23053434
23063097
23064532
23064537
23064538
23070845
23071134
23075920
23082591
23085077
23090595
23093735
23093736
23095086
23097666
23100348
23102593
23104293
23108670
23140621
23142353
23147735
23152483
23153085
23155096
23157146
23158750
23159594
23163048
23168304
23173294
23183436
23186215
23187982
23189457
23193948
23197282
23198117
23198910
23209280
23219271
23220784
23221768
23221802
23231489
23234737
23236082
23241969
23245412
23250301
23257414
23258645
23258823
23260839
23261468
23265744
23279089
23299608
23313483
23315098
23320468
23324980
23327247
23330152
23347339
23349628
23351067
23351652
23355254
23362449
23369293
23374609
23378511
23380197
23390952
23391639
23405376
23407126
23407466
23407467
23407469
23407470
23416957
23417685
23419460
23424672
23425506
23433914
23434849
23447088
23453701
23460055
23461304
23461308
23467600
23467604
23469585
23475972
23477553
23478318
23484614
23486492
23486711
23488467
23496833
23506248
23507280
23508619
23512512
23529298
23540188
23543713
23548214
23554203
23554208
23560790
23564168
23564350
23565750
23586346
23587946
23588125
23588214
23592974
23594520
23598167
23601556
23605850
23609458
23613823
23623337
23623686
23625842
23630956
23639791
23642399
23648135
23650596
23660013
23677015
23678058
23680222
23680903
23680906
23692878
23702105
23705013
23716638
23716675
23717204
23724748
23731506
23733950
23747578
23751932
23754333
23757303
23764300
23768092
23793671
23796936
23800942
23805209
23806149
23813093
23813677
23819400
23826337
23830869
23835188
23836816
23836824
23839218
23844520
23847609
23849061
23850694
23856869
23856883
23859910
23861986
23863567
23876804
23880127
23884094
23884152
23891224
23892192
23895035
23899162
23903665
23914292
23920397
23920398
23935503
23939010
23939890
23940811
23945428
23965768
23965770
23965997
23966022
23970289
23970594
23970602
23970625
23970630
23970635
23970641
23970658
23970709
23970741
23970742
23970745
23970751
23974145
23977246
23983235
23987728
23995689
24000224
24002068
24002555
24007340
24009500
24016806
24025911
24026408
24028864
24037141
24039262
24042111
24046809
24047881
24048962
24049157
24050075
24056524
24064219
24066990
24079950
24080632
24086683
24088850
24092762
24092836
24095619
24102220
24106338
24106339
24108603
24113411
24113412
24118571
24119133
24126526
24129624
24131550
24134626
24138699
24150466
24159315
24160747
24163221
24184420
24188541
24196751
24198404
24202206
24203572
24204097
24206645
24206788
24207077
24210280
24216036
24218946
24220356
24243873
24243874
24243876
24243878
24243879
24243880
24243881
24243882
24243883
24244002
24248162
24255126
24262217
24275266
24275271
24275696
24282565
24286785
24291713
24292761
24305088
24327758
24334988
24335745
24337732
24341208
24343654
24352129
24361688
24366777
24369054
24376896
24378136
24379204
24379305
24381252
24383882
24387885
24390919
24413490
24417784
24433334
24435165
24448560
24450867
24454950
24455772
24462210
24462211
24462432
24466206
24468054
24468863
24468865
24475696
24480850
24483056
24484215
24486047
24489950
24492260
24498212
24502606
24503900
24508691
24509781
24514092
24515768
24516558
24521720
24521723
24521729
24523487
24532681
24535277
24544435
24544436
24545155
24552584
24554750
24556993
24559563
24564848
24566724
24567444
24567501
24568221
24571073
24571786
24577885
24583444
24586792
24593108
24594737
24595372
24599315
24602276
24604333
24607996
24612901
24616119
24618022
24618039
24618046
24622100
24622331
24622633
24622635
24632515
24633530
24637681
24650008
24651828
24653040
24655615
24672680
24685549
24686069
24690473
24696024
24717166
24722391
24727516
24728243
24733458
24737798
24740081
24759719
24762640
24763594
24771307
24777471
24777907
24787738
24795044
24797914
24801146
24801359
24806757
24810211
24811061
24814157
24818991
24820072
24837286
24857868
24859038
24859465
24867819
24885306
24890959
24898857
24901251
24901477
24908687
24912535
24914183
24914988
24917067
24921247
24925897
24947981
24948703
24964277
24969456
24971225
24974317
24982070
24982323
24982675
24983680
24997675
25004630
25011655
25013081
25013220
25013975
25013979
25015933
25017717
25019616
25022301
25025338
25028887
25031289
25051930
25056075
25056324
25060698
25070110
25078330
25082007
25083897
25098185
25100316
25100823
25107710
25118973
25122855
25143534
25149062
25154560
25156010
25156536
25157184
25159333
25161175
25161470
25170386
25172824
25175873
25180857
25182063
25184348
25188454
25199775
25208533
25211249
25211254
25211256
25211259
25212090
25215566
25221548
25224994
25228665
25237598
25239090
25239276
25251852
25252727
25253912
25254623
25258396
25267407
25267684
25275435
25282115
25290498
25296304
25299410
25313204
25313220
25322708
25324326
25330794
25331059
25331311
25340397
25342812
25344841
25346239
25349693
25352691
25352692
25356365
25365962
25367903
25367915
25369656
25369774
25371420
25371490
25375642
25378573
25383001
25385112
25392357
25394204
25394255
25397411
25403720
25410409
25411689
25418572
25426337
25426655
25427572
25427632
25429977
25435192
25436876
25442864
25451056
25460012
25465668
25471928
25482819
25483706
25485648
25492382
25496972
25497459
25500516
25504294
25504297
25504299
25511465
25512673
25526018
25529577
25532465
25532741
25533217
25534723
25537831
25544662
25547132
25547354
25554485
25560000
25562852
25566225
25579147
25581302
25581806
25581808
25581812
25585061
25585069
25590331
25595915
25596304
25605303
25605771
25605868
25607578
25609726
25624328
25637258
25637328
25639637
25640444
25650401
25659837
25670773
25673666
25688066
25691638
25692800
25695394
25701734
25712352
25714102
25714587
25720061
25727286
25733268
25735717
25736881
25753079
25755189
25755190
25763675
25768859
25777677
25780762
25785190
25792538
25796031
25799263
25802857
25804074
25808340
25812453
25814039
25818299
25825429
25829624
25832300
25834492
25836384
25838784
25840968
25844265
25845238
25856395
25865983
25866700
25868133
25868141
25868582
25870754
25878350
25886914
25892255
25900920
25907207
25911525
25917402
25922100
25922103
25926404
25926405
25927024
25929200
25934156
25947877
25953962
25962915
25967947
25969541
25970311
25970312
25981754
25987627
25994166
25995221
26010772
26023576
26023809
26031293
26042815
26047498
26061040
26063087
26063097
26063863
26064954
26067934
26076069
26077246
26077759
26078871
26080747
26084072
26084073
26084303
26089222
26093189
26102632
26104562
26112875
26114001
26117082
26119905
26122105
26125141
26125533
26125939
26136508
26145099
26145201
26147143
26149691
26150848
26165430
26165433
26165434
26165435
26165436
26168713
26174237
26184337
26190472
26192351
26195002
26199286
26205172
26208181
26210107
26220178
26222746
26222748
26226530
26229069
26236350
26237608
26239980
26244506
26244560
26246922
26255890
26259560
26270114
26272575
26280325
26285773
26292300
26292303
26293005
26294142
26299582
26302175
26313289
26318193
26322229
26323884
26327539
26332192
26333806
26338048
26338862
26343813
26351283
26353867
26355966
26358608
26362744
26372927
26378187
26378286
26381611
26392654
26396445
26402455
26409733
26411663
26415750
26418128
26418464
26423658
26426083
26429895
26442504
26443496
26453557
26457488
26462189
26462191
26465813
26468501
26472770
26472793
26474600
26475082
26482313
26483525
26488518
26488526
26498786
26503722
26508106
26511740
26513072
26518045
26519942
26527145
26527219
26528045
26529166
26538505
26538551
26538552
26547264
26574512
26576538
26579097
26586777
26589091
26591660
26597276
26601852
26602615
26602618
26602623
26603424
26607860
26620348
26622046
26630657
26641098
26644436
26652855
26658656
26658657
26659209
26665738
26666587
26671256
26675423
26678863
26679255
26689114
26690658
26691509
26693700
26696986
26704163
26706392
26708458
26719439
26720306
26729391
26732001
26733496
26733970
26739156
26739719
26743574
26745428
26760182
26760183
26763972
26765929
26766527
26771402
26773149
26787639
26787702
26790015
26793265
26805040
26808268
26810921
26817487
26819339
26826161
26826910
26837460
26841046
26845624
26846151
26846572
26847286
26848972
26849693
26850150
26859666
26859803
26877884
26880101
26888658
26904785
26906904
26908758
26927226
26927542
26930148
26931504
26935729
26939573
26941028
26942354
26947776
26949934
26951818
26962074
26967304
26968786
26971582
26976873
26976875
26984407
27000091
27000449
27013259
27025738
27026347
27031891
27032228
27058117
27067334
27073269
27080231
27080763
27091503
27100764
27105564
27112831
27116008
27119076
27122100
27122199
27124470
27130478
27132316
27137809
27141096
27146362
27147267
27161642
27164464
27171273
27176080
27178830
27179879
27183633
27196259
27196299
27213957
27216061
27225407
27243142
27246232
27246574
27254649
27255221
27261924
27264171
27268218
27274027
27290827
27297292
27297882
27301565
27307460
27313440
27314179
27322048
27324777
27325503
27337478
27342784
27347854
27350659
27353397
27366021
27371346
27376801
27381912
27381919
27382010
27382650
27384828
27405582
27413195
27414503
27414684
27416143
27427203
27429850
27432597
27432602
27440873
27442026
27449234
27451856
27465490
27468642
27469477
27471322
27481245
27489119
27494921
27497595
27499432
27506605
27506628
27511901
27512795
27516227
27528945
27536736
27542698
27548417
27548425
27551020
27559553
27570316
27572098
27575582
27577587
27578029
27580005
27580580
27582306
27583786
27590250
27596531
27597434
27599076
27600036
27608066
27608412
27609929
27619365
27626188
27629896
27631046
27631354
27632642
27638945
27639378
27646968
27681925
27682063
27690121
27706174
27707952
27707989
27724873
27724878
27736753
27758727
27764650
27765579
27765581
27771470
27787348
27791096
27795343
27797865
27803513
27816380
27821049
27833605
27836225
27836808
27861521
27872553
27875039
27881151
27885067
27888365
27890419
27895130
27898565
27898567
27898572
27902415
27904747
27922851
27923924
27929243
27931519
27932616
27981386
27983487
27998950
27999043
28002109
28003354
28006003
28007229
28034887
28035227
28038960
28052997
28063198
28068218
28069643
28072403
28072668
28073612
28077695
28079519
28094065
28098538
28108699
28114879
28116187
28117765
28120644
28120646
28126741
28129372
28134005
28145382
28145388
28145684
28146620
28148678
28159916
28166698
28167140
28178111
28178112
28178113
28178114
28182591
28186463
28192236
28209713
28210887
28211375
28211440
28211441
28218175
28228492
28233287
28235839
28241458
28246379
28253939
28260146
28272393
28282365
28282644
28282645
28282646
28290950
28301989
28302376
28303829
28329383
28329470
28333355
28340291
28345188
28348864
28348871
28348872
28350843
28357376
28360378
28362869
28364702
28367885
28369227
28369762
28373191
28373241
28373867
28377334
28384279
28384434
28385139
28387837
28388513
28399798
28400529
28406272
28406994
28407640
28407641
28407642
28412384
28413202
28414664
28418303
28425774
28427377
28430679
28431096
28431102
28431495
28432206
28436019
28445684
28446378
28460033
28462398
28462458
28469158
28476913
28476914
28481980
28490486
28499284
28499285
28505240
28505331
28506737
28510723
28512023
28514990
28520925
28528844
28529540
28531212
28545411
28549097
28559923
28566614
28581359
28583150
28584144
28590237
28591853
28596392
28604481
28608788
28615273
28629687
28630127
28632191
28632470
28633281
28636866
28637523
28638824
28645177
28646898
28652307
28652937
28654654
28659133
28674065
28679521
28681823
28683780
28684610
28686231
28691898
28692536
28697843
28698342
28701272
28703728
28703729
28705094
28705462
28707659
28708696
28717267
28723470
28723967
28729124
28737877
28741188
28741392
28743809
28754299
28765222
28768469
28771632
28777262
28781959
28784667
28798195
28799824
28801418
28803864
28805699
28806985
28814585
28820128
28820375
28822976
28838077
28838078
28843621
28844395
28848021
28858332
28859312
28868962
28871927
28876284
28876289
28876291
28876312
28877506
28886618
28886683
28893183
28893203
28893785
28904187
28913082
28916651
28923377
28930001
28932707
28939833
28942419
28950852
28956800
28960028
28991324
29016383
29017374
29021080
29021406
29028971
29029217
29034107
29034772
29037929
29038284
29042497
29045604
29045638
29048985
29053737
29058643
29059032
29066627
29067905
29074030
29088226
29088232
29092042
29097418
29100864
29102589
29124540
29131780
29136127
29142397
29144370
29146429
29150724
29154315
29154480
29155021
29155673
29157170
29174733
29175001
29177239
29182725
29183269
29185266
29198179
29198180
29205198
29213101
29219803
29223959
29223965
29225148
29229280
29229778
29231153
29233095
29240635
29240636
29240781
29240786
29247013
29249252
29256362
29262291
29270390
29271025
29275409
29276051
29279442
29284768
29285017
29288183
29292202
29293395
29297237
29304083
29304758
29311079
29324629
29329176
29329177
29336823
29339382
29343220
29345007
29347676
29349557
29351260
29360873
29361673
29364432
29367612
29373697
29376609
29380356
29386078
29394396
29404418
29406492
29408881
29409759
29419710
29420119
29420445
29430011
29431149
29434478
29435591
29454196
29460228
29465642
29465653
29465667
29465674
29465687
29465688
29465695
29465702
29465709
29465747
29471763
29474232
29477549
29477653
29482499
29483122
29485537
29486628
29487468
29499642
29509566
29509792
29511067
29523496
29528996
29530847
29530863
29531169
29536365
29538469
29538508
29549606
29553074
29553335
29553336
29559392
29560055
29565715
29567802
29573486
29581189
29581560
29589256
29601324
29601598
29608959
29611382
29615507
29617982
29619908
29621310
29624558
29625547
29635367
29636908
29644437
29659749
29662365
29674407
29674557
29680200
29688440
29689080
29690825
29690929
29692813
29698384
29698421
29698633
29701830
29703974
29706149
29708009
29709312
29719082
29720385
29726994
29729331
29729635
29733249
29738073
29746535
29748180
29752412
29760215
29769930
29769969
29769991
29769992
29776807
29780854
29782292
29796611
29803329
29844237
29845928
29861622
29870502
29872530
29876934
29882175
29883770
29891604
29897041
29902495
29905822
29906594
29912682
29914058
29914071
29914847
29916355
29924422
29925670
29926499
29926944
29927376
29927918
29947802
29950339
29950382
29960999
29969978
29975775
29975784
29991383
29992304
29999304
30002329
30002340
30016236
30019769
30023502
30026943
30037076
30047666
30051801
30052651
30063202
30068468
30071798
30071799
30072794
30074254
30081083
30081551
30084426
30084883
30087172
30093108
30095784
30102262
30107282
30108750
30115561
30125380
30125691
30126088
30126947
30134832
30138416
30148266
30150251
30153259
30165819
30171763
30171774
30178231
30181126
30181210
30181326
30181504
30182860
30186254
30187651
30191618
30201794
30205870
30206175
30216232
30220157
30224859
30226955
30228109
30231293
30233282
30234198
30234796
30234930
30239814
30242143
30249196
30249694
30249728
30260702
30265235
30266769
30270902
30272954
30275084
30276628
30278030
30285705
30292397
30296916
30303108
30305317
30307392
30308531
30320218
30320305
30321622
30322851
30329062
30338585
30346576
30351348
30352803
30357408
30363025
30363030
30364212
30367605
30373802
30376120
30390337
30392463
30392736
30397529
30399091
30400890
30403946
30403954
30410109
30412586
30412735
30415606
30418536
30421718
30443344
30448519
30456870
30457407
30461598
30462276
30464540
30466466
30466791
30473448
30474539
30482267
30482834
30483375
30489490
30496162
30498048
30501682
30502387
30502515
30509194
30510100
30510105
30510172
30514867
30515136
30519127
30520712
30520971
30524442
30532844
30534927
30538694
30538989
30541468
30548023
30551148
30552033
30563596
30564232
30569652
30577866
30581422
30584266
30587234
30605081
30606127
30606394
30618519
30626307
30627130
30628946
30629196
30629964
30630634
30642924
30643437
30647161
30649333
30651389
30652276
30654762
30657464
30670509
30676251
30683037
30689929
30692169
30697344
30698520
30703834
30722752
30723007
30727713
30730922
30732970
30733424
30739637
30739725
30753248
30753898
30756005
30766523
30770529
30778550
30779755
30782948
30787927
30788502
30789143
30791443
30799204
30799811
30799834
30799857
30800666
30808445
30816632
30820563
30825697
30832565
30834380
30837248
30837995
30838004
30838398
30845186
30858330
30862336
30863622
30869583
30873172
30877674
30878688
30878689
30882306
30894437
30897201
30900979
30900994
30903707
30903720
30909866
30909883
30917979
30920739
30920748
30925932
30926519
30943191
30943199
30944196
30948618
30950981
30954953
30957153
30961546
30963175
30982000
30982247
30983802
30985632
30985634
30986425
30988037
30995063
30995568
30995991
30996106
31002306
31010954
31013277
31014341
31015818
31015819
31018992
31021281
31024540
31031172
31034186
31040249
31040250
31049303
31049501
31049592
31051265
31056291
31068083
31074566
31095100
31095102
31096920
31097677
31099330
31102824
31106713
31108726
31113904
31119614
31119615
31119616
31119617
31119618
31119619
31119620
31119622
31119623
31119624
31119625
31119626
31119627
31119628
31119629
31119630
31119631
31119632
31119633
31119634
31119635
31119636
31119637
31119638
31122971
31137799
31137965
31138228
31138575
31140943
31145563
31157931
31162022
31164232
31170281
31175401
31190451
31193648
31193652
31194715
31194717
31196813
31198933
31202926
31210732
31211673
31213856
31216278
31217322
31219400
31225920
31230613
31235631
31248368
31253622
31255376
31276596
31288994
31289181
31292063
31292064
31293838
31295224
31296280
31307183
31315953
31319352
31323733
31324518
31331979
31331980
31335939
31338863
31340021
31341071
31344102
31356532
31358980
31360448
31362987
31365550
31366421
31369630
31378677
31379424
31382322
31383663
31385265
31385267
31385268
31389367
31390037
31392943
31406692
31407661
31409679
31411309
31413024
31415041
31415336
31417035
31417529
31417575
31419483
31420018
31424547
31425792
31435621
31437420
31439986
31451347
31453926
31468679
31468730
31476277
31476278
31479500
31481151
31488838
31496761
31504333
31506309
31507264
31510949
31513653
31515293
31524362
31536154
31538646
31541571
31543554
31547889
31548184
31551478
31556949
31570391
31573516
31578246
31578264
31589312
31596737
31600300
31605008
31607467
31615000
31618167
31618181
31623703
31624177
31627489
31628155
31631090
31642639
31643191
31643230
31643239
31643749
31644498
31647617
31651709
31652729
31654792
31658968
31661468
31662418
31670808
31675147
31681305
31681634
31688719
31688726
31690678
31695443
31695449
31712813
31713620
31719170
31726703
31728988
31730160
31730499
31734695
31740492
31744915
31752720
31754194
31760050
31760083
31766474
31776583
31778198
31781517
31781772
31784935
31790511
31793388
31801895
31801897
31802195
31809690
31811739
31812771
31817122
31818965
31820661
31821348
31822275
31823768
31830129
31832426
31834402
31835724
31837714
31842695
31851086
31852766
31856072
31859747
31860664
31861867
31865863
31870236
31870237
31871081
31872856
31874612
31880741
31881862
31882383
31895142
31896736
31899504
31902016
31909501
31922106
31922113
31930578
31934366
31935208
31945133
31945307
31951687
31955892
31961085
31971951
31972174
31974213
31978352
31978353
31978578
31992068
31993971
31996095
31998268
32000586
32001659
32003164
32004254
32008410
32009316
32009570
32011233
32013864
32019756
32019834
32019895
32022739
32024032
32024723
32030356
32031617
32032316
32033533
32036466
32040516
32041800
32042129
32045642
32049340
32050884
32058583
32066589
32067623
32068837
32071056
32073548
32074119
32078293
32082989
32085531
32085650
32089090
32089824
32091356
32094149
32105602
32110902
32114974
32119845
32126947
32127453
32132192
32140142
32149957
32156570
32163577
32163580
32184310
32187221
32188772
32190837
32191696
32192370
32202529
32207537
32209954
32212485
32213195
32213251
32214342
32221472
32223089
32228159
32228828
32247863
32253235
32259846
32279277
32289262
32291912
32295478
32296647
32298551
32304528
32304530
32316853
32317730
32318263
32321682
32341705
32342905
32347756
32355106
32359875
32363389
32366604
32375974
32381609
32393483
32403988
32404400
32407703
32414194
32422849
32423944
32423958
32434942
32438866
32439664
32441045
32442426
32447324
32447918
32457249
32457251
32460721
32473014
32477967
32479537
32484428
32484607
32487791
32494956
32496386
32496391
32497502
32498967
32500764
32512120
32516318
32517577
32519969
32522828
32523077
32530591
32530860
32532902
32534649
32536685
32544235
32546213
32546887
32562845
32563585
32568875
32569258
32569625
32571818
32582133
32582169
32582714
32591794
32592523
32602459
32602460
32605597
32606827
32611546
32611792
32637320
32641070
32647750
32649579
32656570
32661002
32661900
32664831
32670242
32677988
32684296
32685118
32688393
32689914
32692363
32694582
32703844
32712655
32714334
32724807
32729617
32730397
32731917
32732336
32737509
32738086
32747940
32750107
32751883
32753000
32753001
32759973
32762194
32765015
32766725
32766821
32767178
32768529
32770820
32779717
32785692
32787586
32795362
32795850
32798687
32807804
32807891
32808581
32810868
32811545
32817227
32817230
32818599
32825235
32826099
32828583
32829308
32829411
32830242
32830243
32834786
32841434
32842047
32842906
32845194
32845827
32848409
32849325
32854606
32868325
32870912
32873606
32877521
32880344
32881091
32883750
32886722
32889143
32903136
32908008
32908526
32911499
32912933
32918462
32919654
32929456
32930821
32932211
32936604
32950783
32956240
32959365
32960744
32964934
32966677
32967905
32972945
32973901
32974579
32975293
32976354
32976355
32976356
32976359
32977356
32977759
32985394
32989170
32994261
32996866
32997014
32997962
33000907
33003186
33004447
33004610
33005903
33007823
33008028
33011046
33014885
33029766
33036769
33044490
33045163
33057372
33059307
33060666
33062385
33063655
33076082
33077658
33082236
33082237
33083025
33094716
33097713
33102576
33104232
33109694
33109763
33112853
33116506
33121366
33122424
33122425
33123111
33124551
33124553
33136149
33139288
33148708
33153450
33154239
33162204
33164482
33168608
33168910
33170275
33177123
33178264
33188803
33193203
33193396
33197896
33198126
33198606
33200978
33201019
33205903
33207228
33208509
33208511
33208512
33229966
33237740
33242473
33245688
33264307
33268771
33274127
33276125
33277768
33290434
33300564
33301430
33318010
33319077
33323071
33328194
33332296
33341349
33343520
33345746
33346966
33361465
33364794
33367585
33367806
33376171
33376658
33378545
33382076
33382077
33388573
33406237
33411920
33412301
33417838
33417851
33427085
33428528
33431605
33432328
33433170
33436503
33436505
33444557
33444559
33445644
33448727
33460481
33469147
33471098
33472928
33478403
33492527
33494538
33497601
33503026
33503149
33519726
33524048
33526591
33528603
33528794
33530892
33533239
33534405
33536323
33542153
33544205
33554267
33558293
33560079
33562607
33564854
33569588
33570465
33590810
33591079
33592101
33593843
33598210
33608480
33612012
33618038
33622474
33624738
33625487
33632090
33632890
33633700
33640187
33658263
33664140
33666031
33671065
33671616
33676595
33705748
33717675
33723736
33727348
33729405
33736608
33737358
33739419
33741965
33758087
33758372
33760080
33760867
33763825
33765392
33769901
33773075
33783414
33784401
33785063
33787610
33793553
33794773
33796248
33796486
33806413
33807121
33817605
33824203
33826529
33830872
33845205
33846278
33856180
33859147
33861668
33871442
33875000
33878134
33879251
33883524
33886170
33891652
33900407
33902811
33905914
33910514
33915835
33928799
33929158
33929174
33930160
33934693
33937002
33945580
33949223
33949249
33953398
33956840
33958492
33973355
33976101
33980014
33980576
33990163
33993162
33993166
33997030
34000039
34008722
34009081
34013864
34017216
34020481
34022392
34024673
34029611
34029771
34030155
34030562
34035667
34039298
34052582
34053955
34055347
34057249
34060328
34062856
34063264
34066576
34070767
34072200
34076475
34078300
34087923
34089202
34093206
34093925
34094619
34096386
34097283
34107540
34110729
34110736
34110740
34110743
34110754
34110757
34110758
34113135
34116342
34118893
34134725
34138928
34146691
34151106
34154600
34155204
34156000
34169683
34170311
34174039
34174905
34177869
34177961
34187371
34190475
34190930
34192725
34195620
34201299
34201908
34210839
34211138
34214531
34221771
34223105
34225553
34225661
34229521
34233535
34245280
34256252
34279031
34279817
34280016
34281392
34282741
34292926
34301675
34304706
34310524
34310527
34310528
34310529
34311604
34320914
34321450
34324655
34332883
34339277
34355690
34358218
34362393
34362706
34366085
34368230
34380730
34385981
34391335
34391903
34396397
34396398
34396399
34396402
34396403
34396407
34396408
34396410
34396413
34397971
34402689
34407013
34407015
34417414
34419740
34420017
34422696
34424175
34425937
34433793
34433797
34433798
34438979
34439042
34450628
34452992
34458918
34458921
34465021
34475357
34475362
34475363
34483276
34488645
34488704
34490592
34492693
34494952
34496152
34497776
34498079
34510008
34515630
34521505
34524062
34529975
34530901
34535405
34535614
34538874
34539665
34542856
34543381
34547546
34550809
34552793
34557562
34557869
34557895
34565258
34570799
34572609
34572612
34573293
34576759
34580131
34580906
34581604
34606332
34607000
34609833
34610459
34618416
34620667
34633841
34633965
34635321
34641375
34647806
34652397
34654767
34668731
34671693
34673531
34675563
34676780
34683991
34694274
34694413
34703253
34709052
34711144
34716336
34716431
34721348
34730611
34730833
34731020
34731021
34735428
34736815
34737332
34747462
34748579
34755593
34755815
34758169
34763670
34772893
34773398
34774742
34775078
34782548
34784046
34789510
34791363
34798573
34813424
34813579
34813580
34817203
34819068
34827339
34831424
34833187
34835463
34852011
34854620
34866637
34869072
34871932
34872437
34876041
34877840
34879820
34880637
34881023
34887350
34887352
34890451
34894134
34894246
34894954
34894972
34899659
34903146
34904517
34906669
34909106
34911750
34913662
34913715
34914887
34920179
34922593
34930626
34933533
34943139
34949296
34959466
34959573
34962241
34962968
34962987
34971376
34975804
34978884
34979838
34981015
34983422
34986242
34987225
34988907
34994305
34997050
34999997
35001017
35007131
35012346
35013084
35017488
35019769
35027140
35034049
35039437
35047416
35052976
35061686
35061780
35065063
35067598
35067599
35076010
35087590
35090024
35095823
35096648
35096671
35105978
35110093
35120153
35131478
35137690
35139743
35144493
35154028
35156850
35162547
35171128
35171290
35182406
35189278
35194141
35202047
35203870
35212932
35212944
35213551
35214767
35215160
35217590
35222300
35223556
35232786
35235608
35246477
35246736
35252037
35255814
35258329
35263349
35271599
35271658
35283298
35283813
35297656
35302922
35304346
35304404
35312651
35312657
35313939
35317619
35326763
35333592
35337285
35342849
35343795
35345891
35348352
35358660
35366922
35369513
35386292
35386911
35392612
35393930
35393933
35411400
35412392
35416126
35416971
35418239
35420483
35423628
35426632
35427490
35432273
35437141
35440801
35446884
35453249
35456069
35459676
35462198
35465683
35467402
35469554
35471082
35472527
35476693
35480233
35483632
35485393
35486952
35487037
35489793
35491832
35496288
35510509
35513055
35514307
35514308
35523571
35525934
35526670
35527389
35527677
35537765
35542983
35544082
35544098
35551168
35572628
35575542
35578892
35579283
35579459
35580146
35584898
35584899
35590115
35598863
35604129
35606713
35608079
35608633
35610666
35610756
35617304
35621120
35626297
35630366
35642527
35647521
35647888
35659907
35672671
35678576
35679501
35690480
35693060
35700110
35706144
35707162
35710444
35712312
35713023
35714158
35736968
35743189
35745518
35745524
35747471
35750325
35750562
35754526
35762496
35762725
35763318
35763413
35770844
35775125
35783686
35784997
35794921
35795244
35809046
35810277
35811666
35818315
35819075
35819817
35820778
35844400
35846739
35850441
35855008
35858472
35858477
35859321
35860869
35861027
35862748
35862777
35873141
35873173
35873303
35876744
35877976
35880750
35889980
35891147
35899864
35905043
35906032
35916832
35918119
35920810
35921635
35926293
35927516
35938627
35940402
35961361
35962370
35967879
35969045
35969837
35971143
35972242
35974909
35977130
35977656
35977963
35979812
35980187
35981810
35988663
35998807
36000906
36001447
36005764
36006076
36009953
36017715
36038645
36050217
36053257
36053331
36072077
36089701
36091700
36091725
36094073
36094115
36094203
36096277
36105674
36105928
36106953
36110842
36113447
36113957
36121287
36136059
36136820
36142410
36150072
36154280
36158233
36174054
36178406
36180879
36180987
36189345
36189949
36192676
36194022
36201640
36205171
36215941
36219764
36220897
36250382
36250858
36253438
36260010
36267167
36267770
36274971
36290088
36303661
36304236
36308328
36309905
36312786
36321833
36324326
36333224
36333471
36334555
36350125
36352322
36358135
36362240
36364980
36368750
36369413
36370922
36377922
36379508
36381602
36386409
36388309
36388312
36388349
36398578
36399372
36411033
36415133
36422341
36422595
36423044
36434126
36446580
36449696
36450575
36452226
36466460
36466478
36474096
36474310
36481732
36504970
36505551
36507927
36528040
36537786
36538365
36541041
36541190
36542494
36548117
36555284
36557641
36557750
36568835
36569947
36573759
36575024
36580235
36584164
36585024
36598194
36602335
36604513
36609346
36610838
36613627
36624437
36630416
36630419
36637128
36644445
36646588
36647553
36649697
36652440
36655133
36662886
36668969
36669636
36671371
36680167
36681126
36688743
36691840
36695466
36718791
36728240
36728272
36728331
36729626
36729935
36729966
36730177
36735316
36741249
36743092
36743104
36743115
36757312
36759099
36761832
36764395
36767946
36781827
36814428
36819065
36823448
36824016
36849501
36853044
36862761
36863064
36868257
36872313
36877078
36877694
36878660
36878691
36882066
36889914
36892469
36896431
36898447
36910203
36910221
36910339
36910377
36918087
36918374
36926514
36928890
36930946
36934472
36942021
36943790
36944923
36952471
36959438
36964640
36972581
36973065
36978401
36988578
36990696
36997957
36999147
37002111
37018493
37022326
37025122
37025397
37027389
37033487
37037463
37039695
37040409
37045547
37046856
37047138
37047219
37069922
37071576
37072830
37074311
37074317
37080628
37081443
37082616
37087294
37089569
37092497
37092998
37093051
37101940
37113590
37115656
37116988
37125235
37138444
37144018
37144297
37144661
37146303
37156608
37162616
37171855
37175047
37185561
37186602
37192385
37198361
37198645
37208192
37213168
37216411
37216766
37223348
37225067
37238455
37243708
37250177
37253051
37258877
37261611
37267319
37270546
37283639
37285200
37294009
37295648
37298678
37298904
37306106
37312496
37312685
37317200
37322495
37326833
37332341
37335757
37336225
37338369
37338789
37351522
37352017
37369287
37375049
37375472
37382860
37383603
37383604
37385212
37387581
37387605
37389560
37397732
37402567
37408636
37410137
37422867
37436144
37436798
37442885
37442964
37442966
37452127
37452731
37455743
37462263
37462302
37482535
37484035
37484040
37490459
37491918
37493678
37506559
37511783
37513754
37516129
37516425
37516453
37517908
37529482
37535640
37536265
37536929
37541749
37553046
37559756
37560071
37566682
37567469
37569485
37570358
37580787
37584947
37590058
37592240
37593222
37598775
37606383
37609747
37611895
37615721
37619582
37620291
37623959
37627281
37654019
37655342
37656506
37660222
37662926
37671232
37688619
37697419
37699368
37705589
37707979
37709103
37711686
37711920
37721708
37722688
37732792
37732794
37736994
37741620
37747071
37749029
37751016
37769185
37769710
37771604
37779694
37791750
37795430
37802652
37817160
37817315
37820114
37823634
37835073
37836772
37843121
37844157
37844988
37846472
37850911
37850987
37852285
37852672
37854109
37857249
37857977
37866730
37869965
37870167
37880544
37882532
37882549
37887784
37889941
37891023
37894230
37897236
37905891
37905924
37907530
37916720
37916806
37921862
37926090
37927435
37928183
37937275
37937999
37940891
37941731
37944674
37945345
37948399
37948873
37961909
37963340
37970785
37977801
37981059
37982635
37991382
37994421
37996885
37998794
38004673
38008665
38012851
38013501
38014981
38018565
38019196
38029797
38032961
38038461
38047699
38050133
38050184
38050729
38056222
38059892
38069045
38076458
38084950
38084997
38088353
38089034
38095549
38110560
38112085
38114565
38115859
38118022
38123397
38124133
38124214
38126782
38129251
38130205
38130409
38137836
38138010
38140249
38146567
38154893
38158934
38166231
38167386
38174234
38179941
38185832
38187347
38195446
38197662
38197745
38214499
38215246
38223143
38223271
38225809
38225875
38226640
38238655
38243969
38244245
38245708
38264736
38276184
38288762
38289395
38290157
38292654
38297305
38297880
38298531
38299807
38301626
38301627
38302371
38304725
38309143
38322510
38323170
38325722
38326294
38327876
38330683
38331480
38334417
38335981
38335982
38345141
38345391
38346403
38351649
38352762
38359858
38360847
38361220
38362625
38367636
38372108
38372541
38372542
38381035
38388739
38390016
38391574
38395028
38396029
38403298
38407691
38408940
38412351
38412465
38413727
38418947
38418963
38423024
38425195
38426239
38428259
38440731
38446051
38463902
38465972
38476738
38476773
38485431
38486167
38492988
38497988
38500064
38503380
38506448
38507781
38509173
38512111
38517444
38517452
38521080
38525049
38526341
38529900
38533083
38534082
38534084
38544527
38547027
38548680
38553038
38556390
38560383
38561843
38563734
38573181
38575313
38575877
38577702
38578759
38579162
38587424
38588354
38591530
38591856
38601005
38604698
38606464
38606611
38607253
38614111
38621502
38626958
38627919
38630582
38632674
38633399
38633880
38644586
38647240
38647280
38655657
38662152
38673412
38681331
38684621
38687906
38690363
38692732
38695071
38701969
38702191
38703812
38704381
38706320
38709824
38719228
38719318
38722079
38723452
38733972
38748748
38756016
38760931
38762749
38768150
38770362
38776401
38781286
38785734
38786124
38786196
38789265
38792714
38793665
38798779
38801042
38806021
38808060
38808065
38810590
38819303
38823779
38824739
38826252
38827828
38828053
38836570
38846122
38850689
38854004
38856987
38860665
38860959
38864605
38870930
38871454
38874629
38877763
38885995
38889110
38891969
38896891
38904761
38906808
38907951
38910195
38916864
38921795
38925934
38926904
38927226
38938595
38946026
38959520
38964838
38968209
38968852
38972067
38976659
38976720
38989070
38999302
39004438
39007140
39008622
39008624
39012148
39012901
39022638
39034819
39035573
39035993
39037829
39043453
39043612
39045871
39055159
39057765
39057797
39067888
39069960
39074945
39082498
39082980
39084693
39089883
39093382
39097410
39105587
39106639
39109153
39109214
39112489
39113830
39117400
39125830
39137269
39137971
39140260
39140433
39140739
39140741
39141375
39141668
39142419
39150247
39166456
39166574
39166578
39167417
39170589
39172008
39175952
39181439
39182131
39183815
39186249
39188580
39190544
39191483
39193221
39203443
39203989
39214691
39222020
39222990
39222993
39222998
39223449
39226039
39226080
39228292
39229435
39232767
39238057
39243126
39252902
39252917
39259938
39263668
39266217
39268811
39277590
39282273
39282536
39288011
39298515
39302529
39312925
39314293
39314429
39316078
39321205
39324821
39327034
39340079
39341790
39351971
39360841
39366745
39368128
39374606
39394953
39411431
39413961
39415099
39417254
39422167
39429341
39430093
39441245
39443109
39445818
39452761
39466544
39468287
39470197
39471231
39476167
39482008
39487391
39498171
39506601
39508481
39511934
39513865
39516007
39530861
39541395
39549368
39550563
39551057
39557897
39576209
39577383
39578786
39582445
39585777
39596706
39601904
39606371
39607155
