1288961
1289397
1297243
1303691
1306949
1308665
1310332
1315338
1319593
1329614
1333477
1336339
1344669
1357000
1365744
1398115
1435354
1444300
1445765
1452679
1459398
1468430
1469613
1500524
1503440
1503450
1510390
1510404
1510448
1510455
1517812
1520799
1520800
1521770
1534213
1556077
1562656
1577257
1587462
1592699
1593099
1598862
1605425
1605856
1607328
1608172
1629315
1638040
1651825
1666362
1666667
1679443
1680903
1685496
1697975
1746960
1757545
1757562
1761891
1769542
1776005
1783444
1803989
1807029
1809808
1810738
1834013
1849711
1854161
1905659
1910140
1931965
1940467
1953932
1964156
1998664
2024448
2041149
2041153
2069388
2079445
2108992
2113792
2116449
2119404
2123812
2128365
2133323
2139314
2156112
2171424
2209169
2227352
2266943
2291654
2291656
2300352
2318215
2327781
2360831
2380371
2393275
2397162
2488915
2496659
2496949
2501270
2512140
2523687
2524533
2528940
2559146
2563386
2613595
2621387
2649481
2664255
2705463
2708179
2723037
2723455
2778072
2780297
2808214
2817848
2831813
2847632
2854456
2923386
2968517
3032612
3032613
3101076
3111372
3112177
3112279
3119674
3127371
3131979
3146552
3148633
3435109
3463784
3570977
3579269
3777921
3840154
3850924
4044404
7491582
7492109
7501585
7514977
7528251
7530626
7553092
7553370
7557308
7559459
7560985
7560987
7577357
7578758
7590155
7594786
7619203
7619987
7623654
7628198
7633919
7648837
7650178
7650185
7650204
7656661
7664720
7665675
7676929
7677262
7699030
7699045
7699051
7702812
7703015
7706176
7711133
7726499
7737639
7742433
7752454
7756503
7759823
7765216
7765706
7768768
7786005
7793018
7794095
7796712
7798650
7802906
7811005
7811006
7811024
7834102
7845726
7848780
7851083
7852581
7852582
7854121
7867297
7867956
7868403
7868404
7873524
7875564
7883889
7914898
7916880
7948523
7958769
7960141
7963458
7979306
7985818
7987613
7989561
7993088
8002714
8005834
8027596
8031053
8034204
8034999
8040119
8051238
8060796
8062527
8067744
8071746
8077987
8092818
8092838
8096216
8098597
8106043
8109945
8109946
8112359
8114270
8117392
8125836
8138130
8142507
8157610
8159604
8161518
8181787
8182013
8192473
8203863
8215270
8226427
8228292
8239603
8239604
8243036
8250562
8254889
8257125
8257133
8282706
8285606
8285611
8285628
8288499
8289839
8290904
8315004
8320331
8325127
8328775
8329505
8335499
8346614
8349745
8353250
8354304
8354909
8357252
8359012
8370323
8380148
8385093
8396526
8397685
8398626
8406853
8407655
8417033
8432896
8440464
8458250
8460927
8467622
8486958
8486959
8494688
8494882
8501230
8515561
8518516
8522775
8524812
8530808
8537273
8537276
8543486
8543637
8555303
8557607
8567924
8568202
8569329
8569526
8576330
8582135
8585724
8585741
8589148
8591934
8596226
8601683
8603970
8605901
8610417
8611145
8619590
8626263
8627044
8627064
8633865
8641304
8647753
8650096
8654446
8659085
8675038
8683085
8690682
8693045
8693668
8695065
8700968
8707742
8712771
8722538
8724814
8724815
8724886
8726028
8726031
8727617
8727883
8729206
8737152
8749649
8749657
8757870
8759860
8768254
8774678
8779198
8786624
8787919
8792490
8792949
8796427
8807055
8807826
8809278
8810499
8815109
8826402
8827505
8831040
8831041
8831043
8834879
8843309
8843432
8845540
8849237
8849245
8856757
8865278
8870891
8874082
8875130
8877541
8878596
8878606
8880532
8881927
8883778
8891131
8891144
8892834
8895914
8902408
8904120
8904441
8909828
8909841
8909842
8919818
8919932
8923271
8937959
8951301
8968702
8980749
8981985
8988765
8994759
8994783
8994792
9003602
9021207
9021216
9044028
9044717
9055984
9060875
9065820
9079290
9081226
9081308
9084166
9087510
9103648
9105837
9108191
9114211
9114380
9114416
9145818
9145847
9145851
9147009
9154409
9154476
9154479
9156389
9158753
9158761
9158764
9158780
9158781
9158782
9158783
9158784
9158785
9158786
9158791
9158794
9158799
9158806
9158811
9158812
9163451
9163483
9164379
9167654
9174181
9174189
9184355
9210483
9210661
9222068
9222071
9230375
9234429
9237125
9237382
9239501
9245817
9255886
9257752
9257766
9258941
9265768
9276411
9283233
9294451
9294704
9301986
9303384
9303405
9314469
9316901
9331656
9331677
9331700
9331701
9333063
9340469
9343618
9343619
9345764
9350415
9350769
9351230
9352927
9361419
9363014
9364264
9371343
9371372
9397374
9399488
9404957
9410064
9410075
9412874
9418068
9420051
9428116
9449263
9455570
9461358
9466524
9466754
9474477
9475442
9495672
9498133
9503112
9508230
9508325
9511036
9511057
9511058
9511060
9511061
9511065
9511069
9511074
9511078
9511079
9517923
9517928
9517958
9517963
9531717
9531719
9532326
9533455
9534212
9535243
9537384
9542917
9555877
9559822
9561474
9561745
9569712
9571134
9571743
9576462
9578160
9578487
9579335
9582582
9593132
9593155
9597254
9599265
9605276
9605319
9620381
9633643
9635235
9635908
9636880
9650924
9650934
9650938
9651001
9652435
9661946
9665988
9666016
9675473
9675547
9678165
9681198
9684656
9685233
9687104
9707307
9708609
9710675
9711111
9717303
9717513
9721279
9721528
9725794
9730302
9731276
9732146
9733692
9736533
9738835
9744762
9749404
9750282
9750323
9751771
9753001
9756756
9756782
9758281
9764397
9774583
9774587
9788808
9793039
9797249
9812375
9812378
9817912
9818752
9819654
9819690
9823531
9829184
9830125
9831084
9832270
9835578
9836838
9836839
9841835
9861779
9866699
9868693
9877366
9880931
9882679
9884489
9887629
9889230
9916905
9923524
9933917
9986863
9988050
9990710
10024563
10030641
10036375
10049272
10052892
10052893
10063273
10063476
10066045
10074489
10074530
10091034
10103181
10103201
10103202
10103206
10103244
10103281
10188274
10194104
10197038
10220904
10221176
10223926
10224016
10227164
10230695
10321094
10332722
10338129
10341169
10347186
10349723
10349946
10353532
10364577
10368136
10379681
10382883
10389064
10392210
10395853
10396687
10403095
10403421
10404317
10416157
10417422
10418013
10418099
10419251
10419267
10420594
10428931
10432271
10432272
10432277
10447251
10451185
10459476
10473233
10474604
10476719
10476722
10476743
10479146
10488203
10489438
10492409
10492477
10493605
10499300
10500327
10508034
10508041
10508048
10511394
10511395
10511488
10523543
10523594
10524974
10529874
10530643
10530647
10535185
10543753
10543762
10543832
10553701
10563401
10565906
10565910
10579093
10579095
10582874
10582894
10584033
10589932
10590287
10602747
10606551
10608772
10614607
10618129
10629010
10639378
10642227
10648100
10648252
10651391
10655414
10664974
10665895
10670820
10671355
10671760
10673672
10677922
10702545
10702546
10706178
10721576
10722130
10722427
10722429
10722480
10722513
10729656
10730338
10733280
10734568
10735246
10745279
10746500
10747225
10747229
10747819
10748168
10749466
10763754
10770774
10770775
10770779
10770782
10771435
10771884
10772193
10772837
10777068
10777070
10792528
10794942
10794948
10794954
10797092
10802168
10806182
10817685
10823795
10824413
10834956
10834961
10834962
10835012
10837446
10843419
10857550
10858355
10860689
10860690
10863107
10868806
10868807
10868808
10868809
10868810
10878086
10879598
10882701
10882702
10891652
10898139
10898708
10899866
10908650
10914659
10921944
10921985
10925532
10926703
10932393
10932543
10933256
10940378
10943790
10945581
10945582
10950627
10950776
10951824
10952577
10961526
10961681
10966227
10968718
10970377
10974585
10979837
10980167
10985787
10991853
10991878
10997133
11001535
11010860
11015378
11025185
11036050
11040427
11041131
11041712
11050655
11060051
11060057
11060068
11060090
11064468
11073927
11078648
11083639
11083643
11083650
11083653
11083656
11083657
11083777
11085990
11087956
11092850
11100829
11102412
11102425
11103003
11109567
11114681
11117637
11118872
11120938
11120973
11120975
11120989
11123550
11125228
11130220
11136778
11137404
11139155
11152243
11152305
11152440
11154422
11157353
11158160
11158740
11158767
11168032
11173808
11181368
11181377
11191795
11191796
11198438
11199489
11200372
11206187
11208467
11217744
11219478
11230450
11230939
11246907
11249570
11252326
11269371
11272259
11272260
11274474
11282266
11282622
11284529
11284938
11290311
11292884
11294702
11302798
11302801
11302805
11302814
11303275
11303279
11307928
11318073
11319095
11321084
11324682
11325990
11328492
11328776
11328790
11344152
11346064
11348009
11349969
11353628
11358470
11372650
11375147
11376048
11376075
11389123
11399861
11401179
11401187
11408222
11408243
11418509
11418512
11427608
11428442
11430498
11437047
11440224
11447969
11448565
11449853
11453590
11456184
11462178
11462182
11462183
11462188
11470363
11473591
11478671
11481291
11481302
11501405
11502534
11506928
11521276
11526054
11526184
11535796
11535797
11535834
11549005
11557456
11557494
11568782
11572452
11576787
11576907
11580210
11580839
11581239
11584258
11594009
11595985
11600349
11600385
11600397
11603273
11642231
11642232
11668430
11678931
11682559
11688537
11688919
11696103
11706679
11709331
11709359
11713166
11714041
11714043
11720529
11724832
11724887
11727035
11740742
11748184
11750820
11751785
11759084
11759086
11764194
11764864
11770621
11776348
11779208
11779450
11785180
11789720
11789934
11792478
11796337
11801846
11804244
11810564
11810596
11814766
11822682
11822774
11822777
11825009
11825951
11827558
11828710
11828848
11841212
11843403
11843407
11846541
11846543
11847942
11849339
11849364
11850282
11850285
11851705
11851818
11853234
11853567
11856219
11856225
11856227
11856286
11856292
11856295
11858910
11864101
11864182
11864324
11864950
11866744
11866843
11868601
11868887
11872491
11880415
11881935
11885353
11886387
11897599
11900060
11914342
11915864
11958930
11959562
11959576
11966910
11967745
11971765
11977919
11980942
11980978
11981739
12003982
12007445
12015709
12019099
12019727
12023924
12032292
12037049
12037051
12038582
12039740
12039778
12046331
12047408
12052632
12066965
12071093
12076027
12077139
12078952
12089042
12089265
12096002
12110480
12111173
12125816
12135849
12144745
12148139
12151233
12161411
12162668
12167534
12183228
12183279
12194774
12195739
12202574
12204689
12205065
12218231
12222968
12226805
12233719
12234875
12244054
12270839
12355380
12363004
12363011
12381400
12382082
12384390
12407134
12408447
12409414
12409442
12410216
12410472
12410489
12415476
12417169
12419273
12422516
12423913
12423920
12423923
12425878
12433352
12435513
12435683
12441755
12444389
12448678
12450872
12451730
12454168
12461007
12461013
12461024
12461029
12461514
12467390
12473475
12477438
12486852
12488075
12491539
12495024
12495161
12499162
12499192
12499223
12501375
12502328
12503340
12503406
12514010
12517861
12523633
12523635
12525922
12529096
12531503
12534813
12542250
12543647
12543654
12543693
12543923
12552437
12553692
12562698
12562700
12567306
12568755
12572243
12581381
12588562
12595256
12599526
12600007
12603745
12607351
12613875
12615866
12622825
12630315
12650667
12663164
12672590
12672936
12673410
12679267
12682136
12685877
12694923
12697632
12702536
12705683
12709324
12709328
12709341
12713465
12719003
12729641
12732956
12742321
12748268
12760678
12760865
12766857
12767240
12771141
12773059
12781942
12785305
12788740
12791845
12791869
12800991
12801937
12801940
12804150
12805253
12806357
12807187
12807203
12807283
12807287
12808074
12810291
12810293
12817511
12820805
12828328
12833679
12839752
12842324
12843039
12855232
12859761
12860079
12865976
12866136
12872827
12876652
12878507
12878510
12878522
12878548
12888592
12892128
12892668
12895348
12902246
12903867
12904222
12908410
12909661
12911064
12913767
12917254
12929993
12933846
12936977
12937011
12942871
12949249
12951343
12957917
12959410
12967199
12968760
12972361
13130397
14500170
14506009
14507587
14515928
14519248
14523122
14527781
14529634
14529639
14529942
14530784
14532021
14567254
14576096
14576110
14576118
14585863
14594349
14596970
14596984
14596986
14596989
14596990
14596991
14596994
14596995
14596996
14597000
14597001
14597003
14597008
14602322
14603881
14605157
14607400
14607416
14611896
14616681
14616730
14616743
14617162
14617299
14617670
14619389
14620092
14620909
14623004
14624799
14626574
14633102
14633362
14633367
14638478
14638484
14657823
14659544
14660361
14660363
14660393
14662914
14662973
14672826
14679454
14686941
14688044
14688576
14692376
14692380
14693518
14693519
14693559
14695811
14711630
14715813
14717599
14729692
14732320
14733136
14734184
14742209
14750444
14763433
14766580
14769469
14966334
14973044
14976434
14979595
14982790
14985272
14985278
14990776
14998986
14999616
15000555
15000745
15000746
15007872
15008946
15022729
15022875
15025256
15028017
15028731
15034991
15038672
15040934
15055486
15056637
15056649
15056651
15057465
15062914
15062923
15066742
15070177
15071018
15077803
15084805
15103913
15109791
15113323
15120733
15128577
15128723
15131146
15134581
15135518
15150172
15151237
15152389
15156366
15163658
15177846
15183889
15184172
15188081
15188843
15190031
15190953
15192049
15198180
15208854
15220014
15220667
15222547
15225596
15225863
15231813
15233339
15233341
15233645
15242512
15243074
15246503
15255347
15256026
15256029
15256034
15259772
15264193
15271910
15273117
15280360
15283864
15285499
15288309
15297477
15304306
15305769
15306996
15307558
15308604
15328133
15334199
15346309
15352543
15357309
15358500
15364302
15368847
15380254
15388422
15388450
15388706
15450197
15466512
15470513
15471103
15472296
15472301
15482171
15491465
15498878
15504825
15504865
15511392
15515808
15518369
15519471
15522003
15527914
15527922
15528734
15528890
15528891
15537693
15538083
15541606
15551215
15552139
15552535
15553640
15559373
15561254
15569227
15571848
15574473
15574480
15578160
15580774
15583325
15585502
15602833
15603848
15609865
15610435
15612659
15612939
15616278
15616335
15625322
15630995
15633685
15635016
15640183
15640937
15644931
15649302
15649336
15649995
15654141
15654434
15660219
15667106
15667593
15673741
15686834
15700856
15701775
15702920
15722144
15729488
15732577
15747727
15749105
15749315
15770018
15774647
15790295
15791509
15791850
15797484
15800715
15809323
15811022
15814598
15814968
15816164
15821781
15821901
15831982
15836487
15836488
15840966
15844805
15855482
15858289
15867299
15869972
15870371
15870377
15870498
15871160
15872246
15872258
15872259
15878443
15886339
15893395
15894386
15895727
15900655
15904965
15907536
15908184
15910228
15910229
15910234
15926119
15931631
15931853
15935606
15942282
15946717
15950402
15954599
15960674
15963275
15964070
15972529
15975769
15976332
15978084
15980338
15980374
15980385
15980394
15980404
15984943
15991053
15991477
15991995
15995643
16000449
16000493
16009458
16023523
16026136
16028203
16048928
16050545
16076633
16080364
16081891
16083820
16084029
16084034
16085669
16086819
16091002
16091445
16092749
16094865
16099309
16103666
16105567
16108802
16109963
16126997
16127076
16138424
16141558
16143710
16144833
16145553
16151077
16151128
16151212
16153136
16153181
16157239
16157547
16157551
16163631
16166528
16168579
16175356
16178502
16182186
16186168
16188315
16189097
16189128
16190391
16204568
16205920
16207992
16233010
16233780
16234861
16258815
16258859
16258871
16278028
16287198
16290303
16290317
16295552
16304165
16304168
16304171
16304195
16304198
16307551
16315008
16323435
16325557
16332762
16336474
16336804
16353116
16355319
16359192
16359201
16362887
16366086
16374593
16375753
16376055
16377692
16385127
16388931
16390951
16391060
16391086
16400992
16401190
16403576
16404358
16405692
16406135
16416297
16418983
16422766
16436715
16436752
16441206
16441455
16451175
16464896
16466892
16470925
16475505
16477546
16478952
16480855
16487332
16488031
16488576
16495268
16497504
16498524
16500542
16502294
16502484
16504687
16510449
16511055
16512244
16517894
16517903
16517918
16524412
16529156
16529834
16541681
16549511
16553517
16554729
16556951
16563685
16565159
16569830
16572890
16584310
16584478
16597899
16599984
16601773
16604120
16604246
16612746
16617993
16621463
16629725
16630269
16633033
16640537
16647082
16676374
16682094
16687591
16698573
16700712
16706891
16709529
16709544
16715610
16723015
16723563
16724575
16735146
16736854
16740026
16740942
16783733
16784130
16786633
16793306
16805761
16809824
16813018
16813977
16820469
16825401
16841552
16842576
16854585
16867076
16869894
16869910
16876369
16880002
16882289
16887565
16893567
16910931
16911866
16914654
16916726
16922628
16922630
16926415
16936913
16940110
16941329
16941331
16943094
16943188
16953182
16954258
16954273
16954275
16955902
16957194
16966796
16968290
16968295
16971033
16971414
16979896
16982791
16995534
16997988
17002613
17002614
17004657
17005748
17005838
17010464
17017675
17021217
17024789
17024959
17030515
17041845
17045337
17045687
17046092
17046191
17047138
17055552
17056226
17056686
17062613
17063996
17065618
17066507
17066915
17071114
17074796
17086390
17088377
17099794
17103378
17113270
17116680
17118984
17119958
17124995
17136887
17137052
17152036
17166960
17176759
17179561
17184119
17184299
17184344
17188750
17194387
17204403
17205686
17216320
17219187
17220307
17220439
17227212
17242144
17243366
17243529
17244806
17254785
17257059
17267336
17283034
17297874
17300847
17302168
17306399
17309510
17309511
17311917
17311979
17320446
17322310
17322937
17325446
17328925
17329453
17337536
17338272
17340882
17349369
17350988
17351100
17360161
17361947
17368595
17368801
17369249
17369277
17369299
17373167
17381760
17388121
17391388
17402834
17408741
17410387
17412725
17418310
17424939
17425779
17428930
17429236
17430587
17438036
17442104
17446695
17454898
17467959
17477266
17488146
17488372
17489433
17517708
17521437
17523431
17531010
17531089
17531446
17532190
17538646
17540475
17544051
17551760
17561499
17562218
17563376
17568849
17575909
17586920
17594089
17601026
17609597
17612077
17613373
17617184
17625782
17631981
17634295
17646087
17646161
17646908
17650516
17650674
17650967
17655696
17659211
17668019
17681011
17683888
17685326
17690340
17699041
17709691
17718844
17719129
17720350
17720831
17721765
17724150
17760301
17765004
17766079
17766449
17825067
17827282
17846378
17849162
17855724
17873043
17875531
17884622
17889490
17892630
17898158
17899228
17899464
17905540
17906137
17908617
17915109
17917747
17923393
17932826
17933244
17935250
17936143
17936593
17949300
17949303
17953562
17953594
17954700
17956420
17956425
17965421
17968832
17975073
17975092
17977789
17977983
17978808
17984803
17988988
18003802
18005029
18021232
18022008
18029099
18033823
18034209
18035809
18035972
18041122
18044266
18045397
18047782
18061623
18068846
18071603
18076671
18079021
18086839
18087735
18093157
18094587
18095432
18095712
18096936
18154133
18155886
18156760
18159264
18167293
18177915
18179588
18180067
18180351
18183541
18187222
18192406
18192423
18193143
18218748
18221164
18225640
18230543
18230690
18245198
18245252
18245388
18248371
18258130
18261124
18271262
18279340
18285483
18293035
18293921
18295881
18310135
18310424
18312569
18319236
18323681
18325835
18332629
18339508
18343047
18343805
18349306
18349643
18350732
18354210
18360656
18373511
18384835
18385000
18388479
18389298
18389714
18390152
18391028
18391036
18394823
18397336
18407366
18407981
18416123
18418496
18421487
18422952
18424792
18433338
18434564
18440933
18449224
18461293
18462926
18463212
18467172
18473099
18477729
18481223
18487397
18489543
18493805
18508395
18511120
18511887
18514994
18524501
18541165
18544465
18547750
18547832
18561084
18568139
18583326
18591236
18591238
18592102
18592753
18596139
18599707
18609203
18611507
18611562
18611676
18611809
18612668
18624668
18630699
18634896
18642854
18645838
18646406
18653303
18663022
18669054
18676222
18683627
18683685
18686931
18689506
18692403
18692522
18692931
18707613
18715765
18716832
18718741
18762823
18765412
18774196
18774268
18775578
18775663
18792691
18795955
18798026
18811239
18812427
18816936
18819450
18819982
18830745
18832325
18832326
18834729
18836023
18842058
18844686
18844996
18845404
18847403
18853647
18936888
18939760
18947320
18952418
18972146
18973456
18974493
18992953
18995992
19001080
19001448
19004514
19011061
19013056
19021959
19022153
19026506
19028299
19028404
19037894
19042153
19047348
19049434
19052172
19053716
19073301
19081155
19087298
19098237
19108562
19108792
19112461
19116692
19120623
19120657
19120666
19121229
19121238
19128464
19137830
19141035
19152351
19162449
19164418
19169633
19175794
19178704
19183281
19185377
19187132
19187138
19193843
19196440
19199922
19200334
19201165
19201238
19201820
19218276
19218405
19221713
19222538
19222577
19226968
19227419
19232767
19233953
19237231
19239547
19240078
19243566
19243921
19249112
19249287
19252300
19255509
19258279
19258353
19270131
19273675
19273676
19277483
19281243
19282974
19295656
19296137
19298607
19302330
19302928
19304851
19320954
19322715
19324443
19326339
19330069
19333593
19333776
19334379
19334380
19338329
19339079
19342205
19343941
19351042
19364036
19369269
19374946
19386389
19391524
19392904
19397461
19412380
19420168
19426265
19429619
19435227
19446352
19446648
19447948
19450271
19457032
19457770
19465246
19465250
19468222
19470511
19477049
19477606
19481372
19484304
19486428
19486494
19487438
19488750
19488962
19488963
19490520
19493581
19494489
19501791
19502306
19516918
19527841
19528593
19529917
19546364
19563060
19569105
19572900
19573398
19576226
19576614
19577815
19578555
19595212
19604046
19616273
19621946
19622078
19623898
19625414
19627475
19627479
19630754
19631958
19634681
19641608
19660118
19662544
19665089
19667280
19667554
19669085
19669730
19670074
19694552
19695409
19696101
19702507
19703719
19710930
19713290
19726195
19733459
19734140
19737066
19737906
19738026
19741272
19748426
19748433
19756785
19766885
19778344
19778354
19783077
19795611
19812852
19814806
19820063
19821720
19824676
19833635
19837715
19838094
19840178
19843310
19845392
19848433
19857726
19863009
19863688
19864481
19864502
19878525
19879906
19881966
19887592
19889172
19892479
19892490
19892548
19895216
19895487
19895650
19901290
19911933
19913682
19913683
19916034
19917749
19921457
19931813
19931814
19931821
19932526
19941872
19955747
19957209
19958160
19959306
19966020
19998257
20002732
20005678
20006408
20006472
20010311
20015231
20016994
20022193
20025663
20042062
20049758
20051203
20052340
20064073
20067391
20074643
20082072
20084906
20084917
20084919
20089760
20095125
20106541
20109265
20110133
20112172
20116222
20118380
20132375
20134247
20140723
20141591
20163065
20170984
20185277
20185550
20190883
20206952
20207140
20211201
20220167
20221729
20223901
20226602
20227607
20228250
20237442
20298612
20299507
20303077
20348300
20350428
20353486
20355015
20355036
20356091
20356407
20356644
20362314
20367948
20370509
20371252
20374794
20378209
20381193
20385861
20398277
20400114
20401593
20404120
20412894
20416703
20416835
20418437
20422658
20429596
20444576
20445331
20457429
20457820
20458518
20462741
20471716
20483613
20491535
20492182
20492209
20497275
20497489
20497883
20500052
20512317
20513252
20519356
20522627
20524781
20528943
20536175
20538459
20542929
20554812
20558282
20558469
20562278
20569263
20569264
20569265
20569266
20570005
20574884
20578915
20581191
20583474
20598940
20600284
20600430
20600863
20615342
20626505
20634050
20634329
20638605
20639015
20646657
20668388
20672343
20676385
20680665
20688228
20688238
20688411
20689729
20696489
20696534
20698013
20711795
20713681
20717676
20722058
20723955
20731880
20733041
20735478
20738832
20739492
20739498
20805709
20806259
20810144
20812846
20814709
20817645
20828941
20829396
20833454
20833818
20842358
20843373
20846812
20846936
20858227
20861340
20870004
20879058
20880145
20886709
20919732
20921982
20924852
20927564
20929376
20943872
20946531
20951513
20951641
20966565
20967791
20971530
20980566
21029275
21030436
21037551
21040507
21042826
21052490
21056778
21058064
21061577
21062634
21064223
21075602
21078943
21085951
21088861
21091592
21097580
21099104
21102392
21106175
21110047
21111503
21114020
21114627
21119097
21128837
21131318
21146722
21148730
21159796
21176205
21194593
21205100
21211421
21217128
21221940
21227995
21229463
21234755
21244588
21251174
21256881
21266081
21271180
21273008
21286720
21295447
21300508
21304190
21308555
21327628
21327742
21330205
21335389
21341155
21341163
21343441
21352826
21355969
21356448
21362270
21365871
21381971
21393182
21393205
21395627
21411165
21411293
21412966
21417626
21420835
21422212
21425596
21434942
21443681
21447012
21451003
21453466
21453736
21454996
21470369
21473093
21474928
21477066
21477474
21492224
21497066
21502588
21502617
21502739
21518155
21537295
21543331
21546202
21550192
21553473
21553480
21553481
21559082
21563943
21563953
21569931
21571621
21571624
21573060
21576454
21592857
21602395
21641129
21649462
21652622
21656248
21658082
21658083
21659436
21673169
21676560
21689152
21705534
21709077
21710119
21717147
21723403
21731607
21739934
21741112
21742916
21763445
21767856
21780133
21780664
21784909
21786445
21787916
21788457
21789603
21793656
21798170
21801422
21803704
21807981
21811613
21813717
21821764
21827979
21831751
21831763
21831786
21834624
21839380
21839785
21840798
21840807
21841080
21861443
21881259
21903755
21903822
21910889
21911077
21920382
21923436
21926081
21940270
21943678
21944194
21945113
21957728
21959378
21968291
21968723
21970810
21978379
21983323
21996206
21996246
21998432
22003038
22004810
22008177
22011534
22018960
22024569
22029916
22036732
22047499
22062472
22062508
22063588
22075588
22077457
22078154
22081569
22096043
22097115
22101039
22104303
22112158
22113110
22113383
22114599
22123686
22123698
22124681
22126081
22126527
22144257
22151328
22155819
22159481
22166042
22169461
22177229
22181044
22182219
22183298
22183941
22184904
22192842
22194876
22195020
22209635
22210042
22210388
22210758
22217014
22220499
22222159
22228676
22230924
22232289
22243624
22244984
22256673
22257297
22259784
22260926
22264646
22265293
22277101
22278298
22286046
22291916
22297712
22305032
22306275
22308727
22309016
22324455
22330866
22335785
22339679
22344321
22346373
22347223
22347591
22348908
22350936
22354290
22354958
22358414
22363425
22366422
22366995
22368771
22372965
22383122
22384965
22394257
22403140
22421879
22428067
22428888
22430297
22430965
22431854
22436212
22439634
22444334
22444932
22445820
22450984
22454446
22459110
22460290
22470111
22476971
22487203
22490582
22491684
22491691
22491990
22494381
22506842
22510284
22514487
22520502
22524613
22528312
22531554
22532462
22534300
22538996
22544257
22549906
22553444
22563180
22568723
22574119
22577103
22580888
22580926
22582098
22586898
22592782
22608223
22618861
22618895
22619600
22619881
22627577
22639316
22644346
22654162
22657930
22658426
22661339
22662288
22664433
22664970
22672387
22677481
22684831
22685156
22689242
22693830
22694211
22700238
22700493
22700828
22702478
22702808
22704685
22706514
22709265
22710424
22727513
22729495
22736040
22738965
22740589
22740710
22742879
22750025
22761597
22762972
22765891
22768166
22769602
22779432
22781318
22782437
22784690
22789034
22790538
22790957
22791049
22800898
22801265
22802174
22806118
22806874
22807567
22808693
22821405
22824902
22827843
22831634
22831856
22838386
22850372
22855376
22856512
22876178
22887667
22895130
22899781
22901468
22901792
22906187
22909989
22915312
22921812
22926565
22934636
22939220
22947473
22948885
22953740
22954488
22957117
22957131
22958312
22958440
22958856
22959818
22960482
22961352
22961639
22963080
22963320
22963659
22965653
22978423
22987262
22989432
22992165
22992249
23006756
23019503
23020529
23021076
23027196
23035976
23039210
23040688
23044305
23052187
23057159
23061310
23069787
23070173
23072053
23075097
23076243
23077121
23077822
23083541
23087032
23089762
23100821
23100837
23102986
23114757
23114777
23115941
23124344
23124764
23139396
23148568
23149592
23153396
23155022
23163892
23167710
23173294
23174097
23176514
23181509
23184155
23188495
23199484
23200647
23200659
23208830
23214361
23216112
23224412
23232018
23234730
23234731
23239048
23239414
23254135
23259502
23263002
23267668
23269456
23273480
23276501
23282199
23285436
23295563
23296803
23298432
23307517
23308134
23311661
23314366
23319552
23323443
23328283
23345556
23350629
23355972
23364497
23377946
23381026
23383362
23396433
23398424
23400108
23402179
23403424
23405294
23409254
23415582
23416548
23417753
23419753
23429076
23441048
23442208
23444311
23447698
23457486
23458769
23474261
23485245
23488799
23489977
23497591
23507437
23524466
23529871
23532828
23536967
23541194
23545655
23548324
23555993
23556473
23558365
23560050
23572685
23574509
23587961
23588135
23588266
23590898
23592262
23596240
23602054
23603487
23605929
23607635
23612571
23620853
23632662
23641968
23647880
23649229
23653934
23663365
23666328
23666337
23666481
23666535
23667611
23669299
23678070
23678816
23708574
23712773
23721721
23725102
23733182
23733458
23738122
23738412
23741484
23743032
23758849
23761153
23765096
23769373
23770075
23770967
23772042
23772043
23772046
23774437
23776782
23785879
23790450
23793054
23800604
23801507
23806218
23810597
23813275
23819125
23833178
23836170
23836172
23838264
23843749
23844821
23845583
23857503
23861310
23861815
23863226
23867605
23868133
23874016
23878706
23880167
23882129
23883973
23886543
23893973
23895196
23899589
23902146
23903974
23907322
23913323
23919480
23927454
23928022
23943759
23951303
23952642
23959315
23963180
23966484
23967398
23971921
23975231
23984642
23986753
23987992
23992794
23998311
24003422
24004955
24007899
24010630
24018679
24018931
24019229
24019928
24020127
24025668
24029433
24031330
24031466
24031747
24033791
24036261
24041416
24047647
24048531
24050095
24055218
24060866
24061241
24069339
24070269
24072645
24078615
24088506
24092659
24092854
24095643
24096337
24103203
24112585
24119412
24119569
24123741
24131856
24135104
24135599
24141120
24152500
24167432
24169320
24170166
24180135
24189971
24194558
24195439
24205114
24206354
24225608
24246154
24248750
24256585
24256972
24265950
24268342
24290647
24291178
24291183
24292087
24294231
24311317
24311318
24312835
24313204
24315313
24325647
24330093
24330137
24330424
24341410
24342634
24343895
24354039
24360267
24361832
24366742
24373636
24382843
24387849
24388115
24391201
24392717
24392752
24397493
24399362
24406001
24413604
24413921
24414651
24420029
24421837
24441167
24450962
24451928
24452097
24453919
24461710
24463204
24463723
24466106
24466194
24475324
24476850
24479307
24479371
24485092
24489827
24492144
24493880
24494806
24503986
24510220
24518625
24519006
24522411
24523464
24523476
24530322
24532682
24548930
24551622
24553613
24558244
24559899
24565851
24566725
24571555
24583094
24585051
24586429
24588790
24597295
24599985
24601749
24604642
24605664
24606170
24614010
24614603
24615816
24618933
24629030
24636430
24642428
24648560
24649502
24649503
24649504
24649505
24649511
24664885
24672513
24674093
24678118
24679566
24680070
24681304
24689296
24698417
24702755
24706958
24729981
24734423
24735633
24750807
24751040
24755510
24777091
24777900
24785349
24794971
24798267
24798273
24810463
24813376
24813873
24829233
24830169
24831081
24832852
24834833
24837415
24846601
24858647
24867964
24867993
24879963
24888899
24890955
24900205
24913170
24914215
24929723
24935532
24936361
24943469
24948759
24956911
24957825
24957828
24961954
24968036
24976587
24980847
24982074
24982227
25003118
25005143
25006233
25008836
25022579
25023905
25024870
25039435
25041818
25049676
25052104
25059441
25062609
25062611
25062992
25078302
25084670
25090605
25102907
25104134
25107294
25115107
25119395
25124187
25130071
25134650
25139845
25142966
25147674
25147855
25149092
25149515
25153621
25153894
25157467
25163588
25165018
25176215
25181442
25182648
25190843
25195751
25198585
25206975
25213026
25218748
25219798
25222597
25223995
25232168
25245707
25248287
25251447
25261511
25267406
25268323
25268945
25276470
25290581
25293977
25300356
25304643
25304846
25305011
25317114
25317698
25326010
25326295
25333799
25335118
25337280
25340538
25342741
25344450
25348529
25348531
25362568
25368300
25369230
25380795
25380871
25380873
25390054
25401098
25405007
25411048
25413829
25413921
25420718
25426104
25428225
25435614
25438128
25438375
25446794
25449832
25455852
25461312
25465534
25465545
25465559
25488261
25495538
25497174
25498089
25504130
25512313
25515669
25515867
25519007
25519527
25524403
25525617
25528484
25532559
25547540
25548052
25548445
25549328
25549405
25559197
25559405
25559997
25562594
25566405
25568714
25578263
25583717
25584777
25588068
25597328
25597646
25607829
25610201
25618421
25620957
25622790
25631594
25631811
25633420
25634736
25637876
25645208
25645753
25645839
25647243
25655573
25658520
25659761
25664041
25664122
25667169
25669594
25670701
25671551
25672897
25674491
25684423
25702883
25704776
25706284
25712360
25732357
25739516
25746238
25753639
25756202
25756620
25776251
25791854
25799280
25801672
25805733
25806034
25831516
25832935
25836401
25841002
25844438
25846292
25848524
25859076
25861382
25874096
25874819
25883829
25884316
25885771
25890362
25892513
25896693
25897961
25905870
25907061
25914676
25918444
25923096
25923368
25935477
25935756
25937259
25941217
25948884
25949058
25951387
25956931
25958201
25961308
25962418
25963338
25969788
25973489
25976005
25976380
25977397
25988398
26004828
26005332
26005434
26016565
26020329
26026404
26031466
26034532
26036911
26038899
26046248
26058844
26060561
26060922
26061903
26070032
26074889
26077262
26078865
26082325
26086569
26093882
26096434
26098395
26101813
26102297
26109072
26111195
26115752
26118165
26124155
26132835
26139286
26142479
26147147
26152426
26165634
26168986
26173689
26174911
26176548
26181636
26182631
26184478
26190380
26194421
26194692
26195518
26195528
26200029
26209668
26221113
26221778
26222832
26230130
26242895
26244026
26247097
26248355
26248384
26249819
26254040
26258261
26267355
26272564
26277311
26279626
26281160
26283837
26284059
26292548
26309609
26314345
26316380
26319722
26321668
26322633
26322891
26324271
26334306
26335577
26338114
26339625
26341611
26354790
26357893
26358609
26361843
26363115
26364847
26369959
26369966
26371130
26373743
26380310
26386666
26396297
26396327
26400782
26413060
26427288
26435513
26441888
26442675
26450608
26452022
26452096
26454536
26455369
26458279
26459212
26461081
26468498
26469557
26470413
26471395
26471715
26485327
26490635
26492859
26494111
26504762
26520594
26525493
26541881
26542854
26551888
26556272
26559260
26563033
26577209
26585399
26586871
26589756
26593927
26594791
26603748
26605096
26611826
26618475
26620079
26637375
26651241
26652286
26661393
26667651
26671890
26675304
26675410
26675586
26675908
26677455
26678131
26678143
26682199
26682961
26696981
26704158
26706616
26729505
26745981
26747584
26753532
26759031
26761830
26766146
26767574
26770555
26775930
26776117
26778270
26780900
26781499
26782184
26782603
26782736
26782739
26790463
26795265
26797632
26799658
26808006
26809187
26814180
26823581
26823918
26826223
26830196
26847907
26849965
26854329
26854348
26855282
26862434
26865233
26868396
26886453
26887137
26890359
26896930
26900333
26902259
26905790
26912904
26916623
26925046
26930703
26936664
26945013
26946510
26952995
26953526
26953719
26954197
26956585
26957978
26960292
26967794
26968677
26982016
26984142
26988041
26991971
26993744
27001823
27004429
27008338
27013000
27013035
27013814
27013840
27034248
27036708
27045126
27045172
27048803
27052675
27052857
27055400
27056211
27062981
27067330
27068589
27070419
27079241
27089829
27089950
27091943
27094847
27099449
27100065
27110373
27112046
27129967
27134040
27139479
27144029
27151808
27151809
27156242
27156245
27165015
27165538
27166038
27166215
27174678
27184767
27185645
27185802
27194637
27196382
27198022
27199912
27208547
27209094
27216614
27220972
27226704
27242675
27245927
27247096
27260143
27260807
27268115
27270282
27274985
27280812
27291285
27296421
27299153
27303380
27303744
27305897
27312688
27327361
27333541
27334767
27343986
27351410
27352729
27353469
27367648
27380295
27381338
27388112
27390728
27393264
27399938
27405133
27406790
27407294
27413528
27415773
27419477
27422665
27422829
27422834
27425573
27431211
27431230
27433012
27441208
27447671
27450523
27462308
27463203
27479167
27480862
27485687
27505687
27513269
27516515
27516516
27522135
27522409
27525679
27526275
27527616
27530751
27530756
27530835
27530839
27530845
27530846
27544710
27546218
27552252
27554158
27558178
27563036
27563645
27572456
27573990
27574829
27575914
27602088
27605596
27608305
27608312
27609052
27611478
27622499
27623313
27633171
27639370
27640164
27645239
27655856
27659717
27660781
27668903
27670715
27682080
27688876
27689100
27696326
27697350
27699574
27708039
27709564
27709890
27713836
27746397
27752789
27765662
27766095
27769188
27771176
27780292
27790430
27790716
27799940
27801383
27803470
27809987
27821450
27826062
27836851
27838565
27843951
27844495
27845153
27846272
27852447
27856575
27861767
27873589
27873661
27873678
27873692
27873705
27886064
27889157
27889877
27890970
27891372
27893790
27894288
27894856
27895354
27904114
27905623
27914002
27916031
27919742
27925693
27930817
27938673
27976593
27979420
27986722
27987112
27987523
27988121
27989378
27991828
27994321
27994476
27995406
28010058
28031272
28036312
28039075
28039271
28041735
28049149
28051225
28063147
28068600
28069645
28070313
28089736
28092821
28100194
28102784
28108098
28109550
28109554
28110775
28112691
28115354
28116830
28121036
28128649
28129816
28147885
28149688
28157594
28165020
28167856
28176144
28184339
28185614
28186660
28188831
28189284
28190396
28193569
28193670
28195096
28197728
28198170
28202007
28203378
28207269
28209400
28213019
28219792
28221874
28221889
28221890
28221912
28223383
28223450
28223974
28224769
28226285
28228089
28229213
28235571
28236189
28239378
28241449
28242664
28242720
28257200
28257478
28260587
28261570
28261951
28262046
28264856
28265870
28267763
28270110
28273381
28276797
28280791
28285496
28288575
28297747
28316009
28326840
28327357
28329222
28333351
28335205
28335414
28346839
28352561
28353418
28353453
28359546
28360174
28362305
28362945
28371348
28373195
28375806
28378583
28385464
28385565
28389190
28397040
28399166
28403547
28403894
28414678
28414918
28422890
28423435
28427133
28431095
28437455
28457384
28458799
28464539
28465062
28479127
28483950
28484708
28494240
28497217
28499907
28504889
28504916
28515717
28525287
28526094
28527125
28533769
28541565
28542602
28549196
28558331
28572793
28573492
28576375
28578265
28580440
28587316
28603227
28603613
28605961
28607532
28627467
28630188
28634850
28642145
28642945
28645197
28648289
28649705
28663538
28668727
28670644
28675109
28676009
28676409
28678976
28680588
28693665
28694023
28698020
28701170
28715758
28724953
28727951
28735051
28735309
28746396
28754459
28759747
28763660
28764160
28774148
28779348
28780309
28783248
28784542
28784674
28799106
28799224
28810329
28812171
28824598
28827192
28831100
28833934
28840993
28844400
28852719
28855824
28861056
28866136
28870386
28872282
28872975
28875385
28882763
28882784
28887450
28890862
28894187
28918990
28929961
28935539
28941790
28950164
28951015
28956488
28957012
28957602
28961701
28961986
28980499
28983096
28990822
28992026
28994635
29018422
29023124
29030312
29030447
29030448
29038276
29043959
29044373
29046248
29048285
29049010
29050406
29053828
29059358
29065395
29066140
29077943
29077972
29094598
29099075
29101082
29109163
29109580
29110155
29111969
29125098
29127125
29131251
29134935
29135456
29136156
29149293
29154746
29159916
29162049
29164415
29168322
29175606
29176351
29184121
29186434
29187672
29187841
29192087
29195766
29195768
29203445
29208166
29208540
29211024
29216824
29218505
29224317
29227922
29235021
29238458
29243494
29245276
29250038
29250559
29261091
29263205
29270449
29271345
29274469
29276051
29282103
29286008
29291749
29291770
29291771
29294027
29294031
29298323
29299305
29302014
29303041
29306983
29308974
29311068
29312259
29313868
29319341
29322099
29329389
29331166
29331368
29337343
29337627
29339295
29339387
29345777
29346643
29348589
29348921
29349837
29368243
29373085
29373845
29374204
29378011
29378339
29386310
29389045
29396040
29396199
29401557
29403213
29407752
29410368
29413932
29419918
29421629
29423898
29427322
29430723
29432868
29436593
29436902
29438479
29439987
29442195
29445637
29446685
29452934
29461246
29461939
29462403
29465736
29473976
29475013
29477130
29478197
29478227
29484836
29486409
29486805
29486831
29487437
29496381
29514940
29518208
29519512
29519833
29523862
29525307
29530119
29534604
29547589
29547971
29551999
29556852
29566004
29566173
29573804
29577278
29581054
29584914
29588851
29608753
29608754
29617860
29621590
29621990
29622613
29633645
29635422
29642285
29642680
29643807
29651835
29655557
29659377
29659858
29664245
29667183
29669265
29669304
29674657
29676703
29678300
29681377
29706342
29708837
29709404
29719870
29725213
29725235
29729340
29733265
29738654
29750597
29760141
29773638
29784578
29784838
29784864
29785889
29790614
29800772
29803907
29805287
29807207
29845058
29848938
29851070
29857065
29863446
29867856
29868259
29870913
29878213
29885179
29899000
29901916
29906565
29909468
29928049
29935822
29940245
29941639
29948799
29950810
29951380
29957103
29957707
29959905
29976078
29977964
29982565
29982803
29997703
29997746
30006634
30008019
30011890
30012439
30012442
30012755
30015506
30017616
30018971
30019769
30019960
30027472
30029513
30038262
30043725
30046317
30052296
30055397
30056601
30059252
30060666
30064786
30064797
30068573
30068738
30069187
30074672
30076974
30080119
30089930
30098909
30099638
30099889
30099893
30101740
30108991
30111383
30113682
30116190
30116379
30120332
30120711
30123701
30127770
30137622
30141879
30143242
30143997
30145036
30147735
30149193
30152206
30152859
30155476
30166181
30176354
30180794
30185388
30189014
30189124
30193448
30195566
30199923
30201132
30214101
30219855
30230374
30235768
30237697
30243525
30243635
30263455
30263728
30268592
30271181
30271398
30272180
30275297
30280447
30285953
30288184
30291917
30304253
30309968
30315257
30315328
30315920
30319780
30325956
30339217
30339895
30343484
30346516
30352640
30355734
30357216
30376616
30377660
30379134
30380446
30383327
30383524
30389763
30390524
30392296
30395179
30395485
30401778
30403130
30403535
30403547
30404935
30407949
30408504
30410481
30423054
30430344
30443410
30445209
30447977
30455867
30459722
30459945
30461620
30464559
30472291
30472403
30473144
30473176
30476217
30477128
30479303
30485295
30499420
30510486
30515405
30518258
30529984
30532561
30532564
30532606
30533800
30533817
30535073
30538186
30543915
30545294
30550226
30553064
30553958
30563220
30564308
30568908
30576392
30590796
30594615
30597255
30605272
30605699
30609884
30611929
30611932
30616452
30617722
30619158
30619159
30624665
30626305
30631364
30638872
30640000
30641287
30649343
30651402
30659919
30663551
30663951
30665443
30670121
30670435
30670931
30675116
30682389
30682528
30683035
30685371
30687648
30687947
30689004
30689291
30697771
30698495
30700430
30700506
30704601
30707872
30709061
30711531
30714613
30717270
30718245
30718252
30719003
30725446
30728640
30732796
30735325
30738743
30739237
30742402
30742947
30753485
30753495
30755177
30755364
30758060
30759848
30766068
30766528
30768886
30772579
30774945
30775337
30776691
30782988
30792655
30792858
30795795
30801059
30802402
30806553
30808530
30815037
30821562
30825022
30825701
30827858
30838226
30847279
30848235
30851404
30852016
30854744
30856385
30860466
30863844
30868978
30871132
30873417
30876395
30881000
30882953
30887942
30888549
30888623
30891021
30897199
30898722
30898881
30913243
30915456
30919326
30920335
30924038
30929020
30934438
30938438
30952208
30952342
30956319
30962084
30969170
30972034
30975810
30976388
30980663
30982074
30987949
30988669
30996437
30996451
31000546
31000772
31005734
31010813
31010968
31012399
31012402
31017560
31018374
31025077
31025778
31027767
31027798
31028029
31034937
31035614
31036399
31040333
31041600
31044075
31050665
31050740
31053147
31061446
31065685
31065700
31065815
31071353
31071421
31071897
31071904
31072770
31083728
31084050
31084171
31092593
31093330
31099714
31107150
31110624
31112804
31113077
31114137
31118269
31119168
31121718
31121772
31122192
31123015
31126751
31130925
31134041
31134774
31135183
31136832
31137305
31137390
31137423
31139449
31140071
31151313
31151413
31157455
31164979
31166888
31167476
31169518
31175478
31178280
31179726
31180127
31185332
31187401
31194809
31198968
31201450
31202302
31202412
31206549
31210547
31211134
31216783
31218558
31230165
31232334
31235559
31236590
31237553
31243458
31243595
31251760
31254603
31257599
31258347
31263139
31270565
31285252
31285586
31286887
31289829
31295581
31297014
31298294
31298622
31309006
31311694
31311959
31312842
31314663
31326608
31329096
31331270
31332078
31335935
31339695
31339997
31352282
31355850
31357436
31359115
31359652
31360718
31363877
31374082
31376961
31379762
31381262
31382830
31384433
31395288
31417140
31419942
31420659
31422234
31422238
31425718
31435014
31441704
31447822
31448062
31449920
31452881
31453259
31454711
31456560
31471308
31475120
31476435
31478786
31485325
31487148
31489799
31491551
31492912
31493916
31495468
31495527
31500703
31504338
31504566
31507546
31508405
31516698
31517855
31522664
31526447
31527540
31527873
31533204
31536887
31537656
31542554
31545121
31546297
31552278
31558864
31562170
31563779
31564921
31565469
31568701
31572571
31578761
31579233
31585177
31586422
31586572
31587440
31594927
31600293
31600299
31600524
31603215
31605771
31624168
31629514
31629529
31635925
31636564
31637218
31647400
31648878
31652190
31659687
31662635
31663834
31677843
31678185
31682834
31684929
31686285
31686360
31687383
31691173
31692506
31695444
31695445
31703853
31704015
31705486
31712978
31717810
31718570
31721719
31723866
31728449
31730162
31733621
31740876
31741537
31743706
31747500
31751470
31752382
31753939
31755816
31758332
31759094
31760009
31760066
31767028
31769224
31781516
31784584
31794690
31794906
31795437
31798546
31804978
31809195
31811034
31811548
31812260
31813285
31819554
31821320
31822952
31823707
31827777
31828406
31830083
31831867
31837656
31839045
31840319
31843997
31844003
31845296
31846663
31847247
31849662
31849910
31858659
31864741
31865955
31882782
31883125
31884049
31884134
31888581
31895641
31898798
31905238
31907198
31910839
31919175
31920348
31921562
31926653
31927014
31927096
31931148
31948960
31949315
31950235
31951499
31955395
31955749
31962220
31965693
31966959
31970555
31978011
31978082
31978723
31980014
31982197
31990889
31992865
31993456
31993459
31996444
31997476
32005223
32007618
32008506
32010070
32010802
32012126
32015026
32019171
32020152
32021333
32029568
32032422
32034730
32041714
32043377
32045500
32047136
32050876
32055768
32058874
32059020
32070221
32075283
32078133
32080861
32083651
32084255
32086810
32087689
32088503
32092980
32093230
32094136
32094149
32095043
32095237
32097473
32097827
32099522
32104261
32107652
32110486
32113869
32116367
32117133
32118070
32122892
32123897
32125377
32126860
32127598
32128511
32128641
32129849
32135340
32138215
32160890
32161020
32162154
32169614
32178603
32179519
32179527
32181678
32182162
32182546
32186249
32188401
32197843
32199192
32205491
32207209
32210055
32215025
32215859
32221315
32222865
32238211
32239211
32242789
32244399
32244560
32257985
32260398
32269153
32272820
32275307
32276092
32277823
32284181
32284309
32285851
32290364
32292819
32294272
32301537
32308438
32313533
32315459
32318043
32319520
32320113
32320368
32330583
32335280
32339305
32339850
32340989
32344904
32346089
32348696
32349310
32350311
32356026
32358650
32358872
32359580
32359994
32364304
32367713
32372390
32378078
32380973
32381619
32382944
32388172
32392743
32393645
32397230
32404435
32405962
32409678
32413123
32416909
32417556
32422311
32431465
32435438
32438609
32439548
32439568
32446039
32449911
32453195
32453777
32463870
32464403
32466463
32475670
32487753
32488120
32490228
32495702
32498615
32502043
32506882
32506921
32509542
32512312
32514561
32517758
32521535
32522082
32526082
32527533
32538610
32539978
32546210
32549271
32556932
32561340
32566630
32571816
32575628
32576241
32585683
32586045
32595625
32605123
32606822
32607549
32611969
32625835
32626100
32626232
32626267
32626270
32626332
32629622
32651464
32656217
32662876
32664514
32673387
32674281
32674610
32678047
32678335
32679763
32681099
32686689
32688391
32692197
32696346
32698425
32699884
32703024
32708620
32709726
32726971
32727858
32728793
32739550
32744248
32747008
32760463
32762606
32772071
32777661
32778149
32778552
32778553
32780112
32780423
32780763
32782037
32783106
32783169
32793150
32793575
32801445
32801805
32802066
32811437
32816731
32817384
32818423
32822465
32825711
32834786
32850954
32855046
32855610
32856583
32857755
32860896
32867967
32871207
32874212
32877355
32885778
32907310
32909085
32917749
32932635
32942817
32950134
32958787
32962088
32962759
32965561
32972936
32981738
32988338
32989939
32990771
32992853
32994903
32995979
32998192
33009682
33010007
33014039
33023084
33023126
33023149
33025699
33026173
33032033
33036159
33037917
33038511
33039552
33045298
33045439
33048960
33050521
33061479
33063345
33063474
33077095
33077828
33078219
33080791
33088003
33092132
33092156
33096605
33096921
33096980
33098930
33099682
33106260
33106672
33107670
33108438
33112712
33122095
33125401
33127458
33128622
33130331
33130503
33142534
33144552
33147722
33147726
33147997
33155917
33162964
33171728
33179504
33187511
33189289
33189998
33190215
33193179
33193283
33204308
33207280
33209953
33225299
33233153
33238406
33238548
33253085
33255575
33255900
33258450
33260958
33266174
33270864
33279059
33279081
33285218
33291418
33293405
33304162
33319735
33321973
33324362
33324581
33326589
33329435
33332354
33333101
33335199
33343539
33346651
33348682
33352900
33352963
33355103
33359937
33361547
33367710
33370443
33371410
33375063
33376361
33379842
33392833
33396755
33398258
33404518
33407856
33411927
33412230
33412630
33422729
33422909
33436105
33436430
33440660
33446433
33453135
33468468
33472048
33472670
33477717
33491411
33494233
33494891
33497441
33498243
33499102
33499465
33500119
33500331
33500490
33502742
33506226
33510561
33511220
33515726
33515778
33516275
33518070
33518203
33518340
33519770
33519776
33521803
33522241
33524636
33526501
33531411
33532367
33533687
33536484
33537066
33540588
33541292
33552553
33554994
33560499
33562225
33571146
33571151
33571152
33574861
33576231
33582200
33590037
33594545
33602300
33604693
33608287
33608525
33617244
33617680
33618041
33620304
33623004
33638897
33638975
33642792
33645738
33647207
33649110
33652336
33663929
33668904
33671753
33678902
33679682
33685690
33689135
33712430
33713189
33718642
33727586
33732397
33737921
33743024
33743726
33750516
33755185
33757224
33761872
33762207
33767282
33777849
33781429
33785076
33793553
33796441
33798006
33801463
33801816
33804887
33807433
33809515
33817126
33817937
33818964
33822062
33831063
33835078
33841342
33847087
33852729
33854549
33855441
33860153
33862280
33864460
33868194
33877306
33880536
33882891
33884321
33892804
33895846
33895886
33897011
33900613
33903662
33911884
33915373
33917761
33918930
33920199
33923389
33923532
33923992
33925822
33933567
33946643
33953282
33955181
33955703
33957286
33961991
33966285
33967986
33971969
33975049
33990856
33996637
34000557
34002987
34004223
34006193
34012328
34013453
34019345
34020707
34025592
34030093
34032774
34035817
34037963
34049080
34054760
34055492
34060906
34062034
34063146
34064241
34065711
34066743
34067685
34068912
34069080
34070003
34070112
34070683
34072216
34074188
34074626
34075617
34085101
34086120
34092717
34103013
34110280
34115086
34119113
34124298
34125596
34130933
34130941
34135877
34149653
34151364
34160274
34163185
34173207
34176828
34178158
34180598
34182992
34189582
34191226
34194233
34194401
34194578
34198510
34198646
34200566
34201694
34203988
34207558
34209453
34216158
34220260
34220785
34232061
34232073
34237637
34248873
34254252
34257732
34260809
34262545
34264984
34270246
34277842
34283288
34285270
34285472
34294150
34297629
34297729
34297779
34298654
34311409
34325466
34325929
34335511
34336067
34354181
34356004
34359222
34361691
34367932
34368749
34370561
34372705
34393040
34394042
34395028
34397310
34399571
34402351
34402778
34403940
34404351
34405596
34406523
34428595
34436280
34438947
34438965
34441623
34442847
34443608
34443670
34450635
34462680
34468805
34473271
34474124
34475854
34482357
34485641
34487876
34489898
34490399
34491861
34491894
34493334
34505571
34508324
34509829
34512560
34513490
34543973
34546590
34562528
34563001
34572664
34572715
34574255
34576796
34576864
34577079
34578164
34578366
34585138
34594486
34599600
34608030
34621401
34628806
34630385
34633134
34634942
34637370
34641589
34644375
34645489
34646248
34646920
34647854
34648644
34648886
34650726
34659177
34663246
34668743
34672706
34679866
34680802
34680820
34681312
34683029
34684258
34685368
34688274
34694881
34700110
34702159
34702193
34704827
34704893
34705570
34712211
34712650
34712901
34718605
34718966
34721353
34722703
34723631
34730714
34733028
34733265
34743984
34745054
34746591
34747439
34756065
34756351
34759910
34765088
34767892
34768106
34768762
34772986
34778297
34778417
34778770
34780809
34786882
34787441
34789595
34807761
34809929
34828014
34829744
34829986
34832878
34841360
34847725
34855937
34858368
34861314
34863505
34866919
34867053
34868304
34870473
34876793
34882867
34889238
34890437
34895752
34898307
34900133
34900165
34900167
34909690
34910146
34912891
34917041
34918959
34922099
34927484
34930490
34931096
34944212
34946050
34948159
34952650
34957912
34958996
34959466
34963696
34966584
34970238
34983506
34988936
34993479
34996348
34996658
35008521
35010955
35011355
35011392
35011554
35014219
35016285
35017835
35018102
35022998
35034289
35044194
35052938
35052983
35056569
35056609
35058398
35069493
35069503
35069576
35075978
35076077
35081670
35082278
35084364
35090563
35092582
35098915
35100589
35102136
35107356
35107650
35114271
35115078
35119612
35126589
35126735
35127307
35134550
35135613
35137120
35139991
35141753
35144553
35145925
35146465
35147844
35148012
35150575
35150875
35153139
35154037
35155713
35158014
35158080
35159609
35165738
35167899
35170744
35172112
35172602
35175130
35176649
35178041
35184054
35201766
35203732
35203754
35203826
35203854
35204419
35206710
35207488
35208844
35215340
35217936
35218076
35220163
35223235
35223547
35227359
35231770
35235577
35244506
35252669
35253272
35258762
35263172
35263319
35264277
35265714
35268191
35271995
35278796
35279207
35281762
35295307
35304938
35310392
35311247
35316963
35318408
35325574
35326750
35326755
35326843
35326850
35326855
35327266
35331299
35333619
35333989
35336063
35336207
35338232
35338457
35339734
35340673
35343787
35345716
35347355
35347441
35347908
35349073
35355158
35358701
35360502
35365686
35369453
35369582
35371085
35372413
35377389
35393429
35395119
35395390
35395518
35406099
35407133
35418099
35422643
35423227
35438991
35453201
35455089
35456843
35456954
35458671
35458771
35460964
35469555
35473561
35475684
35476302
35483110
35484809
35493114
35495706
35497972
35498065
35499918
35500309
35505783
35509366
35512375
35529647
35534443
35535726
35538279
35538509
35540130
35543524
35544081
35561076
35565558
35565868
35566220
35566343
35573022
35573417
35575717
35586520
35586845
35592282
35600556
35600895
35601398
35608633
35615488
35624464
35625242
35625259
35625861
35630452
35639224
35639518
35639586
35655185
35657141
35660662
35661368
35670618
35671882
35672451
35674486
35681873
35686013
35687820
35691326
35695560
35695564
35696407
35697082
35702279
35707822
35707938
35710863
35713595
35716285
35723555
35727201
35730941
35739195
35740116
35740173
35740188
35744761
35745518
35745759
35749143
35749654
35750975
35752376
35756017
35759999
35760902
35761265
35761648
35761668
35761697
35762592
35762793
35771010
35787351
35792419
35794719
35795070
35801099
35808847
35809325
35814695
35818755
35830518
35832805
35837033
35840844
35841227
35841823
35845797
35846995
35847093
35848687
35851968
35852503
35853330
35863173
35869759
35871001
35872721
35875546
35876319
35882645
35883217
35884291
35889492
35896611
35898292
35904731
35906438
35906763
35909629
35912375
35915273
35921144
35921516
35922088
35922268
35924966
35931249
35932398
35935699
35938518
35940279
35942130
35944375
35953676
35960242
35962141
35965837
35969069
35971252
35975859
35978294
35978708
35982115
35991138
35997873
36000617
36005269
36008911
36009954
36014021
36014065
36015218
36031727
36037044
36052558
36055763
36056447
36061127
36072225
36079890
36088116
36090419
36094219
36097780
36098629
36098848
36101366
36103577
36105818
36118914
36119423
36124515
36125461
36129737
36135762
36136819
36139953
36139992
36140051
36140520
36142608
36142880
36147850
36149764
36150558
36152595
36153722
36155350
36157382
36165961
36167442
36173901
36190402
36193295
36193351
36200470
36204117
36204159
36204902
36207946
36213630
36221113
36222537
36222694
36226152
36226814
36227704
36229021
36230106
36230431
36231256
36235141
36240011
36244350
36244452
36244849
36245589
36250045
36250371
36254504
36255039
36255277
36260082
36269561
36270185
36273808
36274140
36281578
36286474
36286741
36286886
36289992
36290046
36290058
36290063
36290370
36293535
36296153
36296175
36296346
36297031
36301096
36301610
36302298
36304501
36305209
36306546
36306843
36311114
36311649
36312447
36316281
36320023
36321093
36325110
36327936
36333143
36333643
36338073
36340806
36341845
36345539
36353409
36358175
36359282
36362850
36371819
36371936
36374021
36374179
36378364
36383057
36383290
36384434
36405031
36409129
36415579
36421262
36421998
36422343
36422363
36424921
36425127
36429148
36430310
36432057
36432105
36432731
36433145
36438752
36439850
36450169
36452367
36453910
36458992
36461225
36474304
36474907
36475632
36481293
36481432
36483142
36496711
36496825
36503708
36508313
36514590
36519871
36522188
36527680
36528040
36532522
36544573
36546467
36547284
36551360
36551482
36552686
36553599
36553858
36555024
36560948
36562287
36562889
36565841
36568899
36575476
36576067
36584930
36590404
36590419
36596905
36609280
36611752
36613385
36616228
36618034
36619502
36621268
36622376
36626742
36636302
36639555
36642107
36649910
36651637
36652821
36662218
36669647
36671283
36671309
36671557
36674514
36674851
36677316
36678381
36680219
36684293
36685319
36687655
36690815
36692091
36694590
36694849
36695463
36695758
36702549
36704192
36710982
36712182
36712524
36720621
36721451
36733561
36736140
36737784
36738399
36748587
36748706
36757316
36757840
36758891
36764655
36769316
36781732
36793881
36805271
36811767
36812631
36814443
36827136
36830142
36838482
36838663
36849586
36855433
36858192
36868850
36870677
36875226
36877255
36878925
36884014
36890192
36894979
36900089
36900537
36914056
36914328
36918748
36922969
36930725
36931368
36935100
36939336
36940919
36941132
36952605
36958177
36966896
36967406
36967493
36972322
36975786
36976027
36976806
36978343
36978418
36979372
36984790
36985176
36989581
36990341
36992476
36995227
36996047
36997857
37002414
37004588
37004756
37016687
37019570
37022646
37028743
37030573
37031295
37032079
37033234
37039875
37048296
37049672
37050130
37059195
37073957
37077393
37081914
37082532
37096191
37098944
37098945
37099449
37100293
37107019
37107028
37107039
37107066
37107072
37107090
37107138
37108065
37110401
37115188
37116421
37124988
37125939
37128584
37138126
37139490
37140371
37145877
37151672
37156923
37159884
37164751
37172775
37173760
37176622
37176934
37184409
37187337
37191518
37195436
37199987
37208771
37209829
37211075
37211751
37219090
37219451
37223738
37235330
37237745
37239874
37239913
37240683
37247207
37248767
37250025
37254228
37257794
37272015
37273089
37279423
37283930
37291807
37292348
37293232
37294450
37294561
37297346
37298678
37299563
37300748
37302137
37306567
37323848
37326281
37331870
37338375
37351725
37354924
37355066
37356664
37357626
37358044
37370291
37370300
37370384
37370411
37375526
37375614
37380159
37383209
37389346
37395656
37396068
37396304
37403134
37404571
37406356
37410656
37413820
37414859
37416662
37422898
37423385
37424793
37434788
37436043
37443079
37448966
37451408
37457962
37460557
37462813
37468842
37474038
37474971
37480433
37480514
37485826
37492434
37492797
37499607
37508046
37508127
37508218
37508228
37508257
37508298
37511337
37511581
37516354
37521053
37522097
37523292
37524202
37525234
37525437
37529141
37530870
37533658
37539573
37544558
37550203
37565851
37567641
37568229
37574056
37576519
37580363
37586086
37589786
37591132
37594253
37595801
37599123
37600940
37604213
37604372
37615516
37620768
37623724
37623738
37627704
37628007
37628624
37628902
37629495
37632097
37634214
37638064
37638072
37641359
37642717
37652008
37652497
37656717
37657232
37658186
37662004
37662978
37667093
37700799
37700802
37701006
37704400
37707241
37708608
37709033
37711085
37711242
37713363
37725305
37726436
37731706
37731927
37734279
37737589
37737606
37746392
37747184
37756195
37758064
37763237
37763333
37764047
37764174
37764909
37764952
37766704
37770629
37774634
37778896
37779478
37781374
37786431
37786852
37791770
37798644
37802750
37803547
37805027
37806074
37807331
37818001
37821741
37824752
37828442
37830678
37831756
37835173
37836523
37837413
37840716
37841508
37842001
37842047
37843039
37845315
37849623
37852539
37855078
37859958
37860125
37862150
37865739
37866235
37868061
37869252
37876020
37881701
37882623
37886613
37887187
37887219
37887257
37890415
37893014
37894458
37894951
37902243
37903806
37905822
37905844
37907538
37907583
37919410
37924165
37929914
37930451
37932582
37932698
37954234
37956795
37960899
37963013
37965549
37967634
37968068
37969448
37975659
37994421
37994577
37998779
37998797
37998837
38000534
38001399
38003243
38004665
38004765
38004815
38005351
38005500
38007387
38007555
38007589
38014936
38016988
38021040
38021178
38023582
38027952
38029072
38029192
38046201
38046819
38050651
38065221
38066583
38068329
38069845
38075608
38082122
38084302
38085805
38087043
38089023
38090133
38092626
38098370
38099054
38099348
38100166
38104165
38109479
38112685
38112880
38118294
38122982
38123012
38128409
38128726
38128781
38134414
38136685
38136688
38136701
38137988
38138122
38138136
38138184
38140308
38144225
38149007
38152375
38161962
38163729
38164696
38172677
38172710
38173547
38178639
38187186
38188239
38189992
38194818
38196099
38203387
38203738
38211549
38213415
38219758
38221963
38222075
38225167
38225186
38226377
38229302
38229327
38230937
38234674
38235344
38244225
38244386
38245596
38246555
38251102
38251385
38253607
38254347
38254717
38255316
38257976
38258968
38261060
38264726
38268049
38269016
38270436
38271199
38275708
38276161
38284691
38286561
38289081
38296911
38298536
38304944
38308878
38312503
38317636
38321337
38323373
38328370
38329344
38329626
38334561
38341905
38341943
38348228
38349158
38353560
38355509
38356197
38358188
38360093
38368077
38371107
38372832
38376445
38376735
38379996
38381263
38381581
38381956
38383429
38391546
38391551
38391564
38393049
38393447
38395395
38397111
38397373
38397563
38399800
38404491
38405234
38406568
38413672
38416678
38423361
38428641
38428648
38431109
38431334
38433028
38439668
38440680
38441345
38441473
38447448
38448687
38449981
38450331
38455208
38456317
38457584
38458536
38460770
38466110
38468236
38468725
38468740
38472312
38474462
38475872
38476862
38476915
38488394
38492776
38493186
38493872
38494869
38502797
38506549
38506550
38511276
38513080
38516533
38516923
38521930
38525085
38531599
38532154
38532184
38534635
38534649
38536399
38537751
38539119
38540068
38542625
38551509
38552381
38552874
38560705
38564699
38570789
38585266
38591280
38591854
38597544
38597994
38606354
38608942
38611328
38611419
38611464
38617893
38623479
38628691
38643127
38643454
38651859
38651930
38656096
38660870
38665033
38668447
38670268
38674693
38677237
38679656
38682268
38686228
38688481
38693449
38694313
38698291
38701972
38704577
38706320
38711319
38711969
38712055
38715233
38718528
38718984
38719188
38720709
38721604
38727238
38731373
38738766
38739338
38740150
38740525
38751656
38759371
38761463
38762351
38764675
38765255
38769037
38771159
38777179
38784792
38785214
38786129
38788351
38790958
38791443
38792753
38792796
38792809
38792822
38792837
38795772
38800841
38801248
38806846
38813097
38813098
38816509
38828370
38831030
38831611
38835498
38842361
38845897
38847117
38852387
38852695
38856908
38857064
38860142
38863433
38863595
38866389
38868046
38869823
38871082
38873884
38879138
38890478
38895443
38900778
38904897
38905833
38906487
38910254
38916365
38920588
38921573
38922015
38924571
38925659
38928828
38930512
38930618
38930951
38931945
38942290
38942661
38944282
38945334
38951840
38951957
38964486
38965458
38965470
38978096
38980151
38983630
38986976
38988831
38994812
38996869
39006751
39017931
39020377
39024730
39028534
39032672
39040570
39041457
39051012
39056615
39061283
39061284
39061581
39062198
39065167
39068147
39068414
39071174
39076010
39079170
39079884
39082827
39086068
39086460
39096636
39105126
39107703
39110945
39112668
39120140
39125595
39126830
39128644
39129487
39130395
39131516
39132485
39133428
39136873
39137261
39142895
39151443
39155280
39157177
39160817
39165575
39165919
39167329
39167393
39171261
39173849
39177700
39178869
39189779
39190489
39198276
39200027
39200047
39200078
39200480
39200563
39203434
39204298
39205249
39208866
39210205
39210508
39210929
39211917
39213659
39221184
39222994
39223521
39231251
39232888
39239986
39246539
39247758
39248541
39250784
39251613
39254256
39254311
39261262
39268956
39277715
39277768
39283104
39286595
39287315
39289457
39295576
39309265
39313141
39315881
39316585
39323892
39327564
39331631
39335056
39335074
39338477
39338482
39338971
39338978
39340376
39342092
39342698
39353096
39356147
39356407
39362131
39373471
39380735
39387137
39404260
39404980
39410094
39411501
39413603
39418519
39419442
39420336
39427770
39442198
39443798
39447652
39451408
39452187
39452221
39452699
39454806
39458242
39458288
39458393
39458493
39458641
39460360
39472351
39474696
39475864
39477158
39477427
39486715
39488700
39496923
39498413
39506468
39512360
39512734
39515478
39524556
39524976
39537632
39539468
39541060
39545759
39546505
39549643
39551215
39563920
39563924
39572733
39573829
39577832
39579549
39584079
39584815
39590680
39593339
39597673
39598473
39599559
39599756
39604394
39604411
39609660
39611670
39612477
