32692305
32781677
32783980
32801170
32847138
32850769
32952010
32974330
32978757
32987822
33084369
33113800
33120961
33133027
33133080
33193258
33212907
33365023
33391233
33396844
33417041
33419737
33455745
33472489
33492661
33502259
33510271
33584624
33620675
33633711
33638668
33648172
33649898
33678110
33710215
33746986
33765904
33787352
33789555
33799615
33808003
33809284
33821421
33865678
33919079
33973306
34015494
34062810
34127268
34140939
34190033
34200306
34200435
34205741
34208094
34215822
34227455
34264803
34295831
34322174
34349743
34399484
34405373
34429515
34441603
34442773
34458959
34476513
34508271
34524605
34536099
34536996
34576543
34576802
34581832
34591288
34600658
34600663
34600688
34600710
34613788
34642967
34643888
34671923
34681373
34681658
34699013
34737363
34738887
34747333
34761961
34765038
34770862
34772572
34776827
34796583
34825290
34881159
34881978
34895109
34904273
34955828
34975786
34989623
35003044
35019699
35034323
35046451
35062744
35080271
35088380
35119951
35127565
35154018
35159401
35159491
35159535
35163930
35205998
35208726
35208925
35231537
35240200
35252285
35269654
35277082
35303586
35312198
35327208
35327279
35327299
35333989
35334835
35337503
35344737
35380450
35389246
35400445
35408465
35425719
35429125
35441628
35454758
35458216
35503482
35537289
35563564
35566377
35585245
35602018
35602083
35606510
35626981
35630904
35633665
35663851
35675229
35702928
35714163
35719166
35727573
35729284
35741667
35744660
35770157
35786408
35788907
35840226
35843568
35845797
35868412
35876583
35878657
35881537
35883737
35888995
35889193
35895217
35909962
35924966
35940766
35950531
35954048
35957557
35975465
36000874
36003050
36004715
36004717
36010004
36032095
36073749
36077051
36079908
36081800
36099186
36116301
36134479
36138851
36141000
36152223
36160218
36165644
36168595
36169882
36177233
36192882
36201398
36218158
36227096
36230189
36230259
36235706
36245501
36246229
36250495
36278709
36279620
36280164
36296153
36296322
36299523
36302976
36321910
36341755
36358275
36361763
36363777
36370158
36370934
36386940
36397614
36401067
36404809
36411410
36421488
36430834
36432555
36432588
36439838
36468246
36474352
36477191
36498846
36505100
36510221
36517529
36525129
36550414
36551257
36555802
36557645
36590538
36611617
36613306
36613345
36613431
36615662
36620055
36622053
36626773
36626778
36635630
36643974
36674840
36676975
36677432
36677715
36687649
36687673
36688772
36696085
36700035
36705702
36718839
36720771
36731705
36747942
36748225
36756202
36777030
36778087
36788464
36794009
36823482
36835163
36838278
36838369
36838464
36838898
36839417
36860131
36861974
36863673
36864380
36874593
36879297
36896253
36898672
36912650
36923704
36923705
36930948
36935848
36937254
36958454
36969207
36969318
36978820
36979076
36982942
36985121
36985219
36986568
36998912
37000797
37002414
37027929
37033741
37040355
37059733
37078654
37087638
37089182
37107174
37107386
37108487
37110319
37110455
37111741
37138240
37145244
37150906
37158475
37160199
37174429
37177812
37186610
37201113
37215740
37244347
37275132
37280776
37294416
37297350
37297495
37317122
37317238
37317628
37324845
37346906
37356561
37363380
37364321
37367896
37372627
37372965
37375663
37404182
37408365
37408693
37414826
37421368
37445611
37447381
37455386
37508254
37512498
37512890
37513662
37589280
37604396
37608143
37612545
37619699
37621875
37622257
37628116
37630651
37631027
37642166
37653052
37658910
37668856
37686878
37709033
37720373
37736218
37752249
37759696
37761047
37764156
37764689
37764787
37803101
37803711
37803772
37827248
37839715
37841999
37849623
37881580
37891957
37894180
37919537
37940272
37959814
37969325
37982650
38004665
38004815
38010080
38010727
38019022
38024324
38053344
38058098
38069229
38098667
38103462
38107135
38125580
38133332
38135047
38138057
38138183
38147914
38160785
38167751
38194793
38197171
38198425
38212429
38225052
38231849
38239764
38240339
38242234
38247174
38257912
38258024
38276605
38297088
38298895
38312486
38312657
38318162
38319476
38337685
38341538
38342337
38342537
38350465
38372783
38372829
38374706
38374921
38376337
38380951
38389538
38395278
38396764
38411084
38442828
38456359
38478299
38480610
38480613
38490350
38514489
38527924
38536095
38537751
38540144
38542789
38543492
38563104
38563737
38567075
38572238
38581868
38585564
38600116
38601960
38602003
38602050
38611288
38617093
38619794
38623511
38628216
38641207
38642150
38652443
38655288
38656097
38659044
38672888
38674738
38677716
38700333
38706757
38712867
38726445
38732578
38740154
38751177
38755001
38755019
38766852
38792672
38792703
38794746
38811285
38821493
38828862
38842543
38852727
38876593
38890984
38906346
38916329
38918075
38928755
38930418
38930463
38930591
38930937
38933029
38941060
38941324
38947460
38948244
38952971
38953212
38960385
38965287
38973905
38999174
39000222
39012492
39021274
39060737
39063277
39063385
39063578
39074448
39074576
39080852
39091043
39093068
39101469
39110654
39111140
39111536
39122808
39130659
39135694
39143578
39147504
39152088
39157659
39162967
39185335
39189643
39200468
39201566
39203347
39210168
39213326
39218543
39222566
39227166
39234246
39235661
39257492
39258911
39272473
39275252
39278111
39280339
39289612
39295963
39298845
39300004
39311539
39316903
39323839
39333245
39335041
39338513
39347096
39347232
39347874
39357712
39360839
39363216
39366628
39382739
39384663
39410114
39413950
39423218
39441338
39444683
39453930
39456329
39456361
39458247
39458418
39458655
39468832
39469458
39497692
39507493
39515729
39516514
39519360
39551178
39551322
39563419
39564479
39570868
39581622
39582657
39589119
39592250
39593318
39594127
39596886
39598326
39607745
