3160
17461
25616
26676
35733
39500
69612
91584
93111
96814
107189
107597
118926
120734
169733
170251
178606
180047
184732
188346
216188
225642
234715
237836
240041
302245
326675
330401
331757
342414
350820
351818
354527
355577
358748
378131
401009
429026
429540
433918
453825
458197
473404
487292
490900
490902
502896
502899
529424
529425
533899
533900
541001
559094
559139
559791
559793
561213
561214
561217
569646
580237
594178
598910
606853
607885
615134
626266
632568
641196
646346
671744
677870
677883
727781
727782
744803
748571
749287
751192
767238
772435
775645
776085
788266
798718
800273
815497
815498
820817
824388
836019
842182
845115
853123
856920
864869
875242
875243
879768
887001
889331
899374
908855
910135
924591
926306
931380
931748
934022
938034
943960
947260
947841
952445
961231
965479
974918
978838
984837
1002591
1008556
1012128
1016218
1018344
1024973
1030841
1030950
1031960
1031961
1031962
1033156
1033228
1034032
1034657
1034742
1034743
1064793
1072814
1090258
1095481
1096817
1099285
1111349
1111466
1124924
1126082
1160199
1160477
1162528
1164012
1165079
1165117
1171633
1179488
1185016
1193720
1202252
1210207
1210210
1213453
1214327
1219902
1219912
1220465
1228226
1228244
1228245
1236972
1240261
1240262
1240265
1248866
1248868
1260536
1262710
1270136
1270363
1274498
1293222
1293486
1294392
1294393
1295895
1298639
1298641
1308550
1309599
1328162
1350048
1371064
1374376
1376395
1387860
1399913
1400976
1402063
1404920
1406279
1420564
1444377
1453988
1475518
1477791
1480187
1480188
1490907
1500161
1512206
1514791
1514817
1521769
1535342
1584068
1584076
1597877
1601286
1606253
1630298
1643584
1644299
1650342
1655425
1655921
1670933
1695981
1725552
1769547
1773068
1791426
1791468
1795634
1799949
1804756
1808461
1812527
1830783
1830790
1830798
1830802
1831976
1836376
1836388
1843400
1844947
1857199
1877533
1884983
1890953
1908040
1908042
1909546
1911487
1911824
1914010
1917863
1917879
1926183
1967172
1977991
2016269
2016584
2053021
2066602
2101139
2101388
2118824
2134726
2140074
2141785
2142893
2202845
2227429
2228229
2230365
2233248
2266881
2268155
2270006
2272498
2280728
2294089
2302351
2319944
2323548
2323552
2332155
2339878
2339897
2343327
2346939
2362308
2362562
2381042
2391751
2403249
2409892
2413656
2449599
2452258
2453784
2466545
2480459
2513246
2522319
2543889
2546926
2546929
2550986
2568344
2592352
2592543
2592553
2594659
2599358
2599363
2613590
2613604
2619483
2620943
2626751
2632061
2662618
2664255
2690736
2716372
2721917
2722715
2759706
2768821
2772734
2776131
2779485
2782869
2794678
2829719
2830036
2835422
2836102
2852761
2857430
2875188
2875824
2905206
2907917
2914871
2941257
2983423
2985548
3013835
3034248
3038839
3038946
3045092
3058295
3064232
3084368
3094925
3101681
3105458
3106535
3116932
3126151
3127502
3143897
3172602
3178217
3183022
3193911
3212540
3216491
3223774
3232624
3243588
3266900
3271060
3281584
3329243
3347287
3370928
3370930
3384932
3393096
3394451
3426228
3435149
3437829
3446000
3446347
3450594
3507428
3508495
3517061
3522090
3523709
3528768
3547620
3571196
3607042
3613082
3621317
3652783
3666851
3683260
3697844
3711299
3712889
3722029
3729375
3735671
3738288
3738607
3750950
3767361
3815158
3868797
3886626
3891850
3902884
3905611
3912993
3934207
3957429
3973381
3977307
3988326
3988703
3998099
4004246
4010538
4030087
4044797
4056003
4063102
4064797
4067291
4073899
4077171
4091566
4109828
4111081
4115560
4118478
4119869
4120882
4131985
4135492
4137031
4142031
4148902
4157434
4180095
4201322
4204717
4207439
4207513
4222229
4273784
4286289
4313517
4322949
4330686
4333897
4403538
4421409
4451361
4451378
4455130
4455603
4460901
4467856
4473910
4518375
4526608
4539441
4539619
4546057
4549198
4549489
4551042
4552888
4562481
4563586
4565633
4567138
4569803
4584253
4595966
4598274
4598433
4598434
4599518
4608162
4610240
4623352
4625241
4633504
4634264
4638496
4643673
4644519
4659641
4660298
4671598
4671603
4673357
4677374
4690634
4696781
4712574
4714449
4715562
4726830
4732012
4756204
4756865
4780740
4789661
4825975
4840170
4842126
4851869
4858760
4886581
4911683
4921056
4921057
4928630
4943272
4945656
4949538
4949539
4965989
4974487
4979864
4981340
4981341
4981342
4982562
4982586
4982825
4990330
4994912
4996960
4999909
5058449
5059617
5064095
5090681
5107266
5136708
5137585
5153867
5161349
5161533
5163527
5169657
5234385
5270202
5304820
5310960
5311077
5333462
5346346
5391048
5442360
5449667
5473901
5486505
5497872
5506201
5574327
5574328
5574329
5577265
5643107
5691609
5720344
5751407
5752709
5770620
5810844
5894736
5951175
6005864
6010483
6094492
6094652
6114706
6140426
6159520
6163949
6165845
6165846
6166696
6168712
6178852
6182312
6219622
6257164
6321909
6327103
6327645
6329958
6337551
6370564
6373618
6377758
6377759
6379692
6405691
6417028
6420028
6442318
6448099
6476829
6478316
6478953
6480105
6490864
6501203
6508314
6511869
6511873
6535721
6612493
6614907
6620604
6642665
6651278
6651300
6655292
6655459
6671709
6678336
6690471
6713808
6715036
6722664
6738383
6744129
6744400
6746030
6752470
6752666
6756788
6761101
6761362
6763704
6788703
6795120
6798143
6808058
6824315
6824320
6832816
6842011
6859844
6874901
6926768
6967112
6999994
7005079
7009420
7035718
7058975
7066762
7068539
7098150
7107010
7107559
7107856
7125655
7125657
7128328
7130372
7143532
7151020
7152578
7153320
7164146
7174112
7176968
7188260
7190196
7190959
7214217
7223141
7224632
7228183
7231217
7239595
7241814
7256728
7259106
7259158
7263070
7278711
7282164
7287896
7291775
7296700
7305887
7310127
7313815
7328758
7332878
7333181
7333985
7334329
7334595
7334596
7343645
7344524
7345174
7345400
7345517
7356314
7362850
7377770
7378944
7380557
7399675
7406487
7419701
7421614
7424286
7430330
7447445
7456871
7458308
7460126
7564924
7565011
7582017
7594689
7597724
7603362
7603366
7615186
7616022
7649452
7660369
7684809
7684810
7697525
7702622
7711897
7727894
7729912
7747952
7748019
7750738
7766116
7768586
7778366
7783689
7814040
7829908
7853008
7854209
7867914
7867925
7869352
7882843
7883718
7886698
7896730
7914500
7927795
7928960
7935061
7941065
7941868
7947906
7961512
7961600
7963797
7982898
8021208
8039901
8045908
8047729
8052813
8069779
8069784
8085837
8126441
8138673
8139466
8155978
8165739
8192339
8262624
8326023
8340350
8345506
8347426
8350314
8370031
8406820
8452179
8452323
8501040
8502178
8509337
8513011
8554762
8577266
8581158
8586273
8586275
8593076
8596714
8603081
8627070
8651921
8652595
8664321
8688712
8702295
8727923
8735112
8749651
8752337
8793868
8795246
8796431
8822051
8822053
8838823
8840803
8840813
8852357
8857266
8861212
8880318
8890549
8898295
8919790
8940834
8951174
8981986
8985934
8987708
9009346
9022294
9031414
9045844
9051414
9099633
9114420
9144909
9152936
9158776
9170273
9172358
9190823
9197471
9209122
9230364
9260952
9276546
9291344
9296103
9343826
9351199
9366600
9391324
9393731
9399511
9401155
9403509
9410248
9412873
9464408
9483883
9506279
9511811
9518619
9529997
9604541
9620967
9632567
9639367
9646572
9661020
9669774
9695470
9747347
9747752
9748441
9775003
9782499
9798148
9805414
9810668
9822816
9825495
9872762
9935142
10024554
10029109
10030035
10049874
10073316
10074546
10088453
10200969
10206692
10213987
10213996
10217406
10223929
10318954
10325328
10338202
10339831
10347072
10347079
10348876
10348911
10364615
10379807
10385206
10388697
10405387
10409050
10423701
10477067
10504039
10529103
10533020
10553685
10565185
10592802
10592803
10592808
10628251
10648530
10652788
10655349
10690650
10733249
10738364
10747228
10754240
10779722
10781565
10806366
10806961
10810592
10816461
10823766
10831459
10832965
10834969
10835424
10850984
10852568
10852908
10871921
10887775
10914657
10919814
10932719
10941784
10948178
10966228
10966418
10983798
10986256
10990273
10992480
11000648
11036024
11040431
11055906
11057955
11064200
11073914
11076722
11083852
11092244
11101606
11123551
11127340
11128063
11131887
11145278
11157236
11179658
11215857
11220684
11248518
11252477
11267763
11293479
11348000
11384535
11427575
11430405
11468924
11471828
11485080
11494566
11497085
11528005
11529561
11592587
11599736
11601705
11601716
11695652
11709306
11712364
11722939
11724402
11724826
11726156
11744306
11751837
11766378
11773134
11789601
11796633
11807053
11808810
11814665
11833636
11867235
11872121
11872701
11874534
11891582
11899049
11910503
11929171
11932467
11934498
11964874
12002050
12007650
12010547
12029378
12039748
12061633
12069600
12073571
12076038
12092418
12092721
12092730
12100554
12101305
12117174
12142404
12146868
12169621
12183269
12229165
12296399
12297472
12363020
12374828
12381564
12393193
12411440
12447738
12451646
12459249
12461009
12462995
12489780
12495004
12501344
12501372
12501988
12507841
12533487
12540193
12555529
12620739
12620838
12633605
12654486
12654491
12656179
12660923
12676700
12676730
12683465
12706971
12706972
12711330
12724383
12725095
12725294
12729712
12732473
12753253
12758276
12761115
12775474
12775692
12781722
12788764
12801004
12825723
12825892
12835343
12839757
12839763
12839774
12856219
12867460
12871237
12892877
12949095
14071901
14125370
14157123
14252825
14285725
14295688
14326732
14343322
14503713
14503724
14509944
14522599
14532202
14553923
14563879
14580971
14605150
14617658
14640534
14663080
14670729
14672224
14673509
14678171
14695443
14723697
14762546
14768341
14960041
14984780
15004094
15006812
15009030
15035632
15038110
15057478
15063495
15070982
15071022
15107534
15107542
15107543
15109796
15109798
15123299
15141271
15151240
15168559
15170400
15175279
15175293
15175315
15182493
15184531
15209931
15222558
15262231
15270482
15276599
15276603
15279944
15315265
15340646
15352521
15357298
15365024
15447844
15459200
15459651
15460860
15472326
15484810
15485788
15500983
15501799
15502414
15508627
15508628
15528498
15553623
15553624
15567278
15633695
15644897
15686562
15690817
15690818
15703294
15705337
15715859
15716425
15716457
15726971
15727189
15728357
15731024
15748815
15752342
15862042
15891793
15895747
15899408
15910911
15924304
15956363
15982770
15990979
15992266
16000499
16000757
16000764
16013386
16026154
16033470
16033522
16053274
16061205
16096691
16102015
16113292
16113500
16141674
16151121
16151215
16207848
16216442
16226820
16227349
16229276
16233699
16245888
16245889
16295549
16300063
16305176
16311702
16321654
16325650
16329866
16338587
16345927
16348096
16348597
16366357
16371182
16390457
16416910
16423015
16428388
16428750
16436064
16437687
16444673
16445289
16469463
16478492
16487299
16487317
16512482
16517652
16541691
16547050
16557747
16584479
16598019
16650334
16672049
16672412
16689720
16710900
16715802
16729663
16750427
16751568
16758972
16765842
16786870
16797760
16801431
16802698
16817925
16820446
16834611
16841357
16850878
16875541
16890991
16897302
16902397
16905149
16910927
16922481
16923074
16924905
16924906
16933615
16940013
16943038
16957236
16957276
16962303
16965376
16973635
16978346
16984916
17020553
17056060
17056684
17056701
17077519
17077585
17083714
17093013
17107421
17115104
17116982
17125005
17126847
17133804
17133820
17133826
17161487
17172518
17184339
17188197
17189175
17189767
17223622
17227431
17228795
17265174
17288452
17301274
17301511
17302148
17304623
17309499
17321179
17331605
17334758
17340868
17340871
17342258
17343913
17344357
17350794
17378708
17386033
17397007
17400744
17418305
17446282
17447472
17451968
17477256
17477276
17479220
17479385
17486255
17496950
17508209
17521760
17539286
17544437
17557845
17564612
17576228
17578416
17584435
17613090
17613661
17614235
17619048
17629976
17644647
17645751
17653465
17660428
17666075
17672315
17675440
17685339
17690022
17827331
17850883
17855034
17877188
17883311
17883312
17897378
17915763
17921270
17928925
17942696
17968612
17969625
17978842
17981951
17986788
17993539
17994291
18003342
18026209
18026229
18031521
18033832
18041957
18043621
18045413
18047042
18048926
18055243
18092158
18156272
18157743
18158197
18161203
18162438
18164873
18178103
18179449
18193736
18195030
18206778
18239436
18243247
18255313
18258320
18262748
18273517
18281404
18301749
18312565
18318712
18341555
18343074
18344653
18347050
18369732
18370608
18401119
18405992
18422626
18422939
18448694
18500741
18506094
18512325
18514344
18538875
18541160
18541652
18545963
18547664
18551344
18554322
18557895
18579720
18590559
18598741
18599740
18604503
18607657
18611521
18612685
18620975
18625283
18667107
18668416
18680950
18691655
18713065
18713860
18724768
18753337
18768128
18786028
18791022
18803699
18803872
18810881
18820055
18823567
18824108
18834908
18838782
18841190
18849458
18851675
18854707
18963158
18975593
19011375
19013429
19018020
19038058
19039103
19041413
19044275
19049879
19054071
19069666
19075025
19101053
19103121
19103467
19106013
19106014
19120665
19131137
19149202
19151181
19161434
19162476
19187505
19193258
19205465
19205480
19205481
19207855
19231189
19244914
19244917
19246755
19252278
19260331
19286788
19286794
19291215
19293428
19323759
19373459
19376460
19376898
19408137
19422918
19425827
19426810
19435222
19459322
19459967
19469006
19490395
19503829
19527836
19534927
19543642
19543938
19553519
19556347
19579925
19587034
19597309
19610337
19615449
19627496
19628928
19630509
19637631
19637687
19646531
19659554
19681267
19684167
19712405
19717622
19723217
19732825
19735197
19735955
19744242
19745511
19748340
19749061
19785287
19793194
19796120
19797463
19801458
19801467
19802406
19818520
19821595
19833033
19833034
19835772
19873746
19886890
19891709
19913702
19927321
19930458
19933828
19939486
19943887
19945463
19949827
19954074
19954854
19966027
19996693
19996701
20004034
20023076
20059616
20084267
20086084
20100246
20105216
20112678
20112694
20132020
20137562
20140436
20145974
20146814
20148598
20153768
20163893
20170736
20190085
20193210
20208446
20212037
20222441
20226338
20302699
20335099
20335168
20345385
20358053
20361978
20376562
20377964
20388366
20391418
20393570
20402781
20408916
20412305
20418402
20420919
20428657
20433079
20442821
20447461
20454959
20460700
20472729
20479084
20486433
20497494
20499645
20511505
20514485
20519842
20528175
20537269
20555205
20560361
20568474
20600086
20615341
20626688
20629866
20636974
20645791
20647674
20658409
20666989
20672413
20686623
20688407
20712262
20722736
20724587
20735744
20804767
20819356
20823199
20837158
20843573
20847516
20851895
20854428
20856832
20878703
20880213
20886524
20889774
20962392
20962724
20967223
20971492
21034165
21035543
21044320
21050320
21056785
21070267
21106267
21107625
21112380
21118277
21131949
21134465
21146708
21146710
21146847
21151774
21161212
21166906
21172441
21176856
21177635
21178451
21185326
21187287
21192810
21195772
21205441
21213595
21215805
21233598
21244453
21276628
21276629
21282418
21282902
21286009
21291495
21316116
21316302
21317882
21326335
21326355
21329738
21344147
21375873
21378198
21395412
21409653
21424669
21434593
21440068
21441874
21456234
21457416
21477785
21478307
21484001
21484255
21487204
21501884
21507026
21513763
21515782
21530641
21535049
21535549
21536140
21543872
21549045
21551294
21565704
21566382
21575022
21598011
21620975
21625458
21626146
21629787
21631547
21639862
21645368
21645826
21665569
21669071
21675442
21692819
21705592
21725864
21737499
21740448
21742395
21742917
21763428
21771453
21782953
21782964
21784933
21793765
21795713
21795818
21796987
21825777
21848906
21858042
21868146
21873984
21873985
21883006
21899909
21902913
21902914
21906472
21914339
21915463
21940129
21952366
21965411
21984666
21989767
21991661
22003032
22004742
22004803
22006340
22014235
22018240
22031026
22044288
22053713
22054191
22056232
22063191
22071643
22073014
22078751
22092766
22092817
22094349
22101309
22112158
22119576
22146715
22163184
22177227
22177306
22190435
22194446
22194449
22200639
22201772
22216989
22221369
22225982
22247160
22265290
22268636
22285535
22289582
22292049
22307298
22336608
22336612
22336613
22342881
22374413
22380509
22383112
22383120
22389365
22392925
22407686
22425489
22428747
22438811
22445008
22446116
22456874
22459760
22461907
22471216
22475942
22477699
22488053
22491136
22506036
22535222
22535979
22538350
22538352
22543197
22546618
22552507
22562997
22564452
22564558
22583518
22585964
22609718
22609928
22613192
22626564
22628398
22670341
22676367
22676552
22677606
22682545
22684973
22700651
22710417
22728564
22753378
22760860
22767546
22771831
22771964
22771965
22795799
22806110
22827515
22827847
22829766
22850390
22856577
22865080
22883738
22891758
22891871
22894058
22904049
22911651
22924031
22980017
22983012
22984476
22995311
23002063
23020794
23033645
23038073
23042162
23045478
23051148
23052317
23058986
23071706
23072697
23075795
23079536
23099052
23101650
23115018
23118463
23121500
23124738
23127287
23145828
23159872
23161451
23163032
23166255
23173431
23178259
23178260
23185415
23209214
23210909
23233121
23246606
23266627
23289323
23290223
23290231
23290246
23292104
23296117
23314377
23317866
23324022
23330227
23333360
23335410
23342511
23354447
23354697
23356387
23357873
23359995
23361046
23371501
23377932
23391908
23392641
23397223
23405312
23409028
23430717
23433370
23433802
23441888
23455432
23457475
23464928
23468989
23469330
23470816
23475619
23479150
23484380
23494573
23498199
23516897
23535139
23538851
23545264
23555691
23562411
23562785
23563708
23563952
23566271
23569831
23586636
23598339
23608373
23613791
23614238
23623501
23660458
23661439
23664911
23669649
23678578
23682646
23685468
23690546
23696906
23706502
23707743
23707783
23711469
23726199
23732928
23741812
23762755
23765993
23765999
23766011
23766012
23766016
23766253
23770313
23770911
23772063
23788537
23790450
23796790
23798441
23802730
23808010
23812812
23832001
23834791
23837985
23860282
23894076
23905806
23908935
23912276
23928638
23929386
23948561
23958128
23962743
23973847
23977385
23981476
23987095
23988077
23988430
23991096
24010365
24012512
24012752
24023678
24024376
24024909
24031378
24031779
24031968
24036587
24056454
24056807
24060377
24068534
24074349
24093149
24097942
24098508
24112570
24114713
24120140
24125615
24133656
24135668
24138080
24139885
24140432
24142246
24147655
24155650
24158690
24159544
24188569
24188736
24212569
24212573
24215700
24224158
24241024
24267076
24287270
24290632
24293727
24297704
24324933
24328501
24330647
24334844
24345190
24346350
24360109
24362421
24371565
24372411
24377090
24379357
24397626
24400227
24401782
24410096
24412436
24415088
24418930
24426150
24427744
24430205
24440165
24452166
24455339
24455490
24458313
24463120
24463313
24466752
24471089
24473993
24478070
24478592
24478989
24480190
24482636
24490918
24495783
24498789
24505074
24516418
24558119
24561128
24571291
24575085
24584659
24586914
24588853
24604636
24606036
24606756
24613752
24625868
24632045
24655369
24682339
24684348
24698333
24698443
24711998
24713290
24723705
24727382
24731836
24739344
24756606
24760167
24765089
24779413
24786538
24786920
24792214
24796416
24796868
24799175
24810197
24822116
24833422
24847319
24856245
24904911
24910303
24913685
24919149
24924797
24925762
24935982
24936389
24952469
24954661
24966243
24970827
24974651
24984219
24987102
24988011
24988012
24992005
25007650
25008356
25012916
25020179
25023745
25033659
25041035
25060960
25066367
25073481
25073739
25075484
25078437
25086350
25099122
25103323
25103764
25106119
25114910
25115946
25117478
25125645
25128747
25129553
25139905
25142801
25144120
25147658
25147689
25148374
25150191
25158315
25167817
25182547
25189578
25193866
25194733
25199251
25204648
25205094
25225263
25225911
25236587
25239899
25255250
25262354
25269138
25272969
25281373
25285498
25286530
25287127
25288215
25301945
25307949
25310264
25320414
25341812
25344241
25345019
25345029
25383987
25398883
25431341
25440316
25442717
25449321
25449371
25449384
25449702
25452288
25453092
25454225
25455966
25462455
25470339
25472618
25474052
25474069
25475962
25477938
25479092
25486443
25490137
25495647
25498471
25501236
25510545
25516430
25518728
25522004
25527138
25527543
25542378
25548045
25553539
25559446
25566201
25566219
25566508
25573936
25596425
25602161
25602707
25605790
25616790
25623459
25635013
25646967
25651179
25655323
25657643
25662708
25667334
25670776
25679989
25680268
25684078
25687392
25688239
25705353
25706249
25725799
25730008
25735872
25737203
25738744
25744462
25744696
25745421
25749281
25771716
25779581
25784905
25786532
25798132
25799574
25801555
25809307
25814612
25816506
25818509
25832299
25838480
25848272
25852665
25852677
25857966
25873464
25876490
25880192
25889261
25901572
25904905
25912357
25914681
25914691
25917971
25917972
25918142
25919337
25921866
25922623
25951392
25951402
25956443
25958678
25964331
25971326
25988949
25989459
26004499
26010409
26012210
26017673
26021549
26025184
26026692
26031606
26039684
26048473
26056883
26061712
26081523
26093260
26102459
26104028
26113844
26115633
26118852
26137614
26139725
26142143
26144238
26148713
26156628
26162075
26166499
26188497
26191782
26192211
26197291
26200957
26212222
26212475
26217331
26219373
26225125
26231330
26236293
26236294
26251870
26255031
26260238
26261348
26268867
26272638
26284033
26284045
26287765
26290509
26291490
26302123
26312205
26314522
26319881
26322592
26342434
26345816
26368129
26376317
26383659
26384843
26394644
26399174
26424767
26432103
26454066
26464201
26471589
26473090
26476308
26481103
26498286
26503780
26511256
26519599
26529191
26539165
26540391
26549175
26549178
26554219
26554333
26555520
26555534
26562319
26574012
26588767
26590276
26590288
26590959
26592599
26597222
26597594
26605095
26634753
26637607
26644436
26659406
26681010
26697003
26698271
26701668
26707780
26707781
26724686
26739707
26745320
26746716
26763100
26773255
26773828
26781242
26797596
26802519
26802520
26804648
26817219
26818990
26828263
26831117
26837353
26848427
26848675
26850252
26850335
26850711
26851568
26858713
26868214
26876330
26892020
26902211
26909072
26915309
26923244
26927452
26931392
26940502
26945773
26952171
26955871
26960780
26980068
26980611
26990408
26991741
26992796
26993663
26994080
26995767
26997199
27003504
27014228
27025725
27032691
27033469
27036405
27037647
27038044
27040055
27052711
27057121
27063395
27065187
27065958
27071519
27073252
27076320
27081143
27083906
27086846
27094247
27107401
27112702
27113578
27114742
27119068
27124660
27143535
27144925
27145847
27148171
27148231
27148244
27166752
27169940
27170457
27177810
27185914
27189325
27196895
27208133
27208583
27212054
27216297
27231192
27231485
27267601
27279413
27285614
27288257
27289037
27303379
27303446
27305788
27315090
27328453
27339467
27349521
27371902
27373077
27376376
27377244
27392309
27393386
27396891
27403592
27411093
27414245
27417231
27417232
27426523
27434870
27446034
27453484
27454001
27457973
27459915
27468232
27468405
27474446
27486683
27493644
27497124
27497189
27497874
27506277
27512898
27517939
27522063
27570736
27591386
27594170
27608607
27620819
27620824
27624095
27645248
27656174
27690041
27697363
27697557
27706716
27708636
27709461
27725260
27747902
27751742
27751917
27784764
27789643
27793822
27800436
27803484
27818342
27825946
27827805
27836844
27843109
27853457
27854308
27871750
27886032
27888131
27888717
27890799
27890800
27891182
27901504
27903451
27911360
27919756
27922123
27923189
27932023
27965649
27980291
27999769
28003634
28027986
28043075
28057113
28058248
28062288
28066368
28069434
28069817
28073082
28082184
28087532
28099500
28099766
28110033
28110034
28115262
28118133
28119146
28123382
28126556
28129014
28129570
28135311
28144705
28167526
28169338
28189512
28205102
28207310
28211298
28214599
28221954
28232132
28235124
28235638
28236646
28263880
28268179
28279505
28315392
28318117
28324231
28330748
28330888
28349967
28352539
28363962
28367867
28378143
28389893
28390964
28404482
28416870
28416883
28422302
28432099
28433718
28441623
28442419
28452235
28465625
28476665
28476674
28482282
28484445
28489191
28492178
28495773
28505584
28507912
28512145
28512146
28514180
28525966
28531284
28533087
28553617
28570527
28573108
28576761
28583064
28585379
28606862
28621716
28625840
28630016
28638370
28640881
28642752
28646477
28648882
28652300
28653930
28655576
28659901
28678810
28684323
28687334
28687650
28689690
28696147
28698126
28698913
28702797
28704687
28709108
28710011
28717834
28732733
28733150
28734968
28743625
28752295
28764985
28779889
28781188
28784039
28785225
28790994
28794324
28820009
28821419
28822933
28823981
28831596
28832123
28832836
28839269
28840748
28841447
28842541
28842846
28851208
28857444
28859689
28863888
28863970
28864654
28867634
28875385
28882791
28888452
28888887
28889014
28910926
28916359
28939483
28939948
28942832
28960137
28962883
28964863
28965300
28986213
29020074
29023055
29029474
29039708
29042325
29051747
29054522
29054533
29056496
29070795
29071433
29074103
29080422
29085350
29091745
29100917
29101077
29107742
29111407
29111483
29128397
29138301
29146443
29146444
29146450
29146498
29149170
29150510
29154715
29171072
29173069
29183813
29189957
29191550
29194352
29198821
29208497
29234316
29247794
29256853
29262494
29277694
29278736
29282610
29288050
29288814
29289654
29326682
29334058
29339067
29348331
29348345
29351385
29355758
29360402
29362753
29366862
29375492
29391640
29392499
29392559
29399827
29411873
29421585
29424719
29427635
29434406
29434579
29440251
29448635
29452593
29454898
29457648
29458874
29462749
29468307
29472910
29475049
29475825
29476770
29481847
29487571
29497355
29507231
29509715
29510259
29517352
29531180
29543524
29545297
29551678
29555695
29556200
29556217
29565731
29567134
29567137
29567139
29571579
29572872
29587179
29594376
29594512
29596851
29601992
29601993
29621634
29621738
29622614
29624825
29626669
29634190
29644500
29652195
29660347
29662849
29664388
29679762
29681353
29702237
29706341
29723812
29726267
29727147
29735763
29738928
29751923
29752585
29763968
29765369
29777309
29785633
29789490
29796853
29800146
29803663
29807121
29813014
29842930
29858645
29864373
29872432
29885047
29885061
29885998
29887003
29903815
29903822
29909090
29912194
29915109
29922246
29922516
29922609
29927621
29930055
29931749
29933109
29935285
29958009
29964195
29966688
29976139
29983956
29995998
29996623
30001906
30002421
30007667
30010014
30010854
30019329
30030116
30030231
30031869
30031890
30032476
30034383
30039872
30042203
30048543
30051482
30053533
30056964
30064017
30071451
30074404
30077624
30087662
30092318
30099282
30105578
30116230
30124875
30126228
30138666
30140490
30142576
30144564
30145744
30154782
30166588
30170109
30176334
30181181
30182304
30195904
30195908
30201542
30201900
30228407
30234024
30236881
30238770
30248404
30248412
30249937
30254227
30256419
30261300
30263462
30263610
30267350
30286209
30292804
30296637
30301087
30301858
30308295
30310250
30316769
30321865
30325660
30327099
30327116
30336286
30339999
30345926
30349521
30357478
30364306
30368027
30377851
30397546
30405044
30407341
30407635
30408492
30410472
30414402
30424744
30425318
30443874
30447545
30449031
30458555
30459849
30468891
30497783
30502463
30502467
30503447
30503957
30509797
30529463
30533648
30533806
30550739
30558705
30578890
30586567
30590065
30599253
30608683
30609869
30610930
30615989
30617204
30619124
30621873
30623553
30629784
30630050
30639477
30639479
30657706
30685034
30689108
30697296
30701982
30702938
30706411
30707381
30711745
30716630
30721777
30727702
30731558
30731585
30731609
30731628
30736239
30739247
30753635
30778145
30787765
30787922
30790658
30790661
30791538
30792709
30793344
30794933
30795082
30795101
30795129
30804101
30812106
30812149
30812201
30812346
30814987
30817993
30822892
30830210
30836460
30836463
30836496
30841927
30854712
30855189
30856759
30862446
30866182
30866200
30877501
30878668
30878727
30880232
30882997
30889831
30901486
30907667
30912864
30917477
30921841
30921938
30921958
30928029
30933376
30934411
30934453
30936049
30938898
30939697
30943630
30947988
30949142
30951853
30952342
30957049
30959600
30959691
30959700
30965458
30968246
30974215
30974219
30986432
30986451
30991151
30991602
30995452
30995542
31009654
31013623
31034964
31038542
31045445
31051195
31051599
31054358
31059813
31065549
31070474
31071881
31073298
31074824
31078871
31083492
31084129
31096059
31113019
31113150
31115066
31115814
31117249
31121696
31121705
31121749
31129189
31133029
31134040
31137293
31137393
31139608
31144991
31146997
31152523
31156607
31178055
31179975
31181257
31181341
31183576
31185635
31187300
31193375
31196921
31200076
31207301
31219001
31231618
31235840
31238071
31252048
31253685
31261021
31271837
31272033
31275270
31282746
31282751
31299225
31317076
31326583
31326590
31326591
31327905
31333673
31344755
31351112
31352119
31352670
31356758
31356927
31358611
31363923
31364581
31372182
31379767
31379774
31386908
31386909
31401694
31404118
31404151
31408428
31408485
31409301
31411509
31421777
31421783
31421786
31421792
31428134
31430561
31436781
31442712
31454832
31459983
31465871
31465875
31466712
31469011
31484249
31491531
31492212
31494483
31499198
31513820
31519665
31520749
31521782
31528045
31533082
31533083
31541777
31554132
31554228
31563555
31570402
31584869
31585244
31587689
31589302
31594808
31596685
31598993
31603702
31604148
31606549
31610617
31620098
31620101
31622162
31622663
31624347
31655268
31666496
31678817
31682999
31683000
31686391
31690974
31692375
31698072
31699498
31703312
31715237
31724370
31724880
31727703
31732248
31736262
31740171
31743758
31743760
31752048
31753942
31757407
31757758
31766229
31773414
31777397
31777398
31787947
31794843
31794931
31796006
31797016
31799212
31804744
31805214
31805658
31827471
31835728
31841941
31846777
31847806
31848276
31848285
31850542
31852626
31860395
31860435
31862295
31862956
31863965
31864833
31865470
31866681
31866972
31867836
31874975
31877328
31885752
31897362
31897665
31899357
31904538
31904541
31923564
31927270
31932310
31935399
31938849
31961301
31964916
31968265
31977129
31988380
31997754
31998589
31999364
31999578
32000058
32009156
32028529
32035167
32035168
32037809
32047244
32048328
32056240
32057858
32057897
32069894
32070783
32082289
32086873
32096286
32109231
32111217
32114363
32121050
32123090
32124661
32128642
32130975
32138213
32138267
32142858
32148509
32153513
32153543
32155175
32160689
32165333
32169942
32171709
32174504
32178325
32179166
32179973
32184363
32188755
32193579
32194248
32194249
32194519
32195288
32195663
32198646
32201349
32201414
32209397
32214789
32219943
32222403
32239349
32243587
32247046
32268178
32268967
32274932
32278427
32279817
32281204
32289368
32293257
32294206
32295121
32296603
32304716
32305503
32306848
32313027
32318050
32336378
32344510
32353649
32358958
32360538
32360914
32384964
32387478
32389741
32390085
32407349
32408383
32417424
32417469
32418908
32424347
32440168
32442499
32446967
32449955
32452117
32460848
32462544
32464552
32473364
32485179
32489301
32492464
32504846
32508761
32509934
32510388
32515601
32535000
32539983
32544537
32569713
32592822
32615132
32618287
32635298
32637366
32649749
32649752
32652297
32652299
32656204
32664302
32668696
32670225
32676056
32686764
32690820
32702477
32712232
32712503
32712814
32717546
32724645
32731065
32732037
32733427
32738335
32739533
32745619
32747089
32750545
32765437
32765472
32768517
32770178
32771609
32772125
32777460
32781210
32784011
32785070
32799621
32800981
32808593
32810530
32810670
32810672
32813697
32814164
32815525
32816086
32817090
32834683
32841623
32859005
32859595
32860542
32868357
32876216
32890780
32898797
32903334
32905329
32919192
32923778
32927617
32930166
32931744
32938845
32943185
32946920
32947883
32950141
32954157
32957572
32959087
32974524
32978135
32983027
32992682
32993865
33007026
33007335
33009407
33011434
33013008
33013009
33016695
33025668
33032034
33038247
33038509
33049933
33059045
33065306
33072618
33091577
33112629
33130047
33146031
33150647
33151560
33167855
33182842
33186379
33187023
33187991
33188170
33188382
33189802
33193123
33193216
33193336
33199284
33207502
33220914
33221584
33238179
33244061
33250122
33259205
33270659
33271208
33285040
33297499
33302532
33320939
33329494
33329498
33331689
33335179
33347626
33352337
33352338
33355097
33363055
33376714
33381114
33383176
33389104
33390409
33394022
33404830
33412232
33423185
33425864
33436516
33444644
33453253
33460823
33467013
33468708
33470868
33472086
33479797
33487106
33493422
33496675
33505361
33505784
33536457
33552627
33553003
33563785
33569748
33589707
33592781
33596436
33600947
33609702
33611775
33612794
33629516
33633699
33635940
33636432
33638013
33640572
33653369
33657430
33675990
33681394
33713310
33713707
33718262
33718286
33725529
33763038
33763050
33765944
33770150
33773687
33776949
33776954
33780852
33788359
33808280
33812923
33813268
33815309
33815347
33831221
33839439
33846117
33868255
33868758
33869083
33875201
33897670
33915208
33925052
33925871
33927201
33927462
33930770
33945835
33952389
33956913
33956961
33959104
33965586
33976316
33977321
33990037
33990304
33994481
34015480
34020083
34037462
34038837
34041767
34042066
34055666
34061340
34069706
34070178
34070815
34077200
34078461
34090181
34091972
34093499
34111502
34119114
34119571
34141494
34149632
34163453
34168622
34170320
34171673
34177924
34182947
34199972
34209577
34214877
34220752
34228918
34231048
34231245
34242991
34245965
34255280
34260793
34263403
34267739
34271064
34276582
34279997
34294344
34297464
34301298
34316195
34324899
34339299
34340145
34346702
34351514
34363994
34364075
34365192
34368235
34369215
34379706
34383923
34385993
34390611
34398929
34406834
34408739
34409148
34415829
34418557
34418559
34425174
34436587
34438618
34438826
34450128
34450131
34450271
34450346
34461673
34478777
34481262
34487403
34487583
34489378
34496040
34500669
34508857
34509528
34517139
34526263
34530088
34530120
34534580
34536578
34539587
34540881
34555154
34559852
34560361
34564668
34573080
34586050
34586052
34586634
34587926
34592219
34594947
34626689
34627090
34628047
34631335
34633869
34642879
34645259
34648768
34651572
34652743
34653229
34654957
34662686
34664128
34665590
34680792
34688784
34688850
34690978
34695706
34733268
34737057
34742902
34743388
34745063
34750087
34751588
34752843
34760388
34762938
34785387
34803988
34841569
34848304
34856310
34858358
34865794
34867877
34883108
34892734
34899725
34899859
34902396
34905101
34914929
34915139
34921627
34936385
34941926
34946774
34950141
34952194
34952588
34959457
34961752
34971483
34990645
34990805
34990807
34998096
35007373
35018291
35024965
35042073
35045858
35055958
35064802
35066837
35074363
35078527
35082080
35085447
35086562
35095928
35107008
35108083
35112431
35112905
35121070
35122949
35126401
35154084
35159502
35168502
35202160
35205135
35214145
35215810
35215857
35216106
35219760
35226753
35229647
35231526
35238157
35247464
35254167
35256145
35262205
35265821
35267397
35270031
35283820
35285005
35288120
35301113
35306176
35318137
35322884
35323456
35325168
35331883
35350627
35353911
35359730
35362803
35364260
35367626
35384247
35384660
35395652
35398160
35398223
35398526
35398528
35401447
35408957
35416486
35421572
35432254
35432286
35447159
35448852
35456128
35458350
35462568
35462682
35464920
35464931
35478638
35488540
35493221
35498485
35500455
35504368
35504418
35507581
35512440
35513013
35523358
35536738
35561981
35564028
35568367
35588966
35588973
35607390
35608853
35609458
35615516
35618172
35623097
35631015
35636588
35637171
35637392
35638353
35643354
35648808
35651029
35660488
35660661
35661815
35662075
35663873
35681285
35681328
35684575
35687111
35687396
35690228
35691054
35692056
35695558
35704129
35716556
35716970
35718913
35720365
35722281
35727114
35738486
35738489
35741880
35749698
35749911
35761009
35764446
35773242
35787152
35789483
35792346
35793747
35807650
35809883
35810967
35812779
35835382
35835385
35837965
35851542
35860240
35862751
35862776
35862991
35871695
35880931
35882411
35885251
35888101
35889071
35889267
35891334
35892815
35892937
35893666
35893675
35896338
35899046
35913040
35915981
35918422
35920381
35921932
35929370
35940541
35944759
35953179
35954113
35961160
35963228
35972279
35977559
35981493
35981495
35987502
35996724
35998869
36000388
36009211
36010382
36011953
36013938
36016795
36018831
36030481
36041627
36058438
36059501
36059529
36067717
36067907
36068754
36075953
36079620
36081796
36084889
36098406
36098555
36101776
36116390
36121241
36126790
36136547
36142431
36145988
36154889
36154891
36162776
36177459
36179895
36183838
36189997
36198380
36204302
36206910
36206926
36209842
36210393
36212018
36213456
36226968
36233199
36239916
36250856
36255521
36257185
36261093
36265374
36272541
36272706
36286534
36296179
36296357
36320310
36334700
36339346
36341755
36341873
36341874
36342937
36343341
36355025
36358301
36358345
36362196
36362895
36366993
36370527
36372171
36379446
36386863
36414759
36420489
36420492
36420505
36423461
36430829
36435436
36436688
36437125
36439819
36442565
36442704
36442705
36445142
36449472
36459385
36461246
36461252
36461295
36462743
36463990
36464079
36464721
36468869
36470456
36473550
36476863
36482737
36496584
36496717
36521654
36534143
36539168
36548110
36549419
36551345
36551441
36552499
36553790
36553807
36560756
36565404
36565998
36580845
36581254
36593205
36597602
36601403
36602217
36602323
36603789
36605572
36608811
36609954
36612642
36613858
36619979
36620062
36621299
36626775
36627093
36628703
36639067
36647726
36655424
36656017
36656658
36669331
36669603
36671749
36671946
36678441
36679943
36688009
36689335
36704570
36719217
36722984
36736171
36737928
36738950
36744098
36746228
36754116
36755087
36758655
36766220
36768499
36768942
36790271
36792868
36792878
36792879
36792883
36801302
36803660
36803777
36803779
36805271
36813458
36817428
36827171
36839458
36842516
36846563
36846774
36859532
36860982
36883975
36884014
36894018
36900547
36901332
36903518
36907480
36907490
36907954
36914102
36914349
36916565
36916582
36918054
36918655
36922172
36924901
36933585
36935907
36937277
36948366
36966896
36972490
36976213
36979109
36983957
36988845
36999166
37001746
37003214
37007502
37010421
37011737
37011739
37015074
37018030
37022504
37048292
37061186
37062684
37062812
37065801
37081765
37091065
37091291
37098434
37100310
37103354
37103367
37105426
37106917
37107000
37107584
37112540
37120045
37120192
37126589
37127579
37130055
37141203
37143674
37148735
37156898
37158250
37164131
37174342
37175476
37192598
37193031
37199626
37207486
37217021
37222620
37223640
37234938
37237634
37243669
37244319
37250064
37253539
37254339
37258804
37260413
37266016
37266976
37267395
37267840
37272817
37274080
37278653
37279829
37295736
37302729
37303778
37305279
37317143
37318344
37327919
37330634
37355217
37355218
37358285
37370308
37372584
37375000
37375524
37389343
37397801
37409976
37415086
37419435
37422006
37432027
37445842
37448578
37448875
37467812
37473826
37477280
37483931
37485508
37498004
37500162
37504096
37508407
37509902
37511297
37512840
37517714
37520347
37522814
37523407
37523954
37524461
37536402
37541513
37544074
37551560
37567119
37570524
37576558
37580170
37604263
37610246
37611759
37619908
37634810
37640123
37648395
37655915
37662002
37672942
37678479
37683807
37689229
37689373
37693654
37702858
37711612
37716494
37717062
37722436
37725340
37740122
37740157
37750710
37751004
37764020
37769815
37797870
37802263
37802265
37803786
37805111
37818865
37822746
37835311
37838066
37838636
37843261
37843303
37847589
37850796
37854331
37854338
37855594
37857109
37857653
37858205
37858548
37858612
37866896
37875037
37889383
37889802
37890347
37890735
37891478
37894160
37896051
37898353
37917532
37923098
37928659
37931127
37931889
37941297
37943703
37954386
37958074
37962397
37973623
37981381
37982663
37992986
37997435
38004763
38014954
38034415
38043276
38047128
38054716
38056755
38061528
38066691
38069492
38072135
38077299
38077367
38081442
38089817
38104701
38110613
38111221
38112441
38114043
38115661
38132344
38133869
38137237
38138056
38139356
38141354
38144384
38147133
38150146
38188160
38189321
38196911
38201957
38211535
38213303
38214113
38218285
38224841
38225110
38231728
38245596
38245921
38251364
38252000
38257979
38266027
38268102
38278338
38281536
38285117
38300462
38311027
38316231
38325593
38329695
38336144
38338015
38338671
38340389
38342260
38345394
38353487
38355437
38356529
38373053
38373468
38374337
38388156
38399800
38403934
38415613
38419626
38422694
38425495
38438059
38447722
38447863
38454039
38465235
38466137
38467323
38471347
38481050
38481768
38483672
38486398
38488929
38490029
38498053
38499412
38502428
38513915
38515524
38518946
38521274
38534246
38536895
38537926
38539869
38540842
38543555
38573920
38575039
38577556
38578091
38578302
38582452
38585574
38588870
38593580
38593892
38596374
38606300
38609347
38623280
38631283
38636362
38637066
38641216
38644387
38647322
38647908
38667046
38671363
38674635
38674757
38677238
38679344
38683868
38685866
38692379
38697373
38705549
38719095
38723695
38729487
38731737
38735242
38737753
38749264
38757692
38768528
38773245
38775491
38777254
38777877
38779707
38785782
38788921
38792735
38800738
38809043
38810711
38810834
38814235
38823834
38831174
38832768
38838621
38849107
38849108
38852451
38864604
38866349
38881663
38884466
38890902
38890970
38891003
38891015
38892226
38901683
38903941
38906839
38907796
38908544
38917950
38919495
38928843
38934021
38936519
38943886
38948389
38960106
38962099
38964835
38967463
38969155
38972876
38977111
38990990
38998622
39013534
39013612
39015569
39018820
39020257
39021458
39027095
39030812
39038066
39038901
39045511
39048954
39054297
39056680
39065134
39078816
39086460
39098748
39113276
39117127
39121740
39134191
39134231
39134232
39137207
39138702
39141167
39142374
39144210
39144225
39147178
39147512
39151766
39162543
39163500
39168397
39171260
39173020
39175254
39177327
39179188
39185423
39191067
39191144
39196442
39197692
39203439
39203465
39205359
39206361
39217938
39244363
39244587
39245188
39256248
39265856
39271450
39273999
39276812
39276903
39281052
39289805
39293097
39293536
39303614
39307692
39309031
39316254
39321597
39322835
39323244
39323890
39330310
39332602
39336158
39336821
39338964
39340373
39340578
39343130
39345269
39346038
39349231
39364164
39366461
39369016
39387475
39401740
39409739
39414097
39423904
39426641
39437593
39443754
39447146
39461394
39469080
39476987
39479213
39495763
39511044
39513673
39513998
39516732
39536299
39538459
39546180
39549792
39551754
39557373
39558231
39579231
39588110
39591989
39593953
39596779
39596793
39597608
39601954
39607996
39608274
39608733
3160
17461
25616
26676
35733
39500
69612
91584
93111
96814
107189
107597
118926
120734
169733
170251
178606
180047
184732
188346
216188
225642
234715
237836
240041
302245
326675
330401
331757
342414
350820
351818
354527
355577
358748
378131
401009
429026
429540
433918
453825
458197
473404
487292
490900
490902
502896
502899
529424
529425
533899
533900
541001
559094
559139
559791
559793
561213
561214
561217
569646
580237
594178
598910
606853
607885
615134
626266
632568
641196
646346
671744
677870
677883
727781
727782
744803
748571
749287
751192
767238
772435
775645
776085
788266
798718
800273
815497
815498
820817
824388
836019
842182
845115
853123
856920
864869
875242
875243
879768
887001
889331
899374
908855
910135
924591
926306
931380
931748
934022
938034
943960
947260
947841
952445
961231
965479
974918
978838
984837
1002591
1008556
1012128
1016218
1018344
1024973
1030841
1030950
1031960
1031961
1031962
1033156
1033228
1034032
1034657
1034742
1034743
1064793
1072814
1090258
1095481
1096817
1099285
1111349
1111466
1124924
1126082
1160199
1160477
1162528
1164012
1165079
1165117
1171633
1179488
1185016
1193720
1202252
1210207
1210210
1213453
1214327
1219902
1219912
1220465
1228226
1228244
1228245
1236972
1240261
1240262
1240265
1248866
1248868
1260536
1262710
1270136
1270363
1274498
1293222
1293486
1294392
1294393
1295895
1298639
1298641
1308550
1309599
1328162
1350048
1371064
1374376
1376395
1387860
1399913
1400976
1402063
1404920
1406279
1420564
1444377
1453988
1475518
1477791
1480187
1480188
1490907
1500161
1512206
1514791
1514817
1521769
1535342
1584068
1584076
1597877
1601286
1606253
1630298
1643584
1644299
1650342
1655425
1655921
1670933
1695981
1725552
1769547
1773068
1791426
1791468
1795634
1799949
1804756
1808461
1812527
1830783
1830790
1830798
1830802
1831976
1836376
1836388
1843400
1844947
1857199
1877533
1884983
1890953
1908040
1908042
1909546
1911487
1911824
1914010
1917863
1917879
1926183
1967172
1977991
2016269
2016584
2053021
2066602
2101139
2101388
2118824
2134726
2140074
2141785
2142893
2202845
2227429
2228229
2230365
2233248
2266881
2268155
2270006
2272498
2280728
2294089
2302351
2319944
2323548
2323552
2332155
2339878
2339897
2343327
2346939
2362308
2362562
2381042
2391751
2403249
2409892
2413656
2449599
2452258
2453784
2466545
2480459
2513246
2522319
2543889
2546926
2546929
2550986
2568344
2592352
2592543
2592553
2594659
2599358
2599363
2613590
2613604
2619483
2620943
2626751
2632061
2662618
2664255
2690736
2716372
2721917
2722715
2759706
2768821
2772734
2776131
2779485
2782869
2794678
2829719
2830036
2835422
2836102
2852761
2857430
2875188
2875824
2905206
2907917
2914871
2941257
2983423
2985548
3013835
3034248
3038839
3038946
3045092
3058295
3064232
3084368
3094925
3101681
3105458
3106535
3116932
3126151
3127502
3143897
3172602
3178217
3183022
3193911
3212540
3216491
3223774
3232624
3243588
3266900
3271060
3281584
3329243
3347287
3370928
3370930
3384932
3393096
3394451
3426228
3435149
3437829
3446000
3446347
3450594
3507428
3508495
3517061
3522090
3523709
3528768
3547620
3571196
3607042
3613082
3621317
3652783
3666851
3683260
3697844
3711299
3712889
3722029
3729375
3735671
3738288
3738607
3750950
3767361
3815158
3868797
3886626
3891850
3902884
3905611
3912993
3934207
3957429
3973381
3977307
3988326
3988703
3998099
4004246
4010538
4030087
4044797
4056003
4063102
4064797
4067291
4073899
4077171
4091566
4109828
4111081
4115560
4118478
4119869
4120882
4131985
4135492
4137031
4142031
4148902
4157434
4180095
4201322
4204717
4207439
4207513
4222229
4273784
4286289
4313517
4322949
4330686
4333897
4403538
4421409
4451361
4451378
4455130
4455603
4460901
4467856
4473910
4518375
4526608
4539441
4539619
4546057
4549198
4549489
4551042
4552888
4562481
4563586
4565633
4567138
4569803
4584253
4595966
4598274
4598433
4598434
4599518
4608162
4610240
4623352
4625241
4633504
4634264
4638496
4643673
4644519
4659641
4660298
4671598
4671603
4673357
4677374
4690634
4696781
4712574
4714449
4715562
4726830
4732012
4756204
4756865
4780740
4789661
4825975
4840170
4842126
4851869
4858760
4886581
4911683
4921056
4921057
4928630
4943272
4945656
4949538
4949539
4965989
4974487
4979864
4981340
4981341
4981342
4982562
4982586
4982825
4990330
4994912
4996960
4999909
5058449
5059617
5064095
5090681
5107266
5136708
5137585
5153867
5161349
5161533
5163527
5169657
5234385
5270202
5304820
5310960
5311077
5333462
5346346
5391048
5442360
5449667
5473901
5486505
5497872
5506201
5574327
5574328
5574329
5577265
5643107
5691609
5720344
5751407
5752709
5770620
5810844
5894736
5951175
6005864
6010483
6094492
6094652
6114706
6140426
6159520
6163949
6165845
6165846
6166696
6168712
6178852
6182312
6219622
6257164
6321909
6327103
6327645
6329958
6337551
6370564
6373618
6377758
6377759
6379692
6405691
6417028
6420028
6442318
6448099
6476829
6478316
6478953
6480105
6490864
6501203
6508314
6511869
6511873
6535721
6612493
6614907
6620604
6642665
6651278
6651300
6655292
6655459
6671709
6678336
6690471
6713808
6715036
6722664
6738383
6744129
6744400
6746030
6752470
6752666
6756788
6761101
6761362
6763704
6788703
6795120
6798143
6808058
6824315
6824320
6832816
6842011
6844963
6859844
6874901
6926768
6967112
6999994
7005079
7009420
7035718
7058975
7066762
7068539
7098150
7107010
7107559
7107856
7125655
7125657
7128328
7130372
7143532
7151020
7152578
7153320
7164146
7174112
7176968
7188260
7190196
7190959
7214217
7223141
7224632
7228183
7231217
7239595
7241814
7256728
7259106
7259158
7263070
7278711
7282164
7283382
7287896
7291775
7296700
7305887
7310127
7313815
7328758
7332878
7333181
7333985
7334329
7334595
7334596
7343645
7344524
7345174
7345400
7345517
7356314
7362850
7377770
7378944
7380557
7399675
7406487
7419701
7421614
7424286
7430330
7447445
7456871
7458308
7460126
7564924
7565011
7582017
7594689
7597724
7603362
7603366
7615186
7616022
7649452
7660369
7684809
7684810
7697525
7702622
7711897
7727894
7729912
7747952
7748019
7750738
7766116
7768586
7778366
7783689
7814040
7829908
7853008
7854209
7867914
7867925
7869352
7882843
7883718
7886698
7896730
7914500
7927795
7928960
7935061
7941065
7941868
7947906
7961512
7961600
7963797
7982898
8021208
8039901
8045908
8047729
8052813
8069779
8069784
8085837
8126441
8138673
8139466
8155978
8165739
8192339
8262624
8326023
8340350
8345506
8347426
8350314
8370031
8406642
8406820
8452179
8452323
8501040
8502178
8509337
8513011
8554762
8577266
8581158
8586273
8586275
8593076
8596714
8603081
8627070
8651921
8652595
8664321
8688712
8702295
8727923
8735112
8749651
8752337
8793868
8795246
8796431
8822051
8822053
8838823
8840803
8840813
8852357
8857266
8861212
8880318
8890549
8898295
8919790
8940834
8951174
8981986
8985934
8987708
9009346
9022294
9031414
9045844
9051414
9099633
9114420
9144909
9152936
9158776
9170273
9172358
9190823
9197471
9209122
9230364
9260952
9276546
9291344
9296103
9343826
9351199
9366600
9391324
9393731
9399511
9401155
9403509
9410248
9412873
9464408
9483883
9506279
9511811
9518619
9529997
9604541
9620967
9632567
9639367
9646572
9661020
9669774
9695470
9747347
9747752
9748441
9775003
9782499
9798148
9805414
9810668
9822816
9825495
9872762
9935142
10024554
10029109
10030035
10049874
10073316
10074546
10088453
10100745
10200969
10206692
10213987
10213996
10217406
10223929
10318954
10325328
10338202
10339831
10347072
10347079
10348876
10348911
10364615
10379807
10385206
10388697
10405387
10409050
10423701
10477067
10504039
10529103
10533020
10553685
10565185
10592802
10592803
10592808
10628251
10648530
10652788
10655349
10690650
10733249
10738364
10747228
10754240
10779722
10781565
10806366
10806961
10810592
10816461
10823766
10831459
10832965
10834969
10835424
10850984
10852568
10852908
10871921
10887775
10914657
10919814
10932719
10941784
10948178
10966228
10966418
10983798
10986256
10990273
10992480
11000648
11036024
11040431
11055906
11057955
11064200
11073914
11076722
11083852
11092244
11101606
11123551
11127340
11128063
11131887
11145278
11157236
11179658
11215857
11220684
11248518
11252477
11267763
11293479
11348000
11384535
11427575
11430405
11468924
11471828
11485080
11494566
11497085
11528005
11529561
11592587
11599736
11601705
11601716
11695652
11709306
11712364
11722939
11724402
11724826
11726156
11744306
11751837
11766378
11773134
11789601
11796633
11807053
11808810
11814665
11833636
11867235
11872121
11872701
11874534
11891582
11899049
11910503
11929171
11932467
11934498
11964874
12002050
12007650
12010547
12029378
12039748
12061633
12069600
12073571
12076038
12092418
12092721
12092730
12100554
12101305
12117174
12142404
12146868
12169621
12183269
12229165
12296399
12297472
12363020
12374828
12381564
12393193
12411440
12447738
12451646
12459249
12461009
12462995
12489780
12495004
12501344
12501372
12501988
12507841
12533487
12540193
12555529
12620739
12620838
12633605
12654486
12654491
12656179
12660923
12676700
12676730
12683465
12706971
12706972
12711330
12724383
12725095
12725294
12729712
12732473
12753253
12758276
12761115
12775474
12775692
12781722
12788764
12801004
12825723
12825892
12835343
12839757
12839763
12839774
12856219
12867460
12871237
12892877
12949095
14071901
14125370
14157123
14252825
14285725
14295688
14326732
14343322
14503713
14503724
14509944
14522599
14532202
14553923
14563879
14580971
14605150
14617658
14640534
14663080
14670729
14672224
14673509
14678171
14695443
14723697
14762546
14768341
14960041
14984780
15004094
15006812
15009030
15035632
15038110
15057478
15063495
15070982
15071022
15107534
15107542
15107543
15109796
15109798
15123299
15141271
15151240
15168559
15170400
15175279
15175293
15175315
15182493
15184531
15209931
15222558
15262231
15270482
15276599
15276603
15279944
15315265
15340646
15352521
15357298
15365024
15447844
15459200
15459651
15460860
15472326
15484810
15485788
15500983
15501799
15502414
15508627
15508628
15528498
15553623
15553624
15567278
15633695
15644897
15686562
15690817
15690818
15703294
15705337
15715859
15716425
15716457
15726971
15727189
15728357
15731024
15748815
15752342
15862042
15891793
15895747
15899408
15910911
15924304
15956363
15982770
15990979
15992266
16000499
16000757
16000764
16013386
16026154
16033470
16033522
16053274
16061205
16096691
16102015
16113292
16113500
16141674
16151121
16151215
16207848
16216442
16226820
16227349
16229276
16233699
16245888
16245889
16295549
16300063
16305176
16311702
16321654
16325650
16329866
16338587
16345927
16348096
16348597
16366357
16371182
16390457
16416910
16423015
16428388
16428750
16436064
16437687
16444673
16445289
16469463
16478492
16487299
16487317
16512482
16517652
16541691
16547050
16557747
16584479
16598019
16650334
16672049
16672412
16689720
16710900
16715802
16729663
16750427
16751568
16758972
16765842
16786870
16797760
16801431
16802698
16817925
16820446
16834611
16841357
16850878
16875541
16890991
16897302
16902397
16905149
16910927
16922481
16923074
16924905
16924906
16933615
16940013
16943038
16957236
16957276
16962303
16965376
16973635
16978346
16984916
17020553
17056060
17056684
17056701
17077519
17077585
17083714
17093013
17107421
17115104
17116982
17125005
17126847
17133804
17133820
17133826
17161487
17172518
17184339
17188197
17189175
17189767
17223622
17227431
17228795
17265174
17288452
17301274
17301511
17302148
17304623
17309499
17321179
17331605
17334758
17340868
17340871
17342258
17343913
17344357
17350794
17378708
17386033
17397007
17400744
17418305
17446282
17447472
17451968
17477256
17477276
17479220
17479385
17486255
17496950
17508209
17521760
17539286
17544437
17557845
17564612
17576228
17578416
17584435
17613090
17613661
17614235
17619048
17629976
17644647
17645751
17653465
17660428
17666075
17672315
17675440
17685339
17690022
17825231
17827331
17850883
17855034
17877188
17883311
17883312
17897378
17915763
17921270
17928925
17942696
17968612
17969625
17978842
17981951
17986788
17993539
17994291
18003342
18026209
18026229
18031521
18033832
18041957
18043621
18045413
18047042
18048926
18055243
18092158
18156272
18157743
18158197
18161203
18162438
18164873
18178103
18179449
18193736
18195030
18206778
18239436
18243247
18255313
18258320
18262748
18273517
18281404
18301749
18312565
18318712
18341555
18343074
18344653
18347050
18369732
18370608
18401119
18405992
18422626
18422939
18448694
18500741
18506094
18512325
18514344
18538875
18541160
18541652
18545963
18547664
18551344
18554322
18557895
18579720
18590559
18598741
18599740
18604503
18607657
18611521
18612685
18620975
18625283
18667107
18668416
18680950
18691655
18713065
18713860
18724768
18753337
18768128
18786028
18791022
18803699
18803872
18810881
18820055
18823567
18824108
18834908
18838782
18841190
18849458
18851675
18854707
18963158
18975593
19011375
19013429
19018020
19038058
19039103
19041413
19044275
19049879
19054071
19069666
19075025
19101053
19103121
19103467
19106013
19106014
19120665
19131137
19149202
19151181
19161434
19162476
19187505
19193258
19205465
19205480
19205481
19207855
19231189
19244914
19244917
19246755
19252278
19260331
19286788
19286794
19291215
19293428
19323759
19373459
19376460
19376898
19408137
19422918
19425827
19426810
19435222
19459322
19459967
19469006
19490395
19496476
19503829
19527836
19534927
19543642
19543938
19553519
19556347
19579925
19587034
19597309
19610337
19615449
19627496
19628928
19630509
19637631
19637687
19646531
19659554
19681267
19684167
19712405
19717622
19723217
19732825
19735197
19735955
19744242
19745511
19748340
19749061
19785287
19793194
19796120
19797463
19801458
19801467
19802406
19818520
19821595
19833033
19833034
19835772
19873746
19886890
19891709
19913702
19927321
19930458
19933828
19939486
19943887
19945463
19949827
19954074
19954854
19966027
19996693
19996701
20004034
20023076
20059616
20084267
20086084
20100246
20105216
20112678
20112694
20132020
20137562
20140436
20145974
20146814
20148598
20153768
20163893
20170736
20190085
20193210
20208446
20212037
20222441
20226338
20302699
20335099
20335168
20345385
20358053
20361978
20376562
20377964
20388366
20391418
20393570
20402781
20408916
20412305
20418402
20420919
20428657
20433079
20442821
20447461
20454959
20460700
20472729
20479084
20486433
20497494
20499645
20511505
20514485
20519842
20528175
20537269
20555205
20560361
20568474
20600086
20615341
20626688
20629866
20636974
20645791
20647674
20658409
20666989
20672413
20686623
20688407
20712262
20722736
20724587
20735744
20804767
20819356
20823199
20837158
20843573
20847516
20851895
20854428
20856832
20878703
20880213
20886524
20889774
20962392
20962724
20967223
20971492
21034165
21035543
21044320
21050320
21056785
21070267
21106267
21107625
21112380
21118277
21131949
21134465
21146708
21146710
21146847
21151774
21161212
21166906
21172441
21176856
21177635
21178451
21185326
21187287
21192810
21195772
21205441
21213595
21215805
21233598
21244453
21276628
21276629
21282418
21282902
21286009
21291495
21316116
21316302
21317882
21326335
21326355
21329738
21344147
21375873
21378198
21395412
21409653
21424669
21434593
21440068
21441874
21456234
21457416
21477785
21478307
21484001
21484255
21487204
21501884
21507026
21513763
21515782
21530641
21535049
21535549
21536140
21543872
21549045
21551294
21565704
21566382
21575022
21598011
21620975
21625458
21626146
21629787
21631547
21639862
21645368
21645826
21665569
21669071
21675442
21692819
21705592
21725864
21737499
21740448
21742395
21742917
21763428
21771453
21782953
21782964
21784933
21793765
21795713
21795818
21796987
21825777
21848906
21858042
21868146
21873984
21873985
21883006
21899909
21902913
21902914
21906472
21914339
21915463
21940129
21952366
21965411
21984666
21989767
21991661
22003032
22004742
22004803
22006340
22014235
22018240
22031026
22044288
22053713
22054191
22056232
22063191
22071643
22073014
22078751
22092766
22092817
22094349
22101309
22112158
22119576
22146715
22163184
22177227
22177306
22190435
22194446
22194449
22200639
22201772
22216989
22221369
22225982
22247160
22265290
22268636
22285535
22289582
22292049
22307298
22336608
22336612
22336613
22342881
22374413
22380509
22383112
22383120
22389365
22392925
22407686
22425489
22428747
22438811
22445008
22446116
22456874
22459760
22461907
22471216
22475942
22477699
22488053
22491136
22506036
22535222
22535979
22538350
22538352
22543197
22546618
22552507
22562997
22564452
22564558
22583518
22585964
22609718
22609928
22613192
22626564
22628398
22670341
22676367
22676552
22677606
22682545
22684973
22700651
22710417
22728564
22753378
22760860
22767546
22771831
22771964
22771965
22795799
22806110
22827515
22827847
22829766
22850390
22856577
22865080
22883738
22891758
22891871
22894058
22904049
22911651
22924031
22980017
22983012
22984476
22995311
23002063
23020794
23033645
23038073
23042162
23045478
23051148
23052317
23058986
23071706
23072697
23075795
23079536
23099052
23101650
23115018
23118463
23121500
23124738
23127287
23145828
23159872
23161451
23163032
23166255
23173431
23178259
23178260
23185415
23209214
23210909
23233121
23246606
23266627
23289323
23290223
23290231
23290246
23292104
23296117
23314377
23317866
23324022
23330227
23333360
23335410
23342511
23354447
23354697
23356387
23357873
23359995
23361046
23371501
23377932
23391908
23392641
23397223
23405312
23409028
23430717
23433370
23433802
23441888
23455432
23457475
23464928
23468989
23469330
23470816
23475619
23479150
23484380
23494573
23498199
23516897
23535139
23538851
23545264
23555691
23562411
23562785
23563708
23563952
23566271
23569831
23586636
23598339
23608373
23613791
23614238
23623501
23660458
23661439
23664911
23669649
23678578
23682646
23685468
23690546
23696906
23706502
23707743
23707783
23711469
23726199
23732928
23741812
23762755
23765993
23765999
23766011
23766012
23766016
23766253
23770313
23770911
23772063
23788537
23790450
23796790
23798441
23802730
23808010
23812812
23832001
23834791
23837985
23860282
23894076
23905806
23908935
23912276
23928638
23929386
23948561
23958128
23962743
23973847
23977385
23981476
23987095
23988077
23988430
23991096
24010365
24012512
24012752
24023678
24024376
24024909
24031378
24031779
24031968
24036587
24056454
24056807
24060377
24068534
24074349
24093149
24097942
24098508
24112570
24114713
24120140
24125615
24133656
24135668
24138080
24139885
24140432
24142246
24147655
24155650
24158690
24159544
24188569
24188736
24212569
24212573
24215700
24224158
24241024
24267076
24287270
24288944
24290632
24293727
24297704
24324933
24328501
24330647
24334844
24345190
24346350
24360109
24362421
24371565
24372411
24377090
24379357
24397626
24400227
24401413
24401782
24410096
24412436
24415088
24418930
24426150
24427744
24430205
24440165
24452166
24455339
24455490
24458313
24463120
24463313
24466752
24471089
24473993
24478070
24478592
24478989
24480190
24482636
24490918
24495783
24498789
24505074
24516418
24558119
24561128
24571291
24575085
24584659
24586914
24588853
24604636
24606036
24606756
24613752
24625868
24632045
24655369
24682339
24684348
24698333
24698443
24711998
24713290
24723705
24727382
24731836
24739344
24756606
24760167
24765089
24779413
24786538
24786920
24792214
24796416
24796868
24799175
24810197
24822116
24833422
24847319
24856245
24904911
24910303
24913685
24919149
24924797
24925762
24935982
24936389
24952469
24954661
24966243
24970827
24974651
24984219
24987102
24988011
24988012
24992005
25007650
25008356
25012916
25020179
25023745
25033659
25041035
25060960
25066367
25073481
25073739
25075484
25078437
25086350
25099122
25103323
25103764
25106119
25114910
25115946
25117478
25125645
25128747
25129553
25139905
25142801
25144120
25147658
25147689
25148374
25150191
25158315
25167817
25182547
25189578
25193866
25194733
25199251
25204648
25205094
25225263
25225911
25236587
25239899
25255250
25262354
25269138
25272969
25281373
25285498
25286530
25287127
25288215
25301945
25307949
25310264
25320414
25341812
25344241
25345019
25345029
25383987
25398883
25431341
25440316
25442717
25449321
25449371
25449384
25449702
25452288
25453092
25454225
25455966
25462455
25470339
25472618
25474052
25474069
25475962
25477938
25479092
25486443
25490137
25495647
25498471
25501236
25510545
25516430
25518728
25522004
25527138
25527543
25542378
25548045
25553539
25559446
25566201
25566219
25566508
25573936
25596425
25602161
25602707
25605790
25616790
25623459
25635013
25646967
25651179
25655323
25657643
25662708
25667334
25670776
25679989
25680268
25684078
25687392
25688239
25705353
25706249
25725799
25730008
25735872
25737203
25738744
25744462
25744696
25745421
25749281
25771716
25779581
25784905
25786532
25798132
25799574
25801555
25809307
25814612
25816506
25818509
25832299
25838480
25848272
25852665
25852677
25857966
25873464
25876490
25880192
25889261
25901572
25904905
25912357
25914681
25914691
25917971
25917972
25918142
25919337
25921866
25922623
25951392
25951402
25956443
25958678
25964331
25971326
25988949
25989459
26004499
26010409
26012210
26017673
26021549
26025184
26026692
26031606
26039684
26048473
26056883
26061712
26081523
26093260
26102459
26104028
26113844
26115633
26118852
26137614
26139725
26142143
26144238
26148713
26156628
26162075
26166499
26188497
26191782
26192211
26197291
26200957
26212222
26212475
26217331
26219373
26225125
26231330
26236293
26236294
26251870
26255031
26260238
26261348
26268867
26272638
26284033
26284045
26287765
26290509
26291490
26302123
26312205
26314522
26319881
26322592
26342434
26345816
26368129
26376317
26383659
26384843
26394644
26399174
26424767
26432103
26454066
26464201
26471589
26473090
26476308
26481103
26498286
26503780
26511256
26519599
26529191
26539165
26540391
26549175
26549178
26554219
26554333
26555520
26555534
26562319
26574012
26588767
26590276
26590288
26590959
26592599
26597222
26597594
26605095
26634753
26637607
26644436
26659406
26681010
26697003
26698271
26701668
26707780
26707781
26724686
26739707
26745320
26746716
26763100
26773255
26773828
26781242
26797596
26802519
26802520
26804648
26817219
26818990
26828263
26831117
26837353
26848427
26848675
26850252
26850335
26850711
26851568
26858713
26868214
26876330
26892020
26902211
26904896
26909072
26915309
26923244
26927452
26931392
26940502
26945773
26952171
26955871
26960780
26980068
26980611
26990408
26991741
26992796
26993663
26994080
26995767
26997199
27003504
27014228
27025725
27032691
27033469
27036405
27037647
27038044
27040055
27052711
27057121
27063395
27065187
27065958
27071519
27073252
27076320
27081143
27083906
27086846
27094247
27107401
27112702
27113578
27114742
27119068
27124660
27143535
27144925
27145847
27148171
27148231
27148244
27166752
27169940
27170457
27177810
27185914
27189325
27196895
27208133
27208583
27212054
27216297
27231192
27231485
27267601
27279413
27285614
27288257
27289037
27303379
27303446
27305788
27315090
27328453
27339467
27349521
27371902
27373077
27376376
27377244
27392309
27393386
27396891
27403592
27411093
27414245
27417231
27417232
27426523
27434870
27446034
27453484
27454001
27457973
27459915
27468232
27468405
27474446
27486683
27493644
27497124
27497189
27497874
27506277
27512898
27517939
27522063
27570736
27591386
27594170
27607141
27608607
27620819
27620824
27624095
27645248
27656174
27690041
27697363
27697557
27706716
27708636
27709461
27725260
27747902
27751742
27751917
27784764
27789643
27793822
27800436
27803484
27818342
27825946
27827805
27836844
27843109
27853457
27854308
27871750
27886032
27888131
27888717
27890799
27890800
27891182
27901504
27903451
27911360
27919756
27922123
27923189
27932023
27965649
27980291
27999769
28003634
28027986
28043075
28057113
28058248
28062288
28066368
28069434
28069817
28073082
28082184
28087532
28099500
28099766
28110033
28110034
28115262
28118133
28119146
28123382
28126556
28129014
28129570
28135311
28144705
28167526
28169338
28189512
28205102
28207310
28211298
28214599
28221954
28232132
28235124
28235638
28236646
28263880
28268179
28279505
28315392
28318117
28324231
28330748
28330888
28349967
28352539
28363962
28367867
28378143
28389893
28390964
28404482
28416870
28416883
28422302
28432099
28433718
28441623
28442419
28452235
28465625
28476665
28476674
28482282
28484445
28489191
28492178
28495773
28505584
28507912
28512145
28512146
28514180
28525966
28531284
28533087
28553617
28570527
28573108
28576761
28583064
28585379
28606862
28621716
28625840
28630016
28638370
28640881
28642752
28646477
28648882
28652300
28653930
28655576
28659901
28678810
28684323
28687334
28687650
28689690
28696147
28698126
28698913
28702797
28704687
28709108
28710011
28717834
28732733
28733150
28734968
28743625
28752295
28764985
28779889
28781188
28784039
28785225
28790994
28794324
28820009
28821419
28822933
28823981
28831596
28832123
28832836
28839269
28840748
28841447
28842541
28842846
28851208
28857444
28859689
28863888
28863970
28864654
28867634
28875385
28882791
28888452
28888887
28889014
28910926
28916359
28939483
28939948
28942832
28960137
28962883
28964863
28965300
28986213
29020074
29023055
29029474
29039708
29042325
29051747
29054522
29054533
29056496
29070795
29071433
29074103
29080422
29085350
29091745
29100917
29101077
29107742
29111407
29111483
29128397
29138301
29146443
29146444
29146450
29146498
29149170
29150510
29154715
29171072
29173069
29183813
29189957
29191550
29194352
29198821
29208497
29234316
29247794
29256853
29262494
29277694
29278736
29282610
29288050
29288814
29289654
29326682
29334058
29339067
29348331
29348345
29351385
29355758
29360402
29362753
29366862
29375492
29391640
29392499
29392559
29399827
29411873
29421585
29424719
29427635
29434406
29434579
29440251
29448635
29452593
29454898
29457648
29458874
29462749
29468307
29472910
29475049
29475825
29476770
29481847
29487571
29497355
29507231
29509715
29510259
29517352
29531180
29543524
29545297
29551678
29555695
29556200
29556217
29565731
29567134
29567137
29567139
29571579
29572872
29587179
29594376
29594512
29596851
29601992
29601993
29621634
29621738
29622614
29624825
29626669
29634190
29644500
29652195
29660347
29662849
29664388
29679762
29681353
29702237
29706341
29723812
29726267
29727147
29735763
29738928
29751923
29752585
29763968
29765369
29777309
29785633
29789490
29796853
29800146
29803663
29807121
29813014
29842930
29858645
29864373
29872432
29885047
29885061
29885998
29887003
29903815
29903822
29909090
29912194
29915109
29922246
29922516
29922609
29927621
29930055
29931749
29933109
29935285
29958009
29964195
29966688
29976139
29983956
29995998
29996623
30001906
30002421
30007667
30010014
30010854
30019329
30030116
30030231
30031869
30031890
30032476
30034383
30039872
30042203
30048543
30051482
30053533
30056964
30064017
30071451
30074404
30077624
30087662
30092318
30099282
30105578
30116230
30124875
30126228
30138666
30140490
30142576
30144564
30145744
30154782
30166588
30170109
30176334
30181181
30182304
30195904
30195908
30201542
30201900
30228407
30234024
30236881
30238770
30248404
30248412
30249937
30254227
30256419
30261300
30263462
30263610
30267350
30286209
30292804
30296637
30301087
30301858
30308295
30310250
30316769
30321865
30325660
30327099
30327116
30336286
30339999
30345926
30349521
30357478
30364306
30368027
30377851
30397546
30405044
30407341
30407635
30408492
30410472
30414402
30424744
30425318
30443874
30447545
30449031
30458555
30459849
30468891
30497783
30502463
30502467
30503447
30503957
30509797
30529463
30533648
30533806
30550739
30558705
30578890
30586567
30590065
30599253
30608683
30609869
30610930
30615989
30617204
30619124
30621873
30623553
30629784
30630050
30639477
30639479
30657706
30685034
30689108
30697296
30701982
30702938
30706411
30707381
30711745
30716630
30721777
30727702
30731558
30731585
30731609
30731628
30736239
30739247
30753635
30778145
30787765
30787922
30790658
30790661
30791538
30792709
30793344
30794933
30795082
30795101
30795129
30804101
30812106
30812149
30812201
30812346
30814987
30817993
30822892
30830210
30836460
30836463
30836496
30841927
30854712
30855189
30856759
30862446
30866182
30866200
30877501
30878668
30878727
30880232
30882997
30889831
30901486
30907667
30912864
30917477
30921841
30921938
30921958
30928029
30933376
30934411
30934453
30936049
30938898
30939697
30943630
30947988
30949142
30951853
30952342
30957049
30959600
30959691
30959700
30965458
30968246
30974215
30974219
30986432
30986451
30991151
30991602
30995452
30995542
31009654
31013623
31034964
31038542
31045445
31051195
31051599
31054358
31059813
31065549
31070474
31071881
31073298
31074824
31078871
31083492
31084129
31096059
31113019
31113150
31115066
31115814
31117249
31121696
31121705
31121749
31125666
31129189
31133029
31134040
31137293
31137393
31139608
31144991
31146997
31152523
31156607
31178055
31179975
31181257
31181341
31183576
31185635
31187300
31193375
31196921
31200076
31207301
31219001
31231618
31235840
31238071
31252048
31253685
31261021
31271837
31272033
31275270
31282746
31282751
31299225
31312618
31317076
31326583
31326590
31326591
31327905
31333673
31344755
31351112
31352119
31352670
31356758
31356927
31358611
31363923
31364581
31372182
31379767
31379774
31386908
31386909
31401694
31404118
31404151
31408428
31408485
31409301
31411509
31421777
31421783
31421786
31421792
31428134
31430561
31436781
31442712
31454832
31459983
31465871
31465875
31466712
31469011
31484249
31491531
31492212
31494483
31499198
31513820
31519665
31520749
31521782
31528045
31533082
31533083
31541777
31543492
31554132
31554228
31563555
31570402
31584869
31585244
31587689
31589302
31594808
31596685
31598993
31603702
31604148
31606549
31610617
31620098
31620101
31622162
31622663
31624347
31655268
31666496
31678817
31682999
31683000
31686391
31690974
31692375
31698072
31699498
31703312
31715237
31724370
31724880
31727703
31732248
31736262
31740171
31743758
31743760
31752048
31753942
31757407
31757758
31766229
31773414
31777397
31777398
31787947
31794843
31794931
31796006
31797016
31799212
31804744
31805214
31805658
31827471
31835728
31841941
31846777
31847806
31848276
31848285
31850542
31852626
31860395
31860435
31862295
31862956
31863965
31864001
31864833
31865470
31866681
31866972
31867836
31874975
31877328
31885752
31897362
31897665
31899357
31904538
31904541
31923564
31927270
31932310
31935399
31938849
31961301
31964916
31968265
31977129
31988380
31997754
31998589
31999364
31999578
32000058
32009156
32028529
32035167
32035168
32037809
32047244
32048328
32056240
32057858
32057897
32069894
32070783
32082289
32086873
32096286
32109231
32111217
32114363
32121050
32123090
32124661
32128642
32130975
32138213
32138267
32142858
32148509
32153513
32153543
32155175
32160689
32165333
32169942
32171709
32174504
32178325
32179166
32179973
32184363
32188755
32193579
32194248
32194249
32194519
32195288
32195663
32198646
32201349
32201414
32209397
32214789
32219943
32222403
32239349
32243587
32247046
32268178
32268967
32274932
32278427
32279817
32281204
32289368
32293257
32294206
32295121
32296603
32304716
32305503
32306848
32313027
32318050
32336378
32344510
32353649
32358958
32360538
32360914
32384964
32387478
32389741
32390085
32407349
32408383
32417424
32417469
32418908
32424347
32440168
32442499
32446967
32449955
32452117
32460848
32462544
32464552
32473364
32485179
32489301
32492464
32504846
32508761
32509934
32510388
32515601
32535000
32539983
32544537
32569713
32592822
32615132
32618287
32635298
32637366
32649749
32649752
32652297
32652299
32656204
32664302
32668696
32670225
32676056
32686764
32690820
32695094
32702477
32712232
32712503
32712814
32717546
32724645
32731065
32732037
32733427
32738335
32739533
32745619
32747089
32750545
32765437
32765472
32768517
32770178
32771609
32772125
32777460
32781210
32784011
32785070
32799621
32800981
32808593
32810530
32810670
32810672
32813697
32814164
32815525
32816086
32817090
32834683
32841623
32859005
32859595
32860542
32868357
32876216
32890780
32898797
32903334
32905329
32919192
32923778
32927617
32930166
32931744
32938845
32943185
32946920
32947883
32950141
32954157
32957572
32959087
32971569
32974524
32978135
32983027
32992682
32993865
33007026
33007335
33009407
33011434
33013008
33013009
33016695
33025668
33032034
33038247
33038509
33049933
33059045
33065306
33072618
33091577
33112629
33130047
33146031
33150647
33151560
33167855
33182842
33186379
33187023
33187991
33188170
33188382
33189802
33193123
33193216
33193336
33199284
33207502
33220914
33221584
33238179
33244061
33250122
33259205
33270659
33271208
33285040
33297499
33302532
33320939
33329494
33329498
33331689
33335179
33347626
33352337
33352338
33355097
33363055
33376714
33381114
33383176
33389104
33390409
33394022
33404830
33412232
33423185
33425864
33436516
33444644
33453253
33460823
33467013
33468708
33470868
33472086
33479797
33487106
33493422
33496675
33505361
33505784
33536457
33552627
33553003
33563785
33569748
33589707
33592781
33596436
33600947
33609702
33611775
33612794
33629516
33633699
33635940
33636432
33638013
33640572
33653369
33657430
33675990
33681394
33713310
33713707
33718262
33718286
33725529
33763038
33763050
33765944
33770150
33773687
33776949
33776954
33780852
33788359
33808280
33812923
33813268
33815309
33815347
33831221
33839439
33846117
33868255
33868758
33869083
33875201
33897670
33915208
33925052
33925871
33927201
33927462
33930770
33945835
33952389
33956913
33956961
33959104
33965586
33976316
33977321
33990037
33990304
33994481
34015480
34020083
34037462
34038837
34041767
34042066
34055666
34061340
34069706
34070178
34070815
34077200
34078461
34090181
34091972
34093499
34111502
34119114
34119571
34141494
34149632
34163453
34168622
34170320
34171673
34177924
34182947
34199972
34209577
34214877
34220752
34228918
34231048
34231245
34242991
34245965
34255280
34260793
34263403
34267739
34271064
34276582
34279997
34294344
34297464
34301298
34316195
34324899
34339299
34340145
34346702
34351514
34363994
34364075
34365192
34368235
34369215
34379706
34383923
34385993
34390611
34398929
34406834
34408739
34409148
34415829
34418557
34418559
34425174
34436587
34437395
34438618
34438826
34450128
34450131
34450271
34450346
34461673
34478777
34481262
34487403
34487583
34489378
34496040
34500669
34508857
34509528
34517139
34526263
34530088
34530120
34534580
34536578
34539587
34540881
34555154
34559852
34560361
34564668
34573080
34579653
34586050
34586052
34586634
34587926
34592219
34594947
34626689
34627090
34628047
34631335
34633869
34642879
34645259
34648768
34651572
34652743
34653229
34654957
34662686
34664128
34665590
34680792
34688784
34688850
34690978
34695706
34733268
34737057
34742902
34743388
34745063
34750087
34751588
34752843
34760388
34762938
34768193
34785387
34803988
34841569
34848304
34856310
34858358
34865794
34867877
34883108
34892734
34899725
34899859
34902396
34905101
34914929
34915139
34921627
34936385
34941926
34946774
34950141
34952194
34952588
34959457
34961752
34971483
34990645
34990805
34990807
34998096
35007373
35018291
35024965
35037167
35042073
35045858
35055958
35064802
35066837
35074363
35078527
35082080
35085447
35086562
35095928
35107008
35108083
35112431
35112905
35121070
35122949
35126401
35154084
35159502
35168502
35202160
35205135
35214145
35215810
35215857
35216106
35219760
35226753
35229647
35231526
35238157
35247464
35254167
35256145
35262205
35265821
35267397
35270031
35283820
35285005
35288120
35301113
35306176
35318137
35322884
35323456
35325168
35331883
35350627
35353911
35359730
35362803
35364260
35367626
35384247
35384660
35395652
35398160
35398223
35398526
35398528
35401447
35408957
35416486
35421572
35432254
35432286
35447159
35448852
35456128
35458350
35462568
35462682
35464920
35464931
35478638
35488540
35493221
35498485
35500455
35504368
35504418
35507581
35512440
35513013
35523358
35536738
35561981
35564028
35568367
35588966
35588973
35607390
35608853
35609458
35615516
35618172
35623097
35631015
35631074
35636588
35637171
35637392
35638353
35643354
35648808
35651029
35660488
35660661
35661815
35662075
35663873
35681285
35681328
35684575
35687111
35687396
35690228
35691054
35692056
35695558
35704129
35716556
35716970
35718913
35720365
35722281
35727114
35738486
35738489
35741880
35749698
35749911
35761009
35764446
35773242
35787152
35789483
35792346
35793747
35807650
35809883
35810967
35812779
35835382
35835385
35837965
35851542
35860240
35862751
35862776
35862991
35871695
35880931
35882411
35885251
35888101
35889071
35889267
35891334
35892815
35892937
35893666
35893675
35896338
35899046
35913040
35915981
35918422
35920381
35921932
35929370
35940541
35944759
35953179
35954113
35961160
35963228
35972279
35977559
35981493
35981495
35987502
35996724
35998869
36000388
36009211
36010382
36011953
36013938
36016795
36018831
36030481
36041627
36058438
36059501
36059529
36067717
36067907
36068754
36075953
36079620
36081796
36084889
36098406
36098555
36101776
36116390
36121241
36126790
36136547
36142431
36145988
36154889
36154891
36162776
36177459
36179895
36183838
36189997
36198380
36204302
36206910
36206926
36209842
36210393
36212018
36213456
36226968
36233199
36239916
36250856
36255521
36257185
36261093
36265374
36272541
36272706
36286534
36296179
36296357
36320310
36334700
36339346
36341755
36341873
36341874
36342937
36343341
36355025
36358301
36358345
36362196
36362895
36366993
36370527
36372171
36379446
36386863
36414759
36420489
36420492
36420505
36423461
36430829
36435436
36436688
36437125
36439819
36442565
36442704
36442705
36445142
36449472
36459385
36461246
36461252
36461295
36462743
36463990
36464079
36464721
36468869
36470456
36473550
36476863
36482737
36496584
36496717
36521654
36534143
36539168
36548110
36549419
36551345
36551441
36552499
36553790
36553807
36560756
36565404
36565998
36580845
36581254
36593205
36597602
36601403
36602217
36602323
36603789
36605572
36608811
36609954
36612642
36613858
36619979
36620062
36621299
36626775
36627093
36628703
36639067
36647726
36655424
36656017
36656658
36669331
36669603
36671749
36671946
36678441
36679943
36688009
36689335
36704570
36719217
36722984
36736171
36737928
36738950
36744098
36746228
36754116
36755087
36758655
36766220
36768499
36768942
36790271
36792868
36792878
36792879
36792883
36801302
36803660
36803777
36803779
36805271
36813458
36817428
36827171
36839458
36842516
36846563
36846774
36859532
36860982
36883975
36884014
36894018
36900547
36901332
36903518
36907480
36907490
36907954
36914102
36914349
36916565
36916582
36918054
36918655
36922172
36924901
36933585
36935907
36937277
36948366
36966896
36972490
36976213
36979109
36983957
36988845
36999166
37001746
37003214
37007502
37010421
37011737
37011739
37015074
37018030
37022504
37048292
37061186
37062684
37062812
37065801
37081765
37091065
37091291
37098434
37100310
37103354
37103367
37105426
37106917
37107000
37107584
37112540
37120045
37120192
37126589
37127579
37130055
37141203
37143674
37148735
37156898
37158250
37164131
37174342
37175476
37192598
37193031
37199626
37207486
37217021
37222620
37223640
37234938
37237634
37243669
37244319
37250064
37253539
37254339
37258804
37260413
37266016
37266976
37267395
37267840
37272817
37274080
37278653
37279829
37295736
37302729
37303778
37305279
37317143
37318344
37327919
37330634
37355217
37355218
37358285
37370308
37372584
37375000
37375524
37389343
37397801
37409976
37415086
37419435
37422006
37432027
37445842
37448578
37448875
37467812
37473826
37477280
37483931
37485508
37498004
37500162
37504096
37508407
37509902
37511297
37512840
37517714
37520347
37522814
37523407
37523954
37524461
37536402
37541513
37544074
37551560
37567119
37570524
37576558
37580170
37604263
37610246
37611759
37619908
37634810
37640123
37648395
37655915
37662002
37672942
37678479
37683807
37689229
37689373
37693654
37702858
37711612
37716494
37717062
37722436
37725340
37740122
37740157
37750710
37751004
37764020
37769815
37797870
37802263
37802265
37803786
37805111
37818865
37822746
37835311
37838066
37838636
37843261
37843303
37847589
37850796
37854331
37854338
37855594
37857080
37857109
37857653
37858205
37858548
37858612
37866896
37875037
37889383
37889802
37890347
37890735
37891478
37894160
37896051
37898353
37917532
37923098
37928659
37931127
37931889
37941297
37943703
37954386
37958074
37962397
37973623
37981381
37982663
37992986
37997435
38004763
38014954
38034415
38043276
38047128
38054716
38056755
38061528
38066691
38069492
38072135
38077299
38077367
38081442
38089817
38104701
38110613
38111221
38112441
38114043
38115661
38132344
38133869
38137237
38138056
38139356
38141354
38144384
38147133
38150146
38158167
38188160
38189321
38196911
38201957
38211535
38213303
38214113
38218285
38224841
38225110
38231728
38245596
38245921
38251364
38252000
38257979
38266027
38268102
38278338
38281536
38285117
38300462
38311027
38316231
38325593
38329695
38336144
38338015
38338671
38340389
38342260
38345394
38353487
38355437
38356529
38373053
38373468
38374337
38388156
38399800
38403934
38415613
38419626
38422694
38425495
38438059
38447722
38447863
38454039
38465235
38466137
38467323
38471347
38481050
38481768
38483672
38486398
38488929
38490029
38498053
38499412
38502428
38513915
38515524
38518946
38521274
38534246
38536895
38537926
38539869
38540842
38543555
38573920
38575039
38577556
38578091
38578302
38582452
38585574
38588870
38593580
38593892
38596374
38606300
38609347
38623280
38631283
38636362
38637066
38641216
38644387
38647322
38647908
38667046
38671363
38674635
38674757
38677238
38679344
38683868
38685866
38692379
38697373
38705549
38719095
38723695
38729487
38731737
38735242
38737753
38749264
38757692
38768528
38773245
38775491
38777254
38777877
38779707
38785782
38788921
38792735
38800738
38809043
38810711
38810834
38814235
38823834
38831174
38832768
38838621
38849107
38849108
38852451
38864604
38866349
38881663
38884466
38890902
38890970
38891003
38891015
38892226
38901683
38903941
38906839
38907796
38908544
38917950
38919495
38928843
38934021
38936519
38943886
38948389
38960106
38962099
38964835
38967463
38969155
38972876
38977111
38990990
38998622
39013534
39013612
39015569
39018820
39020257
39021458
39027095
39030812
39038066
39038901
39045511
39048954
39054297
39056680
39065134
39078816
39086460
39098748
39113276
39117127
39121740
39134191
39134231
39134232
39137207
39138702
39141167
39142374
39144210
39144225
39147178
39147512
39151766
39162543
39163500
39168397
39171260
39173020
39175254
39177327
39179188
39185423
39191067
39191144
39196442
39197692
39203439
39203465
39205359
39206361
39217938
39244363
39244587
39245188
39256248
39265856
39271450
39273999
39276812
39276903
39281052
39289805
39293097
39293536
39303614
39307692
39309031
39316254
39321597
39322835
39323244
39323890
39330310
39332602
39336158
39336821
39338964
39340373
39340578
39343130
39345269
39346038
39349231
39364164
39366461
39369016
39387475
39401740
39409739
39414097
39423904
39426641
39437593
39443754
39447146
39461394
39469080
39476987
39479213
39495763
39511044
39513673
39513998
39516732
39536299
39538459
39546180
39549792
39551754
39557373
39558231
39579231
39588110
39591989
39593953
39596779
39596793
39597608
39601954
39607996
39608274
39608733
