81352
96632
101438
105229
115352
118645
407757
410906
412236
412296
415409
725425
805142
807761
808106
811348
817438
819662
820163
820896
822131
827194
1168871
1297276
1381695
1402033
1417313
1457831
1459423
1468425
1486081
1512256
1541596
1554706
1577816
1583336
1593265
1651334
1651640
1654495
1693679
1715736
1730501
1769521
1801497
1900429
1902551
1903178
1903483
1903769
1905000
1905001
1905518
1905837
1906984
1907048
1908875
1909051
1909348
1909461
1910002
1939073
1953724
2024449
2050107
2105269
2105271
2107201
2108958
2111283
2114169
2114531
2115214
2117320
2121733
2121896
2121897
2122174
2125085
2129149
2145719
2172237
2388367
2429617
2448382
2448978
2456447
2470405
2483677
2496765
2499772
2500434
2501216
2502530
2503957
2504710
2506815
2508379
2509294
2509473
2509851
2515698
2517514
2517515
2536653
2536679
2826334
2829256
2834337
2841199
2895741
2905126
2906076
2906312
2984311
2986152
3021591
3021632
3081444
3084381
3084383
3084385
3085293
3086499
3087120
3087932
3088874
3096031
3105434
3107286
3110118
3112013
3112240
3117773
3119528
3122734
3123387
3127370
3127449
3128450
3130898
3143893
3144059
3148491
3148815
3149607
3384478
3689685
3736273
3775269
3884295
3917427
3920844
3921540
3926644
3927004
3934286
3934300
3938146
3988702
4010561
4112621
4179555
4190039
4199573
4205980
4210755
4212252
4212901
4215289
4215291
4289811
4321716
4375942
4621777
4631214
4631215
4953415
4953599
4954516
4955058
4955833
4956337
4956404
4957398
4957399
4957467
4957618
4958778
4959278
4961350
4962299
4963765
4963767
4963769
4963770
4963803
4964513
4965130
4966130
4966788
4966833
4966931
4967838
4970227
4970380
4970768
4970895
4971818
4971849
4972120
4973806
4974088
4976380
4976582
4979584
4980680
4981759
4981770
4981796
4984496
4984854
4987919
4989311
4991570
4993230
4993390
4994159
4994474
4997522
4997717
4999973
5004640
5004967
5004970
5004971
5004972
5685170
6068144
6285339
6317939
6328915
6401695
6401697
6402519
6405284
6406830
6411819
6413077
6414791
6418708
6418761
6419678
6421798
6429187
6430537
6430862
6431631
6431719
6432529
6432700
6438241
6441119
6441385
6612776
6623911
6630932
6696173
6774514
6780619
6787986
6795509
6799753
6802901
6806352
6813307
6814198
6816140
6819288
7273838
7474943
7496927
7538281
7600011
7612203
7665658
7730281
7750728
7765396
7766114
7773917
7828912
7828932
7836294
7840657
7848000
7851740
7885226
7887017
7890396
7927706
7961869
7968459
7975827
7995358
8002089
8017940
8022724
8037574
8051039
8105361
8108217
8117722
8123566
8133849
8135809
8143137
8152371
8161274
8196523
8234277
8254316
8269390
8300447
8300513
8302312
8366021
8366815
8369089
8420007
8420946
8458949
8460135
8463400
8473865
8486963
8515744
8550456
8553357
8577251
8578916
8584795
8587516
8647272
8701593
8701646
8717399
8718584
8721041
8754064
8777320
8790597
8810950
8840814
8867457
8868446
8908483
8931320
8945528
8959266
8973585
8987626
8997715
9006038
9039918
9056659
9060166
9097373
9097438
9106206
9106214
9119194
9169728
9172780
9199422
9204289
9221667
9234759
9276928
9289272
9289273
9308148
9343949
9374261
9379042
9393812
9398214
9413092
9422592
9435110
9448313
9453657
9484689
9489035
9501438
9508786
9513179
9563949
9573135
9602281
9621692
9627938
9631544
9632621
9674126
9682372
9703991
9720874
9746362
9759382
9761255
9774609
9800098
9811898
9822127
9827947
9828439
9843654
9916059
9916116
9919922
9987105
10048035
10049896
10085028
10100352
10103241
10190106
10195347
10197996
10198008
10217496
10227159
10328075
10338505
10349715
10355282
10383221
10391414
10411756
10413356
10419943
10425157
10439512
10451913
10456940
10475948
10475949
10475950
10475951
10475952
10475953
10475954
10475955
10475956
10475958
10475959
10475960
10475961
10475962
10475963
10475964
10475965
10475968
10475970
10475973
10475976
10475978
10477780
10486244
10515943
10558951
10559102
10580119
10584001
10594977
10597826
10604013
10621935
10628152
10675723
10709458
10712800
10717546
10722564
10733882
10774488
10781564
10792523
10819356
10828989
10831447
10867226
10869077
10885062
10899854
10914342
10917569
10925867
10926933
10960085
10970841
10992478
10994373
11015402
11021577
11032360
11041741
11053848
11058154
11084608
11097928
11104681
11111904
11111921
11117015
11145529
11160016
11161988
11162493
11173038
11186451
11193628
11207582
11207600
11248519
11252478
11259649
11264741
11278644
11286180
11299044
11312020
11318612
11320137
11327232
11327233
11327699
11353060
11373695
11390699
11396937
11401993
11419020
11425716
11457547
11467855
11472515
11472945
11472954
11478674
11483266
11498418
11535328
11544370
11553601
11555211
11556906
11566257
11571195
11576296
11578310
11595637
11596878
11619781
11668934
11686472
11699843
11700562
11708591
11708594
11708595
11717504
11722542
11723811
11724153
11724154
11724160
11724885
11737637
11738344
11738765
11739031
11741853
11741877
11746875
11747719
11751813
11752429
11759668
11759669
11763848
11770262
11770263
11770267
11770505
11772631
11774197
11778452
11784913
11789095
11789096
11796364
11796581
11796596
11799964
11808925
11808926
11813549
11814522
11815854
11818161
11822090
11824387
11827799
11829175
11836250
11837339
11842520
11844758
11851577
11851578
11853654
11854261
11860302
11867750
11873486
11873528
11874170
11876121
11886551
11886745
11892436
11895967
11951140
11952281
11952909
11964120
11973144
11979120
11980524
11981302
11984163
11986925
11997440
12002563
12004073
12011416
12015097
12017087
12022669
12030029
12034111
12037041
12042864
12054607
12061231
12064454
12067380
12069996
12070927
12071107
12074484
12081963
12088392
12088650
12088665
12100557
12101297
12108599
12108605
12115440
12126905
12131080
12134259
12140548
12142604
12145561
12149348
12149367
12150144
12160166
12165756
12170260
12170557
12174044
12175336
12176382
12188191
12189948
12192412
12195055
12197869
12197870
12197874
12197876
12198569
12202685
12204372
12207879
12210604
12213914
12217505
12220662
12224521
12224522
12224523
12224525
12227440
12227441
12228320
12238569
12351239
12370003
12379702
12381573
12381574
12384351
12393207
12396909
12396910
12396911
12396912
12396913
12396914
12396915
12396916
12396917
12396918
12396919
12396920
12396921
12396924
12396925
12396926
12396927
12396928
12396929
12396930
12396931
12396934
12406209
12409358
12409432
12409444
12419614
12426331
12431866
12435580
12435686
12438358
12449428
12450822
12454180
12457764
12458919
12461034
12472327
12473162
12477312
12488448
12488565
12494835
12497181
12498211
12513974
12514046
12515043
12515941
12522135
12524330
12527323
12533457
12540560
12542467
12553762
12556279
12562816
12562819
12570401
12571068
12574311
12581349
12591872
12595467
12597893
12606539
12610093
12610473
12615387
12618454
12624053
12624060
12633189
12640551
12652794
12654485
12654497
12656042
12670489
12670965
12676717
12676723
12682568
12683752
12688843
12696699
12700270
12700348
12702237
12704148
12707059
12713046
12718047
12721629
12721630
12724328
12727370
12728680
12732546
12733470
12737733
12745857
12748735
12752821
12753252
12754235
12755609
12759444
12760849
12760895
12761097
12780999
12781007
12781008
12782370
12783194
12784517
12788554
12788732
12792655
12797345
12798645
12798995
12803549
12807189
12819066
12819077
12819082
12821500
12827062
12839825
12842331
12843020
12857944
12864812
12865385
12867985
12870714
12871230
12874336
12875989
12879575
12880383
12880779
12892881
12908413
12912825
12914674
12919907
12920249
12922144
12952914
12952916
12953842
12956602
12963063
12967486
12967505
12967744
12969286
12974047
12986343
12994634
12998614
12998979
13015973
13020164
13022960
13050176
13050898
13059091
13069404
13079149
13091902
13093822
13099252
13106213
13106214
13106215
13126124
13126125
13135484
13148810
13149735
13149736
13151433
13165673
13186811
13197885
13201552
13205171
13219904
13225699
13225716
13239988
13239989
13242812
13242846
13250112
13257679
13263311
13269658
13278496
13283244
13286227
13302649
13311088
13311089
13315889
13325875
13341899
13341900
13341901
13341902
13342351
13343764
13364044
13364147
13365996
13366926
13369564
13375024
13376190
13376512
13376868
13376918
13378166
13390940
13403278
13405859
13416651
13424169
13430387
13430734
13432733
13446294
13459311
13460010
13475280
13481332
13484104
13484105
13491810
13491811
13528693
13538915
13544894
13563416
13566668
13570352
13571976
13575392
13575758
13586619
13599663
13599997
13605075
13617717
13624549
13632768
13635602
13646612
13646613
13646614
13650295
13654233
13672921
13676699
13676840
13676841
13688954
13693167
13724139
13729053
13743837
13756651
13758406
13760920
13769826
13776703
13787029
13787030
13813720
13822343
13831659
13838209
13855549
13860236
13866126
13866955
13878427
13878428
13894605
13898665
13914248
13916257
13919011
13919012
13924032
13935151
13944314
13964214
13964216
13972632
13972633
13972634
13975005
13980266
13981964
13983321
13983322
13983400
13987727
13996453
13996454
14008433
14008434
14011847
14013788
14020358
14020546
14021175
14021437
14026165
14042929
14043992
14043997
14045523
14047240
14061535
14066596
14071790
14072262
14075934
14076029
14077131
14079018
14080776
14087583
14088232
14098201
14101169
14102868
14105475
14114938
14120692
14121214
14124722
14128970
14131237
14134474
14135533
14141606
14145682
14147454
14151194
14151759
14160958
14161647
14165841
14171066
14171605
14174200
14179676
14180472
14185042
14186759
14197896
14201088
14203371
14207689
14210797
14215292
14222201
14240619
14240968
14255684
14255729
14258478
14266467
14266468
14267392
14270088
14270089
14274977
14276107
14279452
14295826
14312709
14314671
14328413
14329285
14334407
14354236
14361428
14363408
14367289
14367301
14381382
14382306
14390823
14391989
14392367
14392938
14413545
14417035
14418101
14456743
14458073
14462234
14472991
14479096
14479097
14505276
14507921
14510181
14519843
14523371
14524244
14532093
14532217
14551883
14554016
14561737
14563859
14565192
14570196
14570922
14573681
14575176
14578173
14578189
14585454
14586293
14588023
14594837
14598920
14600214
14602653
14605435
14607413
14609430
14609791
14616693
14616752
14627822
14631075
14633409
14641889
14658571
14659901
14670324
14672236
14679236
14679401
14679721
14688054
14688124
14697216
14697223
14702298
14702325
14707042
14710805
14711702
14715494
14715544
14715750
14716977
14716978
14716994
14718925
14729023
14734189
14744454
14756782
14764106
14766590
14766913
14778963
14778971
14793534
14798922
14814223
14824119
14828350
14832399
14832427
14873909
14893873
14894909
14927567
14938327
14960714
14961717
14967230
14977930
14981084
14982783
14985634
14997491
14998502
14998982
15010463
15020254
15020857
15026022
15028116
15028705
15029200
15031802
15036135
15039099
15040194
15040516
15047182
15051894
15055202
15060044
15060060
15063758
15068841
15078521
15079089
15090513
15100440
15102824
15103990
15112666
15113319
15113818
15126472
15128104
15141855
15149039
15149073
15150241
15152001
15155630
15155654
15155910
15156101
15160302
15163650
15164269
15175920
15177900
15179360
15180549
15184061
15188571
15190035
15197275
15200872
15204870
15205405
15207048
15207053
15210813
15226357
15228315
15231178
15242591
15246505
15246620
15255603
15255613
15256021
15258278
15259344
15269768
15271901
15271942
15272406
15273116
15284234
15293452
15294810
15297508
15297521
15297912
15308600
15314189
15322045
15324815
15325717
15325759
15330537
15336541
15336568
15341734
15346332
15346957
15347815
15351038
15352240
15358148
15358653
15385482
15392863
15392864
15408479
15415556
15436410
15436464
15450200
15454894
15456768
15458777
15466564
15474715
15474731
15476971
15477093
15478072
15481924
15481973
15490970
15501759
15501768
15503598
15516146
15517814
15517976
15517977
15519706
15522510
15522585
15522586
15522596
15530370
15536047
15537052
15547268
15549606
15555558
15557633
15558214
15561838
15561870
15569923
15571499
15572452
15574898
15575695
15583318
15590776
15596516
15601766
15609239
15611291
15611861
15616593
15617812
15623307
15624157
15633102
15635999
15640238
15642093
15644338
15649636
15652273
15652290
15652293
15659071
15664918
15664951
15668135
15677848
15680766
15681162
15689409
15698949
15699068
15701760
15702923
15717323
15727841
15729471
15731093
15735346
15741078
15744820
15746366
15755575
15759631
15759717
15759739
15759740
15759761
15769596
15769654
15771198
15772169
15774886
15776166
15782158
15783231
15790070
15790305
15790405
15793101
15793105
15796976
15796996
15800474
15808746
15814721
15814725
15815041
15815042
15819985
15822245
15830666
15837388
15838040
15838066
15839401
15842732
15843553
15847185
15847796
15848228
15853428
15854884
15858151
15861891
15862115
15870458
15871122
15872258
15877169
15881953
15893625
15908061
15908368
15908394
15911756
15920171
15925272
15929604
15931499
15935696
15935874
15937757
15941984
15943465
15944308
15945372
15954721
15958166
15961396
15968070
15968076
15972492
15972515
15972541
15977694
15983377
15992279
16000043
16000465
16003786
16008581
16008584
16009541
16010969
16013478
16014960
16019195
16020189
16028518
16030177
16030203
16030205
16030225
16032229
16039760
16041044
16042811
16045616
16048955
16077116
16081094
16085861
16087661
16088833
16099239
16099605
16100754
16101303
16103125
16108911
16109927
16111493
16113286
16113318
16119032
16121336
16128606
16129340
16138311
16142664
16144753
16145074
16145138
16145141
16150307
16151153
16157424
16157430
16159496
16162224
16166537
16167365
16168529
16169504
16169715
16170766
16172990
16173594
16177340
16177368
16177395
16179011
16188881
16194238
16196489
16197725
16198452
16199567
16200179
16201706
16207105
16214885
16216230
16218776
16224957
16226766
16229539
16236249
16237122
16237218
16239289
16239551
16239556
16239558
16242117
16249180
16251415
16252661
16254597
16258815
16267297
16267300
16269689
16271808
16272335
16275067
16278429
16278807
16283259
16287120
16290183
16291679
16292357
16293226
16293624
16294314
16299323
16299324
16300074
16304178
16314452
16315230
16316672
16318691
16322104
16332750
16334217
16343540
16349444
16367872
16368995
16369003
16369025
16369043
16376084
16385039
16386701
16386899
16388397
16391064
16391330
16392626
16394383
16398644
16412683
16417950
16419465
16423521
16423652
16424208
16426046
16428411
16428747
16428748
16428776
16429160
16436639
16441180
16442628
16452412
16461679
16464252
16464583
16473509
16475828
16478089
16478092
16479518
16494203
16494204
16495520
16495572
16496709
16497418
16506347
16509258
16510917
16511068
16511113
16512117
16512902
16515693
16517168
16517658
16517854
16519970
16520379
16525172
16529984
16530302
16530833
16532637
16532648
16535408
16536545
16537471
16542873
16547060
16549760
16552057
16553722
16557822
16561854
16561930
16561995
16562033
16564009
16566604
16568801
16585744
16585764
16597361
16600037
16600039
16608528
16608555
16610760
16615753
16621681
16621833
16621835
16623757
16630001
16637561
16643018
16670316
16672361
16672454
16672610
16682421
16682473
16687654
16690332
16696701
16696702
16699016
16707676
16714593
16724664
16725377
16729468
16730083
16738706
16741886
16748005
16751402
16751562
16751573
16755617
16755997
16756998
16760326
16762077
16773838
16775845
16785797
16790055
16790303
16790431
16790743
16790747
16790772
16790789
16797097
16797165
16798009
16801407
16804761
16810962
16815579
16817854
16820183
16820457
16820700
16825351
16828936
16830581
16840255
16843832
16846716
16847837
16853302
16854559
16855222
16856939
16861036
16861227
16861629
16861662
16865337
16865910
16869902
16870610
16870755
16872373
16872381
16875672
16877346
16878452
16882031
16883053
16885280
16885320
16891109
16892791
16900500
16906391
16907809
16912807
16923785
16923876
16923903
16924600
16924932
16925921
16926147
16926394
16927434
16933621
16936017
16949918
16950595
16954226
16954272
16954291
16956367
16957262
16964578
16968287
16970351
16978234
16978581
16980467
16984418
16985296
16988266
16989623
16992099
17001035
17001075
17001104
17005012
17005826
17005984
17005989
17008119
17010044
17012401
17012597
17030580
17031569
17031942
17032220
17041058
17049777
17051220
17055602
17060470
17063474
17065619
17066940
17071101
17074072
17074791
17074794
17074844
17084814
17084900
17085493
17087730
17093023
17093976
17095744
17097673
17098426
17110848
17114257
17118627
17121463
17122389
17122390
17132103
17132740
17132831
17133642
17145938
17159153
17164792
17172115
17176058
17182056
17184315
17189355
17189374
17191162
17197155
17201098
17204462
17205450
17205603
17208322
17210180
17220233
17223930
17225611
17227681
17230417
17240008
17240906
17241334
17242059
17244341
17251181
17258876
17259308
17261611
17263347
17265727
17267431
17277068
17277202
17280756
17283103
17287051
17288553
17293013
17293522
17294160
17296608
17296745
17299720
17302151
17302796
17302798
17307816
17309636
17310083
17310621
17311351
17312104
17313374
17315676
17317142
17320146
17320373
17323930
17329806
17331739
17333564
17338507
17339355
17339372
17346033
17347404
17348288
17353282
17353290
17360465
17373464
17375001
17384197
17387016
17391789
17392445
17394672
17400781
17400782
17412599
17416361
17419718
17419764
17420240
17428930
17430177
17431177
17434157
17435747
17452469
17452924
17459655
17466397
17469195
17470545
17474904
17474907
17476379
17478499
17479879
17485403
17485504
17485954
17486033
17490431
17493122
17494738
17496086
17496101
17501983
17502384
17502390
17511472
17512187
17517846
17517870
17517878
17518223
17520020
17520025
17521404
17525105
17526827
17531947
17536838
17536929
17538688
17542645
17544818
17545669
17553924
17555370
17555563
17555849
17575005
17582574
17586456
17586563
17586639
17591754
17599094
17603872
17606596
17607386
17608397
17610893
17615843
17617379
17628729
17634604
17635016
17635863
17639359
17642311
17642312
17642313
17642516
17644587
17646360
17646877
17651447
17657772
17661521
17661631
17662140
17666394
17668027
17669525
17673392
17673950
17678429
17691694
17696333
17702250
17707509
17709408
17709410
17710136
17713759
17714976
17720820
17720823
17724066
17763073
17765365
17766868
17785478
17846250
17855774
17875992
17875993
17879302
17880004
17880108
17881903
17886469
17888883
17894349
17897215
17897374
17901434
17908989
17909290
17914913
17922572
17923523
17929949
17931726
17932130
17933856
17942931
17945181
17948918
17950718
17951252
17953556
17953756
17955147
17958554
17965209
17974567
17975097
17980467
17983750
17987355
17988845
17993671
18005689
18008300
18023190
18029197
18032590
18037264
18048936
18051303
18054225
18059375
18063370
18067609
18069891
18072116
18083866
18083869
18084101
18086810
18105405
18109257
18109886
18110516
18126525
18155682
18157069
18159350
18160516
18165531
18166249
18175311
18179418
18179822
18183301
18184801
18188181
18190531
18194254
18194342
18194483
18195028
18195035
18197819
18198178
18203249
18206278
18215772
18215992
18216258
18222626
18224472
18225040
18227265
18227949
18229965
18230125
18232704
18236684
18237793
18238899
18242150
18242168
18245286
18245947
18251694
18256208
18260009
18261893
18263586
18268319
18276157
18281930
18282099
18285494
18287289
18289054
18298528
18316370
18316379
18321237
18322225
18323583
18324523
18324887
18326183
18326672
18327569
18334745
18337499
18339232
18342015
18347032
18350160
18363651
18366441
18370996
18374574
18375178
18378720
18389688
18390465
18390680
18394287
18395220
18395279
18397220
18399646
18416696
18422617
18427110
18427687
18427737
18435932
18439272
18439962
18448623
18451042
18453697
18456007
18456807
18458134
18459058
18459738
18460069
18460070
18467145
18467876
18477006
18480236
18487406
18490752
18493980
18499454
18500257
18508494
18511561
18513914
18515484
18519061
18522738
18523102
18524602
18536036
18538426
18538851
18539743
18549401
18551767
18552183
18554264
18554269
18558401
18559851
18562275
18563773
18563848
18565627
18568863
18572973
18582113
18582166
18586967
18593312
18596941
18601890
18602986
18606841
18609763
18611038
18620864
18625197
18625239
18625737
18627518
18641144
18645196
18649128
18654743
18654763
18657585
18657635
18662316
18662733
18663709
18667583
18671260
18672374
18675543
18676674
18678674
18689661
18698416
18703110
18706819
18707542
18707549
18712829
18712920
18714089
18723613
18725437
18725935
18752638
18754498
18757856
18758617
18761035
18761690
18762267
18763806
18765729
18765905
18768085
18772942
18775462
18778201
18781705
18784641
18785752
18786589
18788202
18791014
18795955
18802102
18804365
18805452
18808698
18809450
18809941
18811967
18812184
18815235
18819541
18821847
18822496
18823768
18824041
18826411
18831046
18831534
18833025
18835992
18848660
18852240
18882264
18886276
18894932
18899959
18913921
18923830
18928302
18931108
18931112
18931430
18936176
18936179
18940793
18945187
18947853
18952800
18952901
18953039
18954970
18954971
18955474
18955476
18955706
18959192
18968943
18970187
18973344
18977360
18981254
18981257
18986350
18990488
18996156
18997021
19001075
19002162
19002259
19007108
19007339
19014542
19015366
19016283
19016839
19017271
19023421
19023533
19031531
19043486
19043750
19049643
19049648
19050850
19054101
19055629
19056174
19056899
19059268
19060938
19063625
19064632
19070072
19071117
19074389
19074395
19074397
19075066
19075243
19081825
19082564
19085992
19099484
19112181
19114543
19129190
19129473
19130551
19132100
19134224
19141303
19146715
19153445
19162840
19168734
19171223
19171252
19177347
19179419
19179420
19181808
19181829
19183794
19187499
19187500
19190724
19191977
19192393
19194017
19199545
19200684
19201638
19201824
19204186
19204287
19207098
19208130
19208616
19212464
19217845
19222757
19223482
19226390
19228039
19233922
19241473
19246373
19252859
19254027
19254170
19254822
19266022
19269962
19270075
19270742
19273204
19273366
19273556
19283072
19295911
19296443
19304837
19304856
19307185
19307216
19307721
19323450
19328844
19332815
19343203
19344124
19345041
19346341
19349425
19350899
19350981
19356802
19359249
19361425
19364848
19368172
19368722
19371071
19374017
19377974
19378894
19379778
19381470
19383135
19388260
19389405
19389763
19395870
19397727
19397881
19399341
19400785
19408950
19411321
19413803
19426264
19426268
19429546
19429749
19429760
19450964
19458488
19460602
19462919
19464533
19469279
19469438
19477652
19480580
19487468
19489702
19490834
19492438
19493277
19499256
19502400
19503255
19507907
19514852
19519507
19522516
19532509
19535342
19546197
19552771
19560485
19560486
19563824
19564353
19574653
19577591
19581364
19581399
19581471
19581966
19583259
19583794
19585464
19587338
19587798
19588962
19592160
19595298
19595801
19601631
19607856
19608303
19616612
19617532
19617628
19619416
19619577
19620345
19620350
19621825
19624851
19629185
19635609
19635954
19636427
19644689
19648357
19648366
19651858
19651859
19654018
19654019
19665472
19666536
19672290
19678697
19683018
19684080
19687233
19689112
19695097
19699710
19703971
19704133
19704540
19711841
19716475
19717606
19718687
19720074
19720398
19725515
19729033
19729034
19729045
19732139
19737897
19744333
19749053
19756496
19759022
19759250
19759865
19763307
19767469
19767470
19768119
19768415
19770039
19779559
19779614
19780824
19781945
19781950
19783449
19785525
19786839
19788948
19793441
19793896
19796689
19800349
19801802
19805525
19808058
19808256
19812208
19816776
19820089
19824790
19826916
19829760
19833771
19837282
19837802
19843611
19858192
19858255
19867885
19869002
19878524
19884333
19888742
19890556
19891857
19896452
19899766
19906175
19910752
19911831
19914832
19915022
19915334
19915677
19922472
19924255
19926656
19928768
19928907
19938824
19943766
19943909
19947658
19948665
19948871
19949100
19956758
19962969
19965140
19966006
19986709
19995385
19996704
20000585
20015207
20017359
20019925
20022964
20024115
20028249
20030587
20038593
20046221
20047912
20054116
20057066
20059167
20061062
20068396
20070509
20074921
20082033
20084923
20085694
20088950
20093760
20095533
20098661
20100564
20110296
20118353
20122147
20123711
20132255
20137470
20144678
20145081
20152153
20160993
20161744
20170757
20184669
20187980
20188700
20188814
20193714
20193716
20194602
20201823
20208010
20208030
20224751
20231894
20236838
20255154
20255426
20258299
20266354
20272341
20278392
20278393
20278394
20278395
20279627
20283794
20283795
20283796
20283797
20292834
20292835
20292836
20305025
20308305
20341537
20350526
20355960
20357604
20357605
20359529
20360974
20361530
20362050
20370632
20375606
20385755
20385868
20386651
20390054
20399814
20402418
20409368
20416366
20433851
20435727
20438648
20439614
20440620
20444088
20450444
20456527
20457912
20466767
20475833
20475844
20483765
20487286
20489200
20491912
20498871
20502683
20502689
20504926
20510785
20511424
20521845
20523269
20529859
20533877
20534570
20534631
20537817
20543054
20543075
20553343
20554248
20554827
20566769
20576686
20578699
20585457
20595632
20597981
20603129
20606069
20610930
20614885
20615872
20618887
20619377
20621133
20626695
20630709
20634886
20636075
20638366
20639373
20643899
20644823
20647787
20651039
20651643
20651644
20652027
20655841
20656032
20656900
20660775
20666869
20669184
20673747
20675481
20679093
20688697
20688829
20691267
20692130
20696862
20704875
20709855
20711500
20713715
20722604
20727800
20727989
20729357
20734727
20737272
20737349
20739500
20751799
20795943
20798216
20799687
20800917
20804313
20808920
20810267
20811637
20812737
20823551
20825435
20826036
20826037
20827474
20828478
20831589
20832865
20833809
20842929
20849964
20856264
20863885
20864333
20865530
20878322
20882962
20883499
20896665
20920250
20921285
20921305
20921397
20923306
20923661
20925037
20927628
20944747
20946244
20946259
20946354
20952678
20956325
20956592
20963726
20967138
20967205
20971910
20971911
20974827
20975917
20983281
20983282
20989452
20989455
21028901
21035260
21041498
21045288
21056883
21064143
21064683
21075350
21075356
21079762
21083757
21090815
21092338
21092340
21116715
21120455
21124994
21127743
21129201
21131488
21134100
21135105
21136624
21142217
21143837
21146738
21149629
21170303
21170330
21178420
21182874
21185944
21187383
21189417
21189443
21193670
21193674
21198675
21199247
21205011
21206026
21216948
21221933
21221948
21231965
21238568
21245470
21251266
21253984
21255119
21258843
21261842
21262133
21263056
21270531
21279731
21295589
21296945
21296958
21309459
21315574
21315979
21318235
21319392
21322055
21324542
21326969
21327124
21332900
21336656
21338631
21341659
21344145
21347959
21349981
21356113
21369909
21371137
21377841
21383169
21389148
21392428
21395329
21395696
21396916
21397977
21401726
21403598
21413260
21413343
21415876
21420809
21421577
21430788
21437287
21443527
21446166
21447378
21462835
21464960
21477306
21487015
21492746
21504775
21513544
21517116
21518787
21530184
21539625
21545736
21555769
21563959
21567316
21570738
21571994
21572039
21576335
21576337
21584969
21585566
21601576
21611767
21615153
21618534
21620905
21622797
21623848
21625041
21628501
21628518
21640849
21641378
21645824
21666812
21667268
21667964
21672512
21673962
21674060
21678952
21683265
21683629
21685276
21685296
21687664
21690241
21701982
21704379
21705535
21723851
21726052
21741801
21764960
21767345
21768086
21768520
21770472
21775426
21775956
21780309
21784632
21784857
21788715
21789325
21791242
21801240
21801397
21804226
21808055
21816231
21816821
21819225
21821770
21822801
21823924
21824240
21827967
21832039
21845362
21845845
21852539
21854901
21856306
21864928
21879559
21882964
21882966
21882968
21882971
21887348
21893406
21895896
21899050
21900001
21906635
21907250
21907253
21911463
21911592
21919367
21919368
21923765
21926205
21928790
21930233
21931218
21936556
21940221
21944924
21947230
21949405
21961787
21962024
21962653
21965403
21972270
21976227
21977187
21977844
21981715
21998431
22001909
22006566
22012665
22018785
22020310
22025514
22037402
22039574
22048777
22050756
22062153
22064542
22069624
22069663
22069732
22069752
22069754
22069762
22076158
22082566
22089245
22093998
22096201
22100162
22101709
22102052
22103323
22104108
22114180
22114977
22119809
22120797
22121364
22123065
22126453
22134879
22139674
22140433
22152056
22154558
22155779
22155821
22166343
22172509
22174384
22178119
22178189
22178763
22178966
22178968
22184939
22185669
22190398
22191936
22196463
22197974
22202055
22203569
22210204
22211260
22215446
22216181
22218972
22219086
22220494
22221758
22227150
22230035
22230591
22233540
22239982
22241984
22243128
22243393
22252821
22253596
22253811
22257032
22262227
22268495
22270239
22271269
22274828
22289081
22289499
22291916
22291977
22313407
22319302
22327072
22339216
22343356
22344637
22345651
22347621
22351512
22352747
22352921
22354031
22355407
22355684
22360464
22360485
22380593
22391551
22393351
22393634
22395921
22403005
22405006
22406431
22408253
22412371
22412915
22412927
22413024
22416048
22420853
22429808
22438345
22438738
22438953
22441391
22441768
22442442
22442931
22445310
22449424
22449993
22452315
22468827
22469218
22472314
22472773
22474568
22489181
22489469
22492157
22493112
22500892
22503668
22507985
22512320
22515543
22515644
22515653
22516613
22526673
22527064
22528297
22535435
22537353
22540014
22543072
22546686
22556058
22566882
22576652
22585968
22586898
22607329
22609926
22609927
22633906
22636778
22645259
22662288
22665799
22672762
22676846
22677603
22683695
22684058
22685279
22688242
22690123
22695155
22697455
22698072
22700960
22703705
22711536
22712407
22715553
22718130
22726272
22730118
22745931
22747600
22747878
22750394
22750551
22753373
22767539
22768173
22773624
22773632
22777830
22788966
22790532
22795901
22802245
22808067
22814512
22815438
22816278
22818628
22835153
22837095
22840345
22847006
22852066
22852067
22852312
22854124
22865843
22871211
22881408
22883267
22888754
22897143
22899777
22913937
22918867
22919577
22919662
22919667
22919678
22925067
22927085
22930190
22930550
22934824
22935003
22937027
22937038
22937566
22937567
22954387
22956657
22974341
22974984
22975444
22978365
22980007
22983962
22984812
22989026
22992735
22993090
22995493
22999981
23001659
23010801
23012357
23012649
23027535
23028324
23029033
23030527
23030549
23035192
23037552
23039141
23043810
23045504
23050221
23064250
23073664
23076278
23089762
23098174
23098322
23100479
23100533
23100823
23103890
23105087
23107058
23108317
23114705
23115046
23115964
23122993
23124233
23125935
23132867
23134810
23137818
23142659
23145437
23148288
23162703
23163033
23167544
23167710
23168771
23170801
23176506
23178382
23178574
23188457
23200646
23200832
23201204
23202316
23204457
23206542
23207369
23210624
23230707
23231076
23233190
23242822
23243307
23247122
23261918
23263010
23263945
23266055
23267409
23269414
23271180
23275867
23279070
23283638
23292691
23292769
23298596
23311776
23313599
23324615
23336745
23342680
23343607
23344456
23345286
23348920
23354696
23354770
23357124
23357384
23364793
23383086
23385456
23386216
23388689
23405332
23411372
23415781
23418519
23423542
23431997
23434480
23440578
23440625
23459291
23460203
23491602
23493680
23506131
23508996
23509144
23516421
23521504
23523967
23532317
23555687
23557972
23560745
23563945
23566172
23567649
23568471
23569822
23574791
23575137
23577127
23584788
23587952
23593301
23599294
23600697
23601104
23601976
23602451
23603002
23631815
23631917
23637599
23637922
23649091
23658392
23660013
23664213
23669793
23671629
23676920
23692445
23697023
23703617
23719340
23720780
23726015
23727769
23730627
23733338
23734992
23737601
23741517
23742662
23750280
23758290
23759528
23761292
23767365
23773677
23774434
23775085
23776159
23778625
23793375
23793942
23810955
23811517
23815100
23818853
23820210
23823732
23825096
23835515
23839248
23840407
23844234
23850654
23861692
23863605
23865983
23869520
23871857
23872558
23873138
23873705
23876807
23878226
23882372
23893110
23893780
23894131
23903543
23907041
23922959
23924443
23925275
23927578
23937393
23947014
23951341
23959313
23965258
23971802
23971809
23971819
23971883
23971931
23971932
23977125
23977300
23979731
23984963
23989140
23994352
23995686
24004110
24004900
24005110
24009958
24011515
24015319
24019934
24026013
24039948
24040426
24041894
24042112
24047152
24047414
24053632
24054793
24056109
24056564
24063758
24082400
24085852
24092776
24102525
24107194
24115457
24140576
24145412
24147813
24152301
24157345
24159510
24161941
24164262
24169798
24184017
24184311
24184312
24184358
24188959
24192551
24214942
24218483
24264995
24269655
24273028
24279292
24282930
24290062
24291177
24298445
24315189
24334660
24338558
24341424
24344743
24344920
24362329
24363347
24366250
24366872
24373307
24375142
24379209
24379445
24387629
24389148
24392098
24401083
24406299
24412723
24416317
24426077
24426078
24428662
24430302
24434511
24447197
24447454
24447456
24447721
24447835
24447859
24454817
24460572
24471528
24473660
24475065
24478099
24478317
24484485
24490131
24490975
24495417
24499424
24503289
24510482
24513572
24516547
24516674
24526196
24526646
24530001
24532767
24542159
24543473
24545148
24554695
24604644
24607412
24624472
24634594
24637747
24637775
24642909
24643777
24650157
24661624
24675902
24678748
24678752
24684968
24690070
24697146
24702137
24718194
24719692
24727644
24730142
24733473
24734872
24736856
24759136
24772330
24777226
24779457
24788397
24795044
24812521
24817579
24826903
24827744
24829464
24831014
24833281
24837771
24838666
24857756
24858169
24867680
24878840
24879485
24891109
24901417
24901846
24903218
24905217
24906385
24909784
24914182
24914184
24928258
24940605
24943711
24945323
24945934
24947607
24949256
24963345
24971548
24973712
24978154
24983068
24985033
24991516
25002304
25010479
25010767
25022853
25029374
25040253
25044501
25047912
25066946
25072988
25072993
25072994
25073769
25076398
25078285
25080817
25081258
25089181
25099131
25100640
25101992
25102364
25103761
25115926
25123559
25139073
25139147
25140011
25144726
25147601
25148307
25153255
25174439
25175258
25178863
25185577
25187140
25196092
25220421
25220767
25226075
25231235
25237016
25246407
25246478
25247187
25254941
25262022
25263740
25269971
25274365
25285720
25286524
25286538
25294802
25295335
25301645
25313718
25317383
25318053
25320434
25327200
25329596
25333059
25334088
25356890
25372694
25373479
25375158
25380285
25384016
25384476
25384480
25389559
25398610
25399109
25399112
25400140
25402841
25404286
25420771
25422307
25426338
25432575
25435253
25454087
25470365
25472474
25473971
25475304
25487792
25499501
25504373
25514174
25522110
25563500
25564615
25566394
25566609
25572472
25577136
25580774
25586498
25598285
25601074
25610847
25635336
25635901
25645849
25651140
25664736
25671086
25673244
25673303
25676066
25699498
25710151
25729277
25736504
25737087
25752143
25753206
25763844
25771716
25774512
25777674
25778700
25787135
25790902
25792059
25797134
25812430
25813976
25818119
25820066
25822668
25823167
25825488
25841381
25842948
25843650
25848272
25849250
25850022
25851429
25858644
25862683
25862688
25862834
25863287
25872412
25876487
25879281
25887647
25891104
25905602
25906166
25917676
25918652
25920540
25925008
25928210
25941556
25942409
25946093
25946233
25947050
25951391
25955403
25956134
25962917
25963559
25979883
25981534
25986217
25987133
25998439
26003844
26015478
26018607
26032645
26033739
26041039
26043838
26047497
26059513
26062720
26063856
26072016
26075052
26075586
26089418
26091359
26094508
26094877
26097803
26104355
26104459
26104551
26105826
26106847
26109359
26116813
26118696
26120785
26123922
26124678
26134518
26137650
26143397
26148674
26156620
26161906
26177038
26184312
26185111
26188040
26195305
26195551
26207820
26211609
26212222
26216847
26227025
26230525
26257186
26258399
26266749
26266934
26268983
26269198
26271475
26278641
26278659
26287244
26291625
26293781
26295278
26298416
26308449
26310605
26316554
26317972
26322021
26322022
26324447
26324714
26344833
26344899
26350415
26352989
26354217
26363343
26370226
26372011
26386727
26388860
26391207
26392505
26394165
26399565
26402706
26403219
26404376
26418856
26422821
26423727
26424808
26426050
26430894
26438077
26438506
26438791
26441860
26445214
26451148
26454221
26462853
26472254
26479121
26492200
26492514
26500645
26502561
26507799
26512126
26513540
26514421
26528669
26529015
26542035
26555390
26564034
26578066
26584669
26586878
26594662
26597594
26598574
26606307
26608924
26611201
26615468
26620178
26624016
26632963
26633884
26644873
26648915
26657632
26665605
26667574
26668705
26669305
26686421
26698271
26703730
26711661
26714315
26720232
26732659
26734987
26740153
26740390
26742484
26744224
26745525
26745529
26777581
26779161
26786717
26795966
26801580
26805020
26805881
26834729
26848687
26858699
26858700
26870026
26870786
26873316
26874112
26883476
26885539
26889937
26901621
26905391
26914458
26920050
26921318
26921321
26925042
26927174
26939756
26942655
26948373
26965856
26966576
26969703
26971857
26972788
26977051
26978402
26984973
26992796
26996161
27001160
27025833
27029122
27029580
27031639
27035230
27056225
27072692
27082248
27085536
27087522
27101370
27106023
27116468
27123934
27129244
27137503
27139630
27152321
27155494
27165799
27169560
27174456
27183278
27192817
27196540
27213119
27226615
27227299
27236318
27248686
27253489
27257909
27265371
27270276
27274929
27277672
27280174
27280981
27299730
27303388
27304426
27315342
27320392
27329184
27337279
27337653
27342086
27348008
27348508
27362274
27363681
27364624
27376328
27391310
27392063
27402849
27425635
27428999
27431219
27431222
27432481
27432653
27435532
27448553
27450596
27454321
27458448
27461010
27468232
27469968
27482880
27490458
27496738
27496774
27499369
27501985
27506558
27514510
27515669
27520284
27529632
27530340
27539157
27539858
27541177
27543395
27546718
27548219
27557855
27558619
27563043
27569380
27580326
27582514
27590695
27594343
27600214
27605012
27607836
27607918
27609050
27612662
27613681
27632537
27646562
27647868
27661796
27667172
27677796
27686603
27693720
27696602
27701076
27711156
27726794
27736999
27754314
27764712
27766255
27775243
27792416
27793731
27795328
27798209
27809794
27814939
27822867
27826288
27832215
27846346
27854272
27856224
27874136
27898235
27909054
27939145
27966316
27983489
27983504
27983505
27988294
27999382
28007848
28007853
28008818
28019002
28031342
28033346
28035484
28041695
28053211
28056004
28073730
28076993
28087491
28093076
28102766
28104231
28115202
28115677
28121020
28137237
28148975
28191745
28192050
28192054
28192089
28209633
28214340
28223382
28237999
28254074
28256003
28258144
28264645
28280006
28288571
28294483
28298443
28299860
28300596
28326781
28331957
28335365
28342664
28343781
28348823
28358441
28374254
28398677
28400473
28415384
28415766
28418302
28426247
28428293
28438974
28442608
28472119
28472295
28475305
28481931
28495766
28496437
28504191
28506101
28508147
28512703
28522726
28570540
28573869
28578806
28585764
28596569
28602714
28603695
28605495
28622090
28625989
28645183
28646570
28648290
28649408
28660315
28672846
28674946
28675870
28680972
28687228
28692329
28694806
28696235
28701192
28702375
28708938
28722623
28736824
28737624
28747367
28750897
28759798
28760903
28767322
28774566
28784679
28790205
28798168
28798957
28807610
28820129
28829806
28832613
28833845
28842538
28874412
28876903
28877928
28880066
28882176
28887331
28893904
28900020
28921884
28934496
28935372
28945820
28950879
28968672
28970226
28979006
28981257
28982993
29021156
29029417
29034628
29041790
29042503
29045884
29053428
29058092
29059238
29083419
29088287
29095156
29098371
29113932
29122874
29125719
29133571
29135306
29136087
29145870
29155651
29165439
29174643
29177636
29183499
29198864
29199984
29199987
29221871
29224733
29229702
29235265
29256375
29257674
29259839
29263873
29276646
29284252
29301897
29311588
29331609
29350541
29356220
29377918
29379472
29404280
29417696
29434396
29434400
29438783
29473820
29474374
29484747
29485992
29495560
29509989
29514939
29522326
29524493
29531132
29537101
29549638
29549640
29553922
29562329
29570493
29580944
29581408
29582532
29599764
29602786
29603836
29610258
29616046
29619821
29621708
29649970
29654186
29656957
29661872
29681646
29696956
29704667
29710424
29716659
29725025
29726106
29726267
29732670
29734705
29740033
29742310
29760211
29765373
29787278
29797532
29799843
29859216
29860105
29887642
29894951
29898801
29912259
29921614
29932442
29935338
29945178
29950379
29968968
29970201
29983281
29986655
29997588
29999827
29999865
30002351
30006047
30013941
30016211
30032765
30050151
30052296
30052476
30061638
30063283
30065210
30065876
30088415
30105965
30116789
30117097
30127242
30133305
30133532
30152464
30152475
30155371
30160334
30165059
30176810
30198281
30201412
30203090
30206051
30217500
30225245
30227847
30244396
30249708
30253024
30261838
30262082
30262963
30267305
30281274
30310250
30327445
30335853
30350950
30368690
30369586
30376607
30381454
30382110
30401771
30401780
30409515
30412638
30417107
30418972
30419035
30446701
30451842
30452253
30452937
30463926
30485342
30513757
30521941
30522085
30526395
30526504
30532531
30533686
30533713
30541185
30553999
30557394
30561937
30574557
30582475
30593690
30602489
30606479
30612042
30613820
30616167
30621469
30635155
30636070
30643874
30658980
30660563
30666457
30671633
30679470
30681072
30687290
30699302
30718379
30719750
30729215
30730737
30735542
30767685
30774997
30776143
30776160
30807915
30809524
30810119
30813918
30833938
30835114
30839712
30842226
30850428
30864123
30866434
30884525
30893428
30901213
30911800
30920176
30928604
30941133
30949633
30950833
30952697
30982579
30987359
30987699
30991961
30997291
31002072
31049768
31063630
31071296
31086311
31100100
31104082
31116737
31120610
31142281
31151800
31153677
31164713
31173501
31179828
31187922
31213220
31217301
31226835
31227743
31243996
31247164
31260462
31279887
31298626
31298973
31308522
31315564
31323857
31326564
31330184
31330412
31348839
31349814
31357988
31391284
31406331
31406332
31410573
31416791
31424022
31430284
31433282
31443439
31457382
31467097
31470050
31477029
31480320
31490969
31508936
31509665
31531033
31534162
31536695
31544886
31546935
31548183
31551942
31552700
31556709
31559683
31559791
31570528
31573710
31574153
31590291
31613035
31617352
31667937
31681636
31699037
31711335
31750992
31769771
31784214
31802730
31811379
31816769
31834290
31842497
31858953
31866402
31874266
31891068
31896628
31910798
31911031
31916379
31926898
31931511
31932496
31932902
31935655
31936120
31936409
31939280
31961318
31963339
31970271
31978128
31978152
31981903
32009113
32021177
32033948
32041890
32050093
32052540
32053632
32054783
32059712
32071095
32084143
32098212
32098810
32106229
32115973
32118336
32120986
32121654
32133659
32150557
32164518
32169497
32214543
32214557
32214650
32234818
32238210
32255846
32262675
32269982
32273351
32276875
32286944
32287465
32290166
32296419
32296998
32326927
32328690
32328804
32333847
32353525
32384736
32391285
32393098
32393506
32405378
32408493
32431744
32433994
32437373
32443768
32457049
32466551
32501594
32510489
32518249
32521490
32526587
32530394
32545184
32545283
32575780
32575866
32580556
32583176
32590343
32598882
32611700
32614657
32619663
32625603
32635226
32655288
32658912
32658956
32662753
32664259
32668703
32685200
32691648
32692423
32697310
32698436
32714323
32717946
32723323
32729741
32736522
32758692
32758773
32759647
32810178
32810181
32831530
32853741
32855245
32866212
32889341
32894479
32895527
32897798
32905429
32916588
32925904
32931840
32959257
32963538
32964687
32970936
32971758
32973690
32982605
32987941
33002656
33019545
33048441
33052530
33064559
33070702
33072050
33079040
33085463
33114429
33115844
33115846
33116186
33120256
33144017
33172013
33174386
33174903
33175127
33179199
33204443
33206253
33214297
33219643
33219644
33224128
33252744
33255913
33265965
33303252
33304129
33309531
33311732
33313454
33324680
33333079
33344505
33362282
33362738
33370274
33371332
33374468
33393945
33396087
33404771
33420198
33424814
33498471
33519762
33522163
33546649
33560169
33563659
33569826
33580543
33582216
33587161
33590545
33593844
33593944
33608525
33609703
33620038
33621179
33648451
33650812
33668613
33669183
33685392
33743606
33753466
33754993
33758089
33776585
33805220
33827898
33834427
33883264
33889148
33910648
33921040
33927458
33930422
33939559
33962043
33964795
33973655
33974281
33982268
34043627
34068310
34077293
34084404
34090702
34091225
34096779
34102377
34102998
34134498
34142975
34173253
34173438
34177818
34199368
34199431
34218660
34220129
34220215
34232568
34241474
34250061
34259590
34281421
34282944
34290271
34298126
34303920
34305832
34337847
34361970
34393269
34402777
34413846
34416234
34424893
34442647
34452328
34473089
34478403
34490403
34490836
34497598
34497601
34500284
34507997
34570623
34634075
34636150
34639886
34708219
34733166
34737980
34748369
34782625
34808089
34814622
34830105
34842509
34846836
34851642
34856999
34871548
34878819
34928976
34941724
34947919
34956141
34959512
34967415
34996874
35001887
35002421
35012978
35023676
35056158
35073743
35076271
35096320
35096801
35099182
35114377
35127153
35138121
35141866
35153091
35154137
35164554
35188453
35195442
35207599
35208915
35215807
35237267
35259229
35304125
35306427
35312710
35314695
35324669
35336127
35345982
35347179
35350225
35359965
35369443
35403341
35452990
35456639
35475639
35488537
35499330
35546539
35549771
35552506
35565571
35569405
35575735
35586757
35590480
35622897
35625224
35653350
35693445
35698492
35732674
35743184
35743901
35745544
35758660
35761175
35773119
35793970
35820251
35842001
35862946
35867689
35871637
35891169
35891653
35900297
35913993
35915127
35933401
35933778
35945896
35959739
35966705
35974988
35988177
35989704
35997505
35997597
36000069
36005808
36012433
36014977
36032319
36033381
36033960
36043862
36046151
36050340
36104633
36113670
36129912
36160184
36174087
36194010
36206225
36232797
36240150
36251546
36251548
36251549
36251550
36251552
36251553
36251555
36251557
36251558
36251559
36251560
36251561
36257421
36283208
36285873
36287960
36294983
36297243
36297255
36298436
36313827
36314748
36328717
36372497
36385748
36394311
36399484
36401059
36402889
36406448
36418897
36418992
36443683
36445590
36448694
36463735
36463990
36475632
36502435
36519065
36538536
36545272
36551342
36557562
36591266
36595073
36646261
36646757
36677464
36689942
36693517
36695665
36705271
36713362
36714836
36719207
36720294
36736801
36738250
36769202
36779721
36781250
36795682
36812731
36822624
36828453
36832978
36893969
36912633
36920800
36921704
36925026
36930692
36932357
36937299
36977718
36980364
37003307
37110312
37110444
37111508
37123719
37129506
37140464
37149987
37173617
37198284
37201861
37209586
37213513
37237459
37237475
37242496
37256400
37258929
37317268
37325016
37342513
37343693
37347519
37363236
37366050
37382447
37394181
37414183
37437686
37458678
37517212
37525286
37586464
37594915
37595269
37601444
37602808
37678701
37692011
37699094
37704668
37734290
37755954
37764333
37795173
37839210
37855658
37863848
37887773
37894120
37914763
37921658
37923757
37926374
37963097
37979540
38004733
38027761
38029077
38032238
38082506
38101440
38108000
38110611
38115181
38133325
38134652
38135831
38141796
38160746
38179452
38179945
38194144
38195038
38220309
38221635
38237405
38241573
38241931
38257993
38258007
38286080
38297349
38297446
38305344
38309609
38320613
38344824
38352727
38354613
38358266
38378112
38393144
38399712
38400142
38412060
38422682
38453505
38499220
38516331
38517345
38522411
38534666
38541673
38542074
38553532
38564412
38646635
38666793
38670024
38674361
38675781
38687017
38728217
38750815
38758342
38775962
38798262
38805149
38833982
38834736
38850320
38850843
38852852
38876568
38888319
38899864
38916302
38930622
38949306
39004972
39005126
39026866
39057820
39059732
39061321
39077387
39080521
39082980
39101501
39110120
39128207
39128386
39133023
39177327
39177355
39198489
39204299
39225561
39241092
39251928
39275107
39338965
39340111
39346565
39366227
39391870
39398995
39416681
39443911
39452755
39458254
39464267
39497912
39508614
39509442
39526411
39556915
39563882
39571005
39592401
39599489
39611799
