32722025
32751457
32978757
33008824
33116127
33143014
33182682
33212803
33296464
33322295
33373850
33385020
33428182
33467737
33522399
33567701
33620675
33643256
33735781
33765904
33776957
33787390
33805289
33919782
33958508
34049541
34068832
34070604
34093453
34136365
34200435
34205741
34209804
34213618
34227455
34249990
34275634
34324685
34328568
34349743
34361604
34365895
34394030
34399484
34416969
34482971
34487594
34491541
34506626
34511050
34512590
34535959
34539604
34555172
34576848
34609626
34626345
34660762
34681288
34690623
34721319
34734707
34765039
34796583
34833122
34839170
34849766
34859434
34881983
34909269
34945509
34987492
34989623
35011176
35019699
35052897
35056522
35067214
35067837
35094300
35144523
35187034
35208925
35236257
35252285
35259052
35300564
35312198
35326788
35333989
35337503
35344598
35387090
35407053
35415646
35428750
35429125
35432232
35524154
35525614
35565552
35566377
35616735
35630296
35639151
35639267
35661635
35664846
35681409
35689148
35696955
35699895
35704105
35716384
35727573
35733952
35744660
35754018
35758868
35761544
35778976
35783439
35802775
35804736
35833866
35868412
35885256
35895217
35909962
35924966
35939865
35940766
35946647
35953192
36016576
36043867
36061410
36079908
36103255
36103733
36129827
36140989
36145669
36165644
36192974
36193352
36194262
36195220
36201155
36201398
36206543
36230189
36239668
36261073
36261653
36276732
36290309
36290598
36296153
36329849
36358275
36359942
36359959
36364717
36372480
36414383
36425140
36432808
36453935
36461308
36496934
36525129
36551257
36553809
36557684
36558516
36562036
36563089
36564972
36565853
36596153
36613399
36613431
36613437
36614167
36626744
36642761
36660595
36668890
36668894
36673462
36673464
36675968
36677302
36677358
36677715
36687649
36741903
36756202
36774510
36789076
36823482
36829524
36839197
36841104
36844407
36876114
36899903
36900564
36902124
36910219
36944956
36969318
36984798
36985131
36985287
36989928
36994583
37002414
37019866
37022200
37040355
37049598
37078410
37087270
37107485
37110319
37111052
37111189
37111741
37114144
37120235
37120517
37149616
37152726
37156986
37166312
37170624
37172300
37174356
37222466
37225736
37227689
37237157
37263983
37270482
37280776
37307226
37317241
37340947
37362929
37367942
37372618
37385826
37430975
37444179
37467812
37470081
37471174
37485388
37506599
37507931
37513662
37533216
37541038
37543003
37571384
37578765
37584253
37587248
37589786
37621875
37630612
37641360
37658854
37662485
37667093
37681961
37689420
37699510
37705572
37744916
37749663
37761047
37761092
37761181
37761191
37763985
37764689
37776999
37779722
37802157
37835233
37835761
37841999
37847040
37849822
37886066
37893739
37894124
37899432
37910267
37923200
37946274
37958101
37959089
37960288
37977853
37986427
38001029
38002133
38046906
38099933
38111646
38116370
38128596
38129062
38135047
38136901
38137291
38140378
38145711
38157636
38176482
38178601
38184108
38188563
38205053
38217756
38231606
38231752
38237418
38240339
38254954
38257109
38257912
38257920
38270125
38302693
38319685
38336830
38350463
38359769
38370297
38376735
38376820
38397496
38412871
38415591
38421575
38423403
38436528
38473078
38478299
38514909
38543492
38562548
38567075
38591132
38597994
38601942
38613010
38619267
38623511
38628216
38643116
38660337
38672888
38674145
38674582
38688519
38695579
38712867
38720966
38726445
38728887
38731742
38731747
38732236
38737281
38740154
38743270
38744435
38745280
38748307
38754566
38762948
38766852
38786266
38789906
38791633
38801349
38805370
38855927
38865030
38873561
38891001
38891242
38906346
38918075
38928756
38938030
38962395
38972914
38973111
38978704
38998570
38999741
39012129
39018886
39032891
39038894
39038898
39064654
39074448
39079652
39123515
39123605
39125350
39130668
39140151
39143863
39146679
39147472
39171269
39201391
39214080
39218696
39218813
39259865
39285997
39299348
39300004
39335041
39337360
39338418
39338513
39341428
39367119
39382739
39384052
39385735
39388035
39403377
39403731
39408038
39409061
39410163
39427612
39429918
39442634
39451294
39454510
39455245
39456506
39469458
39503979
39507971
39546897
39569344
39569739
39575987
39588097
39589428
39590328
39591773
39594082
12548193
14613507
21788759
21914968
22127129
23083673
24060267
25045832
28315928
28371001
28823562
29110342
29366701
29389636
29552062
29805892
29851297
30501107
30633374
30735326
31042331
31364964
31394832
31464895
31970848
32294944
32722025
32751457
32978757
33008824
33116127
33143014
33182682
33212803
33282261
33296464
33322295
33373850
33385020
33428182
33467737
33522399
33567701
33620675
33643256
33735781
33765904
33776957
33787390
33805289
33919782
33958508
34049541
34068832
34070604
34093453
34136365
34200435
34205741
34209804
34213618
34227455
34247138
34249990
34275634
34324685
34328568
34349743
34361604
34365895
34394030
34399484
34416969
34482971
34487594
34491541
34506626
34511050
34512590
34535959
34539604
34555172
34576848
34609626
34626345
34660762
34681288
34690623
34721319
34734707
34765039
34796583
34831486
34833122
34839170
34849766
34859434
34881983
34909269
34945509
34987492
34989623
35011176
35019699
35052897
35056522
35067214
35067837
35094300
35144523
35187034
35208925
35236257
35252285
35259052
35300564
35312198
35326788
35333989
35337503
35344598
35387090
35407053
35415646
35428750
35429125
35432232
35524154
35525614
35565552
35566377
35616735
35630296
35639151
35639267
35661635
35664846
35681409
35689148
35696955
35699895
35704105
35716384
35727573
35733952
35744660
35754018
35758868
35761544
35778976
35783439
35802775
35804736
35833866
35868412
35885256
35895217
35909962
35916669
35924966
35939865
35940766
35946647
35953192
36016576
36043867
36061410
36079908
36103255
36103733
36129827
36140989
36145669
36165644
36192974
36193352
36194262
36195220
36201155
36201398
36206543
36221226
36230189
36239668
36261073
36261653
36276732
36290309
36290598
36296153
36329849
36358275
36359942
36359959
36364717
36372480
36414383
36416542
36425140
36432808
36453935
36461308
36496934
36525129
36551257
36553809
36557684
36558516
36562036
36563089
36564972
36565853
36596153
36613399
36613431
36613437
36614167
36626744
36642761
36660595
36668890
36668894
36673462
36673464
36675968
36677302
36677358
36677715
36687649
36734084
36741903
36756202
36770903
36774510
36789076
36823482
36829524
36839197
36841104
36844407
36845480
36876114
36899903
36900564
36902124
36910219
36944956
36969318
36984798
36985131
36985287
36989928
36994583
37002414
37002629
37019866
37022200
37035350
37040355
37049598
37078410
37087270
37107485
37110319
37111052
37111189
37111741
37114144
37120235
37120517
37149616
37152726
37156986
37166312
37170624
37172300
37174356
37222466
37225736
37227689
37237157
37263983
37270482
37280776
37307226
37317241
37340947
37362929
37367942
37372618
37385826
37430975
37432295
37444179
37467812
37470081
37471174
37485388
37506599
37507931
37513662
37533216
37541038
37543003
37571254
37571384
37578765
37584253
37587248
37589786
37621875
37630612
37641360
37658854
37662485
37667093
37681961
37689420
37699510
37705572
37744916
37749663
37761047
37761092
37761181
37761191
37763985
37764689
37776999
37779722
37802157
37835233
37835761
37841999
37847040
37849822
37886066
37893739
37894124
37899432
37910267
37923200
37946274
37956906
37958101
37959089
37960288
37977853
37986427
38001029
38002133
38046906
38099933
38111646
38116370
38128596
38129062
38135047
38136901
38137291
38140378
38145711
38157636
38176482
38178601
38184108
38188563
38205053
38217756
38231606
38231752
38237418
38240339
38254954
38257109
38257912
38257920
38270125
38302693
38319685
38336830
38350463
38359769
38370297
38376735
38376820
38397496
38412871
38415591
38421575
38423403
38436528
38473078
38478299
38514909
38543492
38562548
38567075
38591132
38597994
38601942
38613010
38619267
38623511
38628216
38643116
38660337
38672888
38674145
38674582
38688519
38695579
38712867
38720966
38726445
38728887
38731742
38731747
38732236
38737281
38740154
38743270
38744435
38745280
38748307
38754566
38762948
38766852
38786266
38789906
38791633
38801349
38805370
38842655
38855927
38862444
38865030
38873561
38891001
38891242
38906346
38918075
38928756
38938030
38962395
38972914
38973111
38978704
38998570
38999741
39012129
39018886
39032891
39038894
39038898
39064654
39074448
39079652
39123515
39123605
39125350
39130668
39140151
39143863
39146679
39147472
39171269
39201391
39214080
39218696
39218813
39259865
39285997
39299348
39300004
39335041
39337360
39338418
39338513
39341428
39367119
39382739
39384052
39385735
39388035
39403377
39403731
39408038
39409061
39410163
39427612
39429918
39442634
39451294
39454510
39455245
39456506
39469458
39503979
39507971
39546897
39569344
39569739
39575987
39588097
39589428
39590328
39591773
39594082
