6432
11179
74989
104972
203618
203825
229175
309178
316307
316988
321469
326179
327306
334797
334798
335345
340445
348720
355145
355631
358920
360823
368002
374351
383154
401650
402104
414659
435281
456076
459415
515772
526888
538011
541660
582096
599885
614652
664189
696671
718154
735553
744552
786368
786887
790855
805533
809943
811682
833571
919545
922726
936828
947835
956115
956782
988781
998031
1018473
1082297
1149508
1247578
1324399
1327789
1328557
1337052
1337507
1338550
1369091
1389455
1399855
1400961
1416835
1418690
1433903
1433905
1433906
1447059
1472785
1473360
1478463
1479688
1490917
1495193
1499556
1510392
1510428
1510436
1516458
1522067
1524838
1551974
1611844
1611848
1624394
1630056
1646779
1660704
1664401
1701084
1726210
1737440
1748124
1748125
1748126
1766362
1777382
1778852
1778870
1793089
1797456
1797457
1798067
1800377
1800378
1804009
1804592
1811708
1814873
1846142
1854174
1854180
1856124
1873972
1875229
1880932
1889307
1906261
1909132
1920813
1929291
1929319
1929344
1943705
1960118
1960855
1960895
1969344
1972682
1993758
2008783
2013213
2024959
2050596
2074248
2080970
2081717
2086221
2086814
2088200
2092362
2101142
2106416
2112533
2115867
2120228
2122040
2125853
2127348
2158496
2170081
2180295
2185130
2187413
2209630
2222120
2226499
2226810
2227364
2228824
2229365
2253114
2279381
2285571
2287059
2287060
2300174
2327752
2327765
2327769
2337124
2341734
2344163
2349628
2374092
2387776
2408403
2433327
2447200
2469269
2482661
2497754
2500647
2502528
2506132
2507799
2512140
2521870
2523626
2552904
2584903
2585490
2591172
2606817
2619287
2621779
2621780
2632214
2632403
2636974
2650618
2650621
2653216
2658786
2658787
2661253
2663406
2664255
2664713
2673263
2675758
2676939
2679369
2679664
2685033
2690010
2691714
2691840
2694954
2708832
2730730
2731335
2743870
2760119
2779519
2785801
2786519
2786520
2786868
2789493
2791722
2795854
2800543
2802554
2807105
2808210
2809699
2831810
2832380
2837765
2840852
2843087
2853830
2878108
2886695
2898035
2912902
2915394
2921299
2939966
2965663
2971595
2984047
2991201
2991883
3015007
3015011
3019987
3027046
3032901
3037985
3045067
3055173
3055178
3055179
3067960
3093439
3098867
3100127
3102451
3103207
3106951
3111364
3113937
3117534
3118608
3126173
3128523
3132380
3134847
3135828
3140054
3142012
3145344
3157464
3157551
3163383
3175388
3207679
3210297
3216482
3223766
3230869
3245701
3246211
3260487
3260766
3263354
3263684
3279015
3279906
3295371
3300528
3305367
3306653
3310868
3327965
3366868
3439160
3444015
3448255
3460336
3469191
3485092
3485506
3486121
3486862
3490827
3490828
3492172
3492175
3493233
3496243
3503133
3518627
3524458
3529797
3535235
3536783
3539984
3542967
3545068
3547624
3549179
3549665
3551500
3552473
3555051
3571042
3595259
3606084
3669290
3686149
3696836
3729343
3767359
3768916
3769047
3788353
3791397
3825350
3851621
3859244
3865923
3871761
3872794
3873898
3874595
3875455
3875967
3881949
3884569
3886554
3888544
3890729
3891117
3891846
3897168
3897169
3899035
3903620
3910723
3914821
3921951
3928497
3930784
3930806
3931068
3936878
3941048
3964203
3965336
3973994
3986947
4026275
4045113
4083013
4083877
4091553
4219267
4270441
4330264
4336107
4345930
4451355
4496972
4581370
4596659
4632420
4698216
4941950
4943590
4964477
5326701
5669888
5970884
6090386
6092740
6094440
6094457
6097126
6104464
6161917
6203930
6224685
6241505
6268593
6269488
6294607
6294779
6299186
6301366
6302007
6304475
6311090
6312395
6312873
6313311
6322944
6323968
6333207
6334679
6335134
6335817
6339400
6341212
6343436
6346022
6350177
6350266
6350342
6357078
6362278
6365967
6372325
6372682
6375251
6377026
6384181
6386261
6387000
6393708
6394546
6394621
6411674
6440583
6455292
6472199
6477029
6502929
6509463
6561017
6594322
6601656
6605718
6610388
6617873
6643232
6647082
6684718
6701163
6749821
6754044
6763304
6770734
6803110
6832840
6833173
6859842
6941742
6967868
6973612
6981375
6982889
6989854
7002896
7002905
7013705
7013706
7034648
7034653
7034705
7040457
7042335
7042759
7045598
7052371
7056574
7068522
7097001
7142962
7149709
7174514
7210130
7216341
7235690
7237280
7248933
7287590
7293573
7325640
7352413
7372548
7377773
7378508
7412615
7419698
7429299
7436158
7438077
7439843
7471661
7501460
7528641
7547970
7555206
7559949
7567314
7569322
7576516
7582003
7592048
7614970
7629552
7635824
7648835
7681442
7683640
7704273
7721705
7729448
7730237
7744078
7745808
7763451
7765217
7773404
7781732
7793864
7793953
7799554
7811005
7811034
7811049
7811097
7815761
7821301
7841680
7851087
7853690
7865994
7867295
7867299
7867311
7872752
7909945
7916622
7933534
7944448
7945341
7951140
7956454
7968533
8017933
8027004
8031079
8040111
8051793
8055554
8060790
8061223
8067761
8074974
8092840
8104827
8141728
8142677
8150765
8150766
8151148
8157751
8163180
8168946
8182896
8192461
8205935
8215286
8218227
8226413
8231804
8239225
8240948
8251488
8254888
8264667
8267838
8277255
8284502
8300444
8305553
8335262
8341714
8346736
8354306
8363389
8367967
8368840
8372443
8383940
8397186
8406863
8421445
8423084
8429044
8433897
8444811
8460925
8477712
8500884
8537285
8544334
8544337
8558754
8558757
8566710
8568865
8585732
8587165
8589129
8593021
8593629
8606189
8606355
8639272
8643019
8655482
8666822
8667034
8678092
8678094
8699037
8748277
8751263
8752862
8761598
8771156
8786624
8786625
8786626
8787910
8795225
8807075
8809160
8821111
8821392
8824602
8824629
8830012
8843306
8850133
8900070
8911077
8913500
8919810
8920813
8932311
8983520
8986558
9013489
9021185
9023039
9032594
9044025
9061678
9066104
9072762
9084152
9145861
9158798
9158804
9174368
9222068
9232651
9238108
9245136
9269550
9294452
9311132
9311142
9315727
9327251
9333044
9352910
9371332
9371347
9418038
9418239
9420035
9458984
9475348
9527761
9538469
9545668
9554179
9559791
9561735
9561741
9562874
9568950
9570281
9571744
9572029
9575353
9575437
9587088
9593136
9593145
9623920
9635237
9635913
9642207
9666014
9673767
9677290
9687398
9688449
9691457
9721644
9745141
9745224
9756773
9759315
9783392
9818739
9819201
9829925
9852647
9868767
9879532
9925620
10036375
10065849
10091325
10097678
10103179
10191414
10194295
10214459
10339822
10347867
10348751
10348759
10354863
10367647
10378134
10396690
10401192
10404338
10417193
10427737
10428909
10481339
10498727
10510239
10530585
10537188
10537189
10539994
10576704
10579096
10582894
10588311
10590274
10595761
10600088
10618060
10632386
10647079
10650208
10678434
10695216
10709145
10712616
10737460
10747831
10747842
10775663
10777197
10783580
10793790
10799808
10805535
10824027
10826725
10859431
10868682
10898470
10913261
10937436
10938419
10983805
11000275
11008113
11053739
11060784
11070819
11083664
11101562
11101600
11109110
11118848
11131884
11135779
11139607
11165119
11169132
11171776
11206904
11214999
11246310
11269372
11275561
11282605
11287996
11298756
11303846
11309065
11344150
11355340
11386417
11403134
11414447
11420337
11444774
11448564
11456189
11476245
11510118
11514147
11526143
11534764
11557477
11563518
11732906
11733468
11742550
11751126
11751769
11773104
11785899
11792494
11820988
11822777
11830947
11864130
11869238
11871306
11873883
11915237
11931166
11932441
11934889
11959544
11962210
11964175
11977920
11986924
11991409
12002647
12006111
12012562
12014444
12037047
12041598
12071094
12088382
12092962
12099331
12127496
12141680
12146884
12199446
12220809
12283073
12324321
12356794
12373482
12380756
12384364
12393205
12407457
12438400
12499222
12501345
12513696
12517861
12525898
12532635
12543694
12590581
12621736
12639034
12654266
12654751
12675558
12682131
12686128
12701933
12735357
12750318
12788698
12809366
12820912
12904422
12925107
12927704
12927949
12936989
12966101
13678825
14072840
14189890
14341174
14499993
14506039
14507260
14515921
14545670
14562942
14567255
14638421
14640415
14651958
14660590
14663288
14669856
14692378
14692381
14716473
14748463
14971525
15014062
15029841
15032335
15046311
15047515
15047535
15058814
15097944
15135493
15140855
15170236
15174746
15227087
15263954
15270483
15273143
15294889
15322026
15329453
15364304
15375135
15376785
15471682
15471997
15476397
15482667
15493821
15504832
15504875
15527919
15528723
15533046
15592843
15621454
15631796
15673764
15689087
15793142
15808318
15830669
15872281
15901718
15966981
15980373
15992072
15992277
15994052
16000447
16000453
16020886
16027145
16033509
16093236
16099797
16161677
16163457
16189097
16201924
16225701
16244084
16260446
16289032
16323436
16345168
16345211
16345498
16345759
16349728
16354746
16375973
16391058
16401074
16420989
16448667
16456162
16457381
16463319
16511092
16533989
16562113
16579482
16608496
16615855
16647083
16714043
16723562
16758075
16768450
16784120
16793353
16805318
16815552
16878992
16908244
16961639
16971414
16971653
17007435
17020798
17037699
17040234
17051471
17079239
17087993
17125975
17182756
17201092
17253909
17261621
17278659
17287329
17297872
17311873
17334724
17366062
17382521
17406750
17408006
17438050
17448160
17451514
17457648
17516138
17540673
17558373
17561500
17572502
17583296
17587073
17594989
17597442
17631985
17639162
17660263
17701242
17715376
17867488
17876534
17900090
17926990
17975092
17993380
18055599
18065679
18086837
18086839
18087627
18094126
18094591
18159497
18184647
18207348
18219122
18222954
18280679
18287296
18296804
18329835
18332146
18337065
18343372
18371072
18378087
18385437
18401122
18447206
18456651
18458126
18467244
18552340
18566138
18569717
18585810
18611726
18619820
18682300
18697478
18708273
18715865
18725444
18765691
18809557
18809939
18837224
18839486
18930008
18930451
18948884
18973441
18993058
19024645
19028622
19104021
19114284
19171267
19201742
19216942
19227226
19297379
19298834
19302902
19357756
19392890
19419067
19426534
19459471
19517737
19576576
19585534
19596889
19616347
19628902
19630511
19673353
19700784
19702172
19723318
19729216
19802966
19802985
19895257
19897651
19967238
20012278
20162076
20171259
20175929
20185999
20198665
20226218
20238215
20300397
20307359
20336502
20338709
20345467
20412685
20413619
20429059
20484215
20528091
20529408
20537585
20549952
20556542
20559712
20576143
20594961
20601224
20639377
20685627
20718802
20802073
20813849
20833430
20842250
20874394
20883132
21033566
21036547
21053782
21061144
21103360
21115057
21153909
21166645
21182701
21204699
21216482
21245441
21245529
21248155
21261700
21268690
21287478
21291844
21299889
21315469
21328125
21338385
21339157
21344146
21346900
21353964
21396543
21402851
21483524
21495656
21531092
21576442
21627834
21635911
21639836
21689798
21705111
21733965
21775432
21816943
21829498
21830908
21835972
21844311
21850827
21859933
21873034
21887050
21899319
21903823
21936667
21944252
21986363
21989938
22016679
22054577
22062111
22062162
22155693
22182471
22232281
22252223
22265286
22272265
22290290
22325483
22345386
22346377
22347466
22368940
22391969
22403422
22422273
22463869
22470435
22489111
22543619
22553437
22557327
22578642
22578768
22586994
22721352
22781366
22787489
22791048
22796889
22802253
22805936
22808400
22814469
22821086
22824371
22834340
22882378
22885194
22885199
22918869
22934995
22951649
22969080
22971146
22993175
23001510
23039061
23043911
23074037
23099161
23100831
23159807
23195806
23206280
23214191
23220217
23262033
23264021
23290244
23298547
23311782
23330509
23357049
23357235
23357767
23374248
23391228
23405287
23423147
23453408
23461518
23488866
23498179
23504617
23528638
23529729
23543261
23563146
23567362
23587958
23590960
23608848
23610972
23642863
23669989
23671963
23671965
23686910
23696217
23741025
23767367
23786049
23827746
23862144
23869184
23871288
23876273
23877696
23908042
23924881
23975569
23979759
23996279
23997777
24002452
24022778
24025503
24031957
24036261
24062134
24065288
24069274
24112867
24125922
24150985
24162251
24172540
24179916
24204801
24211955
24223595
24303205
24341765
24396635
24433026
24462703
24463191
24470956
24475337
24501600
24505922
24524024
24534696
24555327
24566177
24599977
24674100
24679558
24701189
24736143
24767163
24768868
24813688
24853768
24870302
24906084
24933391
25068267
25075542
25113540
25118739
25132965
25145173
25170941
25174508
25190089
25199307
25199730
25226901
25230080
25232178
25270106
25327674
25356340
25362592
25372692
25390053
25395635
25398880
25427595
25432338
25446794
25450634
25469701
25474243
25477930
25480792
25487794
25501887
25523727
25548444
25549365
25563634
25579151
25584856
25593263
25596781
25611273
25629061
25632683
25635026
25635027
25644946
25657269
25693405
25694296
25710155
25733621
25748553
25791254
25794144
25817809
25828704
25845243
25870231
25885413
25889261
25899000
25903099
25909990
25987635
26025761
26028178
26029910
26038408
26044237
26044421
26055374
26062536
26102989
26114142
26126492
26136735
26168881
26169406
26179092
26260129
26267163
26311787
26334986
26345096
26363144
26392493
26407326
26430046
26430047
26433784
26455439
26472844
26484065
26500637
26503189
26518052
26574013
26577929
26610480
26617250
26631643
26643349
26675021
26697383
26750487
26765510
26776242
26783168
26818032
26822285
26848973
26853517
26855671
26871556
26893430
26930733
26952135
26988244
27045582
27053052
27073266
27090787
27101841
27107615
27150396
27174090
27260528
27393875
27416146
27429467
27430732
27446053
27446058
27465241
27478029
27482804
27492133
27494919
27499434
27516512
27550437
27553069
27569886
27572407
27572415
27599811
27609049
27616205
27617802
27658860
27667823
27683211
27702471
27725813
27807655
27808510
27811104
27826141
27845382
27873711
27915087
27918963
27923418
27928484
28011305
28103015
28105684
28110033
28163398
28167555
28178629
28192483
28221887
28239453
28261184
28271652
28272554
28282600
28302773
28325319
28330298
28333331
28333363
28377759
28390961
28424761
28486169
28509153
28555403
28559252
28559268
28602727
28602917
28619154
28623574
28636609
28636666
28664089
28665245
28668691
28668692
28681503
28696228
28698604
28702005
28708308
28711315
28711438
28747972
28751433
28771154
28774966
28775715
28775818
28805537
28818914
28819794
28826205
28857032
28861525
28887202
28929047
28956240
28962008
29016585
29026658
29027575
29029114
29035671
29040585
29046693
29061750
29067002
29067005
29080535
29085137
29092035
29105585
29140102
29144958
29147403
29156244
29175778
29183854
29190088
29201017
29203488
29236574
29244572
29248295
29252683
29254478
29263065
29269489
29346622
29378381
29433026
29452198
29456197
29463531
29471134
29472325
29483120
29484747
29495146
29507063
29514937
29526748
29548716
29563908
29565634
29566147
29571292
29609854
29610205
29624284
29630821
29651277
29668034
29713466
29727717
29729709
29733170
29740989
29741243
29744476
29797399
29803632
29849838
29875753
29910786
29913545
29927373
29930863
29939267
29942700
29944954
29954903
29978108
29980011
29986941
30006537
30050870
30066443
30072238
30080122
30087402
30097297
30108567
30109079
30119044
30129058
30181439
30252055
30252925
30254476
30258039
30260636
30266258
30268810
30305997
30311486
30317906
30325560
30338059
30394489
30465849
30499345
30502020
30508079
30532196
30534155
30567283
30629184
30639890
30675330
30680577
30735293
30759334
30776696
30812175
30812338
30823419
30833815
30837980
30838380
30840201
30843359
30854338
30858205
30925643
30928702
30934507
30936664
30941932
30965017
30991587
30994417
31009260
31016143
31018279
31022884
31051574
31057723
31122100
31128286
31129897
31150460
31150908
31159035
31159110
31160100
31185330
31192259
31194061
31195560
31198872
31207608
31216492
31218538
31234456
31242939
31258896
31267386
31270188
31283769
31291461
31295583
31298298
31320412
31327898
31341852
31372160
31381578
31384648
31398983
31416863
31417013
31417290
31442862
31470057
31494305
31498841
31536529
31564927
31572337
31586662
31594809
31597215
31606242
31609646
31615664
31624155
31642142
31649085
31662959
31682902
31687131
31711941
31712207
31736921
31738628
31739205
31743562
31759864
31769802
31779259
31785319
31785341
31828082
31831614
31841674
31856459
31864741
31866966
31884328
31891793
31901487
31908504
31915211
31921015
31925513
31929575
31972417
31998246
32015041
32024012
32101080
32116744
32130234
32156029
32162864
32194522
32198174
32222331
32253219
32276458
32276583
32288210
32304769
32307627
32309686
32318256
32341658
32351242
32368107
32374900
32381611
32381621
32440169
32462287
32475870
32482514
32491210
32516315
32517771
32522829
32527041
32554477
32562867
32591385
32596358
32629840
32669475
32700154
32704231
32740783
32752245
32766684
32794733
32803348
32817379
32818413
32818668
32898784
32916210
32939286
32949686
32966913
32967718
32973725
33011828
33022426
33042855
33048375
33066257
33081683
33125615
33134581
33151309
33184158
33185813
33202005
33216688
33224119
33224248
33240246
33298573
33299848
33301968
33316341
33329451
33329492
33374317
33389531
33391248
33431413
33434009
33450130
33460870
33477851
33478101
33505093
33505372
33510739
33558690
33569047
33613474
33622283
33641676
33679645
33727835
33730942
33742508
33760838
33770124
33777157
33784901
33811217
33811225
33836654
33860850
33867322
33888139
33923137
33925201
33925772
33934637
34020357
34021215
34036979
34037857
34047273
34048980
34050446
34062286
34088906
34118482
34119972
34126526
34136573
34164687
34199546
34204872
34209070
34212839
34216060
34225485
34274835
34285780
34288945
34293996
34319973
34348037
34367092
34390373
34395716
34408452
34417503
34423251
34424988
34430873
34439000
34454354
34477545
34479115
34500225
34572709
34576793
34584039
34584503
34596724
34606866
34608649
34637441
34645508
34659149
34730375
34730846
34798109
34830335
34850749
34864291
34876793
34884852
34894344
34937176
34944253
34946028
34995748
34998768
35036759
35037151
35050978
35058397
35065356
35068493
35068933
35083655
35089339
35108669
35113268
35122135
35141659
35194984
35203757
35228194
35238478
35242120
35257174
35294769
35322959
35325574
35341839
35371778
35380451
35388735
35390565
35429756
35437623
35439600
35444255
35489677
35510156
35513013
35520555
35523901
35546976
35553276
35566154
35577764
35602062
35691533
35691752
35695834
35718266
35735307
35740183
35744715
35756019
35756058
35758752
35760303
35762751
35779647
35788386
35804804
35818208
35850373
35865811
35881624
35892378
35898416
35921916
35923564
35930686
35945879
35962856
35969261
35971759
35994069
36009210
36009959
36040170
36066237
36090085
36098842
36121562
36152747
36168481
36183425
36202114
36203004
36216208
36233280
36243669
36244849
36246234
36262593
36263957
36268225
36270130
36278580
36284941
36295517
36311334
36332226
36335905
36341872
36359929
36368632
36374095
36375459
36426060
36498131
36517783
36525156
36569199
36607873
36621204
36622499
36678466
36744089
36748547
36772306
36779185
36807351
36808363
36829551
36834550
36846041
36860427
36879495
36883159
36889402
36916881
36925048
36943338
36948016
36972839
36976002
36991472
37007518
37010426
37028686
37042782
37049615
37055768
37098942
37102871
37107092
37107131
37111459
37145891
37164093
37180238
37197608
37207353
37303777
37317130
37318361
37336090
37337245
37358456
37373406
37374926
37377060
37378293
37437842
37480514
37498859
37508225
37517669
37542926
37572458
37583366
37584068
37597112
37623934
37627734
37628005
37628984
37649002
37655344
37662740
37662790
37664119
37681955
37692469
37709838
37752889
37769815
37786852
37802285
37815363
37859304
37915646
37930451
37956797
37959056
37993766
38002143
38007001
38008344
38012455
38013133
38021178
38023952
38028846
38036965
38067008
38081996
38113887
38117183
38141833
38163491
38167427
38186165
38206022
38247640
38259409
38266960
38273092
38287256
38327245
38339990
38340485
38367844
38400064
38418969
38423305
38430961
38432343
38451087
38459544
38460700
38465235
38486350
38487204
38543169
38561068
38597592
38604286
38606571
38647986
38649930
38694727
38723905
38727736
38753173
38784798
38786183
38790803
38821127
38830875
38890913
38892345
38927197
38952496
38956542
38996870
38999788
39000123
39006649
39010965
39021635
39040254
39060760
39066800
39077733
39077736
39130477
39142372
39178317
39178936
39199982
39222339
39236822
39245329
39247055
39281637
39296379
39297632
39303927
39310166
39311133
39319679
39323427
39330906
39334999
39338557
39354545
39368562
39387591
39426540
39435552
39458388
39474250
39510443
39519016
39541397
39551638
39554329
39563382
39574001
39587617
39600552
6432
11179
74989
104972
203618
203825
229175
309178
316307
316988
321469
326179
327306
334797
334798
335345
340445
348720
355145
355631
358920
360823
368002
374351
383154
401650
402104
414659
435281
456076
459415
515772
526888
538011
541660
582096
599885
614652
664189
696671
718154
735553
744552
786368
786887
790855
805533
809943
811682
833571
919545
922726
936828
947835
956115
956782
988781
998031
1018473
1082297
1149508
1247578
1324399
1327789
1328557
1337052
1337507
1338550
1369091
1389455
1399855
1400961
1416835
1418690
1433903
1433905
1433906
1447059
1472785
1473360
1478463
1479688
1490917
1495193
1499556
1510392
1510428
1510436
1516458
1522067
1524838
1551974
1611844
1611848
1624394
1630056
1646779
1660704
1664401
1701084
1726210
1737440
1748124
1748125
1748126
1766362
1777382
1778852
1778870
1793089
1797456
1797457
1798067
1800377
1800378
1804009
1804592
1811708
1814873
1846142
1854174
1854180
1856124
1873972
1875229
1880932
1889307
1906261
1909132
1920813
1929291
1929319
1929344
1943705
1960118
1960855
1960895
1969344
1972682
1993758
2008783
2013213
2024959
2050596
2074248
2080970
2081717
2086221
2086814
2088200
2092362
2101142
2106416
2112533
2115867
2120228
2122040
2125853
2127348
2158496
2170081
2180295
2185130
2187413
2209630
2222120
2226499
2226810
2227364
2228824
2229365
2253114
2279381
2285571
2287059
2287060
2300174
2327752
2327765
2327769
2337124
2341734
2344163
2349628
2374092
2387776
2408403
2433327
2447200
2469269
2482661
2497754
2500647
2502528
2506132
2507799
2512140
2521870
2523626
2552904
2584903
2585490
2591172
2606817
2619287
2621779
2621780
2632214
2632403
2636974
2650618
2650621
2653216
2658786
2658787
2661253
2663406
2664255
2664713
2673263
2675758
2676939
2679369
2679664
2685033
2690010
2691714
2691840
2694954
2708832
2730730
2731335
2743870
2760119
2779519
2785801
2786519
2786520
2786868
2789493
2791722
2795854
2800543
2802554
2807105
2808210
2809699
2831810
2832380
2837765
2840852
2843087
2853830
2878108
2886695
2898035
2912902
2915394
2921299
2939966
2965663
2971595
2984047
2991201
2991883
3015007
3015011
3019987
3027046
3032901
3037985
3045067
3055173
3055178
3055179
3067960
3093439
3098867
3100127
3102451
3103207
3106951
3111364
3113937
3117534
3118608
3126173
3128523
3132380
3134847
3135828
3140054
3142012
3145344
3157464
3157551
3163383
3175388
3207679
3210297
3216482
3223766
3230869
3245701
3246211
3260487
3260766
3263354
3263684
3279015
3279906
3295371
3300528
3305367
3306653
3310868
3327965
3366868
3439160
3444015
3448255
3460336
3469191
3485092
3485506
3486121
3486862
3490827
3490828
3492172
3492175
3493233
3496243
3503133
3518627
3524458
3529797
3535235
3536783
3539984
3542967
3545068
3547624
3549179
3549665
3551500
3552473
3555051
3571042
3595259
3606084
3669290
3686149
3696836
3729343
3767359
3768916
3769047
3788353
3791397
3825350
3851621
3859244
3865923
3871761
3872794
3873898
3874595
3875455
3875967
3881949
3884569
3886554
3888544
3890729
3891117
3891846
3897168
3897169
3899035
3903620
3910723
3914821
3921951
3928497
3930784
3930806
3931068
3936878
3941048
3964203
3965336
3973994
3986947
4026275
4045113
4083013
4083877
4091553
4219267
4270441
4330264
4336107
4345930
4451355
4496972
4581370
4596659
4632420
4698216
4941950
4943590
4964477
5326701
5669888
5970884
6090386
6092740
6094440
6094457
6097126
6104464
6161917
6203930
6224685
6241505
6268593
6269488
6294607
6294779
6299186
6301366
6302007
6304475
6311090
6312395
6312873
6313311
6322944
6323968
6333207
6334679
6335134
6335817
6339400
6341212
6343436
6346022
6350177
6350266
6350342
6357078
6362278
6365967
6372325
6372682
6375251
6377026
6384181
6386261
6387000
6393708
6394546
6394621
6411674
6440583
6455292
6472199
6477029
6502929
6509463
6561017
6594322
6601656
6605718
6610388
6617873
6643232
6647082
6684718
6701163
6749821
6754044
6763304
6770734
6803110
6832840
6833173
6859842
6941742
6967868
6973612
6981375
6982889
6989854
7002896
7002905
7013705
7013706
7034648
7034653
7034705
7040457
7042335
7042759
7045598
7052371
7056574
7068522
7097001
7142962
7149709
7174514
7210130
7216341
7235690
7237280
7248933
7287590
7293573
7325640
7352413
7372548
7377773
7378508
7412615
7419698
7429299
7436158
7438077
7439843
7471661
7501460
7528641
7547970
7555206
7559949
7567314
7569322
7576516
7582003
7592048
7614970
7629552
7635824
7648835
7681442
7683640
7704273
7721705
7729448
7730237
7744078
7745808
7763451
7765217
7773404
7781732
7793864
7793953
7799554
7811005
7811034
7811049
7811097
7815761
7821301
7841680
7851087
7853690
7865994
7867295
7867299
7867311
7872752
7909945
7916622
7933534
7944448
7945341
7951140
7956454
7968533
8017933
8027004
8031079
8040111
8051793
8055554
8060790
8061223
8067761
8074974
8092840
8104827
8141728
8142677
8150765
8150766
8151148
8157751
8163180
8168946
8182896
8192461
8205935
8215286
8218227
8226413
8231804
8239225
8240948
8251488
8254888
8264667
8267838
8277255
8284502
8300444
8305553
8335262
8341714
8346736
8354306
8363389
8367967
8368840
8372443
8383940
8397186
8406863
8421445
8423084
8429044
8433897
8444811
8460925
8477712
8500884
8537285
8544334
8544337
8558754
8558757
8566710
8568865
8585732
8587165
8589129
8593021
8593629
8606189
8606355
8639272
8643019
8655482
8666822
8667034
8678092
8678094
8699037
8748277
8751263
8752862
8761598
8771156
8786624
8786625
8786626
8787910
8795225
8807075
8809160
8821111
8821392
8824602
8824629
8830012
8843306
8850133
8900070
8911077
8913500
8919810
8920813
8932311
8983520
8986558
9013489
9021185
9023039
9032594
9044025
9061678
9066104
9072762
9084152
9145861
9158798
9158804
9174368
9222068
9232651
9238108
9245136
9269550
9294452
9311132
9311142
9315727
9327251
9333044
9352910
9371332
9371347
9418038
9418239
9420035
9458984
9475348
9527761
9538469
9545668
9554179
9559791
9561735
9561741
9562874
9568950
9570281
9571744
9572029
9575353
9575437
9587088
9593136
9593145
9623920
9635237
9635913
9642207
9666014
9673767
9677290
9687398
9688449
9691457
9721644
9745141
9745224
9756773
9759315
9783392
9818739
9819201
9829925
9852647
9868767
9879532
9925620
10036375
10065849
10091325
10097678
10103179
10191414
10194295
10214459
10339822
10347867
10348751
10348759
10354863
10367647
10378134
10396690
10401192
10404338
10417193
10427737
10428909
10481339
10498727
10510239
10530585
10537188
10537189
10539994
10576704
10579096
10582894
10588311
10590274
10595761
10600088
10618060
10632386
10647079
10650208
10678434
10695216
10709145
10712616
10737460
10747831
10747842
10775663
10777197
10783580
10793790
10799808
10805535
10824027
10826725
10859431
10868682
10898470
10913261
10937436
10938419
10981707
10983805
11000275
11008113
11053739
11060784
11070819
11083664
11101562
11101600
11109110
11118848
11131884
11135779
11139607
11165119
11169132
11171776
11206904
11214999
11246310
11269372
11275561
11282605
11287996
11298756
11303846
11309065
11344150
11355340
11386417
11403134
11414447
11420337
11444774
11448564
11456189
11476245
11510118
11514147
11526143
11534764
11557477
11563518
11732906
11733468
11742550
11751126
11751769
11773104
11785899
11792494
11820988
11822777
11830947
11864130
11869238
11871306
11873883
11915237
11931166
11932441
11934889
11959544
11962210
11964175
11977920
11986924
11991409
12002647
12006111
12012562
12014444
12037047
12041598
12071094
12088382
12092962
12099331
12127496
12141680
12146884
12199446
12220809
12283073
12324321
12356794
12373482
12380756
12384364
12393205
12407457
12438400
12499222
12501345
12513696
12517861
12525898
12532635
12543694
12590581
12621736
12639034
12654266
12654751
12675558
12682131
12686128
12701933
12735357
12750318
12788698
12809366
12820912
12904422
12925107
12927704
12927949
12936989
12966101
13678825
14072840
14189890
14341174
14499993
14506039
14507260
14515921
14545670
14562942
14567255
14638421
14640415
14651958
14660590
14663288
14669856
14692378
14692381
14716473
14748463
14971525
15014062
15029841
15032335
15046311
15047515
15047535
15058814
15097944
15135493
15140855
15170236
15174746
15227087
15263954
15270483
15273143
15294889
15322026
15329453
15364304
15375135
15376785
15471682
15471997
15476397
15482667
15493821
15504832
15504875
15527919
15528723
15533046
15592843
15621454
15631796
15673764
15689087
15793142
15808318
15830669
15872281
15901718
15966981
15980373
15992072
15992277
15994052
16000447
16000453
16020886
16027145
16033509
16093236
16099797
16161677
16163457
16189097
16201924
16225701
16244084
16260446
16289032
16323436
16345168
16345211
16345498
16345759
16349728
16354746
16375973
16391058
16401074
16420989
16448667
16456162
16457381
16463319
16511092
16533989
16562113
16579482
16608496
16615855
16647083
16714043
16723562
16758075
16768450
16784120
16793353
16805318
16815552
16878992
16908244
16961639
16971414
16971653
17007435
17020798
17037699
17040234
17051471
17079239
17087993
17125975
17182756
17201092
17253909
17261621
17278659
17287329
17297872
17311873
17334724
17366062
17382521
17406750
17408006
17438050
17448160
17451514
17457648
17516138
17540673
17558373
17561500
17572502
17583296
17587073
17594989
17597442
17631985
17639162
17660263
17701242
17715376
17867488
17876534
17900090
17926990
17975092
17993380
18055599
18065679
18086837
18086839
18087627
18094126
18094591
18159497
18184647
18207348
18219122
18222954
18280679
18287296
18296804
18329835
18332146
18337065
18343372
18371072
18378087
18385437
18401122
18447206
18456651
18458126
18467244
18552340
18566138
18569717
18585810
18611726
18619820
18682300
18697478
18708273
18715865
18725444
18765691
18809557
18809939
18837224
18839486
18930008
18930451
18948884
18973441
18993058
19024645
19028622
19104021
19114284
19171267
19201742
19216942
19227226
19297379
19298834
19302902
19357756
19392890
19419067
19426534
19459471
19517737
19576576
19585534
19596889
19616347
19628902
19630511
19673353
19700784
19702172
19723318
19729216
19802966
19802985
19895257
19897651
19967238
20012278
20162076
20171259
20175929
20185999
20198665
20226218
20238215
20300397
20307359
20336502
20338709
20345467
20412685
20413619
20429059
20484215
20528091
20529408
20537585
20549952
20556542
20559712
20576143
20594961
20601224
20639377
20685627
20718802
20802073
20813849
20833430
20842250
20874394
20883132
21033566
21036547
21053782
21061144
21103360
21115057
21153909
21166645
21182701
21204699
21216482
21245441
21245529
21248155
21261700
21268690
21287478
21291844
21299889
21315469
21328125
21338385
21339157
21344146
21346900
21353964
21396543
21402851
21483524
21495656
21531092
21576442
21627834
21635911
21639836
21689798
21705111
21733965
21775432
21816943
21829498
21830908
21835972
21844311
21850827
21859933
21873034
21887050
21899319
21903823
21936667
21944252
21986363
21989938
22016679
22054577
22062111
22062162
22155693
22182471
22232281
22252223
22265286
22272265
22290290
22325483
22345386
22346377
22347466
22368940
22391969
22403422
22422273
22463869
22470435
22489111
22543619
22553437
22557327
22578642
22578768
22586994
22721352
22781366
22787489
22791048
22796889
22802253
22805936
22808400
22814469
22821086
22824371
22834340
22882378
22885194
22885199
22918869
22934995
22951649
22969080
22971146
22993175
23001510
23039061
23043911
23074037
23099161
23100831
23159807
23195806
23206280
23214191
23220217
23262033
23264021
23290244
23298547
23311782
23330509
23357049
23357235
23357767
23374248
23391228
23405287
23423147
23453408
23461518
23488866
23498179
23504617
23528638
23529729
23543261
23563146
23567362
23587958
23590960
23608848
23610972
23642863
23669989
23671963
23671965
23686910
23696217
23741025
23767367
23786049
23827746
23862144
23869184
23871288
23876273
23877696
23908042
23924881
23975569
23979759
23996279
23997777
24002452
24022778
24025503
24031957
24036261
24062134
24065288
24069274
24112867
24125922
24150985
24162251
24172540
24179916
24204801
24211955
24223595
24303205
24341765
24396635
24433026
24462703
24463191
24470956
24475337
24501600
24505922
24524024
24534696
24555327
24566177
24599977
24674100
24679558
24701189
24736143
24767163
24768868
24813688
24853768
24870302
24906084
24933391
25068267
25075542
25113540
25118739
25132965
25145173
25170941
25174508
25190089
25199307
25199730
25226901
25230080
25232178
25270106
25327674
25356340
25362592
25372692
25390053
25395635
25398880
25427595
25432338
25446794
25450634
25469701
25474243
25477930
25480792
25487794
25501887
25523727
25548444
25549365
25563634
25579151
25584856
25593263
25596781
25611273
25629061
25632683
25635026
25635027
25644946
25657269
25693405
25694296
25710155
25733621
25748553
25791254
25794144
25817809
25828704
25845243
25870231
25885413
25889261
25899000
25903099
25909990
25987635
26025761
26028178
26029910
26038408
26044237
26044421
26055374
26062536
26102989
26114142
26126492
26136735
26168881
26169406
26179092
26260129
26267163
26311787
26334986
26345096
26363144
26392493
26407326
26430046
26430047
26433784
26455439
26472844
26484065
26500637
26503189
26518052
26574013
26577929
26610480
26617250
26631643
26643349
26675021
26697383
26750487
26765510
26776242
26783168
26818032
26822285
26848973
26853517
26855671
26871556
26893430
26930733
26952135
26988244
27045582
27053052
27073266
27090787
27101841
27107615
27150396
27174090
27260528
27393875
27416146
27429467
27430732
27446053
27446058
27465241
27478029
27482804
27492133
27494919
27499434
27516512
27550437
27553069
27569886
27572407
27572415
27599811
27609049
27616205
27617802
27658860
27667823
27683211
27702471
27725813
27807655
27808510
27811104
27826141
27845382
27873711
27915087
27918963
27923418
27928484
28011305
28103015
28105684
28110033
28163398
28167555
28178629
28192483
28221887
28239453
28261184
28271652
28272554
28282600
28302773
28325319
28330298
28333331
28333363
28368342
28377759
28390961
28424761
28486169
28509153
28555403
28559252
28559268
28602727
28602917
28619154
28623574
28636609
28636666
28664089
28665245
28668691
28668692
28681503
28696228
28698604
28702005
28708308
28711315
28711438
28747972
28751433
28771154
28774966
28775715
28775818
28805537
28818914
28819794
28826205
28857032
28861525
28887202
28929047
28956240
28962008
29016585
29026658
29027575
29029114
29035671
29040585
29046693
29061750
29067002
29067005
29080535
29085137
29092035
29105585
29140102
29144958
29147403
29156244
29175778
29183854
29190088
29201017
29203488
29236574
29244572
29248295
29252683
29254478
29263065
29269489
29346622
29378381
29433026
29452198
29456197
29463531
29471134
29472325
29483120
29484747
29495146
29507063
29514937
29526748
29548716
29563908
29565634
29566147
29571292
29609854
29610205
29624284
29630821
29651277
29668034
29713466
29727717
29729709
29733170
29740989
29741243
29744476
29797399
29803632
29849838
29875753
29910786
29913545
29927373
29930863
29939267
29942700
29944954
29954903
29978108
29980011
29986941
30006537
30050870
30066443
30072238
30080122
30087402
30097297
30108567
30109079
30119044
30129058
30181439
30252055
30252925
30254476
30258039
30260636
30266258
30268810
30305997
30311486
30317906
30325560
30338059
30394489
30465849
30499345
30502020
30508079
30532196
30534155
30567283
30629184
30639890
30675330
30680577
30735293
30759334
30776696
30812175
30812338
30823419
30833815
30837980
30838380
30840201
30843359
30854338
30858205
30925643
30928702
30934507
30936664
30941932
30965017
30991587
30994417
31009260
31016143
31018279
31022884
31051574
31057723
31122100
31128286
31129897
31150460
31150908
31159035
31159110
31160100
31185330
31192259
31194061
31195560
31198872
31207608
31216492
31218538
31234456
31242939
31258896
31267386
31270188
31283769
31291461
31295583
31298298
31320412
31327898
31341852
31372160
31381578
31384648
31398983
31416863
31417013
31417290
31442862
31470057
31494305
31498841
31536529
31564927
31572337
31586662
31594809
31597215
31606242
31609646
31615664
31624155
31642142
31649085
31662959
31682902
31687131
31711941
31712207
31736921
31738628
31739205
31743562
31759864
31769802
31779259
31785319
31785341
31828082
31831614
31841674
31856459
31864741
31866966
31884328
31891793
31901487
31908504
31915211
31921015
31925513
31929575
31972417
31998246
32015041
32024012
32101080
32116744
32130234
32156029
32162864
32194522
32198174
32222331
32253219
32276458
32276583
32288210
32304769
32307627
32309686
32318256
32341658
32351242
32368107
32374900
32381611
32381621
32440169
32462287
32475870
32482514
32491210
32516315
32517771
32522829
32527041
32554477
32562867
32591385
32596358
32629840
32669475
32700154
32704231
32740783
32752245
32766684
32794733
32803348
32817379
32818413
32818668
32898784
32916210
32939286
32949686
32966913
32967718
32973725
33011828
33022426
33042855
33048375
33066257
33081683
33125615
33134581
33151309
33184158
33185813
33202005
33216688
33224119
33224248
33240246
33298573
33299848
33301968
33316341
33329451
33329492
33374317
33389531
33391248
33431413
33434009
33450130
33460870
33477851
33478101
33505093
33505372
33510739
33558690
33569047
33613474
33622283
33641676
33679645
33727835
33730942
33742508
33760838
33770124
33777157
33784901
33811217
33811225
33836654
33860850
33867322
33888139
33923137
33925201
33925772
33934637
34020357
34021215
34036979
34037857
34047273
34048980
34050446
34062286
34088906
34118482
34119972
34126526
34136573
34164687
34199546
34204872
34209070
34212839
34216060
34225485
34274835
34285780
34288945
34293996
34319973
34348037
34367092
34390373
34395716
34408452
34417503
34423251
34424988
34430873
34439000
34454354
34477545
34479115
34500225
34572709
34576793
34584039
34584503
34596724
34606866
34608649
34637441
34645508
34659149
34730375
34730846
34798109
34830335
34850749
34864291
34876793
34884852
34894344
34937176
34944253
34946028
34995748
34998768
35036759
35037151
35050978
35058397
35065356
35068493
35068933
35083655
35089339
35108669
35113268
35122135
35141659
35194984
35203757
35228194
35238478
35242120
35257174
35294769
35322959
35325574
35341839
35371778
35380451
35388735
35390565
35429756
35437623
35439600
35444255
35489677
35510156
35513013
35520555
35523901
35546976
35553276
35566154
35577764
35602062
35691533
35691752
35695834
35718266
35735307
35740183
35744715
35756019
35756058
35758752
35760303
35762751
35779647
35788386
35804804
35818208
35850373
35865811
35881624
35892378
35898416
35921916
35923564
35930686
35945879
35962856
35969261
35971759
35994069
36009210
36009959
36040170
36066237
36090085
36098842
36121562
36152747
36168481
36183425
36202114
36203004
36216208
36233280
36243669
36244849
36246234
36262593
36263957
36268225
36270130
36278580
36284941
36295517
36311334
36332226
36335905
36341872
36359929
36368632
36374095
36375459
36426060
36498131
36517783
36525156
36569199
36607873
36621204
36622499
36678466
36744089
36748547
36772306
36779185
36807351
36808363
36829551
36834550
36846041
36860427
36879495
36883159
36889402
36916881
36925048
36943338
36948016
36972839
36976002
36991472
37007518
37010426
37028686
37042782
37049615
37055768
37098942
37102871
37107092
37107131
37111459
37145891
37164093
37180238
37197608
37207353
37303777
37317130
37318361
37336090
37337245
37358456
37373406
37374926
37377060
37378293
37437842
37480514
37498859
37508225
37517669
37542926
37572458
37583366
37584068
37597112
37623934
37627734
37628005
37628984
37649002
37655344
37662740
37662790
37664119
37681955
37692469
37709838
37752889
37769815
37786852
37802285
37815363
37859304
37915646
37930451
37956797
37959056
37993766
38002143
38007001
38008344
38012455
38013133
38021178
38023952
38028846
38036965
38067008
38081996
38113887
38117183
38136693
38141833
38163491
38167427
38186165
38206022
38247640
38259409
38266960
38273092
38287256
38327245
38339990
38340485
38367844
38400064
38418969
38423305
38430961
38432343
38451087
38459544
38460700
38465235
38486350
38487204
38543169
38561068
38597592
38604286
38606571
38647986
38649930
38694727
38723905
38727736
38753173
38784798
38786183
38790803
38821127
38830875
38890913
38892345
38927197
38952496
38956542
38996870
38999788
39000123
39006649
39010965
39021635
39040254
39060760
39066800
39077733
39077736
39130477
39142372
39178317
39178936
39199982
39222339
39236822
39245329
39247055
39281637
39296379
39297632
39303927
39310166
39311133
39319679
39323427
39330906
39334999
39338557
39354545
39368562
39387591
39426540
39435552
39458388
39474250
39510443
39519016
39541397
39551638
39554329
39563382
39574001
39587617
39600552
