1283774
7530242
7640678
8823866
9065952
9069537
9105090
9352638
9356798
9377954
9402407
9564470
9627054
9684341
9705429
9797266
10028245
10450174
10463163
10488171
10618102
10790116
10921992
11030572
11152069
11155989
11243758
11321071
11397673
11472796
11724828
11724860
11847270
11938985
12131039
12354883
12520932
12549192
12748267
12948761
12955638
14532197
14695441
15027624
16148855
16232958
16329611
16330003
16375971
16386966
16516174
16627650
16672503
16822636
16980424
17137667
17137846
17147964
17175057
17516138
17710482
18434558
18600053
18626540
18627780
18685005
18943348
18944848
19297595
19366627
19416783
19475140
19486410
19787100
20127233
20237660
21080961
21478339
21504528
21561944
21910435
22059186
22402409
22417676
22429703
22554367
22648018
22771597
22999884
23208371
23708995
23886791
23888610
24031438
24693980
24713147
24825573
25128612
25145230
25148641
25158515
25223327
25250879
25463198
25474359
25566397
25614570
25845410
25926303
26058536
26140446
26205861
26319185
26671758
26742658
26864896
27018049
27319145
27756363
27757101
27823840
28105575
28149165
28324560
28452358
28528545
28664514
28674053
28679171
28752961
28864820
29155976
29201605
29293506
29417060
29509962
29669203
29674552
29942756
29946103
29983956
30184417
30342825
30445394
30588222
30683036
30699826
30727318
30754319
30764165
30764891
30769478
30780771
30780985
30783462
30791304
30824447
30910901
30971817
31128509
31167848
31243345
31293732
31353877
31524538
31591372
31683675
31703852
31849865
32098813
32118858
32147231
32339192
32363823
32503487
32588959
32597748
32689944
32780428
32780452
32787540
32878952
32918852
33174713
33197363
33281068
33297590
33367127
33459584
33541882
33572680
33572733
33659400
33734547
33739557
33786997
33802942
33817149
33904974
33941018
34016684
34033201
34067383
34079526
34157641
34170610
34179243
34204730
34232540
34241654
34287810
34370574
34378964
34459815
34594817
34595321
34603736
34766435
34812010
34859662
35056470
35128079
35326826
35379440
35464947
35510686
35562041
35625319
35656370
35744741
35748735
35921041
36005835
36112513
36161792
36209912
36260443
36366832
36451309
36464116
36483959
36507667
36527155
36567421
36785875
36861984
36938063
36983902
37014254
37098416
37174300
37221243
37559429
37590139
37692405
37708405
37768313
37775924
37836780
37917130
37959045
38087404
38203677
38275718
38380912
38389455
38404397
38431336
38438126
38489400
38507753
38817573
39018831
39240081
39265402
39266139
39306074
39410149
39422464
39483585
39513757
39581024
39602210
1283774
7530242
7640678
8823866
9065952
9069537
9105090
9352638
9356798
9377954
9402407
9564470
9627054
9684341
9705429
9797266
10028245
10450174
10463163
10488171
10618102
10790116
10921992
11030572
11152069
11155989
11243758
11321071
11397673
11472796
11724828
11724860
11847270
11938985
12131039
12354883
12520932
12549192
12748267
12948761
12955638
14532197
14695441
15027624
16148855
16232958
16329611
16330003
16375971
16386966
16516174
16627650
16672503
16822636
16980424
17137667
17137846
17147964
17175057
17516138
17710482
18434558
18600053
18626540
18627780
18685005
18943348
18944848
19297595
19366627
19416783
19475140
19486410
19787100
20127233
20237660
21080961
21478339
21504528
21561944
21910435
22059186
22402409
22417676
22429703
22554367
22648018
22771597
22999884
23208371
23708995
23886791
23888610
24031438
24693980
24713147
24825573
25128612
25145230
25148641
25158515
25223327
25250879
25463198
25474359
25566397
25614570
25845410
25926303
26058536
26140446
26205861
26319185
26671758
26742658
26864896
27018049
27319145
27756363
27757101
27823840
28105575
28149165
28324560
28452358
28528545
28664514
28674053
28679171
28752961
28864820
29155976
29201605
29293506
29417060
29509962
29669203
29674552
29942756
29946103
29983956
30184417
30342825
30445394
30588222
30683036
30699826
30727318
30754319
30764165
30764891
30769478
30780771
30780985
30783462
30791304
30824447
30910901
30971817
31128509
31167848
31243345
31293732
31353877
31524538
31591372
31683675
31703852
31849865
32098813
32118858
32147231
32339192
32363823
32503487
32588959
32597748
32689944
32780428
32780452
32787540
32878952
32918852
33174713
33197363
33281068
33297590
33367127
33459584
33541882
33572680
33572733
33659400
33734547
33739557
33786997
33802942
33817149
33904974
33941018
34016684
34033201
34067383
34079526
34157641
34170610
34179243
34204730
34232540
34241654
34287810
34370574
34378964
34459815
34594817
34595321
34603736
34766435
34812010
34859662
35056470
35128079
35326826
35379440
35464947
35510686
35562041
35625319
35656370
35744741
35748735
35921041
36005835
36112513
36161792
36209912
36260443
36366832
36451309
36464116
36483959
36507667
36527155
36567421
36785875
36861984
36938063
36983902
37014254
37098416
37174300
37221243
37559429
37590139
37692405
37708405
37768313
37775924
37836780
37917130
37959045
38087404
38203677
38275718
38380912
38389455
38404397
38431336
38438126
38489400
38507753
38817573
39018831
39240081
39265402
39266139
39306074
39410149
39422464
39483585
39513757
39581024
39602210
