44444
87060
90456
129303
185194
225661
298934
315375
319714
329720
333885
339793
348188
349899
359437
364966
378044
382739
391011
396918
406254
429541
438184
439568
442461
442467
468387
475990
479050
494694
506541
525914
526017
542760
552201
554984
554988
566009
572193
575610
596331
596332
619723
621732
624592
633705
655028
655029
655523
662590
663707
667645
671438
683698
685094
696079
714909
716492
721943
745329
749079
769123
782216
797671
806239
809392
815272
824778
828995
839620
877438
881756
900120
909316
919899
931161
931182
937801
945707
956053
962763
962981
963820
972192
977128
977461
977462
979777
983507
994352
1012095
1014371
1017548
1078061
1092232
1098528
1099946
1100892
1150507
1158950
1160203
1166437
1176616
1176634
1181911
1190015
1233279
1237756
1259214
1259385
1271605
1280409
1280645
1284113
1285277
1288966
1289358
1290992
1291317
1292716
1294016
1294786
1306012
1307520
1312594
1312921
1314894
1315233
1316875
1319048
1319302
1323093
1327540
1328038
1328056
1328288
1329622
1332586
1336944
1336945
1340760
1344927
1347060
1348267
1349906
1352787
1353090
1356931
1360477
1360693
1361938
1362634
1363252
1368975
1369390
1370962
1371638
1371765
1371815
1371899
1374508
1377169
1379907
1379987
1380906
1387133
1387302
1387303
1388363
1398951
1398982
1400970
1401010
1402115
1406364
1414586
1416852
1416891
1418300
1420348
1421677
1421940
1422994
1427373
1428183
1432413
1434318
1434320
1441463
1442513
1445568
1445599
1449151
1452672
1454440
1455065
1455066
1455069
1458372
1459410
1465366
1466846
1472332
1472334
1477245
1477384
1478047
1482150
1482155
1485017
1487866
1493981
1494510
1495596
1500179
1505110
1513266
1513343
1515156
1515157
1516806
1519858
1521552
1524353
1524839
1526646
1532486
1535996
1537919
1537920
1542203
1542207
1542208
1542209
1542210
1544223
1546856
1552199
1552698
1554224
1554847
1555250
1556188
1558440
1560344
1560435
1565821
1576831
1577977
1580762
1581231
1582279
1587050
1587613
1588312
1593222
1600780
1602257
1605603
1606056
1607695
1611208
1612158
1612749
1617048
1617056
1622262
1623799
1623801
1624393
1624566
1630855
1633355
1642801
1646680
1649023
1652731
1656860
1662021
1662625
1662893
1662988
1663284
1667250
1667256
1667649
1677419
1682396
1682407
1682544
1685008
1691144
1702229
1702564
1702579
1705093
1706498
1711877
1713196
1720931
1723071
1724823
1727535
1727899
1727900
1728087
1729179
1729193
1730466
1730507
1734703
1735302
1736730
1739237
1740647
1741909
1742195
1743694
1747030
1747031
1755664
1757538
1757573
1758516
1758870
1761641
1766154
1768381
1774299
1779893
1791848
1797386
1802939
1810412
1816490
1818163
1826895
1828135
1832527
1834015
1837541
1839300
1840274
1849382
1853223
1855997
1864940
1871428
1875179
1875580
1879925
1879957
1882133
1882443
1882444
1885740
1890791
1892294
1896641
1898601
1898613
1898909
1899326
1899742
1900241
1900425
1900522
1900745
1901893
1902198
1905332
1906841
1907885
1908537
1909062
1909140
1909344
1909765
1910011
1911057
1911533
1913352
1914258
1915784
1920383
1921096
1925681
1928970
1929335
1930325
1932171
1934789
1937749
1938900
1940376
1940470
1942194
1942722
1947432
1948230
1952976
1953131
1958258
1958928
1960123
1960916
1969866
1971032
1986533
1986686
1992878
1993357
1995223
2001140
2005473
2005478
2007633
2007738
2009916
2013106
2013966
2013969
2017230
2017833
2019446
2020017
2025217
2029580
2032445
2034894
2037382
2037681
2037794
2037799
2048826
2050405
2052623
2052982
2055581
2056037
2056201
2063641
2068838
2073098
2077210
2083176
2084120
2088204
2090921
2091004
2099604
2100429
2103865
2104576
2106779
2109022
2109556
2110180
2110246
2112466
2112502
2113563
2113765
2113793
2115416
2116245
2117640
2118868
2119591
2120128
2127614
2152242
2155555
2156947
2157146
2158257
2159657
2160335
2161997
2164181
2166089
2171421
2175155
2178333
2183943
2189170
2191012
2191078
2191079
2194969
2196726
2200606
2201108
2201111
2202274
2202378
2203807
2207920
2214509
2214513
2215337
2218060
2221593
2223599
2229391
2230143
2232436
2236753
2237113
2238124
2238126
2238129
2238461
2242070
2247097
2247671
2252248
2259056
2259778
2262742
2275731
2280723
2291294
2291696
2292908
2302009
2303748
2305441
2305765
2312668
2313966
2316950
2323822
2324284
2328674
2329569
2332469
2333222
2337113
2338035
2338413
2344318
2345306
2345578
2345799
2345938
2351735
2352411
2355195
2358709
2360816
2366823
2368989
2370109
2376931
2376935
2378416
2379349
2380348
2380690
2382918
2386370
2387629
2387708
2391209
2393275
2393294
2397193
2402554
2405405
2409853
2417958
2428495
2434488
2441632
2443531
2456715
2458834
2458917
2459998
2460405
2461162
2462336
2469120
2473038
2476400
2478073
2482334
2488356
2488653
2488720
2490859
2491838
2492589
2494117
2496029
2498092
2498390
2498468
2503977
2503980
2503981
2503982
2503989
2504006
2504011
2504012
2504013
2504770
2506783
2507267
2507819
2507865
2530933
2539310
2539957
2540252
2546472
2548933
2552379
2552869
2553816
2555783
2560109
2562881
2574186
2575473
2580424
2580679
2584751
2596453
2599991
2608008
2615130
2617205
2622394
2626803
2626805
2630149
2644297
2644384
2646910
2649255
2654113
2656045
2664935
2664936
2673651
2673652
2680079
2681429
2681763
2690731
2694904
2695739
2704931
2709652
2712437
2714152
2716583
2719353
2719461
2721079
2721279
2722236
2728442
2729747
2729938
2733244
2733305
2736976
2743223
2743430
2745234
2745706
2748240
2755365
2758831
2761142
2762766
2768445
2770507
2770562
2770822
2772468
2775090
2777726
2778118
2780092
2782196
2785082
2791484
2791493
2792951
2796111
2797881
2798562
2800536
2802546
2802887
2802941
2808189
2808217
2808669
2808677
2810996
2816911
2817581
2817858
2820858
2828414
2830814
2834450
2834842
2836007
2836649
2836650
2836878
2842366
2843317
2844496
2845531
2847644
2848444
2849349
2855458
2860962
2870027
2876640
2896288
2898707
2907775
2909488
2914225
2915018
2925241
2926169
2929188
2930064
2930402
2943845
2958962
2983548
2984921
2985018
2986450
2986505
2987769
2990379
2996410
3006206
3010805
3011965
3013511
3021034
3023238
3024481
3026159
3028190
3029191
3029736
3032086
3037676
3043687
3047286
3055574
3055660
3057333
3060530
3073192
3075652
3076822
3086369
3095369
3096428
3096757
3096932
3097688
3101588
3101713
3105441
3107379
3112180
3114319
3116312
3121243
3122796
3123122
3123123
3124736
3125050
3125413
3129241
3130241
3137162
3137164
3137247
3138801
3139355
3141459
3143278
3146457
3150021
3160094
3165608
3165640
3165641
3168358
3168473
3170572
3170812
3172623
3182031
3183030
3183401
3184587
3188868
3195815
3196000
3196002
3200167
3200367
3202463
3211631
3213317
3216490
3235656
3246142
3247480
3254636
3257636
3258342
3258582
3262281
3262490
3262733
3266812
3275444
3283260
3290248
3296098
3302344
3321362
3337455
3337467
3342664
3345246
3346077
3346237
3349841
3355312
3359847
3364959
3366871
3367621
3367629
3373933
3376394
3384894
3385000
3394449
3394452
3395039
3395476
3398945
3400704
3404801
3404804
3409800
3410774
3410945
3411741
3415209
3421730
3423582
3424264
3428133
3429629
3430944
3430947
3436314
3440370
3469060
3481302
3488048
3489153
3496432
3501698
3510046
3510163
3516552
3524213
3530069
3531012
3540539
3541028
3541122
3545654
3557009
3559275
3566446
3575011
3578703
3579001
3584429
3586465
3596587
3608329
3608625
3611835
3613009
3614089
3624446
3625912
3630478
3632289
3652515
3655723
3673344
3677722
3682557
3689590
3690054
3695991
3697842
3706616
3722470
3729160
3729201
3732865
3736439
3744555
3747325
3747326
3752699
3753338
3757474
3759906
3771767
3771768
3779525
3780895
3782019
3786553
3788345
3789528
3792780
3793580
3793869
3794396
3797304
3800186
3807111
3813205
3813519
3818094
3818654
3818923
3825111
3838662
3855275
3861947
3865126
3871588
3873886
3874880
3875228
3880852
3886692
3897405
3900251
3904401
3908468
3917895
3917959
3919112
3932460
3940423
3944484
3946307
3948450
3950961
3956023
3965590
3966486
3967196
3972985
3984940
3985594
3996815
4003948
4004193
4026062
4036875
4038425
4047723
4055700
4061382
4073881
4096504
4125091
4172695
4200824
4202962
4275710
4315721
4322001
4420937
4427104
4472106
4518354
4557017
4562472
4574535
4596380
4596754
4609908
4644871
4651240
4711149
4715959
4751796
4792497
4816462
4844277
4864326
4873631
4873633
4915658
4932057
4939319
4943270
4954696
4954737
4968056
4969143
4969144
4969145
4971098
4972832
4980761
4983806
4986929
4990184
4992758
5025566
5062978
5089732
5102659
5105380
5107030
5125180
5130432
5154882
5186698
5298970
5321146
5361836
5370187
5370188
5386763
5392110
5417930
5429538
5449971
5456418
5480309
5541465
5560074
5563368
5567422
5583090
5595074
5595075
5598300
5618662
5670870
5709291
5744275
5749322
5754682
5781382
5813802
5835376
5882706
5894591
5894592
5909656
5978868
6005896
6015922
6025425
6031506
6039105
6069281
6078623
6091509
6093655
6131634
6132270
6144381
6153013
6174681
6176001
6189101
6194041
6199851
6200642
6215741
6229377
6230989
6241982
6279739
6289217
6289711
6289714
6294820
6297293
6299153
6299154
6313468
6314219
6314874
6315659
6318549
6324053
6325849
6329959
6330638
6335955
6337261
6337573
6345930
6357687
6359997
6382476
6383150
6408620
6411817
6412041
6422062
6430082
6432692
6452077
6454515
6468542
6468543
6468544
6470677
6473887
6477264
6486562
6490837
6504574
6509392
6513815
6517656
6524901
6531479
6537487
6589514
6607153
6612983
6613783
6624462
6632486
6634560
6665665
6685134
6690407
6690415
6703491
6703503
6707466
6716751
6716752
6725531
6725913
6727495
6733986
6734278
6744800
6777636
6791341
6798925
6803429
6804577
6806193
6816118
6826517
6846333
6858665
6876729
6876730
6880745
6883800
6895835
6959411
6982979
6991412
7002798
7008693
7009046
7023135
7031676
7050254
7058263
7061400
7069974
7073107
7076196
7076818
7111959
7112895
7125626
7142064
7142069
7142453
7159201
7161225
7162433
7172276
7174453
7206654
7224357
7227372
7230590
7235698
7238667
7240245
7242018
7247376
7259645
7265604
7285196
7300081
7304356
7305110
7313999
7314254
7324226
7328992
7328997
7329000
7339795
7339796
7339797
7339802
7339805
7339809
7339817
7339820
7339822
7339825
7339826
7339827
7339828
7339831
7339832
7341624
7341625
7343642
7348247
7348248
7351104
7356321
7362181
7381000
7381919
7407684
7414084
7416593
7422545
7429299
7429495
7430072
7447145
7449471
7463926
7473681
7476185
7481477
7481960
7486894
7486934
7488555
7489811
7492091
7494065
7496934
7499969
7507894
7508456
7508978
7512786
7512868
7513153
7515701
7516315
7516719
7521248
7521834
7523140
7527254
7528153
7528254
7532144
7535036
7536213
7536940
7542849
7545386
7545852
7547354
7548513
7548908
7550179
7552945
7554659
7554801
7554817
7558149
7558277
7558312
7558325
7559956
7560193
7560784
7561201
7562923
7564050
7564051
7564057
7564723
7564828
7567116
7567132
7567277
7567831
7569621
7571372
7574530
7574533
7576149
7578721
7578762
7578764
7579311
7581120
7582034
7582293
7583075
7583921
7591945
7592181
7592373
7594725
7597695
7602834
7604044
7605295
7605398
7609395
7614796
7614962
7615703
7615764
7618936
7619998
7620006
7622220
7628849
7630072
7634054
7636197
7636201
7636252
7640175
7642266
7646597
7648714
7650033
7656667
7657883
7658005
7658075
7658084
7663788
7665458
7665657
7666616
7668942
7678195
7678588
7681039
7681818
7681851
7684213
7684214
7686095
7689417
7691518
7691877
7695252
7695255
7697235
7697927
7698113
7698117
7698119
7698120
7698125
7699029
7699426
7699930
7700268
7704480
7705112
7709100
7709483
7712615
7713549
7713566
7713572
7714183
7718848
7719635
7724972
7726511
7727674
7729457
7729903
7734663
7736687
7742423
7744187
7749789
7749796
7750052
7750932
7751375
7751668
7751669
7752957
7754311
7755914
7756474
7760537
7763448
7767552
7768610
7770723
7771465
7773411
7780096
7780103
7782113
7782114
7783396
7785988
7786006
7788087
7788421
7790028
7790424
7790541
7793635
7793860
7793865
7793873
7793880
7793882
7793886
7793895
7795068
7795072
7795088
7795100
7800676
7802548
7802978
7803630
7803653
7806348
7809228
7809466
7809467
7809468
7809470
7809471
7809472
7809473
7809474
7809475
7809476
7809477
7809478
7809479
7811052
7811323
7811537
7811542
7812237
7814502
7816997
7817558
7818812
7818822
7821000
7822018
7824720
7829409
7829417
7831266
7834402
7837725
7837727
7840559
7840574
7840932
7841428
7841433
7841711
7841982
7843810
7844935
7848023
7848544
7849340
7849341
7852575
7852596
7855386
7861340
7865350
7866802
7871389
7872254
7872741
7872747
7875149
7876634
7876746
7880219
7883863
7883888
7884987
7887618
7888528
7888551
7892089
7893576
7894210
7901972
7902536
7906290
7907837
7908719
7910225
7910236
7910936
7911486
7913002
7913481
7915731
7915749
7915834
7917317
7919314
7919318
7921248
7923053
7923870
7923877
7924203
7924214
7925860
7927632
7929773
7930537
7930878
7932081
7936908
7937677
7938399
7940454
7941245
7942097
7948376
7948399
7948519
7948562
7949074
7949075
7949502
7950816
7950915
7953081
7955524
7956965
7959057
7959868
7963720
7963728
7965366
7969977
7973175
7976210
7977435
7977598
7978052
7978715
7979270
7980238
7982497
7983502
7986001
7986010
7986017
7986018
7996004
8002893
8003610
8005220
8006334
8006590
8011508
8011876
8014091
8014492
8014498
8025676
8025760
8025797
8026160
8027668
8031351
8031459
8032045
8033423
8035043
8035044
8038315
8041990
8047000
8047837
8049102
8050937
8050992
8051412
8052124
8054532
8059325
8059780
8060550
8063291
8063414
8067744
8067766
8071432
8072965
8077403
8077667
8077714
8079228
8080357
8080869
8082342
8085960
8086553
8089468
8092397
8092850
8093587
8094398
8095716
8099487
8102246
8106762
8109920
8113420
8114376
8121383
8121903
8125827
8126988
8128699
8131634
8132154
8136489
8138678
8144420
8145001
8145923
8152364
8156543
8156545
8157390
8158029
8159593
8161763
8162256
8162976
8165764
8166111
8168961
8168968
8171933
8172439
8173775
8173810
8175866
8176574
8177637
8178419
8178803
8179648
8181983
8182008
8182014
8182015
8184706
8187794
8189685
8192437
8192449
8193510
8195374
8195400
8195404
8203099
8203849
8204205
8204765
8204773
8204774
8204775
8204776
8207276
8209025
8210680
8215285
8217480
8218698
8222796
8225396
8225602
8228089
8228235
8231963
8235886
8239587
8239588
8239598
8245545
8245546
8248083
8249911
8250651
8251573
8251709
8252322
8253967
8260663
8260668
8264129
8267282
8271667
8274609
8275782
8277620
8278680
8279457
8287762
8288311
8288504
8289522
8294774
8296435
8298954
8300206
8302690
8303277
8305558
8308115
8310932
8315059
8316080
8321124
8321524
8324213
8324905
8328792
8331844
8331881
8331882
8333899
8335987
8340892
8345208
8346008
8347508
8349755
8349758
8350768
8353249
8354464
8354590
8354922
8356985
8358707
8358750
8359899
8363391
8363393
8363524
8364280
8366820
8376818
8376842
8378297
8384230
8384809
8386705
8386841
8391675
8392998
8393134
8395019
8396302
8397941
8399336
8399508
8402370
8406880
8408551
8410271
8417435
8418031
8418058
8427539
8428392
8428415
8431006
8431020
8432589
8432816
8433470
8436819
8437421
8437422
8437423
8437425
8437426
8437427
8437428
8437429
8440925
8444203
8447082
8447310
8448815
8449624
8450251
8450695
8451419
8452952
8454862
8454866
8454889
8458954
8459767
8472251
8479109
8479112
8484642
8486703
8486704
8490104
8491701
8494359
8497584
8498246
8500775
8501206
8501224
8501247
8501328
8501340
8503725
8506483
8513064
8513578
8514420
8515098
8519450
8521620
8521665
8522465
8522830
8527549
8532377
8536367
8536722
8537260
8537672
8537673
8539084
8540721
8540724
8547516
8550191
8550466
8551714
8556399
8557358
8557390
8559037
8565283
8565303
8567919
8568303
8569772
8573961
8574825
8574846
8575463
8575843
8576910
8577544
8583111
8584370
8586725
8589178
8591938
8592991
8593025
8593381
8597814
8603946
8603975
8605053
8606079
8606107
8607591
8610119
8619589
8624759
8624761
8626003
8627032
8636932
8636943
8638183
8639045
8641098
8645472
8645790
8648123
8652724
8652726
8652996
8652998
8655980
8657470
8660836
8663871
8665032
8665311
8669479
8673552
8676931
8676932
8677419
8677635
8683146
8683331
8685324
8686713
8689297
8692009
8698506
8699066
8701380
8701837
8706592
8707352
8710040
8713044
8717292
8724270
8726023
8726034
8726597
8727620
8727880
8727915
8729207
8729209
8729215
8729378
8729746
8733397
8733409
8733418
8737150
8740711
8744753
8748272
8749653
8757419
8757813
8757857
8758106
8761717
8761718
8761721
8761725
8761729
8761762
8764523
8765523
8769615
8769616
8774208
8776082
8783698
8785251
8785252
8785253
8785254
8785255
8785256
8785259
8785415
8787291
8789021
8792948
8797683
8801384
8807071
8807078
8808636
8810009
8812672
8818469
8818830
8818834
8818841
8818878
8820026
8820462
8821605
8821941
8824089
8825114
8826567
8830013
8834894
8835106
8837378
8837395
8842257
8842271
8842292
8843220
8843278
8843300
8844474
8844653
8846144
8848755
8849223
8850106
8851568
8851601
8851604
8852355
8852979
8852990
8853040
8853737
8854102
8858587
8858681
8862591
8862592
8862615
8863373
8864825
8867169
8867170
8867173
8867175
8871113
8872179
8874071
8876238
8876355
8880485
8880497
8880503
8888068
8889727
8889992
8891145
8891158
8892850
8893404
8896497
8897178
8900068
8900100
8900358
8904448
8904449
8905050
8910503
8910888
8910891
8911135
8913387
8913450
8913461
8913475
8913479
8913480
8914369
8914386
8915105
8917472
8917989
8918699
8921849
8922569
8922790
8922800
8922838
8924355
8926074
8926094
8928295
8931404
8931788
8933745
8935740
8936990
8939881
8940211
8940212
8940431
8941967
8949490
8953070
8953085
8953911
8959150
8961051
8964707
8965028
8965476
8965682
8968892
8971069
8971109
8971445
8971687
8972119
8975887
8976583
8976833
8977207
8979054
8979664
8980748
8980830
8981049
8982098
8985217
8993371
8996008
8996025
8997567
8999135
8999138
8999139
8999140
9001671
9003772
9008277
9008340
9009287
9009628
9010648
9011464
9014316
9015465
9016372
9017798
9021192
9025686
9031305
9032957
9036351
9038009
9038011
9038016
9038017
9038637
9039310
9039532
9039544
9039546
9039547
9040304
9041394
9041415
9042656
9043131
9044643
9046432
9050174
9060068
9060182
9063999
9064088
9066146
9068746
9068747
9068928
9069207
9069539
9070321
9071087
9071089
9071619
9072000
9074839
9083760
9084959
9086146
9086527
9093233
9093236
9097907
9103630
9109154
9109159
9113049
9113499
9114156
9114183
9117759
9118726
9119453
9122148
9122644
9123786
9125559
9125580
9126994
9129080
9133236
9138139
9139909
9140914
9142780
9142787
9142801
9144497
9145646
9145647
9145732
9145856
9145860
9145892
9147422
9148167
9149566
9153747
9154411
9156832
9157190
9160313
9163466
9163488
9164469
9169332
9169738
9173058
9176115
9179654
9180201
9181662
9182106
9182107
9183925
9184354
9186148
9186150
9186154
9188531
9191323
9192913
9193860
9195106
9196113
9196196
9196503
9198000
9199452
9207358
9209023
9210686
9211081
9211549
9218596
9218919
9224747
9225668
9230383
9232117
9233465
9236559
9238443
9245620
9246204
9249201
9249202
9249713
9257746
9257946
9259129
9260945
9269603
9270999
9271692
9272246
9273579
9276519
9279409
9280934
9284137
9284149
9284150
9290272
9292586
9293712
9294701
9301531
9301979
9304266
9304270
9305452
9310365
9314450
9316890
9316897
9316935
9317090
9325078
9327338
9332511
9333156
9336601
9339628
9342821
9342895
9344697
9346864
9350348
9350730
9350780
9353032
9353075
9353078
9353825
9353938
9355253
9355254
9355258
9356814
9358194
9358195
9358196
9358197
9359722
9361577
9361739
9362189
9364262
9368263
9368357
9368362
9368534
9373597
9375297
9376436
9377123
9377608
9379195
9386356
9386357
9387480
9392889
9393781
9393825
9400821
9411538
9416676
9419135
9419201
9420031
9427460
9431321
9431921
9432376
9440663
9440841
9441082
9441102
9449283
9449284
9449859
9455531
9455532
9455563
9456252
9457095
9458682
9459473
9462436
9466385
9466638
9467917
9471296
9472306
9476846
9477466
9480199
9488404
9488424
9488835
9490567
9492873
9493451
9493777
9494339
9497481
9498436
9498437
9498455
9498982
9502375
9507695
9508227
9508282
9508306
9511040
9513560
9516219
9517944
9517960
9518020
9524832
9524844
9524856
9526198
9527483
9527485
9527808
9528729
9533459
9534249
9534963
9535394
9537083
9537755
9545696
9545699
9545701
9545702
9550756
9554173
9554194
9554874
9556693
9561469
9564498
9567302
9569004
9570407
9570546
9571738
9572027
9574671
9574709
9574731
9579708
9579714
9586648
9593128
9593462
9596293
9596298
9596734
9597260
9601138
9603145
9603844
9605144
9606478
9607493
9607833
9607863
9608993
9611795
9613050
9616131
9617137
9621569
9624545
9626603
9629304
9632998
9635911
9636886
9637819
9637821
9637822
9637823
9639869
9641515
9650200
9650366
9650367
9650925
9650952
9651855
9652430
9652431
9654367
9656460
9657559
9661829
9662943
9664574
9665946
9671779
9673140
9674460
9674487
9675346
9675517
9683080
9685005
9687411
9687933
9691498
9692461
9692648
9693155
9696194
9698285
9704612
9705362
9705393
9705428
9708409
9708410
9711823
9711892
9712818
9713092
9717921
9725177
9725231
9725364
9727572
9728547
9728568
9730978
9731034
9731066
9735689
9736559
9737138
9738067
9738789
9742865
9745227
9753212
9758276
9761372
9762808
9764392
9764552
9764561
9765852
9765853
9765855
9767410
9769287
9770527
9774603
9775111
9780266
9780281
9780296
9780605
9784148
9784564
9791104
9791710
9794416
9794435
9795558
9796207
9797242
9797791
9798037
9798040
9801289
9801686
9802464
9803090
9803809
9805069
9806063
9808416
9810621
9810641
9812321
9815225
9817824
9817900
9817902
9819114
9820535
9821717
9823555
9823998
9824471
9827282
9831675
9833748
9833784
9835537
9841825
9843652
9844345
9844594
9848616
9849985
9851042
9851527
9854069
9855266
9858464
9859614
9859616
9863871
9865996
9868650
9868670
9868684
9874103
9875582
9876056
9877194
9877361
9880110
9883269
9883640
9884234
9887547
9889208
9889238
9889239
9894458
9916475
9917493
9918335
9925533
9927080
9932835
9933449
9934762
9949966
9972406
9973533
9973576
9986819
9986844
9986853
9988684
10024586
10024600
10027528
10028084
10030545
10030558
10048770
10048898
10049258
10049260
10049268
10052900
10052907
10063267
10063473
10064253
10068124
10068127
10074518
10074529
10074555
10075281
10082118
10084486
10084991
10085000
10090497
10092667
10092965
10094328
10094713
10098646
10099037
10099120
10102000
10189171
10189195
10191603
10192709
10193415
10194069
10199224
10200973
10202823
10203382
10203466
10204510
10208205
10208802
10208805
10209511
10209514
10215125
10219767
10223590
10223912
10225227
10225399
10227475
10227816
10231756
10232411
10232422
10233747
10332992
10338527
10343616
10347056
10348449
10352292
10353523
10353887
10355219
10355224
10359307
10361705
10364047
10367639
10370382
10372850
10377091
10377139
10377141
10377146
10377939
10378413
10378878
10382882
10386034
10391871
10392775
10395860
10397529
10397533
10405383
10405407
10409856
10410998
10411258
10411262
10414219
10415053
10417198
10417376
10421038
10421042
10421247
10422140
10424651
10424793
10425659
10428905
10431392
10433083
10433575
10436667
10438314
10438942
10438946
10447770
10449290
10451499
10452638
10456381
10456946
10456949
10458621
10458835
10459647
10459822
10461580
10464168
10464842
10466213
10468131
10471584
10471610
10472716
10472755
10473516
10475534
10479141
10479152
10482048
10482049
10483718
10487017
10487030
10487437
10488182
10490993
10492428
10494865
10496593
10496879
10499270
10502466
10502908
10507291
10508558
10509565
10509570
10510868
10511409
10511764
10515412
10517605
10518957
10520596
10523555
10524533
10524589
10528542
10528880
10531226
10535279
10535281
10537213
10540163
10544309
10552981
10553674
10553679
10555671
10559223
10565219
10566874
10568435
10568841
10569246
10571431
10572116
10572316
10572856
10575147
10577507
10579848
10580815
10582184
10582873
10582879
10582897
10583068
10583588
10588596
10588627
10589724
10590283
10590327
10593812
10596031
10596271
10596808
10599019
10600094
10602540
10602720
10603363
10605034
10608795
10612729
10612733
10613380
10615381
10618227
10629016
10632050
10632498
10639059
10639351
10639449
10639479
10649975
10651051
10653332
10655336
10655689
10657148
10665139
10668176
10670564
10671330
10677839
10680474
10684373
10685467
10689813
10689814
10690777
10691207
10692037
10695297
10699003
10700937
10702355
10702495
10703354
10703603
10705262
10705901
10707261
10708368
10713335
10714126
10714569
10717286
10720506
10720553
10722436
10722445
10723505
10727740
10728599
10728814
10735995
10736683
10739344
10742208
10742264
10743334
10747119
10747819
10749316
10751078
10753729
10762111
10762411
10762562
10762582
10764335
10766581
10767235
10768957
10768998
10770026
10770540
10770820
10770911
10772083
10772529
10781200
10784410
10786917
10792234
10794937
10795071
10798040
10798609
10800525
10802146
10805979
10806169
10808276
10812407
10815741
10816082
10816448
10816453
10841941
10842856
10847290
10854933
10855661
10858369
10860159
10860713
10861087
10864189
10873301
10873486
10874380
10874876
10875284
10876832
10877180
10877492
10878042
10879611
10883854
10888733
10897378
10898685
10899880
10899894
10899905
10901982
10903260
10904815
10906251
10906264
10907864
10908116
10912623
10914663
10915098
10915680
10915685
10917219
10917571
10918872
10921976
10930156
10930634
10931593
10936516
10942864
10944891
10949848
10949879
10952590
10959386
10960193
10963370
10967253
10969728
10970365
10970726
10970760
10972736
10973744
10974106
10979513
10985244
10987727
10988097
10991834
10991858
10991861
10991883
10992491
10996239
10996543
10998225
11000531
11011260
11012764
11015162
11020135
11022290
11023758
11026997
11027063
11029440
11030055
11034290
11034424
11042124
11049777
11055864
11055866
11060085
11064694
11068065
11069237
11069238
11069663
11071184
11073754
11073759
11073941
11081578
11085463
11085766
11086039
11086067
11087130
11089398
11095897
11101072
11101567
11101579
11101592
11101612
11101687
11104291
11107623
11108455
11109733
11109808
11109810
11109848
11110042
11115958
11118390
11118709
11118713
11118714
11118716
11118717
11118718
11118719
11118722
11118723
11118730
11118733
11119256
11120969
11120998
11122238
11129721
11131586
11133380
11136787
11137128
11146247
11149167
11153670
11158108
11158466
11159996
11162608
11163661
11163701
11165069
11166658
11168138
11168153
11168183
11169225
11176565
11179318
11179321
11179347
11179916
11181141
11181364
11181986
11182226
11185410
11186192
11186921
11192550
11193321
11194475
11194726
11197607
11200066
11202480
11204496
11207508
11207608
11207649
11211316
11212038
11221569
11229914
11230413
11230430
11238218
11238240
11238960
11240105
11242202
11249533
11252327
11254560
11257028
11257544
11260329
11260925
11261786
11265187
11265583
11266419
11267779
11267791
11273215
11280374
11283032
11283080
11283105
11284923
11288509
11288510
11288511
11288512
11289215
11292085
11292329
11295724
11296180
11297492
11298130
11303264
11309716
11310523
11312409
11313128
11313259
11314779
11317033
11318370
11321829
11326044
11329460
11331042
11335768
11338484
11340525
11340534
11343207
11343381
11345784
11345841
11347672
11349414
11352188
11352488
11352594
11353601
11354390
11356317
11357320
11358435
11361372
11361621
11361906
11362038
11362081
11362136
11362606
11362747
11362919
11362925
11363096
11363431
11363722
11363991
11364416
11374694
11378513
11380439
11380699
11384553
11390109
11390110
11390333
11390686
11392987
11393423
11399976
11402614
11404519
11406752
11422200
11425464
11425535
11427429
11427558
11429460
11432810
11434556
11436830
11436831
11437505
11438185
11439163
11449696
11449907
11451676
11454066
11464091
11466374
11467372
11471832
11474016
11476447
11479701
11485927
11488816
11494570
11500477
11503915
11505657
11506303
11518178
11520620
11524722
11525992
11526024
11526132
11531180
11531320
11531324
11544323
11549050
11549181
11549243
11549416
11553555
11555198
11555395
11558597
11561808
11564153
11571139
11572651
11574614
11574925
11575240
11576307
11578129
11583830
11595991
11598030
11601644
11602023
11642387
11679559
11684785
11687476
11690636
11692307
11696869
11698989
11700926
11703519
11705893
11705926
11705954
11707670
11709506
11709507
11709794
11711288
11711289
11712711
11714822
11718275
11724827
11724871
11727018
11730838
11731176
11737332
11738339
11739511
11740480
11742432
11743478
11745073
11745918
11748160
11748285
11754578
11754594
11760222
11765232
11769259
11769770
11770646
11773116
11773135
11774085
11777978
11779451
11781383
11788066
11789915
11796598
11800582
11803073
11807301
11810507
11810525
11810599
11810603
11814442
11815593
11817167
11819664
11820935
11825115
11825742
11830293
11831436
11836099
11837642
11838274
11838899
11839167
11843556
11844154
11846219
11846457
11846727
11849545
11850167
11851696
11851709
11853568
11854207
11855078
11856245
11856263
11856278
11856285
11856587
11860323
11860602
11864211
11864342
11866846
11866850
11868772
11874639
11877592
11878439
11878980
11882713
11887014
11891517
11893075
11907963
11909844
11913701
11915003
11915236
11918176
11923349
11924817
11926571
11927049
11930899
11932873
11939333
11939580
11945718
11953410
11956497
11956499
11956733
11968781
11973155
11980079
11980960
11980962
11980981
11983516
11986411
11989805
12000692
12001504
12002387
12002425
12004273
12005446
12007816
12008915
12010355
12010996
12012952
12014507
12019718
12028561
12033677
12037115
12038134
12044296
12045433
12051511
12052566
12052567
12055027
12058355
12058809
12060894
12062515
12065514
12065529
12069770
12072241
12072265
12073496
12076031
12079246
12079743
12086038
12089257
12095444
12097144
12097382
12099341
12099743
12099753
12102303
12125186
12126089
12127310
12134265
12135090
12136597
12136599
12137959
12138349
12138389
12143114
12147465
12152813
12153523
12164219
12164665
12174088
12180881
12181861
12182855
12183542
12183567
12186514
12195472
12201173
12202156
12202580
12202581
12208110
12208609
12209266
12211277
12211528
12217338
12219142
12221898
12222934
12223288
12228041
12228282
12232477
12234687
12235846
12238386
12243064
12244182
12296398
12297877
12316914
12324207
12340978
12343452
12350317
12351231
12353858
12354531
12354870
12355367
12361252
12361253
12362265
12368432
12368437
12368449
12368451
12370996
12370999
12371000
12372969
12377804
12381006
12381463
12385530
12390305
12397710
12399740
12400876
12403247
12406388
12406392
12406657
12409405
12410324
12412613
12414430
12416943
12416972
12422647
12433668
12433669
12438341
12438398
12439795
12440560
12444135
12449247
12454189
12457010
12458173
12459027
12461589
12464488
12466405
12467708
12477646
12481384
12487175
12487446
12488077
12491207
12494509
12494510
12494911
12495065
12495075
12495607
12496145
12496255
12517823
12517906
12519304
12527166
12528433
12528439
12529011
12544748
12545419
12546197
12558340
12559469
12562303
12565899
12570675
12570741
12574258
12580290
12581578
12584395
12592709
12595084
12596562
12596563
12596568
12600656
12602944
12606834
12607341
12612305
12617450
12621974
12623272
12623325
12625084
12627367
12641321
12645833
12652452
12654642
12655704
12657344
12658601
12660918
12661087
12661717
12661735
12666254
12672371
12673062
12673411
12676127
12680607
12685064
12685334
12685419
12693540
12694908
12695276
12699390
12706056
12710496
12710773
12722329
12724324
12729056
12734238
12734243
12735345
12740027
12741139
12741319
12744075
12751032
12757054
12757627
12767846
12767847
12768926
12785677
12788757
12789121
12790359
12790402
12790428
12791070
12791888
12792877
12794545
12805054
12807471
12814150
12817622
12818195
12818815
12821489
12823831
12825741
12825891
12832132
12843014
12843021
12852964
12853165
12864898
12872451
12874196
12874675
12875972
12876896
12878542
12882827
12884187
12887203
12887204
12889728
12890314
12892014
12897021
12900163
12901893
12904546
12909406
12909649
12910759
12924489
12924501
12924521
12925769
12926733
12929661
12931646
12933856
12934767
12935751
12935753
12940321
12941553
12942085
12944117
12948065
12953220
12957884
12957962
12958269
12958281
12960270
12968194
12968757
12969490
12972581
12973389
13031067
13039362
13071075
13123288
13136500
13277781
13286826
13286832
13286834
13286839
13288925
13288927
13319229
13319230
13320649
13369523
13385184
13398361
13429715
13458712
13458713
13474850
13475261
13482092
13509055
13526731
13531322
13538921
13669057
13680821
13691415
13754753
13773548
13778440
13778446
13778448
13790423
13802251
13836688
13839675
13839679
13847574
13853427
14015826
14042162
14051456
14063076
14068518
14087239
14099093
14099642
14112338
14117685
14165365
14253179
14311315
14327742
14330265
14392707
14424155
14453019
14453995
14468016
14477870
14499991
14502373
14509227
14509228
14511000
14522516
14523113
14525547
14535551
14550517
14554124
14555583
14557969
14559172
14559175
14560447
14560567
14567215
14568952
14572865
14573670
14573671
14575217
14578717
14583871
14595089
14596227
14599623
14600231
14605128
14605167
14606264
14616746
14618138
14629623
14636245
14638822
14645324
14648331
14655166
14657753
14659724
14661368
14662881
14662971
14665738
14670321
14672047
14673757
14678168
14680691
14682404
14687559
14687562
14687603
14689317
14691654
14702159
14707092
14708989
14709001
14715739
14716909
14719695
14738448
14740819
14741134
14744453
14744455
14746655
14746662
14761720
14766927
14861161
14872467
14964409
14966398
14967222
14967601
14974753
14974844
14977927
14977946
14979601
14981752
14991514
14991519
14998335
15004056
15004198
15006398
15009433
15016522
15020652
15024625
15025543
15026078
15027903
15031998
15036244
15036537
15036538
15039317
15039374
15046447
15046460
15046461
15048990
15049621
15053361
15056645
15058504
15060688
15061301
15063064
15063592
15064811
15066726
15069779
15069787
15071027
15071028
15074636
15074643
15074645
15074650
15074652
15074767
15080309
15080490
15084016
15084508
15086096
15086097
15086098
15088979
15088986
15095223
15100302
15112073
15113652
15115391
15116283
15116310
15116577
15118112
15127843
15128561
15129586
15133112
15137486
15137490
15137493
15140058
15142642
15143004
15143743
15145498
15149076
15154014
15154681
15155211
15155609
15156482
15156998
15158609
15168745
15176690
15178309
15184446
15184451
15184453
15184556
15184557
15187139
15189236
15192337
15193285
15195918
15202150
15207805
15213112
15214726
15214795
15217178
15221608
15222531
15230542
15232132
15232138
15233344
15236617
15236619
15239481
15242948
15246507
15260050
15260437
15261995
15262531
15268946
15271385
15272071
15276484
15280303
15282969
15283434
15288721
15290460
15294786
15294830
15294976
15296085
15297234
15297504
15301676
15302746
15303635
15307101
15316035
15322505
15325025
15327797
15327799
15328105
15328125
15328223
15334839
15336223
15336259
15339272
15342607
15345456
15346348
15347635
15352541
15354852
15356149
15356803
15357723
15359965
15359966
15359967
15362831
15369397
15370677
15373230
15375057
15377070
15378697
15380947
15380962
15385466
15385519
15388422
15451099
15452749
15458286
15458565
15458782
15460331
15466031
15472315
15472821
15475934
15481586
15483160
15487941
15494898
15495572
15496409
15497453
15497522
15497525
15501030
15504592
15508650
15520483
15527150
15528690
15528739
15530738
15539508
15539511
15541038
15541285
15544510
15544511
15544512
15544517
15545434
15551219
15552938
15553038
15554094
15555539
15557608
15557609
15558344
15561879
15564023
15564025
15566000
15571855
15574964
15577852
15581226
15583319
15584427
15586564
15586565
15586566
15588041
15589309
15598429
15606868
15606872
15614703
15615055
15616336
15618191
15624889
15625980
15633677
15642983
15650082
15651474
15657271
15661908
15663791
15668935
15677904
15677976
15684494
15684737
15687030
15694655
15702695
15703315
15703615
15706013
15708817
15708818
15708824
15721386
15725041
15726126
15733823
15737516
15742239
15745220
15746320
15747660
15750094
15750393
15752216
15759829
15760454
15764185
15767657
15767952
15769858
15774884
15778031
15780634
15787741
15788605
15797824
15799246
15801272
15803388
15805716
15807712
15807715
15808302
15809316
15812001
15812047
15814959
15818179
15818648
15821206
15822593
15825507
15839056
15839433
15840762
15845232
15845464
15849945
15849957
15849972
15850753
15852176
15855995
15856377
15857661
15858802
15860751
15863285
15870454
15872229
15872295
15875773
15876226
15878410
15881238
15882419
15885801
15885931
15893892
15895728
15899409
15900955
15903035
15908099
15908359
15908387
15908411
15910812
15915379
15916642
15917138
15917538
15925431
15927290
15931311
15931343
15932977
15935568
15936903
15939756
15942013
15942015
15942565
15946745
15947434
15951529
15951539
15955675
15956306
15956365
15970402
15971671
15972512
15974594
15977574
15982769
15984976
15989187
15992257
15992258
15992288
15992970
15999542
16000428
16000480
16000482
16002269
16002921
16004172
16006602
16009276
16011609
16012020
16020190
16024228
16028167
16031035
16031192
16031791
16035186
16041023
16045732
16045917
16048043
16061296
16078343
16081045
16081899
16089023
16089239
16100429
16108208
16108212
16108801
16111147
16113277
16113280
16116077
16116306
16121613
16125880
16127044
16127595
16129345
16130987
16130994
16131307
16133412
16140016
16142672
16145084
16145120
16145136
16150095
16151118
16156706
16158899
16159721
16164029
16165171
16169619
16171956
16177323
16177367
16177658
16183174
16189163
16190973
16192441
16193718
16194601
16195661
16203154
16204510
16204518
16206925
16207922
16207995
16218184
16224151
16226469
16226868
16227333
16230191
16230716
16231262
16244077
16245793
16251337
16252504
16254339
16255289
16256206
16266021
16266669
16267723
16267728
16269731
16269747
16272330
16279394
16284809
16285596
16290202
16291567
16295656
16295821
16300910
16303883
16306031
16308217
16310981
16311383
16312239
16313964
16319341
16319672
16321647
16332893
16333938
16336300
16336460
16337359
16337678
16337720
16339155
16349305
16352824
16355356
16361490
16366369
16367868
16368226
16368974
16369041
16374213
16374261
16379568
16379637
16385061
16388028
16388042
16391070
16391093
16391123
16391126
16391127
16403576
16405696
16406563
16409650
16410940
16410963
16413703
16415166
16417949
16422065
16428701
16434712
16436697
16441435
16442752
16444975
16449960
16450070
16453265
16455896
16460354
16467599
16472242
16475513
16478544
16478850
16479997
16479999
16481075
16487256
16490338
16492317
16495585
16499728
16500045
16502104
16502859
16507690
16508233
16509558
16509826
16511393
16513760
16514112
16515875
16517855
16517871
16517898
16520943
16528389
16529009
16537930
16543605
16544254
16545540
16547422
16548287
16557676
16557823
16566252
16572045
16572060
16575112
16575116
16580796
16584300
16585639
16586430
16599979
16606752
16607446
16611229
16617700
16618609
16621022
16622018
16622223
16629033
16629489
16629725
16630010
16630029
16631548
16631972
16635091
16636015
16641016
16642774
16649916
16650506
16650826
16672160
16675537
16678912
16682253
16682472
16687585
16697677
16703482
16712821
16714585
16714604
16716561
16731124
16732878
16732891
16736882
16740028
16750618
16751509
16751517
16751566
16759051
16760377
16761949
16771909
16787675
16787676
16788724
16789710
16789727
16792339
16797753
16797885
16798696
16804438
16814891
16815685
16824720
16825490
16828235
16831305
16831593
16839422
16841719
16849662
16858014
16865901
16872241
16875496
16881865
16884783
16885259
16891515
16891519
16893982
16897662
16899680
16899682
16915342
16916555
16924146
16924946
16928884
16928965
16929884
16933557
16940126
16943387
16944258
16954651
16957098
16957205
16957212
16957311
16957356
16959504
16960109
16960114
16964791
16966174
16968819
16971065
16982836
16996703
17000409
17007635
17010479
17010625
17012594
17012971
17014329
17017652
17017990
17020599
17023216
17028825
17033002
17035461
17037388
17037612
17037618
17037629
17048291
17049206
17052313
17054802
17056210
17056679
17057086
17060697
17061096
17061486
17062651
17064286
17078247
17079432
17083748
17084094
17084095
17085301
17085312
17086998
17089953
17092904
17097151
17098312
17106087
17106226
17107610
17108279
17109096
17109285
17109286
17113692
17118473
17120031
17121079
17121088
17122347
17123426
17123456
17123751
17125681
17125838
17126501
17129549
17131479
17138678
17142399
17144810
17147140
17152015
17154049
17172645
17176548
17177992
17185548
17188381
17197031
17197638
17199528
17201195
17213715
17214054
17218105
17228801
17228805
17233395
17235141
17237136
17239641
17244808
17251234
17252054
17255437
17255438
17257697
17259362
17259458
17263294
17267586
17275098
17275919
17289303
17290945
17292677
17296287
17296650
17296742
17296749
17298004
17303274
17307264
17315435
17317041
17317344
17319962
17324257
17328964
17329043
17331011
17331717
17334723
17335590
17337541
17339913
17344350
17348247
17349251
17351938
17352818
17359513
17360040
17362167
17362168
17366030
17366477
17368838
17369114
17369236
17370578
17370602
17371857
17377045
17378715
17385551
17389054
17389160
17393131
17400680
17402615
17423399
17426224
17426376
17428883
17435001
17444124
17445316
17446280
17449304
17454031
17454752
17455422
17456145
17456147
17459831
17459838
17459841
17459879
17459898
17461714
17467201
17483147
17494367
17495318
17496131
17496580
17496954
17502388
17502967
17505256
17506794
17509184
17512144
17517501
17525676
17526707
17529878
17533152
17534845
17537942
17542695
17542991
17544799
17547075
17547638
17548182
17548640
17552508
17554558
17559402
17560743
17561292
17564061
17565026
17565369
17565909
17566735
17567674
17569517
17570206
17578601
17578930
17582180
17582709
17585661
17588626
17589548
17590163
17590541
17591775
17595540
17597241
17597306
17599313
17601689
17602465
17602766
17603241
17605960
17609059
17609338
17610725
17611072
17614130
17617211
17619156
17629560
17633122
17634511
17638968
17644322
17644386
17644709
17644942
17645037
17651211
17661844
17664269
17664831
17670925
17675427
17679526
17683898
17686529
17689893
17693514
17696514
17697353
17699081
17702444
17709469
17711229
17711377
17712469
17714674
17719108
17761476
17763685
17764412
17803513
17804069
17804124
17823760
17825427
17825698
17827810
17846106
17848894
17854892
17868937
17870256
17873247
17874572
17881159
17886288
17889455
17899467
17907748
17908655
17912347
17912678
17913536
17913930
17913973
17914503
17920687
17926095
17928078
17928247
17933710
17937815
17938223
17939342
17948732
17953906
17954014
17956962
17957643
17959762
17963299
17969990
17972827
17976849
17981953
17982725
17984254
17984279
17993386
17998562
18018598
18022716
18023466
18024513
18025216
18030049
18035573
18037461
18039835
18040148
18041953
18043227
18043660
18043737
18056271
18059649
18062904
18062905
18068277
18069597
18070971
18073093
18077612
18077613
18077615
18078091
18078110
18079002
18079089
18079227
18079497
18080676
18080683
18087937
18095316
18095468
18096931
18156594
18159470
18170919
18171304
18174306
18182508
18186021
18187749
18188979
18189052
18192416
18202595
18202951
18205278
18209283
18219086
18225973
18226229
18226256
18229774
18242702
18243311
18243315
18243427
18245256
18245284
18245746
18253729
18255239
18258169
18263838
18265703
18267006
18272710
18272714
18274952
18285491
18289359
18291698
18294700
18296882
18304707
18305134
18310137
18311066
18313144
18314355
18316999
18320245
18321941
18322553
18323580
18326339
18326570
18326682
18335241
18337380
18342877
18343053
18346298
18349380
18350456
18352911
18359837
18363982
18366449
18366709
18371139
18371424
18374424
18378411
18379393
18394289
18395168
18397500
18400974
18403023
18403782
18406376
18409565
18411763
18419853
18422455
18430197
18436594
18439459
18441280
18448275
18450311
18453382
18453718
18454395
18457292
18457974
18460620
18461657
18464226
18465600
18469058
18471684
18477401
18478985
18480020
18485019
18493823
18498320
18498789
18500930
18501450
18515114
18518662
18528595
18532890
18533024
18538104
18539815
18547663
18547684
18550730
18550734
18552887
18557524
18565921
18570580
18573505
18574435
18575598
18582521
18583873
18584535
18586980
18588499
18593244
18598800
18599225
18602164
18602195
18602432
18609156
18611608
18611616
18611618
18616475
18620489
18620757
18622157
18622863
18624066
18624355
18628585
18638019
18639937
18647877
18650284
18650301
18650302
18652866
18655652
18656706
18665779
18666752
18667419
18667563
18671045
18676709
18679933
18681799
18684956
18689490
18689642
18692151
18692906
18692926
18694788
18694968
18696402
18697467
18697487
18701648
18703502
18703788
18703856
18719809
18723691
18726145
18726705
18728545
18765618
18766764
18770222
18770375
18774661
18777272
18786786
18787500
18789596
18789612
18793275
18798030
18800651
18805585
18806143
18806878
18810690
18814486
18817995
18820064
18824269
18824550
18824837
18824886
18827425
18827845
18828430
18831961
18836157
18838233
18838235
18842863
18845834
18849433
18855078
18922720
18923016
18926302
18926647
18929388
18939416
18940359
18942542
18955006
18955101
18975441
18977614
18979997
18984786
18985526
18986776
18995207
19001104
19004580
19009216
19011075
19013228
19016780
19019575
19020369
19022505
19027177
19028885
19031901
19032737
19038936
19047395
19047739
19048978
19049499
19050271
19051024
19057654
19058231
19059295
19060135
19061965
19065640
19078465
19086434
19091493
19093113
19095382
19099102
19109273
19117602
19119013
19126907
19130317
19131114
19133807
19135813
19137534
19139499
19139508
19141746
19144807
19144814
19145124
19145459
19146526
19146576
19146697
19152445
19156420
19159897
19168882
19172823
19175572
19179229
19180462
19186006
19186011
19187155
19188269
19193268
19193464
19195204
19199070
19201956
19204350
19204556
19204799
19207858
19210523
19219503
19225077
19233699
19233923
19239354
19246220
19250702
19252216
19255522
19261776
19264377
19275498
19276052
19280913
19286496
19302308
19303801
19304980
19307664
19321215
19325887
19327856
19335105
19337397
19338684
19341643
19345998
19349086
19349126
19352175
19359059
19362257
19368260
19371286
19372909
19373005
19374350
19376260
19386227
19388907
19391520
19395561
19395739
19396523
19396800
19398539
19403314
19403768
19405113
19405864
19405889
19406591
19409621
19411433
19413882
19414300
19415976
19418251
19420185
19422364
19426272
19428845
19438596
19439365
19439536
19440851
19441901
19442500
19443033
19447998
19454707
19455058
19455268
19457586
19457932
19462429
19467851
19468176
19470169
19477542
19479064
19486288
19486426
19490175
19490829
19495858
19502362
19515009
19525022
19539667
19542259
19543504
19543518
19546364
19553234
19557341
19557615
19560706
19561187
19576745
19576834
19579805
19584507
19589549
19591595
19602288
19608009
19616313
19620376
19620644
19625425
19628609
19628675
19636280
19637797
19641295
19647378
19647502
19652662
19656344
19659671
19660141
19680150
19681269
19681906
19684064
19687616
19688246
19688747
19693302
19700693
19709128
19710090
19712847
19715429
19717251
19719040
19721987
19722133
19723396
19725781
19726970
19735941
19738016
19740629
19745033
19759042
19762787
19762800
19762809
19764462
19764463
19764498
19768110
19770698
19772668
19785844
19787313
19794042
19794046
19803380
19805542
19810181
19811631
19815353
19816784
19824053
19824071
19827095
19827559
19830845
19832692
19832711
19837835
19840617
19841083
19841202
19841504
19846643
19850613
19851186
19851733
19858235
19858582
19861017
19864502
19874136
19878316
19881922
19896745
19906898
19909432
19911881
19911942
19915104
19923028
19923568
19926652
19928663
19929702
19929844
19929882
19930604
19932719
19939720
19945731
19946127
19949112
19956964
19999768
20003702
20003703
20004032
20004067
20005587
20005645
20007815
20007929
20012920
20015556
20015557
20018382
20018395
20023027
20030828
20035164
20035963
20036081
20038535
20046602
20053460
20056546
20060303
20060464
20071249
20076977
20078980
20082257
20089078
20090032
20093685
20093700
20095155
20097017
20097303
20097438
20097817
20099679
20107094
20107965
20113563
20116184
20116185
20121435
20123845
20129683
20129970
20132253
20138615
20147396
20148920
20153536
20154623
20163879
20164247
20167007
20172223
20172423
20181177
20184239
20184248
20188496
20188816
20193967
20202077
20207038
20209361
20219093
20219253
20220096
20224078
20224087
20226572
20226616
20227582
20227841
20229821
20231389
20231398
20335412
20338366
20338426
20338441
20338449
20338451
20347851
20348470
20350295
20350307
20358861
20359345
20359357
20359537
20362733
20363040
20363042
20363569
20363634
20364296
20367240
20377898
20378187
20381185
20383243
20384868
20385417
20385862
20390529
20391389
20392924
20398313
20400245
20401593
20401832
20413229
20429717
20430455
20434222
20436867
20440531
20442521
20443099
20445335
20445782
20445791
20447698
20448064
20451331
20453206
20460836
20465994
20466195
20467183
20467849
20472374
20477790
20477805
20494145
20495212
20498259
20499420
20500204
20502317
20508209
20531046
20534034
20534246
20535209
20542204
20547041
20554817
20558951
20559419
20559561
20560060
20560399
20560444
20571147
20573414
20578547
20579029
20581653
20585983
20587411
20592624
20592831
20592839
20595399
20600507
20605496
20609533
20614797
20615354
20618184
20621319
20627411
20630607
20634331
20635253
20636426
20644310
20646615
20652963
20653991
20654791
20655419
20656861
20656932
20657619
20668140
20682586
20688630
20690571
20693382
20697282
20704508
20706723
20708807
20709834
20710033
20729013
20729220
20735153
20797909
20802185
20807920
20807930
20810779
20817276
20817766
20817803
20819265
20828503
20829338
20832117
20832125
20834001
20835523
20837170
20843418
20846584
20846814
20849364
20851212
20851966
20852162
20852249
20854979
20855006
20857526
20869736
20870759
20870950
20874782
20875096
20879056
20881317
20920537
20925922
20927174
20930105
20939887
20950421
20952064
20952419
20954373
20966261
20969756
20979782
20981205
21029479
21030097
21035277
21036643
21037992
21039785
21043313
21044844
21045400
21047662
21047670
21047690
21051485
21066865
21071087
21075565
21078405
21078437
21082209
21084462
21084512
21084514
21094662
21094751
21094769
21122560
21128323
21141056
21142266
21144251
21147037
21152214
21155954
21159933
21162612
21167073
21167273
21170356
21174738
21178432
21182562
21186677
21188624
21194328
21197224
21199702
21206379
21207913
21209171
21214611
21216466
21217026
21217031
21221802
21222356
21228140
21232808
21232949
21237655
21239557
21239734
21240651
21250954
21254240
21254832
21255839
21256880
21257067
21257421
21258569
21266457
21269730
21269784
21270229
21273083
21273385
21279514
21281678
21281979
21292659
21300776
21302756
21304476
21321071
21324117
21326921
21328105
21332899
21333467
21334452
21341076
21341084
21341425
21350664
21353489
21367439
21369546
21374405
21375889
21381400
21384680
21388558
21388843
21392422
21393190
21393389
21394476
21395543
21395629
21395732
21396201
21398476
21399527
21401000
21404652
21404655
21411581
21418688
21426730
21426974
21429694
21430100
21430104
21437163
21444666
21450348
21460639
21464185
21466641
21468208
21470210
21471350
21477272
21477480
21477870
21478492
21481470
21481549
21484291
21484317
21498200
21506505
21510779
21512209
21513844
21517740
21524342
21526944
21529886
21532791
21533236
21543587
21547261
21549436
21555192
21559197
21565243
21571059
21571445
21571659
21592586
21597988
21601942
21605752
21610001
21612426
21612958
21620785
21624918
21626066
21629653
21631640
21640388
21641939
21643659
21645321
21647343
21647391
21651944
21655438
21664191
21669902
21669956
21673463
21673985
21674316
21683969
21694635
21700053
21701254
21703899
21715021
21719843
21724552
21729079
21730087
21731181
21731758
21734380
21734790
21735859
21738761
21740715
21741709
21741739
21745597
21748484
21748845
21749417
21752474
21756514
21760475
21764383
21772961
21772964
21772965
21774622
21775002
21775077
21776350
21776352
21780028
21781171
21782254
21785685
21787919
21787960
21793647
21795461
21799786
21803626
21807432
21811995
21820926
21821801
21838044
21838046
21838047
21840146
21845186
21851298
21851301
21851718
21851733
21851736
21851739
21851740
21854939
21856097
21856857
21860811
21876850
21879983
21881743
21884035
21887058
21894773
21901631
21903338
21906752
21906820
21908381
21916188
21920288
21920675
21924798
21927844
21929793
21930401
21930402
21935444
21939536
21943773
21950212
21956142
21956280
21958147
21959978
21960887
21961045
21965431
21974816
21980068
21992722
21995339
22003015
22008764
22015242
22015322
22017056
22020712
22023123
22023831
22023832
22023833
22023834
22023835
22023837
22023838
22023840
22023841
22024828
22030370
22032579
22033195
22033392
22033498
22034997
22035107
22040334
22041354
22042560
22046415
22051762
22052399
22053209
22057864
22070826
22077785
22078656
22079343
22080823
22088673
22090404
22092714
22095568
22102674
22104301
22107851
22110958
22117383
22118247
22119262
22128161
22136728
22137681
22138619
22151930
22152937
22158271
22163226
22164200
22170522
22171491
22177729
22178557
22179249
22182648
22184566
22185748
22188784
22193938
22196128
22199005
22204075
22205543
22205814
22209202
22209468
22211394
22217908
22219557
22222908
22227308
22230733
22230736
22233655
22235347
22239946
22240225
22244112
22244115
22245166
22247368
22250455
22252955
22261119
22265661
22280386
22281187
22281327
22283904
22284630
22285147
22285689
22286534
22288592
22289202
22292005
22297421
22301103
22301369
22311604
22313120
22321606
22321859
22322306
22325332
22327466
22328222
22339208
22344183
22347571
22348543
22349520
22350162
22352047
22357065
22360646
22361064
22362535
22362932
22362947
22365199
22365879
22370922
22372323
22382026
22387151
22392927
22393374
22396781
22397939
22407307
22409516
22410245
22415790
22420095
22422516
22437852
22443541
22448504
22451748
22452052
22452054
22455317
22458195
22458196
22458197
22459833
22465798
22465800
22471168
22471411
22472702
22480407
22483355
22486997
22493281
22496492
22496916
22497575
22497872
22506018
22511965
22520833
22525524
22528538
22531123
22533691
22535933
22537638
22541503
22541504
22550970
22551054
22551981
22554363
22570395
22571476
22574483
22581896
22591549
22593240
22610284
22611745
22615290
22628488
22633222
22645152
22646160
22649014
22649439
22649654
22658836
22664188
22666284
22675497
22676720
22682598
22689821
22689847
22693873
22693874
22693875
22699834
22699888
22700349
22700551
22702081
22704136
22705087
22707572
22712883
22720193
22720971
22741579
22742424
22742503
22744719
22747670
22749233
22749292
22751536
22752174
22760148
22762894
22764735
22773642
22778093
22779247
22784780
22784782
22790155
22791475
22792514
22800532
22803574
22807510
22807541
22811740
22831946
22833736
22834098
22844325
22845627
22852105
22857820
22858515
22859521
22868202
22871577
22872445
22878282
22884283
22890814
22890992
22898538
22901469
22901692
22907036
22909132
22912686
22913828
22920888
22921715
22922815
22930805
22933602
22939273
22939786
22939918
22954371
22960697
22964851
22966811
22967705
22979969
22981584
22983845
22983964
22984988
22991047
22993889
22993890
22999522
23000222
23006537
23019158
23019321
23021354
23021748
23028991
23029596
23039965
23045797
23045801
23046164
23047780
23051915
23053885
23054804
23056923
23059355
23060493
23078529
23083630
23100506
23100673
23101011
23102462
23102470
23104838
23105246
23105248
23106497
23107637
23114617
23115040
23121091
23122809
23124157
23133778
23137840
23144339
23146810
23148821
23150412
23158006
23160134
23164429
23166181
23168732
23171694
23175249
23188870
23189567
23194362
23195184
23195767
23196652
23207537
23214123
23221000
23223439
23227067
23227760
23231467
23234447
23235684
23237840
23251834
23261154
23261386
23263951
23265968
23269416
23270597
23274696
23275511
23275726
23275840
23283733
23290384
23292105
23298700
23302439
23315077
23324647
23331691
23332736
23338014
23339684
23344397
23345101
23346002
23347398
23362074
23365141
23365203
23367826
23367830
23374127
23384853
23387370
23388328
23388436
23389934
23390077
23390450
23390963
23400801
23402414
23403790
23408524
23410717
23412200
23415474
23416257
23417080
23419983
23426920
23439580
23441922
23442016
23450860
23454067
23455702
23456204
23456963
23460008
23460009
23460010
23469332
23475045
23475613
23478956
23489049
23492997
23503307
23505723
23505727
23509147
23509800
23513564
23513565
23514271
23517764
23518149
23519342
23528901
23536397
23539663
23540605
23542616
23554206
23554467
23567820
23567963
23568919
23569115
23569518
23574863
23575335
23577895
23578910
23579397
23579554
23582519
23582615
23587160
23588941
23598956
23600627
23603220
23608495
23611487
23618520
23620276
23627352
23627546
23630967
23633339
23637290
23638886
23639474
23647636
23648004
23652903
23658257
23658660
23658774
23664674
23672168
23672176
23676171
23681833
23681897
23683358
23683809
23686265
23688346
23689069
23691111
23696819
23712123
23716075
23716614
23721475
23724062
23725281
23726680
23727801
23738098
23738105
23740728
23742161
23742225
23746054
23750169
23759115
23760686
23761659
23762672
23764198
23777348
23777649
23777650
23780930
23780935
23782278
23791126
23793639
23800860
23810596
23811207
23812206
23815825
23827995
23829301
23834794
23842143
23842543
23850022
23850570
23851084
23885032
23895110
23897995
23898496
23899000
23906775
23906903
23925676
23927602
23932923
23940208
23941112
23946523
23948769
23950909
23951794
23952847
23952861
23955614
23958018
23959717
23970640
23970753
23973011
23973322
23974028
23978306
23979729
23983702
23985097
23986942
23990995
23991261
23992795
23999550
24010539
24014663
24031214
24031356
24031696
24031867
24031925
24034813
24034815
24034934
24048541
24049894
24050078
24054090
24054092
24054995
24059365
24060733
24064561
24065085
24066122
24066914
24075203
24075312
24075795
24079966
24083335
24089453
24091296
24094162
24094504
24095568
24098744
24099491
24100005
24101884
24101938
24103506
24105379
24112552
24113069
24114192
24116177
24124798
24131402
24132604
24136213
24136384
24149865
24155058
24159298
24167547
24175097
24177303
24179240
24179246
24187100
24191301
24194998
24195576
24200370
24204583
24210012
24212568
24218763
24234570
24236749
24239088
24240789
24243647
24246992
24251858
24251904
24252838
24256081
24260398
24261812
24265675
24265956
24270014
24270015
24272032
24274658
24275372
24277915
24280588
24283140
24283143
24283287
24283571
24285818
24298907
24300893
24303220
24320212
24320783
24325924
24333643
24335035
24336794
24337386
24341485
24342091
24345519
24345756
24348667
24349383
24349564
24350627
24352996
24354934
24355714
24359824
24363210
24367720
24369840
24376010
24388366
24388375
24393523
24393710
24406012
24408313
24415928
24422197
24428881
24430455
24433166
24437088
24443711
24445276
24446514
24446580
24448419
24450127
24450835
24455239
24455291
24455399
24455800
24456649
24457542
24460437
24460445
24463974
24466092
24478064
24478415
24478485
24482526
24483019
24484653
24485679
24490931
24494172
24496951
24498788
24501026
24501029
24503996
24506312
24506424
24508556
24516458
24516783
24517283
24522266
24523889
24534783
24548233
24551602
24551953
24556183
24565753
24569700
24572168
24576098
24576494
24578317
24582447
24583426
24589381
24597127
24612016
24612561
24618936
24623626
24624285
24624365
24631899
24632057
24642384
24652818
24657082
24670062
24676594
24679935
24686575
24689051
24690015
24691889
24692773
24695774
24704241
24709266
24712177
24718542
24721207
24721960
24727272
24728142
24729908
24738057
24738974
24740640
24742183
24746151
24746232
24747896
24768296
24788024
24789686
24794166
24797534
24799125
24799632
24808238
24812218
24813256
24814797
24816497
24819128
24829229
24829286
24830306
24833016
24836414
24836563
24836889
24841487
24847157
24852776
24859782
24860792
24860938
24863528
24872517
24880776
24885748
24885784
24886941
24897141
24903601
24903946
24908809
24909079
24914222
24930008
24930699
24930984
24934261
24937215
24948577
24950976
24953953
24961487
24963545
24964836
24966213
24966610
24967387
24967408
24970365
24971191
24979948
24981714
24990793
24996279
24997766
24998461
25017516
25030465
25032299
25036151
25044984
25046636
25064655
25066603
25068291
25070007
25071781
25072030
25072031
25077074
25078851
25085520
25091874
25093868
25095645
25102962
25104101
25111300
25124296
25126398
25128370
25130951
25131955
25135463
25136616
25139793
25144571
25149293
25151881
25155307
25163812
25167882
25169696
25170820
25171916
25177550
25178871
25184428
25190508
25200554
25200769
25217830
25224905
25226393
25226715
25231280
25237653
25241680
25245008
25248984
25250245
25256964
25257350
25264757
25265230
25266993
25269823
25271190
25274140
25277685
25278700
25283009
25283011
25285250
25286654
25294045
25300710
25303510
25315761
25316128
25320903
25335775
25339567
25340838
25346202
25357074
25360421
25360748
25368661
25370496
25372282
25383525
25389085
25390811
25392335
25393520
25400920
25404104
25409670
25410632
25412483
25414700
25422262
25426446
25429289
25429909
25431762
25435881
25438013
25438883
25442011
25444806
25445119
25448447
25451359
25457132
25459140
25464882
25464905
25465568
25465628
25466387
25470304
25473852
25478192
25478257
25480162
25481572
25486772
25491030
25496827
25500374
25500527
25500661
25519798
25521993
25529030
25534737
25544913
25554941
25572753
25575461
25579774
25583453
25588660
25589792
25593095
25593326
25597977
25598492
25598834
25607795
25609725
25619630
25620390
25624335
25632662
25638988
25640532
25643727
25648615
25649944
25651611
25653414
25653718
25657138
25658545
25660747
25663510
25667007
25671431
25672059
25675393
25675595
25675707
25676516
25676519
25676521
25676522
25676523
25679932
25683449
25685567
25685606
25692495
25694667
25699042
25700780
25702170
25705205
25716216
25719473
25719821
25720061
25720593
25727233
25730947
25735458
25737829
25740770
25744432
25753634
25754452
25758076
25763937
25765045
25779310
25788897
25793135
25793551
25795316
25796498
25796743
25797305
25807843
25809926
25817335
25819330
25824129
25826589
25831590
25835090
25843465
25845136
25846671
25848508
25852293
25855555
25856975
25857495
25860214
25861639
25875701
25877879
25881770
25883260
25887191
25889716
25902261
25904509
25915653
25916753
25918909
25920293
25927612
25940844
25945351
25951404
25957310
25971324
25975852
25987622
25989710
25994082
25999285
26010725
26011313
26021493
26023092
26042986
26043821
26048556
26054576
26055640
26056890
26059202
26063469
26066310
26066311
26068042
26074225
26074228
26074241
26075508
26076028
26091672
26091807
26091858
26091904
26092036
26092160
26092254
26092284
26092299
26092382
26092492
26092571
26092587
26092721
26099585
26102291
26112878
26117348
26117376
26142475
26142673
26144891
26147146
26153278
26153833
26155783
26163934
26164087
26169150
26176833
26180799
26180808
26180837
26183541
26185308
26187282
26190523
26192189
26192801
26193778
26195781
26201464
26209386
26213977
26218736
26239907
26244303
26245917
26246077
26252358
26253222
26267094
26267654
26270799
26272435
26272619
26273274
26273282
26279134
26292770
26301206
26304492
26307672
26316142
26320985
26321657
26332641
26338466
26342989
26344005
26360329
26364104
26364975
26365483
26370040
26370227
26380226
26384038
26384699
26391006
26394380
26397297
26400787
26405050
26406237
26407894
26412202
26412530
26415495
26421832
26423052
26432629
26435330
26438676
26439498
26450834
26453465
26454271
26459540
26466012
26474349
26476944
26477110
26477113
26483406
26489148
26496734
26496968
26503229
26504798
26505646
26508935
26513209
26520176
26526547
26535986
26540302
26540585
26546738
26550546
26552123
26555160
26562499
26566535
26571296
26581837
26602949
26603481
26609692
26618564
26619346
26620077
26633593
26635226
26643335
26651929
26655192
26655194
26655200
26663923
26664919
26666871
26671341
26671520
26673830
26675426
26677250
26686721
26686723
26699518
26707618
26712939
26717859
26718145
26719782
26723913
26730151
26739154
26739155
26740021
26753245
26754926
26758809
26776119
26778309
26784959
26785617
26785625
26786331
26787213
26792482
26793442
26793457
26795463
26799551
26799947
26805975
26806446
26808389
26808915
26810646
26811648
26812154
26813574
26815790
26818764
26819735
26819743
26821270
26823205
26824044
26827838
26829883
26831164
26835872
26839771
26840221
26841136
26842846
26848050
26849125
26851860
26857770
26859598
26861696
26871723
26872530
26879482
26883697
26888023
26904899
26913383
26923214
26925966
26926796
26927991
26932223
26935209
26944840
26947285
26952778
26954858
26956729
26957917
26960044
26964909
26967761
26973771
26976549
26985832
26990341
26991108
26991290
26995127
26997636
26997979
27002256
27006704
27008873
27010259
27013348
27019109
27027708
27029383
27035710
27038193
27044158
27049567
27052399
27052849
27065983
27065994
27066084
27074792
27090622
27092563
27093273
27093613
27094147
27094619
27095780
27102525
27107949
27114041
27127920
27129386
27133309
27134484
27136199
27138443
27143493
27144071
27150856
27153120
27154015
27158391
27165342
27178993
27189351
27191473
27192774
27192775
27206734
27207809
27208141
27216051
27216055
27217180
27232273
27234539
27234557
27242228
27242240
27260619
27263221
27263223
27265166
27270559
27279680
27301582
27305900
27307791
27309292
27313293
27315822
27325235
27334632
27335623
27335625
27336236
27336739
27338658
27344917
27350276
27356470
27356622
27368989
27370541
27371585
27373718
27375559
27380997
27383107
27383531
27383726
27387969
27389727
27393550
27406572
27408329
27411405
27416480
27426001
27430867
27440933
27450002
27454254
27465238
27468344
27473543
27477506
27480854
27481640
27489800
27494144
27496043
27497900
27502065
27503657
27513168
27516907
27521525
27529779
27529992
27530019
27542992
27549788
27552790
27552900
27555322
27556033
27559122
27572413
27580332
27580547
27587804
27592427
27597934
27599038
27604146
27610730
27614838
27620657
27623057
27624954
27629965
27638265
27639869
27645908
27648735
27653427
27653506
27664446
27665179
27677657
27681720
27685490
27692718
27694475
27695869
27698169
27704005
27708718
27717600
27720208
27740609
27746449
27748623
27760169
27768633
27771059
27771076
27776258
27777933
27780201
27788025
27790302
27803833
27804902
27806993
27816242
27818776
27822239
27823913
27826888
27829372
27837970
27847024
27856731
27865632
27868301
27872065
27872066
27873855
27876856
27889120
27892873
27901051
27902391
27905994
27907192
27908271
27911922
27915187
27915421
27918379
27923918
27926863
27927925
27931934
27934821
27959960
27974399
27984010
27988836
27992571
27994984
27995864
27997817
28000104
28000919
28010908
28011973
28012493
28031437
28035194
28035898
28040888
28043544
28043554
28043565
28043567
28043568
28043571
28043575
28043628
28043632
28043635
28045086
28053669
28056158
28063416
28069470
28070308
28070460
28077759
28093102
28099547
28101082
28118021
28128073
28130998
28132959
28150579
28155911
28156101
28166858
28169347
28178715
28182785
28194371
28202251
28210245
28219077
28221103
28221106
28221870
28228494
28232435
28234088
28235155
28242674
28245543
28246421
28252353
28252359
28254517
28255087
28265761
28267758
28274129
28275170
28276276
28281163
28283669
28284486
28284609
28284662
28285167
28290221
28291631
28317808
28317944
28318591
28326308
28330892
28333340
28344769
28353080
28356415
28361039
28361818
28363041
28367886
28369361
28377904
28381604
28385000
28387146
28387532
28390237
28397513
28399124
28404681
28406709
28408784
28410676
28416214
28418290
28422564
28422568
28422754
28423094
28424429
28427555
28428297
28429679
28433210
28436433
28444886
28454560
28461147
28472070
28474649
28478210
28481651
28483608
28500949
28501400
28502107
28504089
28504926
28505170
28506264
28507419
28511780
28512635
28515134
28521263
28523203
28524015
28526988
28529461
28529853
28532788
28532804
28532994
28538280
28539556
28541556
28542507
28546234
28547728
28550594
28555497
28558126
28573139
28578219
28579973
28582488
28588573
28588774
28592210
28599612
28600575
28600772
28606745
28608707
28616081
28619015
28619158
28623492
28623935
28629426
28631071
28642876
28646666
28647233
28647332
28649235
28655323
28659320
28659409
28665061
28669383
28671535
28685154
28685630
28687660
28690289
28697587
28702010
28705770
28707081
28708727
28711239
28711256
28711261
28713782
28716203
28717306
28719321
28748197
28751677
28755949
28756811
28765557
28776521
28778324
28779413
28782422
28782649
28787454
28791872
28793869
28798178
28806745
28809146
28817307
28821251
28827075
28827842
28836034
28837070
28839035
28843682
28844207
28851756
28855835
28861054
28862077
28863177
28864882
28875176
28881094
28884331
28906463
28912319
28915071
28918274
28919398
28920166
28920543
28920813
28922805
28922806
28922807
28922808
28922809
28922810
28922811
28922812
28922813
28923675
28928423
28930014
28931915
28941207
28942408
28943322
28947712
28954780
28957464
28958380
28964936
28968457
28984546
28985710
28987590
28988040
28990320
28993032
29017528
29017553
29018441
29021977
29025941
29033435
29042494
29048292
29059250
29081589
29090657
29093379
29097994
29107584
29109952
29120902
29121801
29121939
29129227
29140686
29148187
29157379
29161575
29162355
29164142
29164156
29167222
29171446
29171447
29171454
29173447
29176633
29177395
29185027
29196066
29198678
29203483
29223615
29224863
29233822
29237500
29249318
29250924
29250933
29256823
29259694
29261761
29262802
29274237
29275033
29279791
29284204
29286261
29290299
29297824
29301495
29308085
29310592
29312970
29325687
29343426
29343612
29346118
29352853
29361415
29363285
29366791
29367301
29368654
29368988
29375563
29378709
29379790
29383404
29395439
29401501
29403446
29406081
29409681
29410162
29414321
29417085
29421865
29423382
29431145
29440575
29441757
29445012
29456405
29458660
29460734
29470253
29471363
29472111
29476412
29479518
29483164
29483289
29490418
29499041
29508438
29514687
29516886
29519503
29519720
29532704
29538651
29540214
29552658
29556502
29559108
29570591
29570764
29571512
29573309
29581962
29582340
29584893
29604199
29605343
29606962
29607168
29611647
29615250
29615423
29619321
29622826
29624338
29635153
29638140
29653505
29655556
29657435
29661870
29665029
29665869
29666620
29673985
29674849
29680481
29683417
29685434
29685915
29698503
29700691
29702266
29705392
29705415
29705432
29706338
29718267
29720005
29724184
29724379
29729715
29738302
29740544
29741341
29749791
29753465
29753484
29760127
29760920
29761519
29764749
29770694
29772918
29773279
29774836
29778205
29779777
29780147
29788907
29788939
29788943
29791549
29792942
29803424
29804082
29862956
29865180
29874292
29877739
29885807
29885897
29890558
29897781
29900777
29900897
29906595
29911021
29914678
29914959
29916480
29929361
29936646
29941017
29945244
29946985
29962232
29974632
29977867
29991880
29995617
29997752
29998085
30001739
30005658
30005698
30012759
30012773
30013774
30017080
30024267
30025970
30029576
30031012
30031406
30031737
30042757
30053011
30054229
30054559
30055327
30056168
30063728
30068538
30071547
30071548
30071550
30071552
30071553
30072553
30078591
30078604
30083859
30096205
30104265
30113303
30122477
30126598
30126964
30128214
30128292
30130431
30134761
30168492
30169764
30170795
30172617
30172726
30179655
30184369
30193755
30196833
30197143
30197396
30198502
30200944
30204021
30216086
30219422
30231956
30232132
30235737
30236919
30239615
30259279
30268618
30269235
30278041
30290041
30298542
30300853
30315892
30316607
30318980
30323794
30333411
30338121
30340660
30346305
30347802
30357105
30366835
30371970
30382823
30384330
30386330
30387705
30388995
30390231
30391176
30395572
30396781
30402451
30413193
30413441
30423147
30429139
30449787
30454922
30454926
30472967
30480810
30502829
30503330
30509614
30509718
30514405
30519295
30523201
30531029
30534203
30536542
30540268
30543052
30544526
30544922
30546265
30547753
30548598
30550235
30550488
30550580
30555064
30555775
30559727
30564606
30570475
30573084
30573107
30573310
30574687
30574820
30577290
30580255
30581010
30589698
30591025
30594355
30598398
30605390
30606324
30606802
30616527
30619208
30621890
30625670
30639002
30639623
30642899
30646447
30649327
30658171
30659816
30665395
30673126
30673890
30685589
30689814
30692009
30705454
30711052
30711152
30717247
30733564
30736487
30738572
30739073
30741969
30753511
30757918
30766008
30774666
30782627
30788379
30789130
30794839
30807227
30815272
30816674
30818784
30818787
30819109
30827399
30831227
30834643
30834995
30837992
30838221
30852025
30853131
30869034
30877642
30877966
30885152
30891905
30897720
30902189
30902190
30902623
30909391
30916640
30919207
30925547
30930883
30933021
30934956
30938318
30941606
30948164
30948168
30948407
30961809
30961950
30981481
30995807
31000760
31001241
31002199
31002410
31002806
31003915
31009147
31020618
31022253
31024973
31027778
31039251
31039497
31040561
31047103
31059938
31060445
31066636
31075795
31077825
31084231
31084344
31085120
31085455
31086759
31093923
31094592
31095204
31096696
31096710
31103291
31110045
31111076
31112646
31113920
31116794
31117286
31117976
31118400
31121006
31126067
31128614
31130711
31131569
31132943
31137605
31138497
31145153
31155550
31159249
31159463
31159948
31160677
31164481
31167842
31174546
31174700
31177358
31182533
31190050
31195975
31196162
31197714
31202149
31207401
31210158
31210161
31210631
31211680
31212343
31215507
31216592
31228476
31229664
31229967
31234509
31239192
31247942
31248144
31249631
31249894
31253672
31256694
31258920
31260210
31262760
31266267
31266499
31282842
31287948
31293308
31294225
31301842
31306520
31307667
31308587
31320935
31325018
31332578
31344156
31346134
31349052
31358004
31376456
31378488
31378491
31386788
31399327
31400899
31401536
31402330
31414634
31415617
31417916
31420952
31421107
31421501
31426817
31428360
31429807
31429907
31431630
31437683
31439192
31440223
31446207
31446745
31463098
31467293
31470609
31471363
31478135
31481764
31510911
31513659
31515916
31516230
31516884
31520269
31524561
31530721
31537234
31538923
31541428
31554708
31557171
31562208
31562210
31563303
31563316
31593889
31597322
31597470
31600981
31602293
31604605
31604766
31606209
31611273
31611366
31614819
31615449
31616572
31619467
31619468
31619718
31623552
31624335
31627347
31627484
31632104
31632988
31634642
31638993
31643308
31644315
31656654
31659731
31664931
31666009
31666444
31683552
31694092
31703283
31711459
31720298
31723010
31723678
31733610
31733947
31736632
31744623
31747440
31749666
31756349
31756659
31756892
31759642
31763073
31764970
31766256
31770824
31771516
31772281
31776220
31788366
31791320
31791947
31793754
31794120
31795524
31804330
31807607
31807982
31813432
31817071
31819587
31821718
31822597
31829995
31842775
31843377
31844710
31847834
31851802
31852452
31861845
31863568
31863789
31867444
31876044
31886864
31888785
31895017
31902440
31902643
31915013
31921129
31921151
31936741
31936743
31939254
31939335
31939389
31954692
31954743
31964932
31969876
31970631
31974396
31980987
31982805
31982851
31986933
31993442
31996090
31998267
31999893
32004723
32010116
32014682
32033287
32033399
32035824
32036040
32036778
32037200
32054714
32058021
32062195
32071046
32081976
32082542
32087069
32088530
32088696
32090858
32093770
32100712
32102768
32116435
32117140
32120309
32128256
32132675
32140138
32141249
32147539
32148082
32155771
32160017
32160665
32161236
32167509
32171660
32183458
32183688
32185919
32190712
32192565
32196364
32198521
32204515
32212559
32213718
32214939
32219112
32219781
32226766
32231749
32235244
32243456
32244639
32246047
32247868
32258066
32258119
32274100
32283218
32290379
32291741
32303109
32308162
32308741
32312774
32321630
32322600
32322739
32343090
32345761
32360207
32366737
32368226
32368273
32370226
32370298
32371179
32374770
32375214
32376161
32390963
32402014
32402345
32408506
32408806
32413513
32421543
32426861
32428442
32431712
32438962
32442113
32446754
32460776
32463603
32473130
32474480
32474493
32474494
32476876
32479551
32479871
32482605
32492381
32493198
32500086
32507843
32507892
32521055
32525087
32531827
32534139
32534928
32535303
32545436
32546152
32546888
32547548
32548205
32550717
32552732
32565277
32568050
32582196
32587875
32589124
32592614
32596197
32602203
32603551
32606598
32625604
32628747
32629919
32635236
32635645
32635652
32636299
32640107
32642571
32645105
32649407
32653399
32658834
32665865
32670842
32675804
32676075
32682154
32684455
32709114
32712225
32721164
32722117
32725900
32734074
32743529
32747098
32751435
32756945
32760104
32780937
32781595
32784941
32788530
32791550
32795585
32795639
32797222
32813606
32814943
32817152
32823518
32824162
32825389
32828507
32833400
32842515
32845117
32847517
32849358
32850570
32853674
32859077
32861473
32867087
32869081
32874449
32881863
32881967
32882411
32889487
32895696
32896423
32910814
32912605
32915655
32917357
32927297
32927843
32937940
32938740
32941969
32942915
32957508
32970181
32977590
32979661
32985930
32995570
32995571
33004539
33006577
33006858
33019502
33066018
33069083
33069662
33072191
33074171
33080299
33089484
33092108
33101247
33104218
33107285
33113949
33119237
33121091
33123562
33138773
33147819
33148573
33151641
33154211
33156759
33162087
33172424
33182334
33195541
33198402
33202438
33205182
33212859
33216809
33217961
33222877
33229064
33232602
33239374
33241786
33250497
33253290
33257389
33268779
33273606
33281144
33288634
33291038
33303349
33315933
33317521
33321133
33326356
33327886
33330691
33335916
33336899
33339863
33340756
33346952
33352199
33352715
33352932
33355527
33355531
33357282
33362907
33364537
33371478
33371490
33378524
33383865
33394225
33413380
33423072
33426014
33427803
33431432
33432064
33435591
33436352
33441977
33445689
33450499
33454553
33455766
33468478
33478488
33478585
33480496
33498792
33498865
33509870
33519787
33520738
33522212
33525431
33525485
33525989
33528278
33529202
33542050
33543916
33547057
33552087
33553289
33563837
33565103
33569500
33579100
33585607
33593217
33595792
33597330
33607951
33608108
33612073
33614761
33614764
33618079
33619057
33619731
33622461
33622490
33634383
33644146
33646044
33646137
33649932
33652278
33658880
33659287
33663850
33665595
33667760
33674302
33678157
33682254
33685889
33704868
33707341
33707371
33707372
33713043
33717570
33722846
33723805
33731862
33736686
33745810
33748212
33766415
33766418
33778037
33782507
33789575
33791354
33791865
33809415
33809463
33814150
33815401
33822156
33823816
33825069
33832404
33833831
33840690
33842195
33842578
33846136
33849637
33849661
33857294
33858919
33865452
33886444
33887244
33896860
33896863
33902774
33903101
33907090
33907221
33918066
33921277
33922705
33935740
33943038
33946136
33946162
33957980
33962690
33965832
33966499
33966908
33967121
33969035
33969037
33972258
33980310
33982266
33983941
33984332
33992474
33999797
34006663
34008760
34015496
34019733
34022015
34023615
34024445
34025650
34026885
34030986
34033731
34036184
34039231
34039293
34040595
34041897
34044411
34046936
34049891
34051752
34055946
34059586
34062370
34064882
34065919
34070119
34072327
34078951
34087563
34095337
34102961
34106953
34109231
34119233
34119857
34121004
34125838
34126767
34128873
34153525
34153895
34157319
34158180
34168627
34174432
34175804
34179172
34179537
34184393
34185152
34190009
34199073
34214113
34218259
34227394
34228398
34235649
34242796
34246311
34250373
34253365
34256554
34257997
34261181
34264114
34292097
34293446
34295573
34296547
34308334
34313095
34314150
34332109
34336758
34343749
34347393
34349095
34358682
34359220
34361097
34370719
34383243
34385469
34389250
34391980
34395569
34421917
34431951
34433747
34436489
34442676
34445951
34449805
34451384
34451518
34455309
34468583
34468983
34479810
34479876
34485444
34491803
34492040
34504192
34507015
34513975
34523947
34526118
34538781
34546430
34547663
34549062
34553988
34557091
34558869
34563006
34573535
34576721
34578167
34579234
34582742
34584525
34605365
34607086
34607464
34610556
34610733
34612115
34625181
34628284
34634122
34635747
34636219
34637523
34640599
34641777
34645136
34656348
34665012
34668850
34670648
34670879
34677783
34682125
34683352
34687510
34688259
34691035
34695649
34696193
34700173
34702233
34704006
34706852
34708106
34715220
34717938
34718924
34721525
34726741
34735546
34736012
34758950
34763254
34765203
34767242
34768672
34774361
34776001
34785477
34788375
34793759
34808579
34816400
34820449
34822384
34827750
34827984
34828052
34830423
34832521
34844616
34848184
34851813
34860865
34867961
34872515
34874276
34875659
34876547
34881106
34890958
34899636
34901254
34930036
34942964
34946224
34949834
34959704
34969213
34969429
34970090
34975815
34975852
34985326
34987496
34988253
34992636
34998565
34999246
34999316
35002357
35003619
35008695
35011118
35013532
35019671
35024602
35026383
35033737
35039362
35042530
35046920
35051876
35052896
35071374
35074548
35079921
35085056
35090639
35104319
35106717
35110485
35111692
35111994
35121809
35126991
35133571
35133955
35140106
35151481
35180618
35182850
35198722
35202222
35203150
35203155
35211544
35215214
35219155
35219623
35219822
35228157
35236564
35237018
35245168
35256362
35257162
35261128
35261334
35261625
35266825
35279081
35283816
35293805
35295025
35298694
35301410
35306522
35307176
35320420
35321996
35323743
35328051
35352901
35359676
35369384
35378433
35381037
35395544
35400550
35401965
35405477
35409018
35410994
35421046
35444392
35444957
35448660
35455267
35456138
35464478
35467367
35468795
35469407
35470000
35497960
35499090
35505476
35512300
35534127
35548464
35565579
35568033
35579455
35582484
35582488
35585977
35588087
35590382
35591875
35595085
35596169
35596545
35602010
35604945
35606401
35607719
35625233
35626242
35626441
35627042
35631016
35655048
35659353
35660663
35673774
35675026
35676924
35681807
35682679
35686925
35690602
35690634
35691862
35714493
35715649
35725531
35732596
35733232
35744702
35768763
35780316
35781424
35804298
35811670
35820578
35821058
35821755
35833648
35836160
35839172
35842628
35843026
35849524
35851163
35852339
35855286
35859809
35862353
35863729
35866101
35874747
35875534
35876462
35876492
35883326
35885420
35891688
35899913
35913017
35914904
35915436
35916439
35919853
35920498
35926765
35927759
35943269
35944391
35948855
35950842
35950873
35953991
35959208
35968010
35968017
35968551
35979468
35985099
35988391
35996312
36009811
36026463
36037619
36045470
36045871
36054058
36055833
36056402
36085248
36085278
36100945
36102658
36108548
36114059
36118732
36120867
36122535
36130897
36134755
36144467
36144572
36146481
36161323
36172612
36174743
36191548
36202430
36204645
36208713
36213301
36235249
36243688
36244600
36246323
36249270
36250885
36251154
36254530
36255321
36260440
36263044
36274124
36275033
36279661
36295826
36296196
36298574
36321295
36326247
36329435
36334336
36335889
36338087
36338182
36344075
36349274
36351585
36355539
36355915
36368892
36408678
36409703
36418939
36422342
36428363
36439147
36444485
36444981
36445077
36451841
36452947
36456390
36460310
36463137
36467383
36471577
36477266
36480820
36494632
36496833
36496835
36499141
36503567
36504842
36504856
36505429
36517182
36517817
36532449
36543217
36543648
36551377
36551413
36558758
36566170
36570964
36572823
36574432
36577269
36586121
36586154
36598232
36602769
36609820
36615467
36622171
36626735
36627190
36640546
36647217
36651756
36656029
36656594
36658536
36662342
36671265
36677340
36678131
36678922
36683594
36686637
36699320
36707645
36710183
36713883
36719222
36726536
36729280
36729986
36736578
36740376
36741398
36741407
36748608
36764074
36786088
36792159
36795721
36803647
36812384
36813087
36816022
36816182
36824065
36824340
36830374
36830456
36861203
36866728
36877446
36879621
36893126
36896886
36896903
36911672
36912627
36915598
36918144
36919732
36926764
36946719
36948415
36949959
36975783
36978563
36985352
36990702
37008763
37009016
37009882
37010443
37022189
37024850
37027086
37041044
37048461
37054518
37058952
37065210
37067420
37069180
37071310
37077530
37083882
37086075
37086310
37092383
37105269
37110254
37110321
37110723
37114207
37120137
37123128
37124045
37138915
37153579
37154097
37174554
37174606
37180063
37207173
37209842
37210376
37210419
37212672
37219996
37227627
37235146
37235629
37237778
37238082
37238116
37238123
37243811
37246862
37268476
37269302
37279717
37337988
37338471
37347810
37359562
37363238
37370400
37375022
37376474
37388750
37392988
37406574
37406691
37407234
37419499
37423256
37429053
37448701
37453496
37464437
37479055
37481170
37487314
37488500
37500120
37507915
37508122
37511812
37512960
37512987
37515299
37515806
37520555
37528119
37544036
37554471
37555280
37573888
37577185
37584606
37594284
37600417
37601744
37608053
37619426
37624017
37643149
37651639
37656341
37664586
37665290
37665671
37674341
37680631
37686376
37699740
37710242
37714562
37717608
37721224
37721238
37721470
37724858
37726944
37727920
37734862
37738751
37739126
37741357
37749661
37751982
37754771
37755113
37755627
37758330
37760706
37764992
37775085
37786842
37788406
37788924
37789292
37789445
37794126
37816786
37831271
37832509
37833766
37840858
37843254
37853659
37862563
37863471
37864515
37871989
37877693
37878458
37890218
37890910
37890914
37890915
37890918
37890920
37890921
37894146
37901111
37901833
37904420
37907856
37915853
37918057
37946564
37948736
37952345
37962332
37973540
37992075
37996500
38002737
38003160
38003170
38003795
38020422
38029240
38031649
38033580
38034802
38036299
38040054
38044155
38062133
38062691
38065354
38072408
38078059
38085851
38086472
38097480
38102317
38103753
38133310
38150401
38159133
38160777
38161597
38166070
38167436
38167964
38173086
38182008
38186208
38188567
38190702
38200416
38200776
38200881
38206561
38206690
38222127
38226066
38236032
38239749
38240581
38251347
38254387
38256953
38257721
38259101
38272330
38276158
38277865
38282832
38283338
38285897
38288807
38302060
38304986
38317027
38323833
38328494
38329388
38331177
38332752
38334410
38335721
38340463
38349924
38352038
38352876
38362298
38363108
38369123
38379773
38379925
38380521
38391539
38391544
38393533
38394463
38396118
38399800
38399810
38401245
38406566
38407146
38412947
38415011
38420209
38428494
38430046
38430410
38432559
38441975
38448840
38461931
38468274
38478917
38485676
38487177
38490710
38490711
38495873
38500139
38501867
38502652
38507753
38508335
38508718
38521838
38531967
38534149
38534698
38539946
38540081
38554665
38556005
38558010
38561143
38575801
38577845
38586355
38590075
38600466
38602224
38604553
38605515
38606709
38612366
38624266
38632539
38637716
38644065
38646349
38651140
38651877
38656158
38665082
38666993
38668299
38668343
38684472
38687080
38687260
38696764
38707468
38710903
38711507
38713829
38720140
38726848
38728330
38730328
38732603
38740280
38742044
38754247
38754528
38754821
38756521
38758004
38771046
38771289
38784502
38787174
38787242
38792751
38799288
38804011
38822400
38831791
38838485
38845977
38846029
38846651
38858499
38864070
38867147
38868891
38876204
38880691
38883635
38887711
38889480
38891741
38895731
38896362
38897551
38901242
38908495
38912075
38915887
38916320
38921771
38923553
38927142
38940116
38942800
38957255
38960614
38966854
38971274
38974397
38974997
38977917
38982440
38982539
38985411
38987816
39002035
39003836
39004818
39005723
39012432
39021452
39029593
39037634
39040600
39043935
39051372
39055409
39061273
39062990
39075154
39077245
39078872
39080347
39088528
39097716
39102547
39109876
39113212
39114690
39116763
39117472
39131587
39142123
39144076
39148848
39162916
39170608
39178523
39183044
39185754
39189753
39192961
39194292
39195855
39199994
39203437
39203457
39206099
39209269
39221366
39224237
39226904
39231514
39238885
39241955
39245206
39247045
39252743
39256432
39256717
39257462
39259505
39260017
39261070
39265280
39270086
39277894
39281290
39283017
39293318
39296777
39302550
39306905
39311055
39314608
39318829
39323660
39330767
39334546
39338563
39338972
39348373
39350959
39351172
39352135
39362831
39365776
39366317
39369889
39370133
39373703
39377582
39381756
39385117
39398652
39402079
39407161
39413095
39413777
39423453
39426718
39437880
39440229
39449885
39450337
39452193
39452774
39459014
39459407
39462597
39468637
39468773
39470199
39488697
39490969
39494921
39495674
39497062
39499378
39499859
39537661
39539731
39560788
39562518
39566985
39582505
39596704
