7474336
7559198
7615743
7745296
7747953
7758481
7852587
8347518
8529440
8565418
8588142
8597540
8602781
8607729
8619912
8622113
8645796
8723475
8726011
8758478
8758490
8786625
8793400
8808938
8831036
8851609
8857324
8874082
8874083
8902118
8904371
8904419
8918956
8940219
8953069
8957720
8980763
8980769
8982338
8995819
8997562
8997563
9021216
9025076
9041399
9041412
9044023
9044026
9044028
9058539
9087509
9103617
9106012
9117432
9124855
9145816
9145861
9145884
9154473
9157153
9174542
9184355
9184713
9195070
9202275
9210009
9210666
9210669
9217834
9222065
9222067
9222068
9222227
9228747
9239501
9249199
9257432
9261755
9311838
9351204
9377954
9401804
9401811
9406396
9408157
9410064
9410075
9418252
9420028
9420035
9421322
9457429
9457967
9476869
9488833
9511267
9517932
9531071
9559809
9571744
9574714
9576862
9582746
9593145
9593158
9597387
9597391
9603633
9612606
9630405
9635931
9650943
9663704
9669646
9669650
9675470
9687397
9692603
9707307
9710677
9710680
9717279
9720472
9721966
9727203
9732143
9739032
9741084
9755431
9795306
9811546
9884841
9889610
9892453
9916107
9916907
9919762
9931021
9934544
9949380
9987189
9990473
10024601
10067052
10076113
10078777
10079538
10091030
10099362
10103233
10191222
10221472
10348766
10350386
10364579
10385975
10390247
10404338
10415104
10433163
10439535
10442421
10456749
10466556
10467641
10488171
10488211
10493607
10508008
10508031
10508937
10512179
10523559
10530434
10541909
10555357
10562908
10563756
10580627
10614605
10617793
10619754
10629022
10639352
10650208
10655391
10681329
10686042
10691206
10698765
10698992
10702544
10702558
10722487
10744300
10744364
10747819
10752816
10758874
10768329
10770672
10782291
10788349
10792531
10792670
10797086
10807834
10817705
10817738
10817739
10824027
10833341
10834826
10837454
10853927
10858330
10858348
10862157
10863109
10878514
10879976
10882437
10885004
10918091
10931911
10932769
10953584
10959657
10967602
10986530
11001113
11001264
11017819
11036026
11050448
11054168
11061630
11083639
11084593
11095897
11095997
11100967
11101555
11102404
11105548
11120976
11136762
11137651
11139159
11147060
11158734
11165119
11168159
11171776
11181369
11191226
11200376
11207765
11217974
11217982
11229891
11245333
11249032
11264740
11266301
11279815
11280610
11284945
11292879
11302834
11320451
11320455
11321543
11321581
11330359
11353642
11381633
11403391
11408235
11420340
11420659
11432088
11442564
11442821
11443136
11446456
11448564
11450883
11451526
11456359
11475346
11482606
11501404
11526158
11545481
11549024
11555566
11557478
11574579
11581236
11592630
11593523
11594009
11605808
11678026
11682511
11687317
11694563
11704768
11709330
11714054
11724860
11730046
11740879
11748801
11749954
11766050
11770225
11773088
11783700
11796339
11796713
11807268
11810513
11814764
11815585
11816260
11816968
11823194
11823954
11831473
11845578
11850246
11850282
11851706
11856267
11858908
11863309
11864106
11864130
11866715
11872449
11876827
11886673
11891518
11897072
11897598
11922861
11927425
11928848
11931143
11931169
11934488
11937324
11940588
11942484
11961315
11963375
11967267
11977920
11997719
12002185
12009820
12018671
12019096
12019104
12021798
12022303
12027111
12032611
12032905
12036044
12037085
12065335
12069028
12071094
12074057
12084355
12086488
12109474
12115086
12127712
12131049
12138329
12149325
12153970
12171848
12173774
12185694
12194767
12217732
12218917
12353342
12354883
12363008
12367528
12384340
12392899
12421072
12425885
12435710
12493173
12499224
12507470
12518659
12523620
12525167
12526070
12536991
12543701
12586415
12587628
12588559
12615987
12629630
12630330
12642230
12654758
12658392
12662176
12675904
12686204
12697632
12725356
12727075
12741739
12750843
12752818
12761084
12801097
12807467
12807469
12808082
12820912
12820914
12834367
12848604
12866361
12884060
12904437
12917802
12925132
12931674
12948761
12950050
13678831
14508155
14522108
14522520
14523780
14524651
14555458
14556730
14567255
14572484
14573595
14593466
14600240
14616735
14617343
14649681
14659650
14659658
14669998
14671614
14671932
14677919
14680072
14692381
14693533
14693535
14706082
14719998
14727170
14738239
14739147
14742234
14749340
14751311
14757505
14766838
14872265
14973153
14980298
14981826
14982763
14982788
14991523
15000555
15007872
15008596
15022936
15032419
15039092
15053207
15058194
15059439
15062914
15078532
15114555
15114869
15114888
15116878
15118205
15142709
15155232
15162255
15164966
15175107
15190031
15195551
15227603
15238636
15239690
15254029
15271998
15280297
15291943
15292894
15293897
15316545
15335157
15357563
15360016
15366641
15370218
15379733
15454897
15460530
15463901
15509615
15516471
15518027
15523180
15541798
15565919
15569001
15599467
15599468
15613007
15626417
15627343
15628912
15629227
15631799
15644901
15659541
15661289
15664479
15668022
15673767
15674157
15696223
15698988
15699829
15702051
15729012
15732602
15746341
15752680
15764113
15766609
15767745
15816210
15836485
15861816
15863651
15865277
15880998
15881829
15882456
15900834
15917575
15926067
15927289
15928010
15931631
15940413
15945320
15948605
15949310
15980368
15980369
15991478
15996494
16004946
16012776
16028876
16046195
16050547
16081224
16083723
16088528
16088584
16088586
16105563
16105565
16108916
16131476
16136901
16137849
16151156
16191795
16191891
16196464
16216102
16218639
16220008
16232300
16232716
16233771
16255991
16280243
16290317
16295683
16302111
16307271
16308435
16341641
16349462
16351036
16352734
16381146
16391058
16392338
16395554
16403870
16405721
16409013
16436752
16438476
16448762
16472990
16489411
16493886
16507490
16524407
16535007
16537055
16549511
16565968
16585771
16597633
16604247
16608091
16630014
16686286
16722823
16732810
16734795
16735148
16751199
16760305
16765111
16775751
16781123
16783158
16798705
16808087
16810437
16813979
16822636
16858755
16871995
16896499
16896827
16908188
16938419
16961635
16965377
16978420
16979794
16985448
17005794
17005812
17012911
17021206
17021867
17026755
17028276
17037054
17037072
17040231
17043822
17087095
17088477
17122001
17135443
17140357
17159399
17165837
17172906
17173054
17180381
17194302
17200840
17205693
17216456
17219003
17220304
17235512
17259616
17263848
17267464
17276020
17289112
17294339
17300905
17309634
17319602
17320342
17326042
17334747
17346939
17371537
17385143
17388123
17388313
17393202
17402834
17412898
17414081
17436634
17440710
17440920
17447550
17454909
17458682
17468254
17472677
17487554
17487860
17487947
17488146
17491345
17507509
17512195
17515637
17529868
17553270
17562501
17564985
17571802
17574998
17593853
17594524
17596358
17612187
17655191
17655912
17691780
17692788
17693140
17715376
17715946
17806098
17822663
17827320
17847703
17880766
17901635
17950557
17954700
17965421
17972131
17977451
17980662
17999929
18033780
18033838
18034228
18054205
18073476
18085488
18086856
18087627
18094577
18095231
18157735
18166109
18167265
18178029
18179367
18180679
18182755
18190323
18212097
18216585
18219474
18225640
18230546
18241733
18245240
18253487
18258545
18304632
18312265
18328674
18343741
18357787
18365601
18375797
18390153
18419807
18430943
18456651
18474513
18483755
18500979
18510823
18513913
18550747
18557156
18558447
18560974
18579427
18592278
18611744
18621440
18644963
18653489
18662945
18680952
18681866
18682456
18685005
18701973
18758832
18759227
18769851
18771951
18781925
18792008
18792817
18793450
18800908
18804847
18819980
18820015
18843221
18844996
18848407
18929384
18929602
18931956
18943308
18944395
18944588
18944711
18981261
18988010
18995870
19022643
19024645
19025624
19037515
19040704
19043590
19054086
19060168
19070451
19071216
19071255
19080406
19087204
19104867
19109207
19129079
19133212
19137342
19145264
19146527
19146537
19148575
19160071
19162449
19167827
19186006
19192740
19199922
19208880
19224257
19228413
19232782
19251858
19261796
19280295
19285631
19324881
19325817
19343822
19362452
19364852
19383702
19384035
19393961
19406523
19409577
19414581
19421875
19424563
19429764
19439386
19456831
19460691
19467584
19477252
19505987
19520127
19521074
19527465
19528958
19543944
19565454
19567346
19570210
19574092
19574243
19583515
19587067
19587299
19591992
19619318
19638006
19643774
19659422
19663327
19679597
19684314
19688378
19694760
19702605
19702860
19707602
19713994
19725100
19740710
19747006
19749062
19754926
19758772
19758829
19762476
19769943
19781018
19805554
19818817
19826319
19830198
19831042
19851012
19852664
19874637
19892479
19892487
19895214
19898533
19926255
19937215
19940938
19941686
19954727
20006471
20071366
20080997
20084919
20097818
20118609
20119725
20132689
20141132
20149644
20177726
20217461
20218338
20221726
20232473
20297900
20308302
20332576
20336510
20368399
20374391
20374629
20385866
20387457
20392911
20397035
20409613
20418444
20425134
20426877
20430789
20438328
20449623
20464039
20472404
20488935
20495025
20516589
20526844
20527679
20528935
20537287
20542209
20579775
20583477
20597676
20603591
20605846
20639359
20646657
20684778
20697174
20708754
20720221
20720357
20733020
20736426
20807941
20812504
20815238
20823279
20823539
20861340
20869404
20873485
20873692
20882522
20889901
20937516
20938091
20939265
20951470
20952251
21047004
21055271
21060106
21067327
21092446
21109012
21109184
21112247
21116210
21124066
21124068
21130927
21132427
21172126
21173698
21178795
21182662
21191048
21208831
21211358
21217035
21236725
21245441
21281552
21285902
21288707
21296557
21313916
21320595
21369973
21393173
21393212
21402844
21402845
21404695
21415208
21418656
21419572
21436153
21447012
21449623
21458710
21463773
21463972
21475727
21496124
21503736
21504403
21509476
21513218
21524975
21546584
21575322
21595787
21606009
21617538
21621347
21636078
21637522
21654005
21656194
21670185
21686169
21712420
21719470
21729271
21738470
21763218
21768172
21788613
21792068
21819497
21823382
21849265
21851485
21852522
21861031
21866600
21885260
21887057
21908663
21927719
21930878
21936667
21938252
21942332
21945415
21958090
21969898
21973274
21976944
21983234
21993484
22002857
22006074
22033455
22044359
22057370
22057419
22073545
22083276
22092789
22095134
22096133
22110692
22134647
22135281
22154599
22159885
22164420
22167240
22182219
22188129
22188438
22198738
22203598
22205979
22229574
22232370
22234511
22245400
22252801
22259777
22261174
22264799
22283869
22289105
22293406
22293907
22308752
22318836
22321705
22324935
22328769
22335194
22335615
22336359
22342403
22363438
22379071
22381665
22392897
22414533
22416037
22443137
22446910
22447426
22448004
22449412
22461312
22490582
22491686
22494851
22514424
22529000
22580911
22581609
22585220
22587609
22592739
22614810
22624022
22635245
22658943
22660730
22674905
22689246
22690904
22698885
22702735
22715963
22727544
22746054
22747891
22749053
22755524
22759759
22761957
22795638
22805954
22806109
22817917
22823964
22826624
22864910
22880399
22887661
22909279
22910808
22913775
22923593
22989923
22990659
22993975
22997416
23006759
23014843
23021356
23040236
23053094
23061286
23072320
23077867
23101022
23102461
23113657
23123472
23141841
23144428
23147729
23159562
23160134
23166248
23182212
23201594
23230967
23233998
23236431
23251300
23252209
23264453
23267773
23276548
23289861
23290244
23294530
23295930
23298539
23313122
23318796
23341713
23351308
23357606
23397905
23428818
23429694
23430671
23430766
23449384
23455430
23466175
23485438
23487942
23507283
23509719
23522845
23529345
23532507
23536173
23539472
23553615
23555625
23560788
23566113
23566151
23583504
23599297
23610921
23611735
23620659
23629016
23640079
23640378
23648767
23684390
23690042
23696619
23706828
23708787
23719852
23720963
23727794
23741645
23756145
23757360
23774603
23777790
23778655
23790464
23794602
23801320
23801623
23806622
23808024
23826912
23835182
23840626
23844805
23859846
23867680
23874407
23878815
23888610
23906474
23918406
23957151
23965017
23965814
23970309
23973597
23979761
23998496
24005465
24007899
24010623
24018837
24031359
24050922
24061413
24064132
24083236
24086879
24092793
24117085
24126583
24145530
24148363
24151598
24165191
24168069
24172540
24190336
24195169
24213195
24239064
24251114
24257317
24257754
24270139
24287342
24291585
24294268
24296249
24327089
24331557
24333714
24346607
24357872
24371771
24372798
24395237
24396629
24397046
24400425
24416589
24418473
24420563
24434793
24437409
24438389
24447250
24447641
24458500
24462178
24472137
24498522
24502062
24510848
24513459
24530922
24535696
24573013
24582580
24586389
24588423
24596716
24598919
24601198
24603491
24604648
24627266
24628242
24630306
24632983
24655444
24667348
24672175
24679558
24690894
24693536
24696136
24725655
24728574
24755510
24767358
24769700
24777091
24781003
24798098
24808176
24812214
24819258
24836944
24837376
24856078
24866561
24885173
24926059
24951597
24954328
24961605
24970342
24980571
25026371
25048031
25054498
25081988
25088888
25092711
25102221
25102909
25106514
25116665
25134721
25139838
25140768
25158515
25165124
25170244
25173861
25176215
25176584
25202682
25232990
25234281
25241629
25243757
25252064
25257598
25258273
25259784
25266870
25278429
25285537
25293429
25300664
25303196
25310547
25329577
25333430
25348526
25351266
25352627
25356348
25371512
25375244
25380873
25382482
25383040
25383937
25390933
25441256
25447194
25456893
25462188
25462807
25463386
25467269
25468893
25477328
25480754
25511594
25517897
25520170
25523727
25538701
25551459
25565628
25572796
25576410
25580541
25580768
25585163
25592000
25596573
25608105
25610201
25618260
25633890
25634638
25640914
25643274
25653948
25654114
25656812
25684706
25685397
25697664
25700397
25700814
25706729
25706987
25715262
25722039
25729729
25741425
25753190
25781206
25789125
25830686
25830929
25846404
25851069
25856407
25863354
25873912
25881770
25883296
25887489
25888294
25889261
25915643
25918140
25918144
25925975
25926824
25948367
25952049
25957243
25963003
25985315
25989175
25995646
26004714
26008926
26022365
26029670
26040993
26061914
26067959
26071518
26090257
26110061
26115679
26136728
26138023
26139084
26167850
26169274
26175724
26201074
26203598
26208218
26224456
26236302
26261001
26276674
26282431
26284046
26324280
26335566
26344220
26363318
26364729
26369277
26383012
26388847
26388863
26401445
26429801
26430939
26441885
26441887
26468367
26472823
26472828
26498965
26524439
26527890
26537602
26539164
26551572
26559260
26627340
26628804
26635765
26638549
26644380
26645269
26647809
26653171
26659682
26666234
26684012
26696982
26698119
26732008
26746720
26762496
26770555
26771922
26774914
26787686
26801080
26815434
26830989
26832758
26836809
26859493
26869996
26872817
26873318
26876282
26876747
26886594
26896499
26896861
26897699
26904146
26913076
26918735
26929093
26952038
26952084
26953203
26962447
26966198
26971712
26974534
26976867
26999818
27001262
27002476
27007167
27014232
27025548
27050794
27077933
27094680
27100655
27108374
27112832
27117245
27117514
27120170
27125750
27129967
27139464
27156214
27159404
27174285
27180602
27183359
27185551
27207483
27219076
27231904
27236224
27238740
27242375
27257956
27263519
27263526
27270571
27281995
27291285
27294684
27297475
27298079
27303030
27310255
27319803
27326758
27346471
27358626
27377440
27405358
27415821
27420384
27437155
27446008
27458712
27476592
27478029
27478443
27482891
27487824
27495046
27496417
27497135
27499852
27504548
27506232
27513272
27513575
27528088
27534136
27540065
27551008
27552791
27572416
27574827
27598555
27607928
27622948
27627819
27660769
27690475
27696161
27696900
27703329
27710929
27730363
27746770
27751311
27756813
27757793
27769905
27798695
27822692
27833412
27833606
27835761
27848015
27853518
27861524
27870863
27873694
27881616
27907871
27923523
27940061
27981921
27994915
28000030
28004139
28018304
28032486
28090041
28096160
28096165
28098548
28102223
28127392
28133457
28148263
28158732
28166618
28169397
28171692
28180003
28193669
28194876
28205160
28209833
28223380
28235876
28251535
28257816
28264910
28273965
28273966
28275097
28284526
28287494
28291834
28298316
28318778
28324344
28330112
28341098
28358745
28367030
28374901
28377637
28437463
28438317
28439603
28440853
28442539
28451946
28464580
28473944
28484160
28488744
28502480
28509153
28514306
28520867
28567625
28569336
28588123
28599639
28602707
28630181
28648289
28652234
28656410
28666755
28669016
28674688
28680041
28688829
28701159
28703780
28706609
28721477
28750627
28756169
28760634
28764775
28771133
28771141
28782646
28784669
28810329
28815999
28820086
28821244
28837770
28838854
28840460
28861062
28861525
28876489
28893914
28894400
28894437
28902008
28936955
28938875
28943144
28948958
28949279
28953600
28960713
28964955
28965241
28984234
28988383
28989412
29040083
29054663
29059308
29062306
29077064
29084698
29095153
29096346
29133644
29138446
29138886
29141235
29152974
29155201
29158270
29158893
29161992
29167539
29170656
29186015
29203487
29204731
29215356
29224313
29224317
29230684
29233457
29233759
29234354
29240495
29250041
29252617
29254478
29254843
29269358
29288646
29291642
29307014
29310479
29314745
29316517
29317840
29319523
29321021
29331006
29331660
29334060
29334074
29338931
29350131
29369229
29373498
29384621
29387737
29392382
29393564
29401523
29405136
29408828
29410368
29413513
29413920
29422767
29438314
29445273
29456971
29459431
29462315
29488120
29496826
29502257
29506377
29518133
29536463
29555894
29556427
29559421
29563909
29573672
29575970
29605188
29609854
29610195
29611898
29631210
29632524
29634621
29635772
29638210
29663550
29673561
29694709
29725253
29726742
29727134
29728008
29738230
29740543
29748104
29754971
29755435
29760139
29765358
29768625
29769279
29770011
29770716
29790674
29794246
29797399
29799387
29843675
29844045
29848315
29859183
29872607
29874301
29887018
29898509
29912484
29920041
29925240
29925793
29930030
29941535
29944507
29960008
29960205
29966671
29969787
29973024
30009245
30015451
30016231
30016739
30024969
30026732
30030887
30031482
30036694
30046642
30051317
30053835
30060117
30060346
30084764
30094360
30097057
30097388
30101922
30103808
30105271
30111925
30112146
30115820
30116379
30123815
30124833
30126958
30150476
30155670
30168098
30177110
30177956
30189551
30209941
30212051
30219056
30240837
30251788
30265441
30271184
30273348
30277765
30304219
30323050
30332675
30336969
30357343
30364539
30367003
30403553
30415001
30420442
30421302
30422737
30423039
30426331
30439311
30448331
30464547
30465891
30467663
30471402
30471785
30478705
30481922
30483485
30519224
30522419
30524420
30529240
30533649
30533889
30542331
30574124
30584602
30616452
30619230
30620529
30620748
30627485
30633555
30642989
30663892
30673494
30683034
30684744
30685333
30695538
30708122
30712199
30719330
30735325
30741162
30745379
30746829
30762152
30837964
30858212
30864042
30864883
30866602
30894628
30895213
30896323
30918454
30934008
30945726
30956158
30974814
30987359
30987581
30991961
31013936
31021024
31021333
31022884
31023803
31029964
31039886
31042867
31044250
31045617
31057523
31058792
31083210
31086945
31103032
31109991
31130079
31146691
31159258
31164466
31166553
31187401
31190304
31191502
31194061
31235638
31261656
31262762
31265978
31266860
31277560
31289826
31304216
31317283
31328496
31346014
31349560
31369109
31370382
31380192
31381532
31383664
31414749
31427295
31427300
31430538
31442862
31451421
31453265
31462215
31469336
31471361
31492646
31505224
31513643
31513674
31516355
31520854
31558640
31572313
31579342
31579442
31591126
31611364
31617838
31624175
31630178
31639547
31642950
31645832
31658838
31660864
31680042
31682878
31686323
31689866
31691173
31698928
31702630
31712205
31719013
31719813
31719958
31722262
31724042
31724043
31724045
31724049
31739205
31748318
31749787
31752976
31761453
31762628
31773806
31777284
31780289
31791809
31798552
31798564
31814964
31819544
31825977
31834439
31843689
31843999
31846104
31849874
31849882
31849910
31856722
31858443
31864284
31886141
31886220
31893290
31896654
31896658
31906465
31912400
31930884
31932213
31932329
31940771
31941869
31957553
31963877
31969772
31973583
31979375
31994633
31997661
32014291
32016126
32017761
32018197
32022742
32052662
32062978
32065821
32066012
32071053
32080131
32081522
32087024
32093695
32114219
32131413
32133303
32144075
32146938
32161586
32172445
32183842
32189337
32192009
32193235
32198168
32198174
32226119
32226914
32240707
32257418
32275146
32275749
32277821
32297090
32310301
32311503
32321782
32326546
32341346
32351636
32364820
32382158
32407477
32438143
32443249
32443698
32446686
32462047
32470274
32478618
32484804
32487742
32505231
32509624
32512947
32522005
32527522
32531498
32544947
32547125
32554788
32560629
32566630
32571820
32576241
32582100
32590357
32591806
32600270
32603551
32610183
32625184
32640165
32648520
32653516
32664682
32670234
32684338
32687670
32700154
32710700
32712361
32714611
32715316
32724094
32727829
32748076
32759054
32762185
32763931
32763932
32767781
32776804
32781790
32798808
32799217
32807092
32820691
32850503
32857857
32862228
32864382
32867740
32872611
32876914
32882851
32889778
32891878
32900683
32902135
32903451
32912165
32928733
32928739
32941593
32979903
32993493
32994902
32999081
33011310
33013789
33019620
33042868
33054754
33057439
33064916
33068441
33068542
33068575
33078219
33080896
33093055
33094334
33096229
33097233
33097507
33101483
33108474
33123497
33137534
33139281
33151759
33155156
33162950
33168603
33179060
33180891
33194523
33214406
33230628
33231154
33242675
33255864
33258754
33285370
33295480
33305800
33315762
33319730
33320761
33324354
33328372
33352932
33360150
33375493
33378222
33382839
33387722
33402956
33416222
33418325
33431476
33437492
33448742
33454215
33460740
33470844
33471272
33482916
33486459
33497694
33500210
33516796
33526491
33536173
33541244
33558287
33561503
33572806
33603062
33610638
33618662
33625272
33635186
33657716
33671687
33679134
33684520
33690209
33707323
33709380
33734193
33739413
33759550
33777425
33781536
33782323
33808547
33811013
33822096
33823721
33826489
33839335
33846449
33848881
33849512
33857127
33879237
33914091
33918374
33919046
33923439
33934133
33953262
33962920
33982273
34006614
34011524
34031052
34039910
34043457
34043709
34052250
34058337
34060899
34062210
34077286
34084593
34098663
34102825
34111650
34134418
34136819
34140329
34145106
34146624
34147569
34151959
34157750
34163458
34168627
34182776
34183701
34187706
34188495
34190573
34199787
34199988
34204897
34212183
34220780
34222146
34223140
34245025
34252021
34256136
34264096
34267450
34274538
34280083
34294185
34298176
34310559
34312142
34314476
34329426
34329792
34332526
34333822
34354181
34354539
34356783
34357428
34358563
34358816
34360847
34365056
34368727
34374953
34379989
34382826
34384380
34392797
34397312
34402055
34403940
34405012
34410858
34435871
34442021
34449693
34457314
34475669
34491809
34491892
34502284
34503920
34512577
34523979
34525765
34526714
34529112
34542637
34546967
34551475
34554546
34558469
34573959
34576735
34584503
34628478
34631110
34633850
34633868
34637298
34656832
34660763
34665899
34680757
34680807
34683349
34683650
34685994
34687280
34689464
34694251
34700290
34703764
34707354
34709057
34711270
34712613
34714443
34725749
34736990
34747449
34767048
34777703
34790588
34792292
34801285
34807757
34810033
34812302
34814569
34815596
34817285
34825643
34825962
34827247
34840805
34841305
34845583
34849535
34850749
34852682
34856482
34864936
34890712
34895166
34900429
34910751
34921876
34939673
34943143
34950677
34965085
34982238
34996812
35006552
35007135
35008587
35032967
35044941
35053103
35066197
35096930
35097154
35098907
35112996
35121163
35124355
35134195
35150899
35156034
35163052
35163889
35170744
35171007
35175122
35203795
35204818
35205161
35223235
35225669
35225674
35243810
35251867
35254110
35258338
35262394
35273579
35285252
35285692
35286172
35289853
35294769
35307481
35314727
35315145
35319245
35319268
35320429
35336082
35355469
35359724
35368516
35377170
35402576
35409223
35415194
35436577
35439597
35449666
35458438
35467385
35471093
35477574
35484966
35499340
35508743
35510862
35512342
35529051
35530774
35531475
35549675
35549857
35569725
35572702
35613352
35613999
35618058
35620111
35622520
35623127
35633495
35636346
35642452
35647692
35658602
35660283
35671798
35675341
35683471
35693849
35697209
35698179
35698209
35701725
35717537
35720255
35727096
35727902
35736029
35738384
35739716
35740183
35745475
35755768
35759053
35763100
35763306
35771141
35780912
35786775
35797710
35809467
35837774
35846483
35847093
35852985
35859161
35862926
35862943
35862984
35862995
35865914
35868456
35872369
35875527
35884215
35891807
35893262
35897129
35903579
35913917
35944325
35954765
35982474
36001340
36014437
36033842
36037789
36045483
36046746
36058313
36058853
36059241
36069448
36069904
36073872
36085322
36097311
36099720
36101423
36101486
36131672
36134141
36138639
36140042
36144528
36146962
36148462
36149500
36154614
36158110
36166166
36193981
36197525
36242679
36245589
36255299
36260443
36271327
36282894
36289278
36290010
36297651
36297798
36306237
36317007
36328637
36337356
36337928
36344073
36350132
36358112
36366996
36367005
36369794
36377397
36387450
36416200
36419777
36425995
36432105
36438873
36450742
36453898
36453931
36472421
36472717
36478859
36500326
36504008
36513320
36520861
36521275
36522272
36532453
36544378
36551445
36552347
36557704
36557759
36566836
36568834
36590414
36598237
36601400
36625029
36633414
36640262
36644590
36677442
36678427
36688641
36699730
36700630
36705390
36722304
36729340
36738243
36748431
36757342
36760503
36764214
36775899
36791847
36795557
36806991
36819033
36826989
36830297
36830320
36830331
36834512
36838406
36842198
36853056
36854720
36857616
36892308
36892794
36897754
36906172
36924941
36934050
36934053
36942066
36948945
36963922
36969284
36971808
36976651
36980413
36980438
36985224
36985356
37047008
37054391
37064968
37070979
37080129
37089375
37096535
37101265
37106518
37107147
37110388
37113204
37120413
37124072
37125743
37149031
37154746
37159895
37160492
37173556
37188241
37195181
37198688
37199104
37202377
37202846
37207925
37209112
37235435
37237767
37237813
37272237
37272812
37278862
37283194
37283640
37284772
37285121
37285926
37306591
37309731
37322293
37326281
37331064
37338382
37338625
37342731
37343808
37346891
37364436
37370310
37374970
37375076
37378358
37378537
37392205
37396304
37396351
37405486
37405903
37406060
37408643
37422431
37426699
37458918
37462214
37463564
37477972
37478472
37505441
37506149
37507660
37515790
37520451
37521091
37523574
37533762
37546546
37548375
37549577
37559639
37574492
37581163
37584548
37597749
37606919
37615040
37619913
37625295
37630455
37660098
37666449
37692920
37705512
37706093
37712562
37725894
37728793
37748387
37752596
37755008
37755512
37775770
37776160
37786852
37787542
37793258
37811587
37812415
37819084
37820911
37831202
37838475
37846568
37864309
37868883
37879452
37882320
37886813
37906167
37918082
37919104
37921464
37922698
37923680
37926273
37930069
37936207
37942787
37946158
37955756
37975665
37984108
37985857
37993692
37994018
37997871
38004610
38008776
38021178
38021834
38022178
38027800
38043636
38046047
38051338
38058659
38064406
38089814
38094627
38097039
38099453
38124149
38128408
38132567
38133331
38134316
38135742
38136714
38140696
38144226
38144242
38156302
38166702
38170259
38178025
38189285
38197456
38202647
38237809
38240988
38248950
38256349
38256422
38257875
38258553
38268426
38268792
38273092
38274738
38275953
38280761
38289132
38294556
38296539
38303387
38304722
38319117
38323246
38330817
38334879
38336228
38348183
38357653
38366561
38387957
38393318
38395219
38408821
38411052
38415099
38417508
38419370
38423425
38436567
38441614
38453704
38460975
38461372
38469346
38501138
38504262
38523318
38525229
38546016
38552878
38558277
38561038
38565980
38582189
38583614
38585053
38589747
38590604
38592977
38596648
38601790
38612702
38622589
38626173
38633400
38633723
38635685
38647840
38667006
38672874
38673547
38675466
38682784
38685088
38685413
38686733
38687957
38690371
38691179
38704453
38707844
38729689
38736016
38738566
38741741
38744734
38747599
38750746
38750966
38754618
38763203
38764050
38780228
38787221
38790062
38792751
38806313
38809496
38814789
38818456
38821443
38832773
38842502
38854979
38855763
38865328
38883406
38886658
38886759
38896367
38897118
38903940
38904883
38909685
38912203
38914597
38927219
38935081
38946894
38954394
38955164
38970754
38980073
38981951
38990473
38992450
38993489
38993894
39005575
39008574
39029506
39043487
39053683
39061259
39061286
39069795
39078906
39082087
39082485
39084792
39108079
39113195
39130395
39134296
39158279
39158301
39160845
39161549
39168334
39170605
39185190
39196988
39197199
39200029
39231185
39239913
39247035
39250672
39257423
39260187
39297907
39314239
39320520
39338450
39342844
39349986
39352652
39355265
39358950
39360101
39361520
39368626
39372359
39373949
39380784
39393928
39429278
39432141
39442755
39443504
39447230
39451040
39452187
39464855
39464858
39471038
39479381
39483044
39484079
39489766
39492695
39499398
39515476
39515535
39522099
39528453
39548989
39551377
39553640
39560386
39566603
39584452
39586542
39592637
39611832
