17439656
18523192
18547668
19141034
19220739
19346021
19370062
19415974
19625097
19664834
19720416
19729216
19748571
19821740
19852808
19903401
20038705
20118366
20141947
20181403
20202345
20206918
20221447
20492304
20501034
20501035
20501047
20529408
20543055
20546416
20576302
20625206
20640509
20684949
20692652
20719304
20724016
20809254
21074886
21111503
21114424
21204702
21239552
21245266
21255207
21293857
21296933
21296934
21311921
21333138
21402424
21477471
21497932
21536261
21551359
21567153
21601887
21656137
21656805
21665195
21682589
21752606
21788941
21826162
21859256
21872958
21888801
21902917
21902929
21918371
21931999
21933417
21952538
22023990
22042210
22138395
22182052
22186046
22186061
22192181
22221523
22221600
22225983
22237982
22247170
22353600
22443682
22447597
22447602
22468634
22492925
22564937
22570242
22578769
22591548
22642665
22661070
22706064
22733879
22770741
22771511
22805969
22843579
22856579
22884171
22891917
22900597
22900603
22947463
22953752
22963906
22978236
22989171
23043820
23056510
23089182
23166229
23166242
23199494
23280972
23314366
23317855
23332848
23335773
23371297
23409275
23414256
23434833
23441915
23497209
23498180
23516209
23523946
23541197
23574407
23611609
23643134
23666632
23706082
23707735
23793637
23873391
23883411
23924352
23948241
23957146
24010592
24032028
24042002
24072871
24102218
24115548
24138203
24165138
24184907
24271174
24387862
24413596
24435860
24466219
24501447
24506312
24549330
24568164
24627567
24667315
24705602
24776603
24837831
24878566
24910715
24928110
24929712
24938485
25010279
25062020
25090605
25103765
25199281
25240186
25262184
25282420
25332122
25340538
25416126
25450634
25530808
25555751
25562731
25581184
25603362
25653214
25704298
25723620
25723712
25724954
25754196
25759137
25763038
25828706
25831501
25855303
25911470
25915804
25950947
25951398
25974656
25984509
25998813
25999578
26023200
26038912
26048942
26070668
26074237
26100713
26132635
26187843
26192088
26228457
26254535
26312374
26319718
26327241
26338122
26342306
26373181
26380247
26384977
26387017
26388777
26436411
26438044
26440735
26441869
26448305
26449318
26481623
26497465
26513253
26546912
26547009
26567034
26579100
26613918
26616163
26616929
26617581
26627860
26734593
26748923
26751178
26850303
26886843
26893037
26919471
27013041
27033528
27058430
27092128
27148223
27155844
27163653
27166227
27238936
27242749
27273065
27318267
27337492
27382050
27415761
27423950
27460095
27470276
27494169
27494415
27502448
27564119
27569886
27637944
27715454
27721500
27771087
27800308
27831749
27834695
27855074
27857539
27858378
27878485
27889170
27939131
28012621
28012985
28057934
28088406
28092156
28115890
28221877
28232819
28233814
28258294
28273858
28280689
28286570
28293226
28303125
28350183
28355995
28400011
28403572
28436829
28443611
28460269
28546117
28581334
28590745
28600447
28621584
28638850
28650523
28653977
28659555
28694793
28711508
28727679
28755939
28771073
28774978
28784519
28807101
28855471
28863970
28873731
28888603
28967207
28979257
29033925
29085341
29089940
29173639
29204140
29232176
29234307
29270766
29328809
29339761
29341217
29394356
29428742
29459854
29468996
29477536
29501338
29520858
29523551
29550737
29556252
29593704
29594632
29650569
29672137
29689748
29800825
29922254
29924927
29927318
29941806
29954347
30023625
30024862
30108565
30117756
30154778
30263395
30263819
30289270
30304643
30316605
30319560
30334728
30405562
30408018
30416493
30446557
30508474
30542333
30550840
30638998
30716944
30789137
30835279
30842765
30854338
30870985
30881186
30902861
30982317
31000047
31010122
31029030
31050248
31074758
31122100
31135183
31202302
31218652
31278304
31294175
31333604
31387931
31404630
31413422
31428359
31459983
31525298
31555228
31685860
31702399
31703870
31726673
31727706
31790340
31881843
31888256
31911211
31925678
31998590
32000117
32017844
32036894
32047250
32076598
32078682
32111217
32145848
32156398
32209170
32210926
32274932
32295191
32310746
32357285
32391531
32397488
32567007
32579054
32582128
32622191
32655500
32703991
32707941
32751361
32802566
32818765
32846586
32861498
32918643
32948264
33035315
33101235
33114404
33122419
33157215
33159441
33166474
33199393
33233087
33233222
33241327
33312554
33329502
33350238
33374633
33379250
33455767
33459158
33547812
33613472
33663822
33677554
33716184
33774683
33794866
33875213
33884389
33927454
33928676
33990519
34044785
34048109
34053539
34109439
34119116
34132724
34157953
34163451
34171399
34187119
34190008
34196749
34200306
34248908
34264101
34276629
34295324
34323364
34354686
34379995
34402641
34416955
34489375
34531051
34574108
34601635
34608649
34634739
34644165
34704733
34835462
34882220
34908438
34952411
34980413
35042553
35058898
35082065
35154691
35253831
35271389
35279852
35337579
35435719
35435968
35447050
35454680
35588155
35602061
35615519
35616722
35640339
35659353
35661553
35666843
35668537
35672451
35711752
35716925
35722296
35722305
35751041
35797964
35838158
35840406
35858752
35889115
35910651
35960953
35962856
36009957
36039996
36049732
36057786
36076838
36076869
36104368
36145205
36173309
36200147
36227094
36235238
36335546
36357206
36377894
36496708
36496717
36527491
36536569
36553859
36626728
36626731
36644965
36659272
36681390
36688780
36733775
36738023
36777432
36862331
36862586
36963724
37105876
37142063
37166299
37177600
37183940
37215595
37218442
37233845
37237754
37238789
37238798
37261036
37382536
37391100
37423385
37444309
37458600
37512555
37610257
37635301
37654434
37669036
37678039
37689848
37689917
37725340
37747248
37750707
37761113
37803569
37803782
37818754
37835299
37856143
37857020
37893766
37919015
37935393
37956852
37981356
37981373
38004760
38112720
38126106
38137986
38225116
38234712
38250499
38265446
38275326
38289135
38351361
38351917
38496949
38514864
38519033
38540861
38546834
38619494
38707387
38752114
38909488
38930565
38945560
38953659
38963769
38982485
39025261
39084684
39165163
39178661
39228788
39248490
39272551
39272573
39288568
39289306
39297664
39393260
39411444
39423521
39445484
39456396
39457406
39506633
39513709
39515706
39522468
17439656
18523192
18547668
19141034
19220739
19346021
19370062
19415974
19625097
19664834
19720416
19729216
19748571
19821740
19852808
19903401
20038705
20118366
20141947
20181403
20202345
20206918
20221447
20467249
20492304
20501034
20501035
20501047
20529408
20543055
20546416
20576302
20625206
20640509
20684949
20692652
20719304
20724016
20809254
21074886
21111503
21114424
21204702
21239552
21245266
21255207
21293857
21296933
21296934
21311921
21333138
21402424
21477471
21497932
21536261
21551359
21567153
21601887
21656137
21656805
21665195
21682589
21752606
21788941
21826162
21859256
21872958
21888801
21902917
21902929
21918371
21931999
21933417
21952538
22023990
22042210
22138395
22182052
22186046
22186061
22192181
22221523
22221600
22225983
22237982
22247170
22353600
22443682
22447597
22447602
22468634
22492925
22564937
22570242
22578769
22591548
22642665
22661070
22706064
22733879
22770741
22771511
22805969
22843579
22856579
22884171
22891917
22900597
22900603
22947463
22953752
22963906
22978236
22989171
23043820
23056510
23089182
23166229
23166242
23199494
23280972
23314366
23317855
23332848
23335773
23371297
23409275
23414256
23434833
23441915
23497209
23498180
23516209
23523946
23541197
23574407
23611609
23643134
23666632
23706082
23707735
23793637
23873391
23883411
23924352
23948241
23957146
24010592
24032028
24042002
24072871
24102218
24115548
24138203
24165138
24184907
24271174
24387862
24413596
24435860
24466219
24501447
24506312
24549330
24568164
24627567
24667315
24705602
24776603
24837831
24878566
24910715
24928110
24929712
24938485
25010279
25062020
25090605
25103765
25199281
25240186
25262184
25282420
25332122
25340538
25416126
25450634
25530808
25555751
25562731
25581184
25603362
25653214
25704298
25723620
25723712
25724954
25754196
25759137
25763038
25828706
25831501
25855303
25911470
25915804
25950947
25951398
25974656
25984509
25998813
25999578
26023200
26038912
26048942
26070668
26074237
26100713
26132635
26187843
26192088
26228457
26254535
26312374
26319718
26327241
26338122
26342306
26373181
26380247
26384977
26387017
26388777
26436411
26438044
26440735
26441869
26448305
26449318
26481623
26497465
26513253
26546912
26547009
26567034
26579100
26613918
26616163
26616929
26617581
26627860
26734593
26748923
26751178
26850303
26886843
26893037
26919471
27013041
27033528
27058430
27092128
27148223
27155844
27163653
27166227
27238936
27242749
27273065
27318267
27337492
27382050
27415761
27423950
27460095
27470276
27494169
27494415
27502448
27564119
27569886
27637944
27715454
27721500
27771087
27800308
27831749
27834695
27855074
27857539
27858378
27878485
27889170
27939131
28012621
28012985
28057934
28088406
28092156
28115890
28221877
28232819
28233814
28258294
28273858
28280689
28286570
28293226
28303125
28350183
28355995
28400011
28403572
28436829
28443611
28460269
28546117
28581334
28590745
28600447
28621584
28638850
28650523
28653977
28659555
28694793
28711508
28727679
28755939
28771073
28774978
28784519
28807101
28855471
28863970
28873731
28888603
28967207
28979257
29033925
29085341
29089940
29173639
29204140
29232176
29234307
29270766
29328809
29339761
29341217
29394356
29428742
29459854
29468996
29477536
29501338
29520858
29523551
29550737
29556252
29593704
29594632
29650569
29672137
29689748
29800825
29922254
29924927
29927318
29941806
29954347
30023625
30024862
30108565
30117756
30154778
30263395
30263819
30289270
30304643
30316605
30319560
30334728
30405562
30408018
30416493
30446557
30508474
30542333
30550840
30638998
30716944
30789137
30835279
30842765
30854338
30870985
30881186
30902861
30982317
31000047
31010122
31029030
31050248
31074758
31122100
31135183
31202302
31218652
31278304
31294175
31333604
31387931
31404630
31413422
31428359
31459983
31525298
31555228
31685860
31702399
31703870
31726673
31727706
31790340
31881843
31888256
31911211
31925678
31998590
32000117
32017844
32036894
32047250
32076598
32078682
32111217
32145848
32156398
32209170
32210926
32274932
32295191
32310746
32357285
32391531
32397488
32567007
32579054
32582128
32622191
32655500
32703991
32707941
32751361
32802566
32818765
32846586
32861498
32918643
32948264
33035315
33101235
33114404
33122419
33157215
33159441
33166474
33199393
33233087
33233222
33241327
33312554
33329502
33350238
33374633
33379250
33455767
33459158
33547812
33613472
33663822
33677554
33716184
33774683
33794866
33875213
33884389
33927454
33928676
33990519
34044785
34048109
34053539
34109439
34119116
34132724
34157953
34163451
34171399
34187119
34190008
34196749
34200306
34248908
34264101
34276629
34295324
34323364
34354686
34379995
34402641
34416955
34489375
34531051
34574108
34601635
34608649
34634739
34644165
34704733
34835462
34882220
34908438
34952411
34980413
35042553
35058898
35082065
35154691
35253831
35271389
35279852
35337579
35435719
35435968
35447050
35454680
35588155
35602061
35615519
35616722
35640339
35659353
35661553
35666843
35668537
35672451
35711752
35716925
35722296
35722305
35751041
35797964
35838158
35840406
35858752
35889115
35910651
35960953
35962856
36009957
36039996
36049732
36057786
36076838
36076869
36104368
36145205
36173309
36200147
36227094
36235238
36335546
36357206
36377894
36496708
36496717
36527491
36536569
36553859
36626728
36626731
36644965
36659272
36681390
36688780
36733775
36738023
36777432
36862331
36862586
36963724
37105876
37142063
37166299
37177600
37183940
37215595
37218442
37233845
37237754
37238789
37238798
37261036
37382536
37391100
37423385
37444309
37458600
37512555
37610257
37635301
37654434
37669036
37678039
37689848
37689917
37725340
37747248
37750707
37761113
37803569
37803782
37818754
37835299
37856143
37857020
37893766
37919015
37935393
37956852
37981356
37981373
38004760
38112720
38126106
38137986
38225116
38234712
38250499
38265446
38275326
38289135
38351361
38351917
38496949
38514864
38519033
38522282
38540861
38546834
38619494
38707387
38752114
38909488
38930565
38945560
38953659
38963769
38982485
39025261
39084684
39165163
39178661
39228788
39248490
39272551
39272573
39288568
39289306
39297664
39393260
39411444
39423521
39445484
39456396
39457406
39506633
39513709
39515706
39522468
