1234619
1325218
1906062
2182591
2233983
2764574
4410250
4923557
7592389
8012049
8742358
8779574
9023928
9100381
9165701
9717277
9748456
10191036
10319466
10618243
11021915
11109492
11724369
12481991
12571041
12732569
15489535
15756824
16550466
16581904
16664748
17017057
17180370
17313166
17720907
18583531
18783804
18832299
18944847
19205468
19295682
21628628
21947430
22407694
22558343
22791043
23382552
23405356
24189988
24612372
25409942
25649542
26453993
27627697
27795282
28751394
29080183
29148362
29229911
30141880
30156501
30299055
30464766
30699586
30727068
30731827
30731878
30743700
30754420
30764313
30781259
30795303
30812531
30841049
30856926
30866372
30866377
31935341
32424195
33779249
33835828
33944581
34152204
34198771
34463014
34534851
34649430
34800898
35175621
35639018
35840252
36013960
36167514
36322606
36766151
37667565
37896099
37913751
38543511
38722731
39225473
