15653875
18034237
18319476
19111330
19494701
19884784
20473663
22257263
24006807
25074353
25079953
26187870
26430040
26702995
26745986
27417835
27664721
27688342
27899334
27912317
28074223
28163698
28164794
28235608
28243227
28261260
28323017
28461206
28560275
28619794
28690133
28711664
28754632
28860261
28963212
29018312
29025938
29063401
29167261
29192072
29192078
29192082
29309732
29348344
29371363
29372814
29427638
29430375
29449173
29449392
29461480
29472321
29531357
29567737
29567742
29702132
29702236
29728638
29765811
29798912
29856856
29873155
29927356
29927357
29930076
29938920
29976613
29997581
30030233
30051679
30075241
30092237
30110983
30120119
30194479
30203399
30206282
30297045
30306462
30343780
30358165
30384460
30386322
30402367
30405657
30413120
30421582
30454657
30533616
30535579
30552189
30591803
30621587
30622550
30637401
30661324
30678579
30687828
30761106
30793535
30798571
30801071
30802554
30810954
30824441
30834364
30884857
30900037
30911788
30979839
30986518
30989253
31001229
31022189
31030454
31070611
31073734
31075893
31098827
31106958
31125282
31187206
31216789
31217027
31219564
31222465
31243734
31248993
31255866
31296686
31299361
31338074
31375487
31407219
31421711
31425831
31437575
31442862
31484434
31508511
31521945
31529161
31537661
31554138
31559134
31559664
31569407
31580420
31601654
31614702
31637491
31654082
31657678
31665633
31675066
31704956
31705716
31720755
31727695
31748861
31761671
31766760
31798571
31803155
31808212
31809256
31813049
31846773
31973845
31998244
31998247
32002598
32019046
32038545
32052194
32079637
32103330
32105801
32140179
32143571
32169317
32190055
32216480
32257742
32274531
32297035
32298720
32307173
32321998
32359551
32367442
32378242
32386333
32392716
32396372
32397322
32397545
32406082
32409545
32415456
32416818
32431796
32482932
32483303
32497447
32497966
32499360
32527774
32527778
32531696
32536637
32539679
32547506
32617845
32621125
32635146
32651600
32655142
32683263
32696197
32698452
32703828
32739396
32765583
32777350
32785276
32828375
32840433
32848161
32871125
32874211
32894363
32896082
32898288
32949405
32981242
32987624
33003432
33004451
33010389
33034767
33043389
33048404
33071994
33092887
33094436
33097070
33108947
33113805
33121115
33121415
33123106
33131742
33133238
33144261
33146800
33161315
33174798
33193244
33204309
33204310
33204311
33205747
33208762
33209150
33211361
33232445
33260842
33263425
33270634
33281792
33289153
33303675
33304372
33316360
33343540
33347710
33383067
33387595
33397828
33414312
33419234
33436839
33439297
33471134
33509221
33509984
33519779
33547539
33570936
33604372
33636270
33672094
33680041
33694313
33737048
33759040
33770230
33792738
33802666
33803098
33811608
33817910
33839507
33864643
33923695
33924463
33926450
33927034
33968244
33974665
33986089
33990691
33992112
34003400
34012331
34015480
34022614
34024889
34032523
34037300
34058513
34076737
34106924
34111920
34124228
34127264
34129651
34140993
34175435
34178462
34190807
34202293
34205485
34206411
34210064
34212287
34250503
34260284
34261851
34264120
34292378
34293909
34295312
34361878
34409947
34410162
34420104
34436634
34438793
34442777
34449822
34451760
34452257
34477941
34481248
34487591
34491390
34496046
34512589
34526973
34529229
34550513
34550751
34553246
34564499
34576819
34577096
34579349
34586599
34593997
34597950
34599247
34600755
34608649
34610294
34622537
34634401
34638782
34646877
34653453
34675904
34678442
34681955
34685868
34689397
34690995
34698535
34702135
34721334
34721361
34724831
34734764
34765040
34790182
34811844
34828918
34835364
34835375
34841365
34856481
34863720
34864414
34865137
34867910
34878336
34897250
34899671
34906801
34925783
34926122
34930555
34932137
34942202
34946111
34956137
34962587
34981766
34983528
34987493
34989209
35001244
35010194
35041304
35041305
35053872
35056513
35058916
35058989
35061923
35084224
35084596
35085717
35107331
35142546
35147443
35161255
35161305
35167684
35171340
35181083
35189837
35195950
35198695
35205943
35208819
35208872
35215191
35237356
35242952
35244318
35286604
35305158
35305633
35310393
35329566
35360686
35380452
35385565
35385917
35409115
35421573
35432283
35432607
35456743
35456817
35464938
35472204
35474055
35478879
35482131
35486223
35507846
35507864
35524860
35531204
35562386
35567141
35572637
35602058
35602973
35615505
35618208
35630289
35630413
35630459
35630461
35630500
35638514
35658558
35662257
35662952
35680027
35714801
35721981
35743880
35744733
35768624
35776952
35780079
35786480
35791736
35798134
35816958
35822851
35842870
35850255
35858353
35859219
35877892
35878237
35882927
35887144
35887486
35889186
35893131
35895172
35913660
35920928
35935184
35966655
35966697
35974914
35976426
35992653
35992677
35992680
36013965
36033863
36036952
36046019
36053948
36057294
36081807
36088482
36090114
36098526
36118232
36123022
36125282
36127070
36129276
36144046
36144437
36183955
36195331
36209341
36218362
36224206
36230028
36235106
36235351
36243160
36246295
36251101
36257999
36265149
36270034
36276462
36290294
36290389
36294586
36294618
36296166
36296311
36296415
36300004
36312450
36316590
36342535
36352269
36356186
36357782
36360221
36362427
36363818
36377397
36429212
36435901
36440643
36445687
36453930
36458186
36462832
36472451
36483201
36505249
36515292
36515501
36515552
36522062
36523612
36532466
36536601
36545573
36548862
36557725
36557734
36570885
36575347
36577205
36588174
36589113
36590391
36593191
36600152
36622890
36626730
36626796
36643905
36646522
36662309
36681393
36683079
36688770
36699832
36701319
36704192
36704560
36721450
36724267
36731201
36734186
36741766
36741881
36775860
36790740
36804269
36807149
36809029
36840257
36846752
36847102
36852059
36858546
36876084
36879611
36890892
36891660
36910227
36916965
36916998
36921483
36935122
36964123
36995243
36997801
37007465
37049944
37056004
37077642
37096874
37110337
37110508
37127923
37138616
37146817
37149815
37150228
37174701
37175895
37178239
37188493
37195186
37207784
37209081
37209775
37222310
37222590
37231158
37239871
37248429
37255459
37255488
37267258
37293782
37304354
37310378
37319286
37325518
37331064
37333645
37336024
37337440
37344385
37348617
37357338
37368682
37372140
37374932
37375024
37377428
37385461
37426979
37431158
37436591
37445666
37447355
37448647
37463169
37499044
37510240
37511299
37512836
37529212
37547695
37556108
37558047
37577414
37609113
37619727
37627014
37630445
37630538
37632995
37637133
37642756
37642883
37671337
37676362
37678679
37686328
37691038
37696924
37705700
37710143
37727283
37731193
37740122
37752899
37776942
37783113
37790276
37794314
37802404
37811935
37819393
37833470
37838589
37878074
37885658
37886813
37894125
37894261
37896099
37901818
37903743
37925555
37928669
37939121
37950785
37963161
37977077
37981285
37993735
37996837
38004639
38004709
38012258
38014986
38016526
38017088
38019127
38023381
38047676
38050948
38058363
38060139
38067628
38069016
38069139
38073404
38075605
38092837
38103466
38112401
38115638
38125372
38125573
38127234
38139410
38148389
38149275
38170296
38172030
38173671
38188586
38189957
38199003
38203838
38217479
38222926
38225343
38236039
38246027
38249073
38249452
38251260
38268707
38290308
38300451
38319095
38320978
38334451
38334837
38347735
38354424
38363138
38363376
38365347
38370019
38375560
38386213
38389225
38392830
38392833
38397507
38399699
38399817
38410148
38411072
38414770
38417280
38421449
38425795
38440252
38448350
38455053
38457886
38457896
38464616
38465255
38490247
38495172
38497798
38500587
38501778
38511614
38512572
38516749
38517318
38517906
38535178
38543487
38544979
38546430
38573500
38575119
38596383
38601307
38601517
38616201
38633693
38645886
38647608
38657235
38658583
38674707
38674715
38683244
38683727
38691885
38692381
38711968
38715548
38716684
38726204
38733724
38751839
38761211
38777241
38784813
38788382
38791239
38792721
38792750
38792808
38795920
38801472
38809805
38838837
38839234
38839805
38847888
38849775
38864644
38865770
38866259
38868377
38881654
38903787
38907867
38909459
38911470
38915299
38916653
38921376
38931058
38937715
38943579
38945338
38951812
38954902
38966396
38969459
38988557
38989016
38997872
39009494
39014002
39020234
39021968
39042819
39049860
39053585
39057356
39060617
39073678
39073749
39087633
39090171
39094814
39098161
39103433
39104509
39108972
39110330
39111349
39139378
39139572
39145847
39147172
39152418
39158314
39163968
39179322
39179975
39189725
39190007
39190815
39201557
39203375
39203537
39203566
39204120
39225835
39225871
39235527
39244365
39246810
39249579
39252841
39257618
39257714
39263696
39272542
39273450
39283091
39288553
39296284
39297631
39306178
39316351
39317684
39324627
39326930
39336095
39336145
39338556
39340684
39362977
39364145
39369364
39375013
39376238
39377170
39378881
39391772
39400719
39403530
39409613
39412266
39415743
39434248
39442357
39444687
39446085
39447663
39472585
39474219
39479207
39489748
39501926
39503489
39506643
39508572
39508843
39515712
39519890
39521250
39529473
39537092
39544100
39547940
39560359
39565462
39581173
39592922
39595307
39597579
39603307
39605781
