37809
103470
110181
118703
121113
177323
279055
286366
403714
404035
409786
413466
414962
475172
544456
645754
719519
750371
770324
809944
810263
816232
824373
828715
829301
906093
934882
941242
944151
947844
992708
1052104
1052665
1149929
1163961
1170820
1173155
1200552
1261748
1261753
1261754
1274499
1306918
1316379
1317801
1358958
1370276
1382111
1400966
1448627
1452817
1461859
1468430
1468897
1472730
1472731
1481533
1481545
1489778
1495123
1510422
1557898
1572134
1575594
1590681
1595966
1596044
1610080
1662050
1669878
1670649
1691146
1701518
1703749
1704479
1734057
1759029
1775834
1797046
1805311
1805947
1811374
1836289
1843821
1871475
1889304
1890201
1892428
1947557
1952869
1993419
2007548
2007637
2013238
2013508
2021291
2038764
2056043
2058640
2064520
2073648
2078109
2079561
2081722
2093110
2101486
2114370
2123586
2136335
2191005
2193624
2208970
2216349
2227361
2244597
2256735
2256775
2283118
2293833
2299182
2304191
2314956
2337555
2356445
2365466
2383977
2386068
2392274
2413867
2418766
2423851
2432014
2449902
2474505
2479655
2490400
2496237
2505434
2506718
2515779
2594962
2598776
2600428
2607538
2632216
2635455
2651307
2659500
2672262
2681218
2688402
2704607
2728470
2738993
2756344
2760414
2768476
2776406
2787107
2795638
2799947
2800307
2802318
2802568
2917488
2923445
2930135
2930137
2940209
3064958
3071447
3093527
3095364
3111505
3117696
3118886
3133389
3147993
3154301
3172682
3173124
3176252
3194120
3250341
3259669
3266469
3275090
3300717
3307078
3312421
3324331
3337066
3345262
3353094
3356461
3384896
3407006
3442684
3443744
3443751
3451685
3494790
3496650
3499149
3502547
3519436
3557828
3569256
3577354
3582676
3587065
3592879
3595029
3662637
3664616
3672053
3686824
3693520
3713542
3722367
3729331
3729526
3793238
3794323
3797296
3812841
3813520
3818086
3819456
3836306
3876286
3879674
3903944
3907209
3919118
3941276
3952482
3993521
4024267
4060527
4073878
4083235
4091489
4093607
4106742
4111139
4118522
4174059
4176644
4197921
4199459
4200541
4205694
4344302
4351160
4400726
4529097
4626469
4631096
4631097
4632040
4637296
4651251
4723417
4742976
4748943
4758380
4850832
4857794
4913684
4922193
4969887
4978225
4980600
4989000
4992339
4997618
5005098
5005602
5102236
5115180
5137626
5288199
5295563
5329427
5388661
5498558
5503825
5503923
5508474
5522254
5543710
5552324
5575513
5582072
5606377
5625649
5626592
5634114
5634117
5648807
5680413
5691352
5694652
5706990
5714010
5735891
5766127
5768949
5773005
5802750
5804497
5809565
5809566
5810630
5813554
5895645
5903387
5968929
5992755
6004909
6007463
6022422
6032505
6048204
6066058
6208072
6277006
6335295
6346660
6350450
6386576
6386577
6386881
6421737
6436109
6436116
6440915
6489637
6523581
6529126
6542121
6546508
6602586
6626935
6637272
6650024
6665836
6668070
6668071
6671069
6690819
6714826
6774391
6775795
6783546
6802061
6833793
6968292
6972976
6976306
6980624
7095694
7112914
7168538
7168540
7183780
7185320
7185916
7189163
7244086
7247501
7301632
7324641
7342582
7436494
7450582
7496522
7529242
7555205
7558303
7560815
7569317
7582002
7619903
7620005
7625115
7625815
7642258
7649445
7653024
7664168
7664186
7667905
7690392
7698330
7728879
7735352
7751381
7773240
7778159
7809990
7852552
7865557
7884802
7925918
7927779
7952230
7960115
7963716
7973020
7989528
7989539
7989566
8036772
8040118
8051240
8076798
8077983
8082413
8085903
8086774
8111184
8112041
8112833
8153949
8156050
8181839
8197028
8203126
8219341
8222864
8228298
8236486
8236802
8239591
8246253
8272813
8285615
8291280
8291510
8296481
8300219
8308104
8308111
8329507
8358294
8362601
8364757
8384544
8396527
8405955
8409665
8423146
8427038
8432167
8448328
8454438
8464259
8477812
8479384
8525067
8539074
8540716
8557326
8576040
8580415
8589668
8591939
8593404
8658066
8668692
8675306
8675325
8685649
8698463
8698471
8699960
8705674
8711894
8723881
8733178
8751924
8761733
8764475
8778563
8810947
8810948
8814668
8817011
8823856
8825005
8835110
8852967
8856768
8890247
8904096
8945575
8945713
8968931
8975922
8982628
9008343
9009303
9041412
9059838
9113296
9123781
9142817
9144364
9158043
9163448
9167241
9199478
9203318
9204289
9204307
9205989
9234451
9270127
9291893
9298663
9308175
9317046
9323475
9340710
9354359
9429252
9449948
9499988
9515679
9537757
9549861
9561386
9577795
9620406
9661940
9689741
9690613
9766202
9774568
9784561
9784574
9801329
9802197
9815397
9869594
9874104
9879591
9880107
9951590
9987174
9989380
10066666
10068125
10223958
10225853
10338472
10339791
10373105
10439512
10445249
10464555
10482066
10509416
10531243
10567679
10585793
10588008
10603396
10621933
10622492
10679001
10716074
10762113
10768994
10778520
10782403
10832390
10858205
10865948
10885618
10892434
10893900
10914217
10932720
10943337
10945454
10948160
10974571
11049768
11069678
11070484
11071036
11081580
11083791
11083975
11136777
11158139
11162079
11243761
11252353
11264030
11277206
11401980
11423199
11427425
11434523
11434531
11437834
11440664
11447155
11466287
11468131
11479636
11493135
11524164
11531983
11553602
11598046
11598077
11624839
11679168
11700353
11728049
11732154
11732416
11732419
11756688
11782541
11837594
11848132
11849726
11853654
11858876
11864168
11874879
11884024
11888113
11892906
11923376
11928846
11938375
11938520
11949255
12010991
12019272
12021533
12047416
12057611
12065469
12076120
12083544
12111621
12119140
12119436
12151196
12167541
12174793
12180933
12183269
12193611
12195883
12203900
12224383
12233997
12271122
12324206
12381571
12392535
12399927
12414137
12414139
12414140
12414141
12414145
12414161
12414167
12414174
12414175
12441234
12445015
12479299
12525425
12537565
12539006
12540538
12547654
12574291
12578313
12587937
12591206
12595417
12636998
12650766
12652405
12654065
12654833
12655790
12678419
12718826
12718832
12719669
12732970
12738372
12751716
12751720
12775761
12783653
12791239
12853399
12869541
12875523
12875525
12933870
12941554
12941982
12946213
12958294
12972582
12977975
12977978
12999700
13014347
13016039
13033189
13035086
13041842
13042601
13065649
13080881
13096477
13106703
13108861
13108862
13111672
13111673
13124983
13128372
13140719
13140963
13145107
13194936
13218364
13253493
13268611
13269449
13281113
13303633
13320788
13377957
13396504
13397480
13398512
13407780
13414247
13416171
13475612
13575671
13582698
13585068
13596891
13651317
13654869
13675266
13698182
13739276
13770011
13770014
13792989
13803714
13819861
13819864
13823667
13835133
13862521
13889789
13933665
13940568
13940569
13948439
13995440
14039162
14070194
14076958
14105237
14131339
14166593
14176846
14190080
14193974
14196815
14234061
14253378
14266901
14267948
14290928
14336050
14364378
14372427
14390779
14391619
14392120
14400494
14423305
14473151
14482981
14500003
14524145
14524617
14526025
14561053
14563232
14567397
14587372
14606619
14614644
14638795
14642313
14652892
14663079
14705176
14712899
14715555
14758122
14766890
14785628
14794915
14797729
14813880
14829886
14829887
14829902
14837305
14843879
14844771
14845450
14845894
14857397
14861464
14875894
14921439
14924103
14924113
14930476
14945826
14954590
14954606
14975571
14979322
14998310
15005562
15056214
15090714
15117559
15131190
15141886
15145500
15164626
15210978
15213148
15224594
15227634
15233191
15246618
15272752
15288933
15327795
15327798
15332781
15358829
15374004
15374008
15385468
15385478
15393760
15393947
15434987
15489343
15504276
15522586
15549294
15573789
15583262
15585501
15591899
15603839
15634962
15636146
15678281
15695670
15714853
15736854
15752266
15752438
15777581
15790211
15804600
15805518
15839898
15845228
15845484
15856380
15861878
15861894
15875628
15879907
15899298
15939556
15951018
15959815
15972510
15995199
16008582
16018549
16028662
16042015
16042616
16051063
16054326
16113274
16126573
16133775
16153245
16159496
16168059
16187538
16207953
16219962
16220015
16229745
16239526
16242780
16247741
16249034
16250315
16252187
16256053
16274028
16283920
16290356
16299302
16299333
16312472
16323439
16330546
16337315
16364602
16372886
16378300
16385835
16391267
16407621
16418830
16452445
16478092
16481077
16483439
16500069
16519974
16533173
16557954
16557979
16560203
16561925
16586386
16598098
16622231
16622830
16632008
16638145
16697090
16700714
16747087
16747088
16772417
16785713
16790759
16790778
16799160
16803581
16810561
16816173
16823981
16842212
16849379
16914346
16926395
16936018
16952937
16965789
16972772
16988260
17001859
17008080
17014707
17014873
17014875
17034714
17037229
17048447
17049676
17050051
17056750
17064279
17070314
17070627
17076637
17090391
17123429
17141451
17161868
17176467
17183958
17216995
17220415
17239499
17243046
17244815
17254895
17267588
17270281
17308857
17309636
17318348
17323826
17366048
17380429
17389022
17397885
17404301
17427566
17428946
17442465
17464866
17465487
17482524
17509788
17532591
17548002
17557825
17562127
17567742
17574884
17587989
17588022
17597440
17600596
17604858
17634297
17664263
17664835
17676210
17686139
17715332
17717187
17852920
17874004
17881185
17883467
17901634
17920802
17933260
17938217
17952458
17973130
17977995
17984747
18015070
18015286
18023384
18036218
18065669
18077620
18105995
18160234
18173079
18178600
18179446
18181360
18190307
18196469
18205974
18207411
18260497
18263579
18292100
18310341
18327267
18334880
18346482
18355234
18359093
18362129
18369535
18385457
18387752
18390405
18405337
18409975
18419433
18423950
18437841
18444570
18450861
18462106
18484121
18547782
18583100
18593545
18641138
18648644
18664389
18675856
18675869
18676221
18761416
18809265
18817188
18819541
18822949
18886614
18923007
18968943
18975512
18984985
18987234
19007836
19020912
19027131
19055193
19068481
19070039
19076842
19099610
19121697
19123082
19141748
19162449
19173733
19180835
19186196
19208979
19233701
19243922
19261448
19297268
19305062
19321692
19322001
19334376
19334388
19334392
19346311
19371290
19386800
19397881
19401764
19410609
19419566
19420176
19428917
19439543
19461380
19493005
19500948
19501533
19506420
19524659
19545636
19557162
19593297
19604656
19621621
19628564
19631246
19651862
19656979
19665058
19666916
19682862
19703982
19742243
19759482
19795627
19818462
19861338
19871129
19880265
19884330
19887131
19925579
19934366
19970029
19971011
20013309
20022474
20025961
20030728
20036752
20042160
20074095
20075115
20119673
20140349
20147850
20153558
20169092
20202287
20344059
20362205
20362622
20369506
20387905
20419627
20429056
20437389
20454614
20471373
20497223
20529360
20554816
20568531
20576453
20579679
20579915
20593515
20682596
20683074
20702671
20703183
20703188
20703189
20718085
20776941
20818096
20832094
20844759
20863159
20920187
20949000
20952568
20966572
21000813
21008655
21013101
21019101
21052561
21109033
21115143
21143933
21164236
21166726
21199926
21215893
21234678
21273248
21273249
21276115
21375425
21381870
21446957
21450058
21455694
21478357
21500181
21530111
21574131
21592585
21602346
21603860
21630571
21632084
21645321
21647774
21651944
21660647
21686349
21692747
21708998
21725863
21745361
21751665
21757943
21764936
21768283
21772606
21786630
21795514
21798337
21824352
21826587
21856843
21863892
21904049
21904058
21904062
21904064
21919731
21922434
21935772
21939378
21943783
21957115
21959459
22005180
22021041
22051318
22064715
22108057
22129442
22133749
22149711
22155231
22169089
22169790
22182638
22216095
22219303
22231602
22234109
22237130
22242036
22277829
22296786
22342430
22364910
22367856
22388711
22403618
22421611
22435193
22449868
22457830
22479178
22484383
22503392
22512320
22521283
22538317
22542588
22546330
22558103
22589097
22614245
22636321
22647810
22679255
22683655
22700607
22701076
22713202
22727892
22770519
22773944
22816270
22859617
22864410
22900217
22904669
22905141
22965081
22965104
22977965
22997779
23006848
23026687
23045513
23076244
23103193
23105063
23107058
23118764
23123884
23161025
23163875
23167982
23202595
23209199
23209219
23224716
23227931
23239800
23240071
23273966
23277121
23287714
23290573
23305655
23319565
23382164
23421980
23467315
23469294
23499188
23513464
23519029
23533646
23545462
23567915
23590322
23592643
23628412
23643287
23645957
23647412
23650167
23664729
23711705
23716607
23729648
23820446
23824774
23831636
23834811
23837364
23837378
23868548
23879523
23881126
23932078
23935331
23959493
23967122
23977181
23999355
24031207
24031960
24034171
24040434
24070633
24083592
24100574
24115541
24124546
24126518
24156899
24174696
24176078
24192684
24231687
24265315
24288554
24292039
24293781
24331843
24334660
24339776
24349118
24349302
24350061
24370708
24377827
24397905
24426077
24433982
24453799
24456797
24462801
24465442
24493988
24508034
24511531
24515098
24530704
24542881
24572607
24624738
24633657
24643124
24646742
24657441
24661136
24667775
24732322
24748752
24761718
24814244
24830899
24847419
24850100
24874680
24898325
24901521
24909839
24910374
24913992
24941369
24964015
24981716
24994008
24995396
25001604
25028426
25043564
25055661
25100640
25120569
25132657
25147098
25147691
25172272
25172275
25172284
25179110
25220238
25240754
25242938
25249309
25292193
25313613
25320267
25327196
25394500
25395174
25427358
25446124
25459738
25503777
25517901
25529385
25531198
25536728
25536995
25541025
25567021
25615697
25641125
25648428
25653412
25673907
25697304
25699488
25704160
25712728
25712755
25721466
25723468
25746928
25793475
25812208
25812219
25834405
25848225
25848512
25852653
25857255
25877260
25888205
25890577
25899866
25914021
25921720
25938483
25939375
25952170
25956175
25968974
25989166
26019797
26022514
26033227
26037461
26068351
26073177
26093199
26110300
26124937
26148181
26149866
26160544
26194658
26220514
26242322
26277577
26282427
26283749
26312374
26322324
26376185
26384448
26392450
26395469
26416901
26444521
26455370
26455376
26464771
26476137
26479901
26496896
26508323
26523223
26526924
26530141
26579099
26587475
26593815
26622461
26623347
26625239
26626213
26629067
26632729
26689877
26691825
26696984
26725317
26740105
26752510
26752992
26774447
26778206
26796768
26813141
26825313
26826463
26842269
26858702
26864941
26867577
26899373
26907981
26925620
26928956
26947547
26951819
26964721
26969324
26989713
27016751
27017445
27029113
27036913
27044159
27053612
27112796
27114301
27133932
27139618
27144565
27175205
27188619
27197442
27215118
27223678
27311859
27367321
27436438
27438815
27482880
27488010
27494045
27496742
27499776
27500735
27514957
27521159
27525259
27525454
27550726
27554701
27580575
27582592
27591088
27591112
27595444
27601111
27665519
27682124
27698777
27698784
27717526
27727012
27740712
27771184
27785661
27790937
27811090
27853716
27857610
27871206
27873835
27907115
27920824
27922679
27938677
27938682
27955740
28053214
28066370
28068003
28131373
28131377
28149294
28183751
28251029
28253917
28284850
28340558
28341394
28345992
28382472
28384245
28386446
28388689
28390976
28391992
28443226
28443393
28479744
28480256
28482164
28506316
28506887
28533142
28533217
28540150
28559723
28573738
28636341
28638960
28699872
28710016
28715292
28717311
28738473
28774972
28798726
28808159
28817647
28824630
28860252
28888882
28916316
28919551
28919691
28926008
28929962
28942834
28955956
28961704
28968180
28983761
29021156
29023541
29028813
29031243
29125076
29142204
29146514
29154438
29154929
29193808
29263667
29274056
29277251
29278754
29299304
29305897
29310845
29312964
29326214
29326956
29329166
29331367
29338693
29379492
29412161
29445686
29496108
29519823
29522464
29545868
29548705
29555506
29567740
29571517
29578063
29619327
29627394
29684575
29701826
29716658
29721440
29724202
29732320
29735518
29736150
29747573
29790273
29846154
29848097
29850587
29860105
29867163
29867505
29870530
29887851
29892274
29905995
29907382
29925641
29933731
29940976
29957148
29957971
29958525
29978136
30015453
30034165
30044608
30046325
30068312
30078602
30092351
30092685
30107543
30123737
30139304
30145690
30147700
30149131
30173733
30219999
30220441
30245825
30254855
30255832
30271918
30280839
30282518
30296414
30311622
30343119
30350754
30375177
30400996
30405566
30424746
30471785
30524697
30533834
30551811
30572034
30593262
30622973
30642597
30675154
30707922
30761323
30777595
30817085
30835758
30837598
30837973
30885309
30897267
30943180
30957869
30988946
31008922
31013002
31036183
31049761
31054808
31064674
31088383
31117228
31126230
31130517
31154877
31154897
31161484
31196914
31212340
31231665
31237717
31238618
31239732
31265755
31277142
31296622
31297737
31344477
31351446
31354728
31368088
31380001
31388750
31414558
31416882
31424024
31437796
31445124
31449594
31456793
31474961
31484383
31485163
31514254
31529429
31561594
31565897
31574230
31594163
31614956
31618182
31641507
31660963
31662995
31678593
31694211
31699441
31703683
31706304
31718300
31729197
31756893
31766725
31775745
31775863
31784214
31807961
31818269
31821358
31840752
31842756
31901923
31905103
31922183
31930868
31940303
31950431
31955558
31957618
31986561
31997725
31998758
32017955
32038511
32040345
32046738
32051823
32068074
32071068
32128095
32146460
32150564
32175335
32187504
32189323
32215028
32219108
32266769
32284015
32289464
32292391
32304280
32306010
32370411
32392223
32404509
32427176
32428653
32444793
32454410
32456808
32486122
32522080
32523093
32526587
32532195
32580472
32594852
32600403
32625554
32629097
32634082
32661939
32668648
32690632
32731606
32736434
32741171
32778612
32794354
32795585
32827613
32847741
32867447
32872264
32911812
32936049
32965738
32979614
32979887
33003292
33021085
33030422
33042033
33068875
33073952
33113346
33118284
33125372
33189058
33193138
33195494
33206259
33236061
33274162
33287603
33297659
33302421
33328142
33330681
33333100
33340438
33342409
33349157
33373362
33373884
33390105
33406389
33424306
33490123
33517642
33519781
33571821
33577382
33584842
33591841
33592918
33592967
33631554
33689001
33711712
33718408
33727580
33728754
33743687
33771234
33816587
33820796
33913111
33929605
33930414
33937927
33987105
33997237
34013337
34013863
34016047
34016671
34027005
34029659
34049112
34051649
34091986
34125603
34134141
34134763
34167853
34179193
34195100
34208761
34212019
34235243
34249510
34273590
34295167
34319629
34331742
34332523
34335615
34338910
34368745
34379357
34447668
34461896
34487479
34489888
34510783
34521471
34529188
34533457
34534025
34536195
34540170
34594754
34610810
34612743
34622537
34630961
34669609
34673003
34745025
34777524
34787496
34809985
34815703
34867860
34919994
34935076
34987022
35022774
35025975
35028300
35071039
35144045
35149040
35168621
35180662
35182775
35196417
35208693
35214775
35215112
35236406
35244335
35270507
35274021
35312681
35334432
35336193
35400967
35416090
35420251
35462118
35509042
35593274
35646816
35647101
35655325
35685843
35710873
35712966
35771771
35816556
35834538
35852343
35875565
35889189
35891767
35905023
35923818
35928811
35950176
35995114
36014002
36014076
36032319
36060523
36060772
36066737
36077302
36115112
36155492
36174312
36185523
36233280
36242679
36263034
36286586
36311671
36326504
36329326
36338077
36356504
36383491
36404471
36414337
36416659
36448838
36460801
36482466
36591856
36618295
36632477
36638645
36641837
36649106
36653223
36788542
36795918
36847551
36851141
36855351
36862545
36913828
36918910
36927475
36962768
36972233
37084931
37111430
37115199
37123977
37125183
37149444
37187481
37202587
37212362
37235146
37263343
37309037
37312709
37342513
37356834
37367949
37389214
37415963
37459300
37462272
37479429
37499695
37523413
37580676
37630536
37663922
37673354
37737317
37781017
37789135
37799605
37812358
37827089
37862228
37916704
37935540
37943132
37979375
37999910
38003739
38007989
38019359
38025913
38028819
38044961
38101440
38113688
38174090
38226385
38228936
38257995
38269017
38315322
38318596
38326756
38349167
38366185
38402187
38453565
38488371
38531364
38543526
38552041
38586904
38595656
38608219
38608221
38633432
38663334
38676588
38711779
38750589
38755066
38764637
38770201
38770575
38806353
38809331
38843623
38846429
38854664
38901850
38930429
38946908
38969194
39033187
39083690
39099298
39100474
39109822
39127671
39130939
39137749
39186777
39206848
39220468
39268415
39301739
39360442
39418268
39430107
39443541
39463062
39466745
39472798
39486267
39536431
39539428
39539947
39553342
39557573
39571416
39571831
39605129
39605528
37809
103470
104645
110181
118703
121113
177323
279055
286366
403714
404035
409786
413466
414962
475172
544456
645754
719519
750371
770324
809944
810263
816232
824373
828715
829301
906093
934882
941242
944151
947844
992708
1052104
1052665
1149929
1163961
1170820
1173155
1200552
1261748
1261753
1261754
1274499
1306918
1316379
1317801
1358958
1370276
1382111
1400966
1423536
1448627
1452817
1461859
1468430
1468897
1472730
1472731
1481533
1481545
1489778
1495123
1510422
1557898
1572134
1575594
1590681
1595966
1596044
1610080
1662050
1669878
1670649
1691146
1701518
1703749
1704479
1734057
1759029
1775834
1797046
1805311
1805947
1811374
1836289
1843821
1871475
1889304
1890201
1892428
1947557
1952869
1993419
2007548
2007637
2013238
2013508
2021291
2038764
2056043
2058640
2064520
2073648
2078109
2079561
2081722
2093110
2101486
2109555
2114370
2123586
2136335
2191005
2193624
2208970
2216349
2227361
2244597
2256735
2256775
2283118
2293833
2299182
2304191
2314956
2337555
2356445
2360774
2365466
2383977
2386068
2392274
2413867
2414899
2418766
2423851
2432014
2449902
2474505
2479655
2490400
2496237
2505434
2506718
2515779
2594962
2598776
2600428
2607538
2632216
2635455
2651307
2659500
2672262
2681218
2688402
2704607
2728470
2738993
2756344
2760414
2768476
2776406
2787107
2795638
2799947
2800307
2802318
2802568
2917488
2923445
2930135
2930137
2940209
3064958
3071447
3093527
3095364
3111505
3117696
3118886
3133389
3139491
3147993
3154301
3172682
3173124
3176252
3194120
3250341
3259669
3266469
3275090
3300717
3307078
3312421
3324331
3337066
3345262
3353094
3356461
3375587
3384896
3407006
3442684
3443744
3443751
3451685
3494790
3496650
3499149
3502547
3519436
3557828
3569256
3577354
3582676
3587065
3592879
3595029
3662637
3664616
3672053
3686824
3693520
3713542
3722367
3729331
3729526
3793238
3794323
3797296
3812841
3813520
3818086
3819456
3836306
3876286
3879674
3903944
3907209
3919118
3941276
3952482
3993521
4001565
4024267
4060527
4073878
4083235
4091489
4093607
4106742
4111139
4118522
4174059
4176644
4197921
4199459
4200541
4205694
4344302
4351160
4400726
4529097
4626469
4631096
4631097
4632040
4637296
4651251
4723417
4742976
4748943
4758380
4850832
4857794
4913684
4922193
4969887
4978225
4980600
4989000
4992339
4997618
5005098
5005602
5102236
5115180
5137626
5288199
5295563
5329427
5388661
5498558
5503825
5503923
5508474
5522254
5543710
5552324
5575513
5582072
5606377
5625649
5626592
5634114
5634117
5648807
5680413
5691352
5694652
5706990
5714010
5735891
5766127
5768949
5773005
5802750
5804497
5809565
5809566
5810630
5813554
5895645
5903387
5968929
5992755
6004909
6007463
6022422
6032505
6048204
6066058
6203443
6208072
6277006
6335295
6346660
6350450
6386576
6386577
6386881
6421737
6436109
6436116
6440915
6489637
6523581
6529126
6542121
6546508
6602586
6626935
6637272
6650024
6665836
6668070
6668071
6671069
6690819
6714826
6774391
6775795
6783546
6802061
6833793
6968292
6972976
6976306
6980624
7095694
7112914
7168538
7168540
7183780
7185320
7185916
7189163
7244086
7247501
7301632
7324641
7342582
7436494
7450582
7458383
7496522
7529242
7555205
7558303
7560815
7569317
7582002
7619903
7620005
7625115
7625815
7642258
7649445
7653024
7664168
7664186
7667905
7690392
7698330
7728879
7735352
7751381
7773240
7778159
7809990
7852552
7865557
7884802
7925918
7927779
7952230
7960115
7963716
7973020
7989528
7989539
7989566
7992538
8036772
8040118
8051240
8076798
8077983
8082413
8085903
8086774
8111184
8112041
8112833
8153949
8156050
8181839
8197028
8203126
8219341
8222864
8228298
8236486
8236802
8239591
8246253
8260964
8272813
8285615
8291280
8291510
8296481
8300219
8308104
8308111
8329507
8358294
8362601
8364757
8384544
8396527
8405955
8409665
8423146
8427038
8432167
8448328
8454438
8464259
8477812
8479384
8525067
8539074
8540208
8540716
8557326
8576040
8580415
8589668
8591939
8593404
8658066
8668692
8675306
8675325
8685649
8698463
8698471
8699960
8705674
8711894
8723881
8733178
8751924
8761733
8764475
8778563
8810947
8810948
8814668
8817011
8823856
8825005
8835110
8848302
8852967
8856768
8890247
8904096
8945575
8945713
8968931
8975922
8982628
9008343
9009303
9041412
9059838
9113296
9123781
9142817
9144364
9158043
9163448
9167241
9199478
9203318
9204289
9204307
9205989
9234451
9270127
9291893
9298663
9308175
9317046
9323475
9340710
9354359
9429252
9449948
9499988
9515679
9537757
9549861
9561386
9577795
9611754
9620406
9661940
9689741
9690613
9766202
9774568
9784561
9784574
9801329
9802197
9815397
9869594
9874104
9879591
9880107
9951590
9987174
9989380
10066666
10068125
10223958
10225853
10338472
10339791
10373105
10439512
10445249
10464555
10482066
10509416
10531243
10567679
10585793
10588008
10603396
10621933
10622492
10679001
10716074
10762113
10768994
10778520
10782403
10832390
10858205
10865948
10885618
10892434
10893900
10914217
10932720
10943337
10945454
10948160
10974571
11049768
11069678
11070484
11071036
11081580
11083791
11083975
11136777
11158139
11162079
11243761
11252353
11264030
11277206
11401980
11423199
11427425
11434523
11434531
11437834
11440664
11447155
11466287
11468131
11479636
11493135
11524164
11531983
11553602
11598046
11598077
11624839
11679168
11700353
11728049
11732154
11732416
11732419
11756688
11782541
11837594
11848132
11849726
11853654
11858876
11864168
11874879
11884024
11888113
11892906
11923376
11928846
11938375
11938520
11949255
12010991
12019272
12021533
12047416
12057611
12065469
12076120
12083544
12111621
12119140
12119436
12151196
12167541
12174793
12180933
12183269
12193611
12195883
12203900
12224383
12233997
12271122
12324206
12381571
12392535
12399927
12414137
12414139
12414140
12414141
12414145
12414161
12414167
12414174
12414175
12441234
12445015
12479299
12525425
12537565
12539006
12540538
12547654
12574291
12578313
12587937
12591206
12595417
12636998
12650766
12652405
12654065
12654833
12655790
12678419
12718826
12718832
12719669
12732970
12738372
12751716
12751720
12775761
12783653
12791239
12853399
12869541
12875523
12875525
12933870
12941554
12941982
12946213
12958294
12972582
12977975
12977978
12999700
13014347
13016039
13033189
13035086
13041842
13042601
13065649
13080881
13096477
13106703
13108861
13108862
13111672
13111673
13124983
13128372
13140719
13140963
13145107
13194936
13218364
13253493
13268611
13269449
13281113
13303633
13320788
13377957
13396504
13397480
13398512
13407780
13414247
13416171
13475612
13575671
13582698
13585068
13596891
13651317
13654869
13675266
13698182
13739276
13770011
13770014
13792989
13803714
13819861
13819864
13823667
13835133
13862521
13889789
13933665
13940568
13940569
13948439
13995440
14039162
14070194
14076958
14105237
14131339
14166593
14176846
14190080
14193974
14196815
14234061
14253378
14266901
14267948
14290928
14336050
14364378
14372427
14390779
14391619
14392120
14400494
14423305
14473151
14482981
14500003
14524145
14524617
14526025
14561053
14563232
14567397
14587372
14606619
14614644
14638795
14642313
14652892
14663079
14705176
14712899
14715555
14758122
14766890
14785628
14794915
14797729
14813880
14829886
14829887
14829902
14837305
14843879
14844771
14845450
14845894
14857397
14861464
14875894
14921439
14924103
14924113
14930476
14945826
14954590
14954606
14975571
14979322
14998310
15005562
15056214
15090714
15117559
15131190
15141886
15145500
15164626
15210978
15213148
15224594
15227634
15233191
15246618
15272752
15288933
15327795
15327798
15332781
15358829
15374004
15374008
15385468
15385478
15393760
15393947
15434987
15489343
15504276
15522586
15549294
15573789
15583262
15585501
15591899
15603839
15634962
15636146
15678281
15695670
15714853
15736854
15752266
15752438
15777581
15790211
15796983
15804600
15805518
15839898
15843135
15845228
15845484
15856380
15861878
15861894
15875628
15879907
15899298
15939556
15951018
15959815
15972510
15995199
16008582
16018549
16028662
16042015
16042616
16051063
16054326
16113274
16126573
16133775
16153245
16159496
16168059
16187538
16207953
16219962
16220015
16229745
16239526
16242780
16247741
16249034
16250315
16252187
16256053
16274028
16283920
16290356
16299302
16299333
16312472
16323439
16330546
16337315
16364602
16372886
16378300
16385835
16391267
16407621
16418830
16452445
16478092
16481077
16483439
16500069
16519974
16533173
16557954
16557979
16560203
16561925
16586386
16598098
16622231
16622830
16632008
16638145
16697090
16700714
16747087
16747088
16772417
16785713
16790759
16790778
16799160
16803581
16810561
16816173
16823981
16842212
16849379
16914346
16926395
16936018
16952937
16965789
16972772
16973307
16988260
17001859
17008080
17014707
17014873
17014875
17034714
17037229
17048447
17049676
17050051
17056750
17064279
17070314
17070627
17076637
17090391
17123429
17141451
17161868
17176467
17183958
17216995
17220415
17239499
17243046
17244815
17254895
17267588
17270281
17308857
17309636
17318348
17323826
17366048
17380429
17389022
17397885
17404301
17427566
17428946
17442465
17464866
17465487
17482524
17509788
17532591
17548002
17557825
17562127
17567742
17574884
17587989
17588022
17597440
17600596
17604858
17634297
17664263
17664835
17676210
17686139
17715332
17717187
17852920
17874004
17881185
17883467
17901634
17920802
17933260
17938217
17952458
17973130
17977995
17984747
18015070
18015286
18023384
18036218
18065669
18077620
18105995
18160234
18173079
18178600
18179446
18181360
18190307
18196469
18205974
18207411
18260497
18263579
18292100
18310341
18327267
18334880
18346482
18355234
18359093
18362129
18369535
18385457
18387752
18390405
18405337
18409975
18419433
18423950
18437841
18444570
18450861
18462106
18484121
18547782
18583100
18593545
18641138
18648644
18664389
18675856
18675869
18676221
18761416
18809265
18817188
18819541
18822949
18886614
18923007
18968943
18975512
18984985
18987234
19007836
19020912
19027131
19055193
19068481
19070039
19076842
19099610
19121697
19123082
19141748
19162449
19173733
19180835
19186196
19208979
19233701
19243922
19261448
19297268
19305062
19321692
19322001
19334376
19334388
19334392
19346311
19371290
19386800
19397881
19401764
19410609
19419566
19420176
19428917
19439543
19461380
19493005
19500948
19501533
19506420
19524659
19545636
19557162
19593297
19604656
19621621
19628564
19631246
19651862
19656979
19665058
19666916
19682862
19703982
19742243
19759482
19795627
19818462
19861338
19871129
19880265
19884330
19887131
19925579
19934366
19970029
19971011
20013309
20022474
20025961
20030728
20036752
20042160
20074095
20075115
20119673
20140349
20147850
20153558
20169092
20202287
20344059
20362205
20362622
20369506
20387905
20419627
20429056
20437389
20454614
20471373
20497223
20529360
20554816
20568531
20576453
20579679
20579915
20593515
20682596
20683074
20702671
20703183
20703188
20703189
20718085
20776941
20818096
20832094
20844759
20863159
20920187
20949000
20952568
20966572
21000813
21008655
21013101
21019101
21052561
21109033
21115143
21143933
21164236
21166726
21199926
21215893
21234678
21273248
21273249
21276115
21375425
21381870
21446957
21450058
21455694
21478357
21500181
21530111
21574131
21592585
21602346
21603860
21630571
21632084
21645321
21647774
21651944
21660647
21686349
21692747
21708998
21725863
21745361
21751665
21757943
21764936
21768283
21772606
21786630
21795514
21798337
21824352
21826587
21856843
21863892
21904049
21904058
21904062
21904064
21919731
21922434
21935772
21939378
21943783
21957115
21959459
22005180
22021041
22051318
22064715
22090296
22108057
22129442
22133749
22149711
22155231
22169089
22169790
22182638
22216095
22219303
22231602
22234109
22237130
22242036
22277829
22296786
22342430
22364910
22367856
22388711
22403618
22421611
22435193
22449868
22457830
22479178
22484383
22503392
22512320
22521283
22538317
22542588
22546330
22558103
22589097
22614245
22636321
22647810
22679255
22683655
22700607
22701076
22713202
22727892
22770519
22773944
22816270
22859617
22864410
22900217
22904669
22905141
22965081
22965104
22977965
22997779
23006848
23026687
23045513
23076244
23103193
23105063
23107058
23118764
23123884
23161025
23163875
23167982
23202595
23209199
23209219
23224716
23227931
23239800
23240071
23273966
23277121
23287714
23290573
23305655
23319565
23382164
23421980
23467315
23469294
23499188
23505599
23513464
23519029
23533646
23545462
23567915
23590322
23592643
23628412
23643287
23645957
23647412
23650167
23664729
23711705
23716607
23729648
23820446
23824774
23831636
23834811
23837364
23837378
23868548
23879523
23881126
23932078
23935331
23959493
23967122
23977181
23999355
24031207
24031960
24034171
24040434
24070633
24083592
24100574
24115541
24124546
24126518
24156899
24174696
24176078
24192684
24231687
24265315
24288554
24292039
24293781
24331843
24334660
24339776
24349118
24349302
24350061
24370708
24377827
24397905
24426077
24433982
24453799
24456797
24462801
24465442
24493988
24508034
24511531
24515098
24530704
24542881
24572607
24624738
24633657
24643124
24646742
24657441
24661136
24667775
24732322
24748752
24761718
24814244
24830899
24847419
24850100
24874680
24898325
24901521
24909839
24910374
24913992
24941369
24964015
24981716
24994008
24995396
25001604
25028426
25043564
25055661
25100640
25120569
25131740
25132657
25147098
25147691
25172272
25172275
25172284
25179110
25220238
25240754
25242938
25249309
25292193
25313613
25320267
25327196
25394500
25395174
25427358
25446124
25459738
25492662
25503777
25517901
25529385
25531198
25536728
25536995
25541025
25567021
25615697
25641125
25648428
25653412
25673907
25697304
25699488
25704160
25712728
25712755
25721466
25723468
25746928
25793475
25812208
25812219
25834405
25848225
25848512
25852653
25857255
25877260
25888205
25890577
25899866
25914021
25921720
25938483
25939375
25952170
25956175
25968974
25989166
26019797
26022514
26033227
26037461
26068351
26073177
26093199
26110300
26124937
26148181
26149866
26160544
26194658
26220514
26242322
26277577
26282427
26283749
26312374
26322324
26376185
26384448
26392450
26395469
26416901
26444521
26455370
26455376
26464771
26476137
26479901
26496896
26508323
26523223
26526924
26530141
26579099
26587475
26593815
26622461
26623347
26625239
26626213
26629067
26632729
26689877
26691825
26696984
26725317
26740105
26752510
26752992
26774447
26778206
26796768
26813141
26825313
26826463
26842269
26858702
26864941
26867577
26899373
26907981
26925620
26928956
26947547
26951819
26964721
26969324
26989713
27016751
27017445
27029113
27036913
27044159
27053612
27112796
27114301
27133932
27139618
27144565
27175205
27188619
27197442
27215118
27223678
27311859
27367321
27436438
27438815
27482880
27488010
27494045
27496742
27499776
27500735
27514957
27521159
27525259
27525454
27549329
27550726
27554701
27580575
27582592
27591088
27591112
27595444
27601111
27665519
27682124
27698777
27698784
27717526
27727012
27740712
27771184
27785661
27790937
27811090
27853716
27857610
27871206
27873835
27907115
27920824
27922679
27938677
27938682
27955740
28053214
28066370
28068003
28131373
28131377
28149294
28183751
28251029
28253917
28284850
28340558
28341394
28345992
28382472
28384245
28386446
28388689
28390976
28391992
28443226
28443393
28479744
28480256
28482164
28506316
28506887
28533142
28533217
28540150
28559723
28573738
28636341
28638960
28699872
28710016
28715292
28717311
28738473
28774972
28798726
28808159
28817647
28824630
28860252
28888882
28916316
28919551
28919691
28926008
28929962
28942834
28955956
28961704
28968180
28983761
29021156
29023541
29028813
29031243
29125076
29142204
29146514
29154438
29154929
29193808
29263667
29274056
29277251
29278754
29299304
29305897
29310845
29312964
29326214
29326956
29329166
29331367
29338693
29379492
29412161
29445686
29489665
29496108
29519823
29522464
29545868
29548705
29555506
29567740
29571517
29578063
29619327
29627394
29684575
29701826
29716658
29721440
29724202
29732320
29735518
29736150
29747573
29790273
29846154
29848097
29850587
29860105
29867163
29867505
29870530
29887851
29892274
29905995
29907382
29925641
29933731
29940976
29957148
29957971
29958525
29978136
30015453
30034165
30044608
30046325
30068312
30078602
30092351
30092685
30107543
30123737
30139304
30145690
30147700
30149131
30173733
30219999
30220441
30245825
30254855
30255832
30271918
30280839
30282518
30296414
30311622
30343119
30350754
30375177
30400996
30405566
30424746
30471785
30524697
30533834
30551811
30572034
30593262
30622973
30642597
30675154
30707922
30761323
30777595
30817085
30835758
30837598
30837973
30884617
30885309
30897267
30943180
30957869
30988946
31008922
31013002
31036183
31049761
31054808
31064674
31088383
31117228
31126230
31130517
31154877
31154897
31161484
31177470
31196914
31212340
31231665
31237717
31238618
31239732
31265755
31277142
31296622
31297737
31344477
31351446
31354728
31368088
31380001
31388750
31414558
31416882
31424024
31437796
31445124
31449594
31456793
31474961
31484383
31485163
31514254
31529429
31561594
31565897
31574230
31594163
31614956
31618182
31641507
31660963
31662995
31678593
31694211
31699441
31703683
31706304
31718300
31729197
31756893
31766725
31775745
31775863
31784214
31807961
31818269
31821358
31840752
31842756
31901923
31905103
31922183
31930868
31940303
31950431
31955558
31957618
31986561
31997725
31998758
32017955
32038511
32040345
32046738
32051823
32068074
32071068
32128095
32146460
32150564
32175335
32187504
32189323
32215028
32219108
32266769
32284015
32289464
32292391
32304280
32306010
32370411
32392223
32404509
32427176
32428653
32444793
32454410
32456808
32486122
32522080
32523093
32526587
32532195
32580472
32594852
32600403
32625554
32629097
32634082
32661939
32668648
32690632
32731606
32736434
32741171
32778612
32794354
32795585
32827613
32847741
32867447
32872264
32894070
32911812
32936049
32965738
32979614
32979887
33003292
33021085
33030422
33042033
33068875
33073952
33113346
33118284
33125372
33189058
33193138
33195494
33206259
33236061
33274162
33287603
33297659
33302421
33328142
33330681
33333100
33340438
33342409
33349157
33373362
33373884
33390105
33406389
33424306
33490123
33517642
33519781
33571821
33577382
33584842
33591841
33592918
33592967
33631554
33689001
33711712
33718408
33727580
33728754
33743687
33771234
33816587
33818957
33820796
33913111
33929605
33930414
33937927
33987105
33997237
34013337
34013863
34016047
34016671
34027005
34029659
34049112
34051649
34091986
34125603
34134141
34134763
34167853
34179193
34195100
34208761
34212019
34235243
34245235
34249510
34273590
34295167
34319629
34331742
34332523
34335615
34338910
34368745
34379357
34447668
34461896
34487479
34489888
34510783
34521471
34529188
34533457
34534025
34536195
34540170
34594754
34610810
34612743
34622537
34630961
34669609
34673003
34745025
34777524
34787496
34795704
34809985
34815703
34867860
34919994
34935076
34987022
35022774
35025975
35028300
35037143
35071039
35144045
35149040
35168621
35180662
35182775
35196417
35208693
35214775
35215112
35236406
35244335
35270507
35274021
35312681
35334432
35336193
35400967
35416090
35420251
35462118
35509042
35593274
35646816
35647101
35655325
35685843
35710873
35712966
35737355
35771771
35816556
35834538
35852343
35875565
35889189
35891767
35905023
35923818
35928811
35950176
35954037
35995114
36014002
36014076
36032319
36060523
36060772
36066737
36077302
36115112
36155492
36174312
36185523
36233280
36242679
36263034
36286586
36311671
36326504
36329326
36338077
36356504
36383491
36404471
36414337
36416659
36448838
36460801
36482466
36591856
36618295
36632477
36638645
36641837
36649106
36653223
36678430
36788542
36795918
36847551
36851141
36855351
36862545
36913828
36918910
36927475
36962768
36972233
37043846
37084931
37111430
37115199
37123977
37125183
37149444
37187481
37202587
37212362
37235146
37263343
37309037
37312709
37342513
37356834
37367949
37389214
37415963
37459300
37462272
37479429
37499695
37523413
37580676
37630536
37663922
37673354
37737317
37781017
37789135
37799605
37812358
37827089
37853407
37862228
37916704
37935540
37943132
37979375
37999910
38003739
38007989
38019359
38025913
38028819
38044961
38101440
38113688
38174090
38226385
38228936
38257995
38269017
38276208
38315322
38318596
38326756
38349167
38366185
38402187
38453565
38488371
38531364
38543526
38552041
38586904
38595656
38608219
38608221
38633432
38663334
38676588
38711779
38750589
38755066
38764637
38770201
38770575
38806353
38809331
38843623
38846429
38854664
38901850
38930429
38946908
38969194
39033187
39037482
39083690
39099298
39100474
39109822
39127671
39130939
39137749
39186777
39206848
39220468
39230771
39268415
39301739
39360442
39418268
39430107
39443541
39463062
39466745
39472798
39486267
39536431
39539428
39539947
39553342
39557573
39571416
39571831
39605129
39605528
