4426
6805
9528
10702
12928
17021
20538
25884
25909
33219
35571
35939
44621
44622
56450
59148
59706
60120
60841
74924
93373
97870
103985
108440
114657
114661
116866
118244
120386
120633
121229
121731
124221
127470
136885
136886
136887
160890
160891
169201
175855
180049
186966
190823
195120
211892
238926
240870
253572
306402
307939
320340
321159
321425
323174
327844
331422
331863
332201
332635
333802
334068
337688
340961
341956
342296
342510
344195
344336
347693
347694
349094
351184
352949
353468
357662
357865
358674
359722
361581
362287
364064
364882
364883
364884
365747
365748
369111
369783
372442
374652
375407
376800
377029
378832
379336
381343
381708
385814
385895
388648
388938
396225
400026
409012
409676
412789
426520
445486
455855
457277
468738
518080
528361
553835
591064
596325
624778
632997
660596
764830
765283
766370
769365
772126
773606
773830
773834
775044
775302
775885
782018
782241
782505
783118
785943
788460
789045
789243
792401
793293
794800
800771
800847
801645
801646
805186
805825
806521
807565
807764
808161
809943
825468
826113
830063
848939
948016
949182
966571
994325
994326
1071220
1092441
1092756
1093653
1100716
1102514
1102902
1149508
1155917
1211924
1286882
1288961
1288963
1289579
1289582
1289589
1297028
1297401
1303691
1311095
1320067
1324647
1328138
1329626
1329631
1330562
1331205
1334318
1336337
1342645
1345299
1345793
1346879
1353731
1355564
1357525
1362573
1368629
1370275
1370392
1371977
1384530
1385871
1386839
1386840
1387347
1396777
1396778
1396779
1397501
1398988
1399945
1401004
1402085
1403075
1404917
1406266
1407386
1411315
1416842
1416853
1418902
1425712
1427291
1442023
1442354
1448621
1452195
1452345
1452490
1453146
1453282
1460409
1461150
1468424
1475516
1478466
1479262
1490724
1493982
1494227
1494228
1494236
1494237
1494240
1495196
1495197
1500078
1500157
1500175
1500348
1509257
1510436
1512202
1517806
1518894
1520765
1520957
1521889
1522669
1525751
1526673
1534978
1543651
1545135
1548066
1551976
1556091
1557197
1563763
1563779
1563781
1578215
1581044
1587550
1588115
1597914
1601284
1601652
1601892
1607691
1608172
1610554
1611209
1612733
1616380
1617040
1617042
1617927
1618001
1621748
1622160
1624362
1626091
1632256
1634808
1636935
1639482
1644010
1644200
1644967
1651826
1656741
1662628
1662893
1664634
1667220
1672766
1674959
1675525
1679815
1684795
1686036
1690488
1698206
1699839
1699898
1707498
1709390
1714093
1730786
1732554
1738821
1739285
1740781
1746852
1748125
1758716
1762166
1762167
1762168
1762171
1769318
1769413
1771307
1774298
1784271
1786196
1790547
1795653
1797029
1799915
1800613
1805138
1814873
1822348
1827104
1834912
1837032
1838978
1843242
1846138
1848527
1849511
1853710
1857101
1867561
1869845
1874249
1880444
1880919
1880922
1887498
1889177
1889504
1890190
1895923
1901535
1906261
1906504
1909487
1919133
1920808
1920813
1929253
1929295
1931135
1934179
1936949
1937822
1940804
1942001
1948178
1949324
1952854
1957640
1960108
1960392
1960855
1965005
1969440
1974580
1980254
1981227
1982068
1984457
1984738
1987034
1997438
1997440
2000017
2000529
2002230
2014239
2014970
2017744
2019436
2023428
2023545
2023741
2024959
2025110
2032951
2037377
2038842
2039192
2039195
2039209
2041146
2050200
2052057
2060968
2066585
2070322
2073903
2074248
2075405
2075680
2079000
2081094
2082158
2086814
2086825
2097708
2098201
2098202
2101201
2101779
2107064
2110556
2112164
2112165
2112167
2113792
2119182
2119200
2123271
2126695
2127268
2127351
2135412
2140111
2142480
2146739
2147718
2147977
2149921
2153634
2153659
2158962
2168442
2180598
2182544
2185241
2186225
2187952
2188465
2188957
2190045
2191134
2202745
2202837
2206775
2211449
2219026
2219027
2219028
2222302
2226499
2228225
2228247
2233983
2240698
2242187
2243193
2243194
2249402
2255317
2259619
2261923
2272922
2283704
2283713
2285292
2287060
2292530
2292533
2298482
2335751
2344163
2353150
2367151
2380110
2391747
2396591
2406246
2409200
2410367
2410543
2412781
2412931
2413663
2420735
2422150
2428180
2432132
2437150
2445730
2447169
2448255
2452682
2456934
2457733
2457748
2463329
2469742
2469934
2472081
2491432
2491709
2496991
2498265
2498268
2498621
2500001
2502950
2506805
2507170
2507900
2508555
2510312
2512142
2514570
2515027
2515729
2518703
2521633
2523688
2523964
2526242
2526245
2526252
2526256
2526259
2529233
2530028
2530352
2533933
2534678
2542163
2549347
2553040
2553612
2553613
2562789
2562790
2563386
2565813
2566595
2569292
2572555
2576626
2578148
2578225
2579313
2579908
2587134
2589845
2592539
2610501
2627653
2642469
2643574
2646590
2647002
2649598
2650595
2651374
2653651
2655106
2657347
2658843
2659990
2661319
2662129
2663582
2663996
2664249
2664255
2665131
2668686
2672672
2673177
2676938
2677956
2679407
2680990
2681864
2681866
2682867
2684593
2686918
2687231
2689529
2689652
2690001
2691460
2691841
2693753
2696268
2696271
2698006
2710534
2719831
2746858
2746861
2759922
2769943
2775330
2785090
2786617
2791495
2791722
2795861
2795865
2802544
2805557
2810332
2810729
2810739
2810743
2810744
2810748
2810756
2810757
2810758
2810762
2830841
2832394
2836707
2838847
2842292
2853553
2872118
2874337
2877005
2889522
2903934
2905761
2920709
2930125
2935880
2949695
2952063
2953303
2955742
2956671
2962974
2965127
2993239
3001120
3004181
3015038
3028346
3036638
3039012
3042029
3043011
3045002
3045014
3046466
3046484
3047290
3049506
3049547
3049658
3050107
3050184
3050185
3050186
3050336
3052092
3055798
3056221
3058020
3058817
3060627
3063759
3064496
3065477
3066243
3071738
3073020
3076677
3078213
3079992
3084924
3088548
3090624
3090858
3096779
3101004
3109897
3118039
3118592
3122461
3123442
3125353
3125704
3128449
3129996
3132379
3132384
3134767
3134843
3141350
3142349
3144134
3144871
3144872
3145851
3147148
3147199
3148127
3148262
3158070
3172461
3182444
3182986
3182987
3204655
3204657
3209480
3221430
3221434
3221437
3239253
3241330
3249362
3249367
3249370
3252753
3257286
3262802
3263352
3265981
3266508
3276190
3276665
3279996
3280553
3281742
3281944
3283244
3284952
3286506
3287805
3290104
3292046
3292661
3293098
3293307
3293852
3295339
3296102
3298700
3299086
3302343
3302918
3304089
3307617
3308704
3309306
3311736
3314253
3317744
3318227
3319116
3320921
3321411
3323165
3325668
3325899
3326132
3326374
3328311
3331159
3332910
3348609
3367509
3372024
3377975
3404650
3405685
3413084
3419439
3430712
3444437
3469167
3479632
3480058
3481314
3485072
3492275
3499115
3500354
3500539
3501426
3501756
3510006
3510980
3511046
3512759
3514452
3515552
3518295
3521473
3523459
3527982
3528763
3531230
3531385
3531389
3532630
3533782
3534259
3539921
3544286
3546143
3548745
3551898
3552389
3553005
3553226
3553232
3553235
3554775
3596808
3629957
3631914
3650065
3651773
3670125
3672914
3680962
3696836
3752972
3794938
3795476
3811828
3818541
3869265
3869756
3873898
3880729
3883985
3884510
3884512
3888244
3890426
3890729
3891156
3892980
3894016
3896626
3898157
3901207
3902529
3902878
3904406
3906018
3907897
3909955
3910050
3910560
3911202
3915330
3915978
3918482
3922895
3928101
3929745
3930111
3936303
3937489
3950981
3969362
3980326
3988854
4005155
4014440
4018066
4020254
4059752
4071647
4073082
4123224
4144652
4145163
4145164
4146469
4146496
4150023
4163922
4206016
4208280
4218648
4226217
4229755
4234271
4234531
4244397
4262243
4262605
4271763
4280945
4282795
4282957
4283250
4292492
4343402
4346975
4363064
4384896
4385749
4389137
4391577
4392088
4399855
4401643
4404324
4451236
4552005
4556570
4558137
4562398
4564878
4564883
4566239
4567224
4568179
4568253
4568554
4575282
4575963
4576409
4585270
4586138
4586147
4586858
4587386
4589060
4589998
4590274
4590390
4592010
4592539
4597679
4597711
4598840
4604355
4606725
4610499
4612001
4613734
4618457
4618462
4618889
4618944
4625689
4630760
4670430
4670492
4715553
4790551
4790575
4790579
4790936
4860920
4864568
4864801
4864856
4865927
4866932
4868076
4868077
4869017
4869018
4870929
4870930
4871737
4873433
4874780
4877397
4877864
4878542
4879306
4880546
4881080
4884210
4885849
4885982
4886938
4887873
4889444
4891059
4894723
4895704
4896101
4897412
4897751
4902808
4905084
4905701
4909764
4917024
4919028
4919742
4924548
4927082
4929857
4930446
4935492
4935612
4936386
4937574
4941243
4943361
4945373
4945374
4946417
4946419
4947362
4948462
4950393
4954049
4954656
4959076
4963377
4967751
4969165
4985083
4993291
4994145
5002200
5002689
5005296
5319126
5320198
5320296
5321512
5325479
5329494
5331297
5332023
5333458
5334971
5335287
5335808
5337771
5337889
5339579
5340505
5568280
5623796
5647519
5663575
5851821
5851822
5853125
5853919
5863024
6083437
6089334
6090721
6092638
6114821
6129262
6141205
6150728
6155051
6155333
6158813
6161884
6166317
6166868
6168140
6171120
6174594
6176626
6177428
6188083
6192200
6198315
6202804
6206423
6214210
6214995
6219952
6223907
6225770
6238821
6238911
6240017
6247970
6253400
6261420
6264845
6264846
6266774
6270413
6274143
6274981
6285015
6293978
6294465
6294794
6307975
6309743
6311502
6319358
6321093
6321351
6323437
6324528
6330497
6336890
6337097
6337126
6337260
6338804
6339995
6340079
6340907
6341225
6341248
6344905
6345573
6346733
6347873
6348433
6349986
6349987
6350447
6350449
6350476
6352033
6355820
6356288
6358040
6358344
6359157
6359377
6359775
6361318
6361319
6362280
6363297
6363456
6363563
6363698
6364014
6364128
6366410
6367771
6370076
6371042
6371051
6371452
6372321
6372328
6377204
6377256
6377781
6377806
6381314
6381650
6383164
6384047
6385721
6386878
6387017
6389348
6389698
6389709
6390098
6394503
6397459
6398907
6401476
6403459
6403501
6407761
6408401
6409808
6411621
6413489
6415061
6417621
6418655
6419494
6422594
6423545
6429238
6431714
6434522
6435043
6436292
6436651
6442817
6444312
6455052
6467154
6467282
6476991
6486832
6501108
6501901
6508268
6512346
6514385
6519809
6545794
6573325
6597557
6605423
6605961
6611135
6618903
6628922
6645577
6650147
6655831
6660847
6667606
6693174
6693838
6695158
6702891
6708085
6749687
6751350
6752452
6753628
6754613
6755186
6757675
6761393
6768328
6768371
6775448
6789390
6805065
6805842
6817542
6819994
6820745
6821454
6847495
6866716
6866785
6941742
6960805
6965669
6972729
6984688
6986267
6986870
6989752
6989925
6991420
6992710
6993465
6998559
6999165
6999791
7000241
7000287
7001328
7001481
7002256
7002789
7004223
7007447
7008426
7009927
7010046
7012030
7012275
7013358
7013363
7013650
7014450
7014632
7016738
7017577
7018329
7018382
7018388
7018560
7019093
7019317
7020012
7021402
7021425
7024167
7026443
7026447
7031129
7033140
7033209
7034640
7035430
7036595
7036845
7037644
7038580
7040485
7042753
7044350
7049773
7051457
7051595
7056578
7066792
7107118
7114838
7167811
7180263
7200999
7209407
7227499
7263064
7282741
7289018
7289022
7308617
7319918
7333970
7338929
7370080
7380536
7387146
7389242
7400404
7411588
7412593
7414023
7415356
7416749
7420360
7434054
7439986
7476200
7476392
7483795
7486929
7490222
7490444
7495010
7496075
7498006
7513036
7515336
7516997
7518761
7519231
7520963
7523828
7527894
7532154
7532168
7533778
7538449
7548575
7554326
7554538
7555163
7557308
7557418
7557735
7557952
7563004
7563588
7565111
7567309
7567315
7570582
7577960
7580916
7583928
7583929
7589263
7590174
7591107
7592441
7594778
7594793
7596292
7597880
7601836
7602190
7602194
7609419
7613586
7613896
7616436
7618491
7620020
7620031
7622224
7623660
7624334
7625793
7625799
7629278
7629552
7630322
7649435
7649441
7650169
7653128
7653133
7660068
7660073
7662079
7662580
7663572
7680562
7680689
7681376
7689226
7695310
7695517
7695892
7699843
7699846
7699847
7705031
7708671
7711132
7715537
7721246
7729455
7729468
7730239
7730368
7731296
7734162
7734831
7737114
7737120
7737521
7741176
7744238
7745808
7745809
7745810
7745813
7745814
7745816
7747102
7748019
7748037
7751634
7761181
7761182
7763219
7764190
7764985
7766169
7768163
7782974
7783316
7784814
7786005
7790099
7791210
7796712
7797902
7803333
7803818
7804168
7804905
7806362
7806375
7806384
7807697
7810065
7814395
7824316
7826326
7829904
7829912
7831354
7833000
7837912
7840581
7841829
7842820
7842821
7843673
7843823
7844044
7845360
7847816
7851088
7852559
7853676
7853728
7861298
7861955
7865065
7865559
7867301
7867308
7868273
7874074
7877255
7879466
7880597
7889729
7890388
7891551
7905016
7905888
7909543
7916360
7927772
7927999
7929009
7930578
7932342
7933527
7933529
7933531
7934855
7934934
7937450
7953114
7954529
7959039
7963802
7980756
7981290
7982173
7982988
7988394
7990492
7993259
7993377
7994929
7995355
7995956
7996048
7996532
7996627
7997478
8006580
8010973
8017129
8020088
8023105
8024645
8034432
8039929
8040114
8041301
8047855
8049203
8056894
8057834
8061411
8061745
8063419
8067748
8068219
8068483
8077386
8077718
8082410
8083381
8085732
8090319
8093174
8093623
8107271
8107273
8107274
8107277
8109918
8120408
8122999
8125103
8126906
8127896
8131637
8132333
8132355
8140279
8144429
8150771
8151911
8153068
8157746
8158646
8163739
8166997
8167348
8168942
8168951
8170362
8173211
8175269
8175816
8176719
8182011
8185890
8188363
8188369
8191116
8191134
8193122
8196542
8201767
8201769
8205935
8207299
8207300
8208610
8212512
8213050
8219444
8219499
8225619
8235452
8239624
8239915
8244925
8244975
8245833
8250663
8253964
8254888
8254898
8257132
8262617
8263185
8264532
8275054
8294773
8300205
8301200
8302397
8303309
8305805
8307035
8308699
8309067
8309071
8309072
8309073
8309075
8311650
8312149
8322487
8324134
8325128
8325836
8328813
8335359
8335368
8335524
8339588
8344422
8347928
8349091
8349810
8350252
8354465
8355608
8357516
8359893
8360978
8360981
8361305
8364521
8364522
8366070
8366514
8371493
8371496
8375398
8381770
8384277
8385225
8388199
8391621
8396081
8396085
8396094
8396095
8396102
8396103
8396196
8398982
8404489
8404918
8405402
8410102
8417428
8417430
8418346
8421416
8423107
8439208
8440944
8444058
8444235
8447692
8450222
8455189
8458054
8458058
8459859
8463391
8473766
8483419
8484941
8485908
8486981
8487260
8500869
8501331
8502188
8504259
8505883
8511999
8512000
8518199
8519697
8525335
8526017
8538573
8538584
8539077
8539695
8546484
8550185
8557070
8557371
8557568
8557634
8557943
8559625
8563947
8576126
8576332
8577996
8585742
8586164
8586166
8586171
8586178
8586179
8586181
8586244
8589666
8603791
8603967
8603969
8605894
8606073
8606117
8606393
8611189
8611426
8619563
8619575
8620583
8621080
8621972
8628220
8634230
8634234
8640450
8641786
8641793
8641794
8641811
8644412
8648212
8653082
8657063
8675287
8675293
8677102
8677788
8686730
8697894
8700877
8701648
8706717
8708910
8710750
8713019
8714154
8718606
8718607
8722537
8723467
8724811
8733283
8733451
8735449
8737395
8737491
8741539
8741706
8742995
8744372
8746458
8749635
8751262
8751897
8752380
8755901
8759591
8760820
8762314
8763614
8769606
8770639
8778565
8781039
8786623
8786624
8786629
8786654
8792480
8798404
8798544
8798545
8801295
8803952
8804329
8805648
8808712
8808714
8808715
8808951
8809746
8810559
8811648
8816152
8816411
8818842
8818848
8818849
8820681
8835760
8838197
8843287
8844744
8849237
8849702
8852739
8852968
8858591
8861865
8865323
8868433
8872094
8874973
8875914
8878241
8879762
8880132
8890190
8890235
8895786
8901249
8903197
8904068
8908268
8910488
8913449
8914775
8916664
8917079
8922571
8926060
8928514
8928643
8929551
8937410
8937958
8942006
8943398
8945594
8945602
8949488
8953725
8957575
8958166
8958259
8971709
8972665
8973728
8980765
8983524
8983882
8984357
8986554
8986555
8986558
8988410
8988415
8993117
8996736
8999301
9005524
9006528
9008306
9009298
9009301
9011381
9037618
9037709
9041354
9041600
9041610
9041729
9044028
9045963
9058542
9060161
9060165
9063669
9064807
9070388
9082735
9082751
9083017
9087480
9093837
9093919
9096193
9109143
9109154
9109158
9114412
9116645
9119474
9119483
9121120
9125560
9125588
9128101
9129980
9131327
9139932
9140916
9140918
9140976
9147905
9147910
9149166
9149167
9157243
9169154
9169486
9169741
9169794
9170267
9174181
9174193
9174203
9177290
9179528
9182113
9183075
9184353
9187949
9188864
9198283
9199416
9199447
9199461
9201959
9208069
9209778
9210662
9215152
9222069
9230392
9231089
9240890
9245825
9248782
9251267
9252400
9253700
9262765
9271035
9274026
9284130
9284159
9287942
9288295
9288313
9290550
9292924
9293051
9296244
9301530
9301986
9301995
9306157
9307013
9313120
9316938
9316998
9324268
9331598
9331599
9331601
9331608
9331610
9331632
9331642
9331659
9331691
9331692
9331694
9331707
9331710
9331711
9331712
9331715
9331716
9331719
9331720
9331756
9331757
9331771
9331794
9331796
9331800
9331810
9331812
9331815
9331816
9332521
9332892
9333040
9333056
9335304
9338498
9338499
9341135
9350412
9350413
9353057
9361388
9369118
9371360
9373146
9394236
9405204
9405467
9407220
9411073
9412400
9412874
9418339
9420045
9420050
9421474
9423866
9434994
9435035
9441702
9442490
9442832
9452445
9453639
9453640
9455517
9467904
9468335
9479529
9484889
9485590
9488151
9488384
9490360
9497374
9504492
9511051
9511055
9512178
9512788
9513599
9514571
9515681
9519380
9519806
9524242
9527769
9529063
9531961
9532679
9532741
9533455
9533464
9534234
9538421
9539081
9541603
9542906
9548400
9551922
9566143
9570829
9571733
9571734
9572568
9572890
9572891
9574721
9576000
9588118
9593127
9593131
9593164
9593359
9596721
9597288
9597391
9598780
9605123
9607839
9614460
9614934
9618640
9624783
9632565
9632603
9632622
9634360
9640815
9647812
9650329
9651828
9652434
9654307
9655536
9657932
9658791
9661036
9661943
9663026
9673282
9679694
9684656
9687428
9691100
9699393
9710676
9711451
9711515
9712763
9718470
9720358
9726340
9727651
9728401
9730800
9738847
9738915
9745327
9746555
9747758
9747985
9748290
9755830
9755831
9756639
9758283
9759896
9763744
9771042
9777015
9782396
9784550
9786544
9795289
9795305
9795541
9799235
9803636
9804015
9804392
9819692
9822827
9826398
9829949
9830749
9830779
9841918
9846694
9846742
9846743
9857615
9860284
9861973
9864206
9865458
9865757
9865994
9869564
9872042
9872242
9874261
9874566
9877192
9877360
9878045
9879397
9880792
9882576
9884506
9890370
9920133
9930874
9932010
9933448
9933623
9933624
9934544
9950410
9951080
9951248
9951990
9973578
9988717
10024545
10028081
10029890
10048922
10052895
10066836
10068585
10077775
10085008
10085009
10085018
10085030
10093716
10150365
10200156
10209512
10211213
10212191
10212752
10212757
10216862
10221421
10221875
10231712
10319161
10320580
10325315
10325352
10326741
10329638
10335955
10336419
10338474
10341174
10344042
10353530
10357059
10367484
10369564
10378127
10378394
10381488
10382875
10385014
10386366
10389650
10389739
10390598
10397375
10403477
10408362
10408993
10411737
10417871
10420201
10424800
10427725
10428916
10428928
10429198
10435921
10442213
10443263
10443499
10447887
10451889
10452643
10456867
10456870
10456887
10456923
10458754
10461837
10470129
10471588
10476031
10477610
10481811
10481812
10482006
10482030
10482034
10482522
10488213
10494312
10496909
10496938
10498714
10502948
10504592
10508072
10509847
10511393
10513845
10515840
10520362
10523570
10524676
10527377
10528787
10530572
10530573
10530574
10530575
10532376
10540188
10563401
10564500
10565944
10566873
10569749
10569765
10569797
10570304
10572224
10587008
10588303
10588913
10589905
10591501
10592797
10595574
10596885
10596986
10598160
10603401
10603483
10608626
10608632
10610017
10618101
10618121
10629010
10629011
10629192
10629975
10635419
10639346
10639414
10648376
10657632
10658649
10660058
10660498
10666585
10673391
10678008
10678929
10679045
10681429
10685108
10687521
10687652
10689175
10689316
10692357
10694943
10695356
10697608
10697804
10701045
10706638
10717500
10720520
10720873
10721557
10722129
10722575
10722610
10725732
10728193
10731920
10746771
10749461
10751252
10755633
10756153
10759357
10764613
10767608
10768929
10772134
10774464
10774619
10797081
10799801
10799895
10809707
10816375
10816467
10816521
10816533
10817692
10817748
10824027
10824033
10824038
10830455
10834956
10834960
10835751
10837387
10840210
10841783
10843060
10847202
10855014
10855023
10856375
10860729
10867874
10871131
10874738
10876946
10878011
10878527
10878536
10883519
10885838
10887578
10890227
10890259
10895378
10899889
10904114
10904192
10908025
10909021
10913699
10915400
10917153
10917236
10918090
10920635
10923229
10925320
10925532
10929504
10930754
10931281
10943601
10946404
10955699
10965100
10966229
10966238
10972723
10972839
10974577
10979908
10980564
10986229
10992708
11003896
11003968
11020262
11024012
11024269
11025462
11031125
11035747
11035959
11036012
11036052
11044193
11045630
11053902
11055602
11055668
11062199
11065357
11068672
11070819
11074113
11084695
11086284
11086489
11090693
11091045
11095201
11095824
11095992
11096107
11098974
11102408
11102415
11110044
11111022
11112367
11112631
11116326
11117015
11119566
11120939
11120993
11120994
11121061
11123326
11123674
11128071
11136255
11136460
11136470
11136810
11137354
11137653
11138536
11138545
11144057
11144397
11144690
11144705
11149125
11154028
11154870
11158359
11158770
11159974
11159987
11160026
11163247
11165635
11167542
11168029
11169110
11170997
11178265
11178347
11178727
11181362
11181385
11188957
11198543
11205800
11207571
11207605
11213436
11215311
11220986
11234313
11236710
11237829
11249826
11251558
11253677
11254602
11256303
11257021
11266425
11267767
11269370
11272257
11283047
11287878
11291694
11296296
11298934
11303827
11309079
11310805
11316897
11317941
11318073
11319358
11319362
11319369
11320325
11323441
11328600
11328766
11328783
11330713
11335140
11336080
11349071
11349087
11349089
11353626
11353638
11359827
11367873
11368107
11369867
11370708
11386618
11388614
11394503
11395456
11395641
11401704
11404377
11406581
11408246
11411344
11412919
11412921
11418555
11422082
11424013
11440226
11440388
11442342
11442840
11447160
11454069
11454089
11455497
11463521
11465847
11467024
11468286
11474013
11474632
11476977
11479634
11481291
11489069
11500096
11500427
11501471
11502378
11502511
11507066
11513092
11517433
11523558
11525365
11526165
11531981
11532154
11533008
11535358
11535787
11535834
11539850
11545273
11545275
11545428
11546819
11547470
11550125
11553627
11561135
11561807
11562070
11566974
11568782
11572898
11575586
11576543
11576792
11580843
11581234
11582924
11582925
11583400
11589485
11598032
11598078
11598100
11599885
11600391
11601667
11601904
11602138
11605227
11606027
11679068
11679074
11688910
11691566
11691572
11691576
11693494
11694663
11703670
11703674
11704673
11705914
11709305
11710843
11717294
11722881
11725836
11733997
11734704
11734748
11734765
11735633
11738335
11740562
11751774
11764740
11765446
11769559
11772242
11777561
11782509
11791671
11793107
11796375
11796571
11796609
11796618
11796629
11796638
11798254
11799120
11801184
11804334
11805074
11810485
11810564
11810593
11810596
11811027
11812213
11813929
11819284
11821240
11823235
11823238
11825995
11826964
11827033
11840087
11845401
11845480
11850163
11850262
11850285
11854196
11856277
11856292
11858909
11864077
11864113
11864324
11867637
11871308
11878155
11891098
11895961
11895963
11899092
11909838
11909842
11911187
11914350
11914508
11918696
11924823
11927545
11929513
11932143
11939399
11943230
11944185
11953386
11953421
11959545
11959602
11962613
11969194
11972714
11974882
11977919
11980459
11996705
11997155
11997159
12002646
12002648
12003979
12007850
12009273
12009902
12010489
12010966
12011018
12017394
12019095
12019138
12029390
12029521
12030021
12037120
12039885
12041741
12051398
12055283
12065534
12069529
12069888
12071093
12071858
12072931
12077154
12077155
12077157
12088624
12089296
12090797
12100437
12101276
12101295
12113482
12113483
12113845
12117961
12118517
12120463
12121397
12147493
12149359
12150171
12150493
12153145
12160165
12160177
12161406
12162520
12173126
12174224
12176181
12180948
12181999
12182257
12183254
12183530
12183536
12183543
12183571
12186779
12193210
12193726
12196121
12200547
12202572
12207129
12207920
12218263
12222710
12226689
12229277
12234346
12235158
12239225
12239227
12240573
12277559
12285913
12324249
12354115
12354221
12356788
12356796
12359713
12363230
12364600
12366839
12370528
12379699
12381468
12389487
12394813
12399509
12407122
12418557
12418558
12421263
12427206
12427926
12428245
12435672
12435707
12437231
12438337
12438391
12440957
12441069
12446626
12450808
12459227
12461009
12462428
12473669
12476594
12480543
12486622
12493787
12495677
12499226
12507840
12508480
12512235
12516565
12519344
12522054
12522749
12524991
12530535
12535082
12539083
12540558
12540577
12543648
12545689
12548631
12556428
12556430
12562699
12571357
12578543
12587037
12594016
12595414
12595453
12598713
12599076
12600750
12604386
12604556
12608977
12613022
12615219
12615875
12617704
12618450
12621031
12621045
12621091
12621736
12622814
12624074
12628410
12630329
12630338
12630492
12632744
12634369
12637025
12646229
12647881
12648369
12649712
12661418
12662097
12667242
12668143
12668580
12675683
12679262
12682118
12682191
12690270
12693555
12697345
12698023
12700253
12704140
12705687
12706615
12706684
12707094
12707519
12708252
12708998
12719453
12721736
12727075
12729728
12729995
12730168
12731215
12731231
12732544
12736686
12741438
12749505
12750758
12750759
12752450
12754427
12754445
12761074
12775699
12775704
12777583
12781526
12783093
12783279
12784807
12791853
12792379
12794192
12799345
12799505
12805254
12813026
12819060
12819070
12819778
12820799
12821461
12822930
12825743
12826062
12832122
12836092
12841648
12848734
12856208
12858030
12858074
12861284
12861520
12866421
12867436
12868654
12870387
12871502
12874015
12877635
12880780
12884067
12888585
12899933
12901845
12902247
12904423
12909662
12914816
12916441
12923089
12925112
12925122
12927955
12929682
12933824
12933852
12933887
12936983
12938211
12942787
12942788
12949067
12949243
12949249
12959402
12960399
12962361
12967496
12967870
12969551
12972451
12999702
13057459
13062035
13078086
13084883
13093906
13117817
13129927
13130795
13141138
13152346
13163342
13163343
13167580
13172405
13172406
13174764
13174797
13213975
13224674
13242530
13243679
13255859
13276573
13278469
13278470
13278531
13295201
13306794
13319694
13345771
13346097
13363418
13364151
13364152
13376874
13436720
13463269
13464104
13464772
13475219
13481006
13524595
13525647
13607347
13654630
13678479
13707001
13711369
13728295
13773402
13787821
13797700
13824392
13828613
13831587
13842927
13843678
13851100
13852850
13859205
13877520
13877521
13877522
13880442
13935500
13943871
13949315
13954539
13955585
13961064
13975407
13978835
13998301
14001530
14002421
14002904
14003420
14004404
14008929
14017863
14029198
14042769
14042928
14043989
14047218
14047220
14048143
14049320
14053697
14054434
14056428
14056446
14058514
14062743
14066463
14075055
14077436
14078002
14087706
14088082
14088886
14094688
14097484
14100824
14100832
14102700
14103676
14104950
14104951
14108404
14114847
14116184
14123346
14127299
14128665
14129011
14131347
14131621
14140348
14146992
14154898
14156299
14159449
14161157
14166618
14171641
14172280
14173840
14178777
14181278
14184947
14185998
14186012
14186756
14188566
14193139
14193203
14194489
14194712
14195646
14195647
14197014
14197881
14203369
14205712
14210994
14211339
14211340
14215465
14219054
14230164
14231932
14232992
14233141
14234783
14249463
14252823
14255656
14257697
14271904
14273313
14273355
14275650
14287198
14287433
14293012
14312385
14317136
14321153
14322601
14323027
14323155
14325283
14327713
14329473
14335146
14341160
14353838
14392304
14409556
14409557
14410458
14410809
14411479
14434859
14434875
14446150
14474621
14487259
14493578
14499992
14500483
14500516
14500523
14500534
14507444
14510876
14517274
14519672
14519674
14521553
14522104
14522456
14526012
14533837
14550961
14551488
14567254
14572792
14581741
14582759
14597005
14605184
14605185
14609430
14609454
14611896
14614364
14616688
14616747
14617188
14617660
14629266
14632104
14638753
14638802
14638816
14644607
14647928
14654764
14660363
14662917
14663098
14667791
14667792
14680708
14686915
14688115
14688122
14688566
14692376
14692380
14693554
14693558
14700493
14700678
14702157
14706083
14707097
14712367
14718011
14718539
14723366
14729759
14732322
14736785
14742501
14742574
14743048
14749329
14761734
14766914
14770858
14771625
14771841
14774462
14774613
14774995
14775744
14776074
14792643
14796626
14800815
14805718
14823349
14833486
14844243
14846932
14852124
14856232
14863007
14864109
14874485
14908001
14927560
14961138
14964344
14966192
14969579
14972551
14973152
14976595
14977073
14977969
14977990
14978375
14987822
14993572
14993682
14998336
14999628
15001301
15007876
15016372
15024437
15028688
15043862
15044486
15047546
15048838
15049096
15049778
15056382
15062922
15069198
15071004
15072852
15084805
15100978
15102808
15103329
15103888
15107512
15107869
15109426
15117363
15120735
15127336
15128458
15133117
15134387
15142482
15149028
15155651
15155682
15158689
15160306
15163872
15166824
15175307
15177849
15178803
15182157
15182158
15182160
15182903
15184536
15186398
15186416
15189749
15190131
15198180
15205431
15209162
15211868
15213143
15213180
15213388
15213410
15214873
15214881
15215229
15216942
15219833
15220014
15225860
15228898
15232152
15232154
15232155
15232159
15232160
15232166
15232175
15232177
15232180
15232184
15235338
15243074
15246514
15246625
15247227
15247241
15257225
15264985
15265831
15271946
15272227
15276914
15279944
15288930
15297545
15307574
15310469
15317792
15321156
15324964
15325057
15325400
15325429
15325435
15328126
15329367
15329456
15330318
15332395
15336396
15339269
15339937
15341641
15345330
15347489
15351011
15352745
15353570
15355808
15361727
15361938
15364982
15365022
15373759
15373909
15379729
15379731
15380265
15380268
15380782
15381135
15383024
15383167
15383172
15383227
15385489
15385511
15386111
15446134
15446176
15458217
15458407
15458415
15465260
15465261
15465270
15467260
15472001
15478182
15479236
15488734
15488977
15489420
15493828
15494258
15496248
15500379
15501804
15502412
15507359
15516573
15518879
15520011
15545310
15547255
15550543
15551209
15554966
15557185
15557665
15561839
15562753
15563518
15564026
15567252
15572249
15573356
15574492
15576204
15581366
15590288
15591260
15591635
15599644
15601476
15603993
15612837
15612930
15613518
15615387
15615463
15615464
15616324
15616336
15619020
15619036
15623518
15626106
15628302
15629962
15633540
15633541
15634964
15640905
15647255
15649302
15659687
15668242
15673769
15673780
15676234
15676235
15679492
15689319
15690687
15695683
15695691
15702045
15703892
15705635
15705642
15729489
15731068
15737988
15740513
15742293
15747584
15750713
15761074
15764198
15769742
15772147
15772148
15773976
15776373
15776374
15777108
15784545
15784568
15797242
15808317
15808319
15817788
15821901
15823960
15825309
15828289
15828969
15830472
15832298
15845522
15847204
15847719
15848295
15849869
15853881
15855520
15855540
15855546
15856267
15856371
15862455
15862457
15863847
15866915
15866916
15872292
15875736
15875767
15882414
15890718
15891795
15893240
15897999
15898710
15906537
15908017
15908405
15910229
15911764
15913971
15915241
15915762
15920897
15936195
15937178
15937760
15938596
15942900
15946835
15947322
15953700
15953948
15954483
15963292
15963844
15964070
15966363
15966977
15968823
15977564
15980381
15980399
15980403
15990202
15999920
16000510
16002662
16009720
16010595
16019627
16022781
16024592
16028508
16040603
16040962
16041587
16044856
16045606
16045611
16045622
16045870
16048718
16048958
16075333
16077213
16080070
16080080
16088124
16088716
16088827
16089233
16092454
16095089
16097383
16098212
16104992
16107954
16108799
16109937
16109951
16117962
16120627
16126577
16126952
16127062
16134984
16135223
16140698
16148132
16155232
16156514
16157543
16159391
16163428
16164413
16167704
16168613
16172106
16174772
16176638
16178462
16189105
16189106
16191279
16192439
16194243
16197848
16206827
16207162
16216111
16218885
16225685
16226017
16226831
16233902
16234096
16236325
16237270
16237645
16239291
16243478
16248981
16249619
16258164
16258815
16260068
16262783
16271452
16272396
16272506
16280610
16287173
16288371
16289766
16300224
16300228
16309875
16312369
16314578
16314668
16319471
16319779
16322579
16325550
16330538
16333395
16335054
16335979
16344191
16352823
16359313
16359315
16361800
16364444
16365602
16366358
16369006
16375832
16377695
16385027
16385028
16385029
16386420
16391013
16391999
16395189
16398843
16403212
16415347
16420362
16420750
16426457
16428389
16428778
16431917
16434707
16436741
16436755
16441436
16441463
16451421
16454159
16461700
16466892
16467041
16476336
16487241
16487973
16489742
16490930
16495255
16501360
16504124
16508336
16511045
16513733
16514337
16517893
16520379
16527071
16530373
16531115
16533893
16536574
16537059
16539915
16542599
16542816
16547896
16548894
16549510
16553815
16559919
16560510
16560511
16560512
16561288
16561311
16565520
16566868
16567979
16569858
16570512
16572254
16572607
16575736
16584191
16597874
16597993
16601773
16612610
16615623
16618915
16622026
16622036
16633038
16641442
16641473
16644226
16648943
16648948
16669929
16670109
16670320
16670727
16681145
16686226
16689828
16700698
16700789
16701580
16702013
16703512
16709873
16714223
16715820
16717094
16723563
16723599
16725301
16732377
16733543
16736885
16740123
16753593
16772423
16775954
16780571
16782385
16785703
16788170
16790522
16793484
16797144
16797929
16798693
16801451
16804174
16815062
16818521
16818781
16822234
16825375
16825390
16828529
16830594
16835874
16844354
16856940
16857603
16857625
16860129
16878389
16879454
16881189
16891483
16891633
16904782
16914034
16918490
16923080
16929299
16930036
16934197
16934708
16939535
16949918
16951860
16954271
16954322
16954534
16957236
16957433
16961092
16963231
16963575
16967640
16973336
16983604
16995651
16997795
16997962
17000084
17000138
17002203
17005792
17005968
17006272
17007644
17010157
17011079
17011148
17011180
17012384
17012387
17012393
17014670
17015662
17021107
17024793
17024794
17028269
17029999
17042787
17049082
17051116
17057090
17059178
17060524
17060703
17065188
17065264
17065625
17065626
17066081
17069620
17072122
17080685
17083011
17085578
17086994
17095162
17097428
17098902
17101264
17101685
17110979
17118289
17127228
17131293
17142387
17142392
17142401
17148065
17162355
17166410
17172649
17173826
17176853
17182602
17187076
17189377
17209547
17213570
17215986
17220411
17221049
17229503
17229612
17238923
17240398
17242142
17244805
17252595
17256405
17257051
17257217
17259318
17260672
17261623
17261630
17262710
17267051
17267628
17268160
17287324
17292581
17297246
17306049
17309981
17317605
17319876
17325055
17326042
17334061
17335348
17342333
17344934
17347982
17359232
17359321
17359332
17366061
17369138
17369697
17371500
17371855
17373109
17373684
17375201
17378928
17387157
17403708
17404004
17405779
17407178
17407184
17418454
17427547
17428930
17433188
17436860
17436861
17452467
17454906
17459767
17460058
17464078
17467801
17470587
17474756
17481952
17483548
17483936
17486599
17488720
17493119
17494723
17501921
17510253
17513475
17513506
17523425
17524065
17526748
17526755
17532590
17543400
17543504
17543527
17544803
17553807
17554781
17561769
17566390
17575097
17576754
17580967
17590393
17599296
17599299
17599301
17601208
17603241
17603950
17606677
17609319
17612257
17624298
17624560
17625202
17631925
17635862
17646087
17649529
17649855
17658254
17658548
17660410
17662041
17662304
17664808
17664825
17665172
17665233
17668240
17674319
17680967
17681739
17684643
17692517
17693404
17694272
17699155
17707951
17709757
17716779
17724158
17725254
17728917
17844993
17850344
17860013
17868900
17878387
17892475
17893125
17895606
17895966
17897495
17899548
17900297
17904463
17906121
17907170
17909446
17920629
17927902
17941651
17953601
17958625
17959766
17963333
17965337
17966639
17967190
17972131
17975089
17975669
17985907
17991761
17993527
17997274
18001346
18004578
18005100
18007207
18020451
18021366
18021899
18022442
18025068
18029022
18034567
18036409
18041900
18046585
18056894
18057124
18059492
18061395
18063798
18070957
18072207
18073148
18075897
18078694
18085683
18086265
18093092
18095091
18095374
18096337
18154080
18156737
18157057
18159315
18159548
18160402
18163514
18174342
18176018
18180300
18180360
18180826
18182097
18182134
18182576
18183294
18190260
18215300
18218647
18242012
18247478
18250125
18251785
18258111
18259070
18260325
18261127
18277547
18281790
18287744
18293884
18296003
18301769
18303257
18306530
18306645
18310340
18312569
18312659
18321926
18329243
18332170
18332209
18332429
18341873
18343047
18347035
18348230
18356951
18364240
18375119
18375757
18376571
18379254
18382631
18391010
18395942
18404563
18405369
18408245
18411293
18416589
18417661
18419476
18420659
18426891
18436597
18463210
18467595
18476143
18477635
18479433
18479886
18480050
18490458
18490574
18495013
18495470
18500920
18502558
18502861
18511548
18512531
18521797
18522500
18533265
18537829
18539805
18541662
18554840
18569077
18570749
18573555
18573900
18573902
18574154
18576885
18580375
18584545
18586009
18591721
18592996
18593460
18595500
18596149
18602696
18608709
18611520
18611529
18611587
18611754
18612664
18614414
18620074
18622964
18625342
18625909
18627465
18631184
18635385
18644325
18667560
18672694
18673393
18676110
18676670
18677274
18678666
18685016
18686478
18691162
18692203
18697725
18700786
18708515
18709531
18713862
18722035
18725451
18727807
18729251
18758124
18765693
18770596
18774249
18774268
18779749
18780520
18782032
18785068
18787689
18789545
18793383
18796357
18799018
18800623
18804024
18804033
18814800
18815375
18817023
18819409
18820018
18824088
18826332
18826812
18832303
18837785
18838065
18842379
18849564
18852238
18873865
18900038
18922719
18924218
18927412
18927416
18936485
18941636
18952616
18973410
18973658
18976486
18983979
18996992
18998265
19000856
19000857
19000860
19001682
19015321
19016794
19016875
19017791
19020908
19021952
19021953
19023421
19024175
19024645
19025386
19028617
19040471
19046174
19052648
19053137
19071882
19073871
19074399
19078664
19079337
19091517
19094861
19095378
19097790
19100162
19120918
19122404
19129180
19132104
19136361
19137242
19142834
19151963
19152799
19156548
19158266
19169199
19175917
19176176
19181800
19187533
19191587
19201891
19202105
19203074
19203863
19209948
19213209
19213799
19214868
19217574
19223485
19232860
19233788
19236174
19237546
19238341
19241525
19243434
19243651
19252743
19258262
19258353
19270089
19274094
19276078
19279051
19280072
19282092
19286651
19288853
19290517
19295978
19303171
19303274
19305064
19306715
19317228
19319018
19323633
19325880
19331587
19338819
19344241
19345038
19346303
19347938
19350154
19350174
19351895
19354028
19360846
19366560
19371554
19371765
19386416
19386831
19388165
19388169
19388903
19393958
19395219
19396515
19396949
19397826
19398546
19401780
19401798
19401934
19402279
19409999
19412913
19416976
19417080
19417770
19428716
19432798
19433860
19436611
19438578
19438710
19459472
19460325
19463017
19465482
19469285
19472339
19473989
19480723
19485755
19486163
19486515
19493003
19494489
19494580
19494581
19497855
19504729
19506013
19515446
19515840
19519845
19523420
19528278
19528580
19552626
19554400
19563892
19591574
19594623
19602920
19608303
19610623
19615343
19617361
19621147
19621829
19622454
19623252
19625112
19628464
19635028
19659716
19664148
19666718
19673349
19673351
19673357
19674512
19682369
19683349
19687200
19687712
19697874
19698282
19698283
19701123
19703352
19709334
19710271
19712682
19717107
19719413
19725248
19726689
19727858
19730733
19732082
19737905
19738026
19740909
19744553
19745030
19751599
19752034
19758213
19759483
19763180
19771688
19772795
19778599
19794915
19795612
19800365
19802690
19804565
19805181
19805559
19805566
19806211
19806374
19812205
19814715
19818587
19833781
19841076
19845763
19850619
19850999
19851897
19858262
19858566
19860322
19863488
19866807
19866921
19867113
19867239
19868351
19871458
19871459
19871606
19871670
19873323
19879189
19882980
19883153
19884044
19884376
19889937
19897756
19914738
19926269
19938405
19938467
19945195
19947304
19955276
19956673
19971397
19971567
19971705
19994805
19997045
20001348
20002853
20005020
20007764
20008075
20008780
20012409
20012726
20017931
20018472
20018818
20018886
20019195
20019810
20020301
20020512
20025665
20028807
20036523
20041902
20042624
20056274
20059549
20060624
20061207
20062551
20065464
20069871
20070306
20071175
20071285
20074591
20083235
20093113
20097132
20104023
20107992
20110295
20112172
20113532
20118164
20123710
20124716
20132182
20132259
20139067
20139493
20140249
20145082
20145247
20146737
20154137
20158613
20162611
20164068
20180543
20198987
20209109
20217405
20219834
20221892
20223800
20226225
20226634
20226739
20232586
20235501
20235748
20238517
20265805
20265818
20278388
20281096
20295897
20298774
20326985
20337717
20339024
20339385
20339710
20346387
20346743
20349679
20350461
20350943
20357243
20359498
20363977
20367460
20368967
20370898
20371286
20375563
20375633
20377246
20385762
20390396
20407400
20416045
20417301
20418429
20418946
20427286
20428018
20433696
20434123
20437005
20439616
20441421
20452338
20454454
20457472
20461293
20465000
20466083
20472552
20472585
20472695
20475253
20475359
20475401
20475438
20475439
20484698
20487027
20490660
20491545
20493666
20494994
20497047
20497507
20500020
20502080
20508738
20525487
20526539
20537442
20542901
20554163
20554465
20555421
20562101
20563620
20566418
20575666
20577151
20587784
20590169
20592151
20599728
20603051
20605657
20607329
20607346
20607546
20616935
20624096
20624906
20627808
20631866
20634239
20635601
20635859
20638606
20639332
20641183
20643653
20644176
20657068
20657078
20663038
20667731
20670287
20675378
20687911
20692129
20705662
20709506
20713629
20724334
20729215
20732995
20734600
20737255
20770278
20775257
20798480
20803622
20805011
20829396
20839562
20839641
20843804
20850558
20852457
20861327
20864546
20879789
20883767
20884771
20920260
20929013
20931134
20937760
20938399
20941943
20946137
20947497
20947990
20952389
20954094
20967785
20971514
20974824
20977351
20979628
21007833
21022906
21033469
21034303
21034773
21034860
21035535
21035731
21037420
21043080
21046393
21047689
21054741
21057372
21061832
21062127
21068284
21068386
21073313
21077727
21079780
21080914
21084306
21085016
21088404
21089528
21091832
21097579
21098101
21098521
21105972
21110343
21112248
21115452
21115784
21118915
21133689
21133988
21134751
21138966
21142157
21146602
21159159
21159410
21159925
21169359
21171810
21172783
21185944
21188548
21189350
21190121
21192932
21208424
21209069
21216051
21216276
21218074
21220534
21223537
21231972
21236543
21241317
21241819
21245448
21251553
21252276
21252447
21255362
21259031
21264161
21264317
21278255
21282424
21282440
21284853
21286006
21286145
21296734
21298675
21298863
21300288
21304813
21310787
21315057
21317320
21321245
21327299
21339157
21340042
21343452
21343455
21343467
21344154
21346045
21352539
21353958
21353963
21353964
21358602
21362024
21364226
21365475
21366959
21371090
21373930
21381347
21388428
21396085
21397773
21404913
21409533
21413248
21415743
21419605
21422178
21425595
21439802
21440037
21441352
21443912
21443942
21446147
21454493
21454494
21455174
21466038
21466233
21470574
21480162
21482565
21485600
21485703
21491178
21494997
21501041
21502613
21504182
21505526
21508164
21511823
21513848
21519130
21521694
21524711
21525220
21525223
21525617
21528778
21531823
21533192
21535475
21536150
21542231
21546624
21553473
21557065
21573110
21577055
21584543
21599428
21601543
21612508
21613262
21614937
21615606
21615663
21619648
21625574
21628503
21632896
21636680
21641398
21646455
21647315
21647940
21655249
21658083
21663482
21678158
21678234
21683270
21697021
21697322
21705595
21707079
21714763
21720091
21726054
21727993
21731607
21732948
21736512
21736640
21744012
21748125
21750972
21751556
21764263
21764368
21764942
21771452
21771680
21780664
21788381
21794562
21796912
21799792
21800008
21813851
21815228
21822292
21829369
21829864
21832719
21840048
21840989
21843871
21853673
21856369
21859295
21873405
21875435
21876204
21877175
21880740
21899183
21899551
21904015
21904634
21906413
21907752
21912586
21917918
21918193
21920391
21920830
21921933
21925735
21929280
21938400
21948797
21951918
21963829
21965411
21966268
21967698
21971519
21976576
21976764
21982194
21982482
21982563
21985083
21985124
21986826
21987259
21990615
21999582
22001374
22012657
22021918
22024824
22032579
22040048
22041597
22041705
22043981
22050223
22056211
22068074
22070424
22073982
22075580
22075700
22078907
22092681
22096990
22100425
22101034
22101078
22117078
22130594
22140259
22146685
22152707
22155780
22155835
22157685
22169780
22171301
22172520
22174817
22184573
22184925
22189524
22195385
22199230
22206253
22212109
22212638
22214317
22215392
22217469
22232450
22233438
22243779
22245789
22247408
22248585
22248653
22253099
22253902
22253911
22262847
22265945
22267517
22270478
22275909
22283722
22286703
22288436
22290948
22294681
22301216
22307501
22308721
22309878
22310005
22320452
22321532
22322827
22325620
22326164
22338587
22338589
22345598
22346387
22347365
22348280
22351675
22351755
22355321
22357508
22357644
22358849
22361943
22366317
22369147
22373191
22383074
22384827
22386185
22386535
22392427
22392566
22393303
22415782
22422335
22426611
22428067
22433673
22442224
22442290
22451771
22457553
22460717
22479393
22499300
22504393
22504441
22504812
22511985
22512736
22514261
22515297
22518858
22520386
22525174
22527883
22541977
22544273
22549438
22549780
22551167
22563223
22566698
22567013
22567900
22577658
22591139
22593599
22610375
22615244
22615319
22615992
22617954
22619922
22621239
22622442
22636768
22642914
22645124
22652418
22658081
22662288
22666370
22670153
22673141
22674997
22675390
22683494
22699239
22703292
22707015
22708496
22708633
22710115
22717031
22719976
22721481
22721528
22726646
22728354
22729401
22730123
22742534
22747414
22750867
22760312
22766652
22773785
22780862
22783128
22783131
22796386
22805915
22808139
22808724
22815354
22815998
22832239
22847809
22848376
22851899
22856398
22856400
22858160
22882709
22883249
22896636
22900216
22900646
22908153
22909116
22923068
22932671
22933309
22934262
22934636
22936185
22936424
22937694
22941898
22943521
22949183
22949548
22949621
22952027
22965090
22969756
22971782
22973404
22974133
22976469
22977243
22981036
22981599
22998619
23002069
23027190
23037463
23040683
23043914
23044566
23045496
23049197
23049473
23049698
23052313
23053091
23058887
23062031
23067784
23075077
23076280
23076284
23076332
23088839
23093388
23103047
23106864
23107004
23108829
23123244
23126526
23136260
23140677
23141759
23144803
23147735
23163028
23163039
23167160
23173294
23179674
23181284
23188510
23190012
23195903
23204464
23211682
23212184
23212462
23220108
23224709
23224738
23230002
23231486
23233809
23234429
23241973
23242849
23242855
23249976
23250431
23273191
23275159
23275243
23278378
23280415
23286823
23296985
23297069
23302129
23303219
23305654
23314570
23316044
23316057
23316942
23321766
23325886
23333745
23338800
23345291
23350559
23352485
23355360
23356908
23357293
23357412
23359747
23360966
23364431
23379995
23380619
23401589
23403993
23405303
23407995
23410925
23416912
23417848
23418174
23424622
23426233
23427428
23428988
23435587
23436617
23447639
23458224
23460515
23460650
23472479
23474243
23475716
23478077
23478958
23493729
23500492
23511017
23515542
23515875
23522635
23523030
23529618
23531371
23537349
23543715
23543718
23555011
23557924
23569114
23569951
23571324
23571414
23571534
23571837
23587499
23589297
23593359
23593989
23595809
23596007
23596464
23601926
23602054
23612469
23613830
23616448
23621731
23626831
23637608
23637876
23638083
23639381
23644214
23645680
23645851
23650928
23652836
23653762
23662123
23663820
23663848
23664904
23665032
23671198
23675836
23684004
23684720
23686506
23689507
23695577
23703641
23711899
23713670
23716638
23716675
23717436
23720461
23720742
23746128
23746414
23747392
23750785
23757372
23758694
23760384
23762025
23762235
23762438
23785463
23788594
23790332
23795951
23799083
23814030
23814031
23814582
23816641
23819536
23829111
23831204
23831611
23833752
23840354
23851012
23865566
23867361
23868521
23869242
23869880
23873081
23873915
23875594
23877685
23878695
23884289
23889700
23892030
23895852
23896057
23899494
23912886
23913477
23913780
23913961
23919999
23926061
23928307
23932912
23934353
23935504
23937219
23937806
23940360
23940983
23946717
23950122
23951087
23951341
23957786
23959191
23959313
23959317
23961606
23966079
23966484
23972528
23974899
23977949
23979759
23988477
23988607
23988719
23989154
23993953
23994376
23997324
23999092
23999149
24002218
24005268
24020127
24034418
24039252
24047008
24048538
24060554
24064215
24065630
24066079
24076762
24083375
24086784
24090970
24100558
24109144
24118239
24119569
24120647
24121349
24123467
24123744
24130210
24134769
24136345
24144727
24146793
24149625
24157731
24161952
24167843
24168973
24171077
24177305
24191314
24193033
24198818
24204916
24205757
24210866
24218498
24220033
24222512
24228823
24238777
24239017
24244008
24247626
24253446
24256123
24256234
24266353
24278416
24278474
24282567
24295984
24310663
24316049
24316841
24321492
24331458
24331532
24344302
24349115
24356958
24356966
24360295
24360297
24360298
24368397
24371220
24372248
24378941
24383794
24392738
24396619
24400431
24406041
24423010
24425884
24436128
24438177
24444719
24445736
24449284
24449444
24456009
24456130
24464696
24465015
24478481
24486550
24492367
24492616
24504091
24507371
24509319
24510893
24510894
24513484
24516115
24519780
24520380
24524027
24525632
24527519
24529477
24538858
24539472
24553718
24557909
24560016
24562616
24566790
24573012
24577925
24582579
24584795
24586487
24588056
24595088
24600078
24600248
24608583
24611777
24613795
24614721
24619685
24636656
24637688
24639090
24639550
24648596
24649797
24653811
24664506
24667224
24668806
24671796
24673808
24678149
24680408
24685122
24687749
24688767
24694051
24696436
24696618
24704370
24710788
24712905
24721581
24727832
24729458
24735124
24748663
24752079
24753590
24777071
24778112
24778116
24779193
24785617
24790135
24794568
24799598
24814418
24821122
24825900
24826076
24829245
24831139
24837509
24837510
24856243
24875186
24875529
24875883
24883307
24886988
24892819
24897383
24900314
24902496
24904656
24907731
24909187
24911348
24916878
24918040
24928291
24930845
24945501
24947736
24950566
24953744
24955272
24957981
24958189
24958729
24961047
24962580
24965347
24968349
24974260
24980572
24998435
25001603
25002085
25008823
25010467
25015872
25022303
25023120
25029588
25038012
25050318
25051704
25052104
25056362
25068235
25069984
25070090
25074345
25074379
25077423
25079131
25079318
25079511
25080552
25081184
25091277
25102079
25105189
25107659
25108687
25115242
25115869
25119670
25122767
25145495
25146392
25161960
25168413
25169065
25169855
25172150
25177514
25180214
25182260
25182635
25183103
25184501
25196921
25196983
25197935
25200258
25206314
25207027
25208720
25209523
25218230
25219798
25220388
25225144
25225265
25225268
25227466
25229278
25232779
25250996
25256219
25256809
25258274
25260866
25261416
25266727
25278277
25281339
25282451
25285111
25286515
25287924
25288384
25290125
25290767
25294303
25295406
25309879
25309880
25320275
25322910
25325020
25326897
25331804
25339493
25340832
25356467
25362568
25362808
25367342
25368300
25378408
25379468
25381594
25384710
25385112
25387291
25389518
25398340
25398350
25398353
25399416
25401300
25402863
25403732
25403787
25408407
25410998
25414498
25422425
25435632
25439625
25449232
25456678
25456681
25456682
25456683
25456894
25460818
25461312
25462461
25469586
25482084
25486272
25490689
25491213
25491463
25506031
25510500
25517311
25522803
25538698
25546028
25549702
25549906
25550774
25551178
25551849
25553700
25558169
25560022
25560708
25566202
25583521
25583579
25586841
25598264
25598638
25610433
25614568
25615679
25620959
25628685
25631514
25636838
25641126
25645553
25649484
25653688
25658557
25660231
25666081
25668590
25670736
25679931
25683265
25691636
25691943
25692569
25700867
25707807
25712100
25713377
25715941
25717441
25724797
25724854
25735876
25740772
25742428
25746210
25756897
25757776
25758089
25759096
25772310
25772389
25772704
25773291
25773717
25774632
25783212
25789122
25805729
25814494
25816519
25817352
25818652
25829040
25830891
25840996
25842951
25843529
25847993
25849124
25862054
25869058
25874387
25876581
25878351
25880497
25883280
25885601
25888791
25902389
25903167
25911483
25919138
25921659
25923426
25935120
25939957
25941227
25942679
25946863
25958413
25960250
25968646
25972036
25973933
25973941
25976381
25978065
25980008
25983440
25985520
25985581
25987631
25987706
25988277
25990232
25994766
25995646
25996237
25999758
26000146
26001558
26002895
26004175
26004567
26011624
26013489
26014938
26018414
26023642
26024763
26025360
26027273
26028191
26032562
26032853
26034165
26038416
26042111
26055628
26058421
26059530
26062094
26062771
26065865
26070561
26070852
26077256
26079797
26086867
26092346
26095827
26098369
26099589
26101323
26102550
26104212
26107527
26111419
26115633
26122212
26129624
26132413
26139561
26139722
26141864
26142474
26143347
26146604
26156001
26156869
26158460
26159722
26163226
26163423
26163588
26163785
26166706
26174161
26175306
26184934
26184948
26186257
26187160
26194472
26200228
26200783
26204951
26211362
26216425
26216843
26221088
26224594
26230120
26231317
26234479
26238324
26238711
26240200
26242215
26243278
26248355
26259564
26260391
26262821
26264942
26269544
26270594
26279626
26287818
26291065
26292296
26292935
26294043
26294065
26305471
26313273
26316559
26316560
26317473
26319025
26336798
26340445
26343448
26349628
26351764
26364646
26367344
26381203
26385939
26391206
26401399
26402728
26403594
26407973
26413061
26416902
26417101
26418177
26425363
26429294
26430943
26433203
26436575
26436938
26443457
26446674
26452057
26454221
26454530
26463376
26482408
26482504
26484774
26485019
26485214
26495104
26502932
26503667
26506002
26506762
26507866
26508447
26508479
26516092
26517483
26522753
26525472
26527680
26527863
26531240
26538121
26553074
26559880
26560544
26567838
26576195
26576927
26580233
26585795
26596280
26598193
26602794
26603791
26615521
26617603
26621818
26625364
26625454
26628643
26635795
26640931
26641861
26645633
26646682
26651825
26655974
26658464
26658966
26666305
26671707
26676033
26676040
26676049
26678795
26679245
26695833
26696963
26701803
26702632
26702634
26704163
26709705
26714206
26714274
26724686
26729499
26733053
26734653
26735016
26740581
26740759
26742285
26746808
26750924
26752013
26755910
26756207
26758056
26758495
26762200
26773742
26774691
26776881
26777453
26780899
26782639
26783132
26787724
26788405
26790390
26791641
26793758
26793861
26795225
26811918
26813865
26826819
26833141
26833774
26835676
26837577
26838722
26841432
26846458
26846900
26858535
26860261
26860929
26861052
26866208
26866211
26866212
26866213
26866214
26866215
26866216
26866217
26866218
26866219
26866220
26866221
26866222
26866223
26866224
26866225
26866226
26866227
26866228
26866229
26866230
26866231
26866232
26866233
26866234
26866235
26866236
26866237
26866238
26872131
26873375
26874680
26880087
26894505
26901172
26903974
26904146
26911649
26916694
26928506
26940693
26942743
26945067
26945980
26946469
26947455
26947921
26948682
26962937
26962946
26969731
26970054
26971180
26971552
26978792
26988046
26988051
26990991
26990992
26996029
26996458
26997482
26999869
27001538
27004204
27006517
27014727
27025339
27025379
27027618
27028675
27030640
27031880
27032515
27044623
27045360
27047460
27048578
27048580
27048582
27048584
27054861
27056267
27058342
27060235
27061781
27063747
27066293
27067338
27071527
27077169
27086363
27091753
27095882
27101437
27107703
27110222
27114297
27115041
27118782
27120707
27136077
27140181
27141081
27153724
27155003
27156477
27164331
27166541
27171806
27180111
27190219
27192043
27192393
27197437
27210042
27210548
27213844
27225239
27226350
27229469
27229896
27235165
27236632
27238635
27240718
27241677
27241723
27246850
27247229
27247345
27273689
27279950
27287766
27288408
27290827
27290828
27296270
27296817
27301486
27302039
27302756
27305971
27306606
27310707
27311458
27312817
27312939
27317783
27329479
27338768
27338836
27339038
27342128
27342565
27347757
27349341
27353268
27353270
27357141
27363054
27367513
27368642
27371591
27371605
27374403
27377315
27382463
27386017
27386291
27400752
27412259
27419071
27423808
27430306
27439523
27440817
27442398
27445380
27447106
27449794
27455444
27461798
27466665
27474716
27476590
27481676
27493590
27496775
27497189
27499201
27502064
27504182
27507970
27512946
27524011
27524981
27527800
27533300
27539121
27540006
27541593
27543296
27545603
27562362
27566421
27571972
27585257
27586692
27595346
27595508
27596811
27600505
27614091
27618925
27622687
27623727
27630827
27630838
27633831
27638252
27645122
27654924
27656898
27657812
27663649
27663941
27665522
27667185
27669311
27669685
27683816
27692341
27693542
27695674
27707808
27709570
27711143
27716100
27724855
27733129
27733506
27741558
27760072
27773623
27774436
27781070
27783674
27789370
27790238
27790410
27795272
27795318
27795364
27806444
27808235
27809263
27821087
27821851
27826373
27830834
27832543
27839736
27842538
27845387
27862322
27862457
27864476
27865986
27874072
27874935
27900888
27913674
27914082
27914089
27914091
27918954
27920580
27924113
27933318
27955621
27955635
27956842
27973535
27977735
27991848
27992504
27993974
27994923
27997716
27998311
28000514
28006981
28030629
28034602
28041849
28050335
28053508
28058354
28062161
28062962
28074049
28082390
28085926
28087956
28088924
28089757
28090278
28094220
28110050
28115206
28116553
28119471
28119678
28121169
28121998
28122066
28124734
28124778
28125743
28126352
28128090
28129822
28138380
28140746
28145347
28146356
28146359
28146590
28148987
28148989
28154192
28159446
28161292
28165460
28168173
28183813
28190144
28191901
28195163
28201995
28202898
28207813
28208036
28214515
28216292
28217125
28221013
28233483
28237374
28237623
28237766
28239478
28241310
28241513
28251179
28256375
28259533
28260100
28264907
28274699
28278252
28280245
28283023
28283947
28283948
28287876
28289082
28293224
28296993
28300549
28300698
28302774
28303956
28314902
28322696
28324650
28325626
28326781
28330238
28336383
28341023
28344408
28348083
28351920
28355251
28356413
28361960
28366695
28369500
28370366
28371222
28371435
28371831
28372355
28373352
28375596
28379675
28397552
28401320
28411216
28414746
28427277
28429163
28435893
28439602
28442740
28443070
28448066
28452015
28456061
28459299
28461319
28462035
28463664
28463666
28464492
28469274
28470079
28474248
28483717
28502856
28504646
28509419
28520869
28525578
28528647
28530184
28530235
28530395
28531866
28534309
28535747
28537550
28546822
28555428
28573234
28575452
28594530
28596134
28600805
28600919
28605576
28609707
28610973
28611490
28616060
28618168
28620254
28622509
28628097
28632753
28633080
28634536
28634692
28641915
28642756
28645099
28645883
28646955
28648357
28649069
28651570
28652865
28653435
28653916
28654665
28655423
28663301
28666619
28669567
28676716
28679166
28680421
28680500
28681803
28683091
28683719
28684010
28688554
28690606
28698738
28705427
28707245
28713783
28719668
28720729
28724633
28725562
28727895
28735056
28740073
28740363
28745221
28747418
28748178
28752615
28757872
28767349
28769806
28773444
28773577
28778116
28780243
28783679
28785016
28785032
28789910
28790708
28794279
28794364
28804111
28805176
28807095
28808155
28808160
28808686
28813715
28814284
28822261
28823705
28830809
28841792
28845032
28851905
28858040
28860021
28865212
28868246
28879291
28882472
28882851
28887213
28897281
28900022
28902290
28904125
28916372
28917068
28919333
28919415
28922066
28923955
28928212
28930009
28930023
28930240
28931002
28935732
28936671
28939394
28942759
28944379
28947755
28951316
28951419
28959790
28961884
28964280
28971103
28971877
28972883
28973822
28978758
28983299
28985763
28988664
28989041
28989283
28989424
28991319
29013951
29020160
29021255
29024623
29030429
29035880
29040704
29046525
29048773
29054600
29062934
29071076
29079005
29081854
29084837
29087671
29089594
29099690
29104937
29107650
29109702
29114029
29115289
29122881
29127284
29142400
29145633
29148379
29148920
29150372
29155789
29158081
29158432
29158545
29159916
29160079
29161464
29162463
29172254
29178851
29181961
29183546
29196170
29198899
29201085
29203365
29203527
29203891
29204648
29205142
29207567
29207996
29208094
29212218
29219081
29227465
29234047
29236994
29241765
29246327
29251726
29254479
29255382
29255393
29268969
29271867
29277464
29277539
29281823
29290232
29290490
29292861
29297355
29306007
29308558
29309631
29312268
29312390
29318401
29320769
29324905
29334369
29341168
29342444
29343956
29359701
29360566
29360804
29362972
29366615
29378883
29379332
29382496
29382733
29385686
29388112
29401704
29406792
29408886
29414730
29416987
29426305
29427797
29429763
29431349
29431739
29432912
29438274
29442507
29447104
29452197
29457249
29458131
29458147
29458565
29461055
29474258
29474426
29480524
29482606
29491141
29497118
29501703
29511047
29512485
29512652
29515542
29520265
29523676
29527194
29527295
29530660
29532420
29534655
29548731
29555699
29561066
29573495
29577542
29577680
29577891
29577990
29579113
29581188
29582773
29588299
29590685
29594067
29595103
29596631
29605189
29606414
29615492
29622787
29622802
29623862
29626087
29628918
29635374
29637228
29653582
29653937
29654237
29656962
29659850
29662234
29662874
29678175
29678741
29679390
29681440
29684399
29684541
29685049
29691463
29698672
29698817
29702637
29704201
29704396
29707522
29724853
29725958
29728840
29739475
29741523
29745242
29754236
29754237
29754819
29764210
29768222
29769992
29776751
29778837
29790717
29792824
29797119
29843790
29848564
29853978
29858078
29868516
29870311
29873591
29874449
29875765
29876774
29878263
29885279
29889198
29890105
29897541
29898790
29899105
29900313
29900693
29903606
29908309
29908580
29910212
29916068
29920709
29921240
29926693
29927994
29932038
29935196
29936564
29942747
29948995
29950810
29954901
29962213
29967845
29967988
29977171
29980561
29984905
29985866
29986727
29998806
30002122
30004918
30006464
30013558
30023247
30025809
30025835
30039929
30041663
30049896
30050507
30051592
30052105
30052177
30053529
30055586
30061131
30061892
30070056
30071314
30078239
30081040
30084408
30088341
30096863
30098846
30102386
30102520
30108238
30108557
30108991
30109840
30113584
30116259
30126285
30131773
30137490
30150299
30150415
30155473
30156510
30166441
30170103
30170621
30180160
30187651
30190373
30191807
30192020
30195643
30199041
30201707
30209598
30211957
30218779
30218810
30222157
30224437
30226954
30230753
30231914
30233518
30245698
30247119
30250043
30266399
30269134
30277702
30285923
30290718
30290721
30299424
30301765
30315257
30316745
30317165
30317865
30328468
30333182
30334871
30338908
30339682
30340879
30343193
30348755
30352091
30356787
30357163
30357922
30369302
30374197
30377069
30377362
30381461
30384557
30389765
30392325
30394055
30395910
30395932
30406958
30407460
30410757
30416105
30417993
30431141
30445704
30453440
30463627
30463893
30470963
30471128
30483052
30486312
30517736
30518407
30531939
30532182
30538186
30541884
30547021
30555080
30556051
30559100
30560781
30564999
30567901
30568479
30573670
30577571
30583018
30588633
30594045
30597695
30600561
30602074
30602121
30610637
30610646
30611002
30612987
30613388
30619357
30627051
30632480
30636321
30643894
30653526
30664728
30670571
30673820
30684741
30686282
30690211
30690443
30691434
30691649
30692695
30698306
30703118
30704409
30706388
30709780
30719037
30724993
30733068
30735325
30737033
30737174
30737912
30745377
30755177
30755408
30755626
30759848
30760608
30760615
30766235
30767047
30768886
30773849
30776138
30776691
30778225
30792999
30796950
30804513
30805500
30815853
30825299
30825698
30837112
30837977
30839214
30846984
30852383
30855976
30856357
30861428
30863383
30866794
30869024
30869499
30871076
30880082
30881983
30893826
30902048
30909644
30912044
30912054
30912519
30914875
30916546
30917781
30917957
30917982
30918759
30920388
30926729
30926881
30927491
30930529
30936156
30936159
30936502
30937380
30944467
30947646
30950179
30953325
30954447
30956993
30957137
30958289
30972283
30977463
30979834
30981296
30982889
30984396
30987782
30988504
30990769
30992057
30996209
30996826
31001627
31009808
31010851
31011300
31015529
31017877
31021014
31021236
31021242
31040243
31043479
31050650
31051099
31052154
31053612
31053695
31054134
31057504
31057603
31058104
31061197
31062777
31064901
31085695
31090220
31092533
31101422
31106894
31107945
31111819
31111820
31119108
31119112
31133745
31134125
31140830
31148128
31151810
31158071
31161509
31163954
31165970
31166169
31166177
31166180
31166182
31167650
31169483
31171740
31172182
31177653
31185285
31186067
31188450
31192259
31193939
31196772
31196924
31197146
31198958
31200755
31206562
31207044
31207570
31212697
31214187
31215896
31217309
31226961
31227708
31235514
31237087
31239377
31240031
31252586
31258074
31262546
31267891
31268303
31269021
31270503
31278336
31278903
31282243
31283948
31285607
31292789
31295457
31296346
31300120
31300376
31301349
31302937
31308554
31310840
31311885
31315580
31320398
31320552
31334751
31334754
31351952
31361218
31369930
31373227
31376446
31377985
31389707
31398210
31403217
31404620
31405067
31408094
31410890
31412561
31418669
31419474
31429302
31434725
31439516
31440914
31442868
31445141
31447475
31450579
31451691
31453189
31462973
31468464
31468465
31470538
31471300
31476434
31477408
31477454
31477922
31478616
31491085
31500009
31500263
31500654
31501500
31502535
31506299
31507572
31508490
31509883
31515703
31517054
31518083
31519541
31524150
31529727
31542438
31543871
31544347
31545973
31554316
31556853
31563334
31563899
31570352
31570623
31577204
31588663
31591115
31591169
31600158
31600971
31601489
31603896
31605771
31609963
31615449
31630163
31630171
31633834
31639661
31641972
31644018
31644654
31648697
31648792
31655262
31656002
31656896
31659048
31680034
31694550
31695072
31700941
31702097
31733872
31735631
31738331
31738334
31740685
31748786
31750556
31756084
31758439
31758910
31760363
31760775
31762293
31766432
31767004
31769001
31769404
31770569
31772015
31783013
31792274
31801066
31801915
31807688
31822586
31824468
31825908
31827195
31833385
31836439
31837228
31843270
31859164
31859757
31860352
31869625
31870880
31879253
31882782
31888581
31889704
31900423
31902236
31909088
31914687
31915226
31916575
31920285
31923305
31926748
31935181
31937638
31937939
31943070
31943634
31960185
31971866
31972247
31972290
31978082
31980951
31981716
31984828
31988078
31988177
31991108
31996443
31996444
32009072
32011228
32011704
32014891
32025929
32027059
32027221
32029479
32032610
32042170
32044619
32049553
32050363
32070859
32071274
32072061
32079396
32081524
32083248
32084198
32084609
32092233
32093383
32093784
32094641
32102684
32107527
32109355
32109417
32111324
32113544
32117127
32117299
32117673
32120034
32122832
32123038
32130503
32130564
32135223
32135240
32140705
32146274
32150575
32156733
32161094
32165385
32175208
32178659
32182162
32185144
32185855
32190101
32199057
32205460
32214338
32215121
32215707
32217751
32221293
32221923
32240341
32241913
32250224
32255996
32257048
32258440
32270857
32273409
32277817
32286628
32288451
32289480
32290696
32298334
32301919
32308193
32309350
32316471
32319727
32321780
32326935
32335635
32340238
32345842
32346089
32348718
32350098
32350222
32352619
32355474
32360942
32362926
32368971
32374829
32377878
32387407
32393520
32400378
32405355
32407620
32407732
32408046
32413256
32416058
32417228
32424114
32430809
32430810
32430811
32430812
32430813
32430815
32430816
32430817
32430818
32430821
32430826
32430829
32430830
32430835
32432220
32435626
32451293
32456033
32456805
32462819
32470272
32477287
32489668
32493846
32497649
32501594
32502938
32504132
32512685
32512899
32514125
32514175
32516939
32522827
32539528
32542109
32543455
32556443
32565151
32574197
32574205
32577430
32580572
32586465
32588387
32590341
32592086
32594520
32596446
32605870
32610078
32614945
32615024
32617608
32622623
32632863
32635161
32636245
32640578
32640832
32651915
32661124
32662975
32669471
32669560
32672713
32673314
32673355
32675873
32678807
32681021
32692305
32692976
32694142
32698426
32705989
32707450
32708619
32710419
32719155
32719156
32724094
32744365
32747598
32757288
32764465
32765008
32771915
32775174
32779322
32800221
32802413
32804461
32808581
32809107
32814540
32818394
32818411
32825096
32826320
32828444
32829077
32832642
32849323
32853671
32854338
32858720
32858898
32865887
32881821
32882179
32887458
32891180
32921268
32930658
32932211
32934083
32935194
32943639
32944294
32955635
32963541
32974560
32974562
32979017
32980315
32984297
32985105
32986214
32994137
32996031
33011024
33024089
33026953
33028686
33035584
33042095
33048799
33052658
33058042
33058612
33060279
33066386
33069003
33072013
33075055
33076151
33079361
33079363
33079364
33079366
33079368
33081654
33086854
33104089
33104091
33105179
33110643
33111065
33113966
33130604
33132713
33147453
33147506
33152077
33158121
33167878
33190287
33200114
33201760
33203850
33208461
33212302
33224979
33232720
33233218
33236928
33237723
33239435
33243155
33245690
33247481
33255327
33257887
33262259
33271816
33274853
33277914
33283189
33292113
33293588
33303334
33304252
33309630
33320843
33322196
33323021
33325565
33328193
33332468
33333234
33346710
33348943
33363530
33369608
33374682
33378420
33383203
33384973
33390165
33398131
33398158
33407229
33408489
33409307
33411763
33420258
33428390
33429991
33435015
33436440
33441553
33442941
33443184
33447800
33450024
33452275
33452546
33463953
33468578
33469138
33477717
33478059
33482993
33484202
33488586
33488677
33494718
33496247
33499929
33519726
33523494
33525468
33525768
33528794
33534660
33537906
33538559
33538637
33541265
33543018
33554755
33563838
33566204
33585043
33585270
33585933
33588835
33592933
33593612
33597931
33612794
33613911
33622400
33622722
33623493
33623984
33630944
33633705
33636398
33642159
33642434
33668353
33671684
33674248
33677663
33704554
33711007
33722844
33732053
33733733
33733873
33734645
33742623
33744974
33756191
33762510
33769608
33770121
33785002
33785491
33789094
33792700
33797516
33799100
33804420
33805827
33817697
33820819
33833765
33844815
33847984
33848804
33850636
33851599
33853338
33855284
33858921
33860474
33866609
33876948
33879499
33884095
33888727
33895758
33896254
33906516
33907676
33914767
33918348
33918382
33921810
33922793
33928273
33929828
33934834
33936341
33941090
33947757
33948751
33959354
33964409
33969814
33972369
33972626
33973451
33978787
33987202
33989295
33990180
33999508
34003402
34015100
34017172
34020607
34022330
34022417
34023220
34024033
34027966
34034491
34038197
34044506
34045481
34046438
34046804
34051841
34055736
34056021
34056379
34068785
34070813
34077827
34085100
34086287
34094893
34094995
34095179
34096588
34099500
34114779
34118413
34129965
34130746
34135390
34141502
34146685
34147719
34149675
34152832
34155776
34155874
34156082
34163001
34166822
34168320
34169569
34179133
34179292
34181247
34192307
34203520
34205500
34205938
34207950
34209347
34212715
34216586
34220777
34224899
34226594
34228292
34233005
34233954
34240058
34244505
34245385
34253064
34259365
34262985
34269016
34272205
34276590
34279376
34281831
34287707
34292272
34295841
34298018
34299454
34303920
34304468
34310592
34319637
34325744
34325953
34328186
34335512
34335522
34335615
34337163
34337358
34349211
34350134
34355026
34356578
34356791
34358017
34362585
34363245
34365606
34387849
34409168
34413416
34424754
34429077
34430823
34435949
34439023
34440868
34442694
34446818
34448168
34451599
34462965
34463401
34467625
34473931
34485599
34486971
34491807
34502972
34523974
34527244
34529517
34532515
34535115
34541154
34543125
34564305
34569782
34579262
34579365
34580310
34580908
34581598
34588886
34592495
34592883
34598413
34600154
34605176
34606335
34617369
34621249
34623782
34634940
34638904
34643425
34649250
34657784
34662211
34667861
34682194
34691481
34694903
34695564
34695706
34702170
34703564
34709050
34713242
34713245
34730410
34730611
34735006
34737980
34740093
34740368
34741877
34744206
34752296
34756515
34757726
34759738
34765783
34769046
34769873
34770961
34775129
34782937
34784047
34787444
34792162
34798589
34803985
34819640
34823574
34824292
34832035
34834641
34835447
34835776
34847476
34850124
34851642
34862150
34862346
34865026
34873733
34878335
34895403
34898252
34902381
34904862
34908530
34910240
34918257
34923680
34932442
34935243
34936835
34937524
34943139
34946508
34948159
34950110
34955300
34956108
34959515
34963106
34963181
34964287
34969060
34969115
34982273
34984801
34991447
34994090
35004362
35008746
35009036
35011595
35011729
35014042
35024561
35038921
35054816
35056865
35056889
35073723
35076261
35086585
35087075
35088451
35094646
35105197
35110732
35114817
35122894
35123445
35124861
35134482
35140232
35140481
35144054
35144524
35154257
35163047
35163944
35166205
35176056
35177564
35182460
35182755
35188655
35191370
35200140
35200436
35203877
35227107
35228854
35231667
35238426
35240481
35242116
35250938
35260779
35276864
35293514
35293804
35294769
35295756
35300420
35308030
35314652
35314780
35316156
35322321
35333816
35336104
35336172
35352981
35379550
35382716
35385412
35390294
35404751
35410288
35410423
35417042
35421330
35421436
35422801
35426154
35430253
35438202
35438515
35444418
35447246
35451366
35453201
35453547
35467425
35470370
35480791
35505341
35505961
35507269
35511035
35513429
35519075
35531385
35531659
35538279
35544097
35544165
35557039
35570126
35583740
35583743
35600002
35615297
35616865
35624007
35625195
35625340
35629400
35629656
35642538
35649316
35661066
35663730
35666156
35668177
35685926
35688932
35696034
35699800
35702785
35706070
35708612
35717443
35722335
35722349
35724628
35724830
35725447
35726694
35733860
35734504
35735939
35736545
35737875
35740153
35765547
35767002
35775101
35782966
35797300
35798014
35811581
35811999
35812345
35812626
35813026
35820605
35822635
35836355
35843262
35844424
35853609
35856984
35862015
35862783
35863588
35868137
35871616
35873567
35875243
35887300
35889195
35893064
35893581
35895891
35903247
35904966
35906818
35912375
35913172
35915300
35917154
35922184
35925118
35932897
35935503
35936450
35938846
35938850
35950317
35980453
35983761
35985928
35988299
35991315
35991410
35997313
36002571
36014103
36016779
36028794
36047611
36053360
36055407
36062198
36062913
36072303
36076915
36088564
36099469
36107755
36110174
36115540
36128405
36128406
36128407
36128408
36128409
36128410
36128411
36128412
36147081
36147677
36153766
36156882
36157118
36163516
36163548
36169633
36170255
36172018
36178178
36179974
36183582
36190130
36197203
36199015
36200903
36202242
36206027
36209487
36213703
36235187
36265821
36271250
36277299
36284972
36285885
36286511
36286516
36287932
36296318
36297428
36302708
36305010
36314832
36314947
36315328
36318025
36325175
36328640
36331207
36340423
36341480
36358205
36367805
36370368
36373334
36375459
36378330
36379534
36389147
36397968
36404277
36417615
36420162
36422349
36429003
36431998
36448051
36449079
36449535
36455065
36463984
36475480
36477439
36478094
36479234
36479747
36479753
36479754
36479755
36479757
36479759
36479760
36479761
36479762
36479763
36479764
36479765
36479766
36479767
36479768
36479769
36479770
36479771
36479772
36479773
36479774
36479775
36479777
36479778
36479779
36479781
36479782
36479783
36479784
36481542
36499174
36507654
36515172
36520156
36528711
36529371
36532694
36534698
36534897
36545169
36549468
36551409
36552044
36553630
36557569
36559194
36560902
36564365
36574351
36577990
36588244
36593295
36600395
36625667
36633196
36636775
36639322
36655380
36659571
36670205
36671301
36677603
36689967
36693107
36694898
36695447
36695450
36700989
36701429
36718924
36719905
36721580
36722679
36734918
36739443
36741900
36744883
36746072
36748315
36748538
36750538
36751142
36752864
36756026
36768189
36781570
36788225
36807385
36807406
36809153
36809931
36812631
36815140
36820638
36826226
36826850
36828918
36830506
36838272
36843002
36853816
36855120
36870752
36871764
36873015
36881216
36882717
36884188
36889664
36894668
36904061
36905119
36905332
36914052
36917274
36920220
36925107
36928399
36934086
36950579
36951296
36965577
36967611
36971562
36973249
36977677
36978193
36978412
36982270
36983478
36986941
36992681
36992964
36995630
36997169
37003017
37014013
37019153
37024048
37029930
37042786
37050127
37052678
37062653
37065204
37068092
37080963
37080973
37081852
37093306
37093716
37096310
37097160
37104252
37107117
37116617
37120217
37123130
37123163
37124851
37134217
37138376
37140059
37140702
37167756
37168394
37180594
37181638
37188572
37191128
37196046
37204239
37210361
37211022
37232372
37234777
37237883
37245116
37245510
37245779
37246259
37258964
37258965
37258968
37258971
37261428
37273902
37278526
37284782
37287312
37288365
37289078
37293964
37316947
37324237
37329552
37340532
37342884
37343545
37346331
37349767
37352427
37352591
37352952
37353709
37375440
37382884
37384800
37386366
37386401
37389430
37390831
37390991
37394399
37400657
37402084
37405907
37414832
37415800
37425362
37426019
37426029
37430325
37431447
37434706
37437558
37439477
37440022
37446993
37451054
37462800
37466467
37468965
37478987
37487954
37490034
37493159
37512596
37516031
37523741
37534067
37535473
37544856
37546648
37547569
37548309
37562488
37562694
37570869
37576521
37580220
37583660
37588093
37596198
37621107
37623960
37624683
37634214
37635469
37638870
37642991
37643152
37646330
37649885
37654501
37673143
37673883
37676143
37676145
37679324
37680681
37685214
37685500
37695857
37707331
37716644
37717069
37719877
37720857
37727603
37728376
37734714
37738205
37741855
37744916
37748870
37749129
37752812
37763975
37764200
37766180
37766186
37769815
37772497
37772916
37773156
37776518
37791788
37795567
37807775
37810705
37811985
37813616
37815371
37817312
37819417
37824373
37824534
37824725
37828409
37830540
37838172
37841095
37849243
37853062
37861897
37863134
37871993
37872175
37874162
37877218
37877400
37878292
37882822
37887231
37889753
37893576
37894243
37899342
37901498
37903813
37920221
37921533
37922480
37923786
37924106
37938162
37940951
37942203
37950997
37954923
37978871
37981632
37994962
38001901
38002589
38006056
38010594
38019812
38021555
38023538
38023957
38026319
38029265
38029826
38029828
38031619
38034127
38035130
38043864
38046860
38048641
38049377
38049637
38050777
38057343
38064158
38067535
38070538
38074470
38075933
38100547
38101681
38102607
38106647
38108519
38117674
38126598
38140215
38140809
38144113
38145982
38147069
38162150
38164699
38168987
38169286
38170998
38175396
38176650
38176845
38179192
38180826
38185364
38185820
38197886
38203615
38206078
38206519
38213478
38215210
38219368
38220122
38222496
38223399
38228859
38235361
38237697
38238923
38239922
38243271
38244826
38247655
38248972
38256785
38258026
38269466
38274761
38275444
38286885
38289051
38296860
38300409
38324002
38326759
38338877
38338898
38348449
38350792
38353732
38355327
38356633
38360357
38361135
38374729
38382822
38388249
38391573
38395219
38397327
38397853
38408992
38409552
38411935
38417865
38422281
38427206
38431823
38437995
38438508
38440985
38441765
38451081
38451922
38452154
38455877
38456797
38458312
38475504
38478731
38480728
38485569
38494581
38499498
38504664
38507529
38515059
38524079
38525878
38527648
38537895
38542612
38543606
38543672
38543906
38551096
38552876
38556301
38558208
38558547
38569940
38576622
38578398
38578638
38584696
38587390
38600752
38621526
38622817
38630060
38632513
38641634
38642737
38647373
38648173
38648232
38651709
38652264
38655694
38658529
38659406
38667036
38671600
38672502
38675649
38675764
38678029
38678825
38683079
38685726
38686221
38688943
38700333
38701337
38704193
38712951
38713819
38720946
38725980
38729927
38735305
38739120
38740579
38742458
38746434
38748278
38751630
38757285
38759527
38759867
38760644
38762046
38765111
38776151
38776768
38785764
38787202
38791078
38792824
38794452
38806245
38811740
38832247
38835501
38838358
38844266
38845911
38852231
38856686
38858090
38859956
38869068
38872714
38872850
38874296
38879009
38883552
38897241
38910618
38910751
38911550
38917227
38923315
38925503
38931825
38938790
38942677
38942756
38943587
38947436
38953375
38956778
38957409
38964759
38967606
38985339
38990040
38991525
38992047
38993459
38994389
38997519
38997777
39008379
39010984
39012116
39018473
39021124
39021470
39027802
39031643
39032674
39040411
39045238
39045254
39045256
39055978
39060098
39060399
39060909
39061845
39065498
39066703
39072116
39073069
39076142
39080609
39085512
39087550
39092363
39093975
39095668
39111827
39112606
39118572
39119400
39125755
39130447
39130733
39133528
39138728
39146761
39156106
39158303
39162539
39165660
39176282
39181491
39184444
39185209
39190732
39190740
39193785
39194268
39203397
39206960
39218707
39223923
39232828
39244685
39254031
39254050
39259862
39261358
39268871
39273999
39288244
39292009
39296344
39296379
39301579
39303323
39303459
39303760
39305363
39308040
39311208
39319095
39323261
39324172
39327982
39328937
39334995
39335054
39336757
39339598
39350011
39360839
39361487
39363595
39364598
39366941
39367303
39367344
39370779
39371130
39371578
39381458
39383256
39387597
39388235
39393813
39395422
39395997
39398670
39398849
39407654
39410652
39414075
39417786
39417956
39428565
39430668
39436142
39437779
39447200
39450141
39452718
39460626
39460656
39468536
39470194
39473655
39477135
39478281
39481635
39496236
39499471
39500317
39501298
39507940
39511672
39517098
39518763
39521124
39528429
39528984
39530679
39534289
39537073
39538246
39539880
39542238
39543038
39545755
39547575
39549831
39552950
39556313
39563029
39563457
39564034
39566535
39574630
39579214
39579944
39582053
39584847
39585039
39588446
39589137
39590667
39596719
39597598
39598593
39599509
39600855
39601571
39609763
39611833
