19282044
21130831
21778036
22003038
22644346
22961639
24441167
26551888
26635778
27637883
28265787
29438718
29524547
29984239
30243635
30311172
31927753
32095237
32275307
32405962
32539978
32634613
32832328
33620304
33732048
34092710
34402778
34745813
34881976
34979271
35044200
35126735
35150575
35206710
35293480
35333989
35407133
35673543
35757152
35783420
36453910
36613385
36688744
36754424
37031295
37283930
37404571
37803608
37811481
37849623
37886613
37894072
37908446
37932698
38027428
38046201
38070037
38112685
38172677
38230937
38329344
38410146
38435090
38450082
38466360
38534645
38550895
38552381
38606354
38611419
38688481
38813097
38867524
38873884
39004193
39102038
39102436
39283104
39470240
39597649
39598375
