10028248
10223327
10603370
10730339
10850850
10858203
11108187
11131122
11131584
11162186
11197552
11197553
11272504
11341382
11341408
11355660
11390112
11399141
11476040
11480518
11500456
11521082
11524163
11532607
11535337
11553552
11553565
11601796
11679552
11680911
11708203
11734203
11763192
11767926
11768129
11782116
11786252
11843126
11858651
11910502
11911574
11953404
11989739
11998372
12038133
12081611
12081612
12117943
12127715
12146889
12146890
12180887
12218935
12406660
12437222
12450200
12488074
12492276
12523988
12543670
12567239
12625399
12637002
12654776
12665107
12675467
12704177
12726744
12732470
12755298
12755900
12782479
12798623
12798641
12855172
12865390
12878547
12900016
12916692
14522106
14678169
14684272
14688223
14726234
14729757
14741155
14975397
14995970
15001229
15019738
15032441
15046457
15061478
15086504
15099497
15129552
15135985
15141881
15153504
15160844
15175304
15188956
15194156
15207457
15271895
15325431
15350753
15460326
15460334
15513736
15535956
15557073
15557652
15580774
15584430
15586566
15589277
15610720
15621305
15663079
15699598
15715005
15720968
15737475
15745216
15757137
15797811
15803759
15925274
15953197
15972309
15984339
15989128
16041046
16061331
16113266
16155238
16187545
16206777
16206792
16247735
16269759
16272543
16283916
16291567
16334951
16336927
16386312
16386856
16427590
16430995
16460804
16476490
16530479
16531116
16548331
16566254
16566255
16624723
16631219
16632391
16649926
16670108
16678912
16712865
16750602
16780962
16842340
16870855
16904753
16984402
17015664
17042733
17085724
17118414
17204146
17208321
17216308
17240088
17283723
17361779
17368825
17371793
17448162
17451623
17493169
17521689
17540156
17544233
17590223
17590539
17608694
17616056
17628696
17682044
17698568
17707591
17822930
17892567
17900948
17939451
17942110
17949308
18032592
18164809
18179587
18182504
18199254
18218156
18218162
18262657
18283506
18308486
18440084
18460630
18512457
18512458
18593324
18611246
18629190
18656275
18660524
18675308
18680619
18683535
18689665
18765728
18771862
18775487
18834912
18840971
18981250
19003782
19046777
19149103
19185607
19186010
19268613
19299172
19351048
19356397
19406483
19420855
19428195
19460329
19477022
19523661
19564494
19581005
19596209
19646085
19666733
19684344
19706410
19796136
19901369
19966002
20003649
20003650
20003651
20023064
20038698
20060597
20064236
20109159
20117542
20122972
20135907
20154160
20154164
20176404
20187839
20336679
20363488
20411506
20444038
20466492
20515932
20526045
20542456
20591503
20617380
20619191
20655598
20664607
20685916
20688676
20722734
20728353
20729306
20823211
20826843
20863634
20884693
20920355
20945779
20956586
20966277
21078926
21091727
21146332
21169514
21220005
21345625
21371136
21371420
21420740
21493573
21511411
21513796
21601179
21611187
21613459
21679244
21696986
21701793
21709086
21718206
21742446
21800424
21830122
21831999
21832104
21851299
21870575
21875637
21896777
21921060
21976226
22001176
22019290
22023134
22078276
22087719
22114901
22121154
22126438
22126689
22154882
22192204
22306859
22354029
22362524
22366301
22374120
22377321
22386672
22401911
22435642
22445819
22487219
22564832
22621951
22677482
22738054
22750296
22771196
22798357
22840333
22842946
22843613
22901531
22914822
22926570
22956485
22986056
22994841
23022668
23025980
23046475
23063258
23084327
23093036
23239798
23253148
23295921
23328945
23333196
23345563
23363363
23396525
23482237
23489937
23543955
23558528
23572456
23582969
23652226
23658357
23682137
23723408
23731905
23750157
23778616
23785362
23890750
23922842
23965848
24009269
24021458
24021557
24085408
24130555
24136851
24144185
24171569
24195288
24243906
24289236
24291178
24396179
24434056
24471877
24477189
24478472
24518275
24524895
24526647
24564315
24603464
24612952
24629771
24675846
24745347
24815344
24820086
24832886
24837878
25008965
25012080
25061709
25193468
25239467
25246231
25246232
25261417
25302992
25381881
25419804
25419806
25480166
25480520
25525134
25540395
25599936
25619524
25669418
25710760
25745008
25767233
25812464
25818224
25827591
25843945
25852222
25858825
25929158
25937168
25953160
25969581
26017333
26121276
26149626
26216418
26216457
26220514
26249828
26318735
26330399
26344042
26373635
26413823
26424916
26506096
26542125
26571015
26711032
26847357
26859238
26872361
26926339
26942409
26950451
26973615
27047201
27094138
27102206
27109070
27224212
27269790
27292774
27374911
27445392
27482690
27501187
27527782
27599994
27660354
27699279
27737655
27784951
27799556
27891615
27892870
27894259
27938674
27938710
27988122
28012625
28064562
28070089
28074713
28178767
28228321
28240958
28267571
28282443
28323564
28330466
28385858
28385859
28514971
28542866
28551457
28573221
28619167
28619171
28705198
28708832
28724897
28736817
28739600
28836844
28888626
28915339
28939787
28956490
28969841
28970175
29034785
29051057
29105570
29249313
29255716
29263411
29287162
29377356
29385600
29426400
29471391
29481657
29507894
29519520
29551641
29633631
29693562
29695326
29778209
29848968
29902131
29912356
29915502
29943581
29974354
29981695
29981701
29997583
30002424
30017000
30042951
30064459
30088124
30102924
30161017
30185471
30197142
30223865
30239324
30267412
30380208
30487378
30496421
30510316
30518323
30561662
30597005
30662404
30683173
30729200
30776549
30817050
30849421
30881690
30894070
30918994
30923802
30955818
30962401
31040578
31069378
31079570
31154024
31213270
31230255
31232560
31244793
31244816
31282368
31316038
31340816
31384649
31400890
31420565
31444198
31470519
31528016
31528021
31551953
31600152
31627319
31635391
31680940
31715071
31767097
31770402
31781082
31795190
31817737
31835273
31902491
31926143
31930309
31954585
32088258
32090163
32090674
32093326
32095060
32101043
32113583
32127421
32133667
32138772
32288480
32307650
32327253
32426381
32434101
32470063
32587908
32660585
32671826
32704786
32747101
32747652
32787780
32891951
32893911
32898140
32917945
33132610
33182747
33203584
33240256
33261712
33261715
33354658
33442910
33446786
33468303
33515481
33581280
33645738
33654250
33663831
33722512
33764631
33799177
33804483
33811523
33901710
33944597
34020174
34042481
34112244
34113678
34179160
34198883
34203496
34204544
34250065
34262960
34277758
34348051
34438738
34453166
34454023
34500221
34509701
34566318
34568480
34600578
34680771
34683483
34684515
34738076
34740025
34805342
34816089
34818352
34824337
34869750
34932121
34934457
34938371
34943750
34970615
34975167
34980139
35022739
35126534
35139720
35143504
35155653
35180782
35193707
35241167
35276000
35286857
35332195
35378245
35388233
35428914
35434742
35453238
35453282
35487621
35554546
35582493
35593639
35647109
35655189
35664854
35675980
35691626
35692294
35706927
35765479
35777914
35820581
35893545
35895787
35919462
35926833
35962250
35962594
35964128
35979489
36060481
36097127
36115247
36126788
36178451
36290067
36303022
36328540
36333140
36343486
36349127
36363750
36511688
36543311
36548857
36560721
36571673
36618316
36656850
36658613
36718330
36759491
36761402
36792613
36830126
36848816
36855364
36975715
36999220
37174567
37197762
37257116
37268660
37276814
37345698
37358903
37360122
37370501
37377189
37391360
37397640
37441557
37491320
37555671
37558231
37563163
37571989
37589856
37641351
37642819
37685027
37688889
37783053
37786851
37790785
37850751
37856492
37917227
37969786
38033643
38038469
38053814
38086163
38126883
38135039
38162823
38223385
38247609
38275777
38279292
38329985
38335832
38391521
38392852
38422620
38440930
38464703
38495516
38585641
38655561
38668255
38673750
38675757
38705209
38779502
38787251
38792823
38853197
38862704
38864630
38921777
38933702
38946908
39089141
39109351
39125801
39143403
39188903
39199850
39201405
39219611
39225505
39273101
39287894
39329521
39400145
39409755
39453085
39461021
39468253
39492819
39539056
