21320596
21733253
21852525
21996405
22006724
22083478
22209744
22326566
22327516
22371895
22687501
22712825
22776466
22895032
22967204
23009350
23034071
23035697
23336529
23639796
23642729
23698521
23740725
23741021
23841753
23891219
24054697
24201195
24285656
24400107
24474692
24612983
24662017
24820079
24877727
24901292
24965800
25059447
25081987
25246361
25326196
25348522
25514581
25576416
25605357
25724091
25735795
25778390
25934155
25975610
25980356
26100696
26198329
26311838
26364729
26381662
26712938
26747061
26759990
26764912
26860891
26993173
27067339
27083193
27312551
27404806
27992816
28007519
28213015
28371606
28373284
28487209
28594944
28669800
28982978
29298884
29401563
29514194
29577994
29652646
29733508
29906589
30131944
30186249
30292703
30311872
30385392
30670429
30682786
30797834
30902743
31123962
31177378
31353038
31551994
31654980
31672736
31813733
31828310
32179523
32278810
32462488
32462489
32522076
32655514
32782016
33024038
33037454
33107283
33128052
33178158
33224122
33504662
33513865
33544029
33757821
34042479
34235487
34236300
34299184
34468294
35138195
35254167
35442978
36002793
36014959
36049733
36192528
36227120
36377931
36471260
36598222
36674514
37494799
37563082
37564221
37574314
37586915
37928684
38059867
38170259
38189951
38304861
38496968
38507111
38538920
38651885
38655087
38893541
38916378
39194233
39288183
39380548
39425793
21320596
21733253
21852525
21996405
22006724
22083478
22209744
22326566
22327516
22371895
22687501
22712825
22776466
22895032
22967204
23009350
23034071
23035697
23336529
23639796
23642729
23698521
23740725
23741021
23841753
23891219
24054697
24201195
24285656
24400107
24474692
24612983
24662017
24820079
24877727
24901292
24965800
25059447
25081987
25246361
25326196
25348522
25514581
25576416
25605357
25724091
25735795
25778390
25934155
25975610
25980356
26100696
26198329
26311838
26364729
26381662
26657227
26712938
26747061
26759990
26764912
26860891
26993173
27067339
27083193
27312551
27404806
27605498
27992816
28007519
28213015
28371606
28373284
28487209
28594944
28669800
28982978
29298884
29401563
29514194
29577994
29652646
29733508
29906589
30131944
30186249
30292703
30311872
30385392
30670429
30682786
30797834
30902743
31123962
31177378
31353038
31551994
31654980
31672736
31813733
31828310
32179523
32278810
32462488
32462489
32522076
32655514
32782016
33024038
33037454
33107283
33128052
33178158
33224122
33504662
33513865
33544029
33757821
34042479
34235487
34236300
34299184
34468294
35138195
35254167
35442978
36002793
36014959
36049733
36192528
36227120
36377931
36471260
36598222
36674514
37494799
37563082
37564221
37574314
37586915
37928684
38059867
38170259
38189951
38304861
38496968
38507111
38538920
38651885
38655087
38893541
38916378
39194233
39288183
39380548
39425793
