1076
2842
2844
13274
21000
34081
34488
36554
36567
43881
44177
97020
98223
99258
105229
118233
118818
123390
140159
163006
182671
185959
189286
241290
346187
350363
388353
402265
409554
410525
411590
426602
440159
454710
455155
456889
461377
470635
479831
481284
485134
500386
500567
501129
502910
506564
520581
526269
530120
543373
545851
547175
547696
547698
549845
600105
613933
618332
623457
640382
648976
648977
655707
658294
667166
672690
677877
681772
696044
708033
710921
718701
754420
773648
779781
782551
806389
806656
807563
808356
809186
811410
813848
816441
821627
821636
825282
840238
853031
869534
884628
892434
909472
923560
925365
979688
982053
984772
984828
986601
989654
991999
992771
992874
1004276
1026937
1090681
1093882
1112999
1116987
1117166
1117170
1120067
1125318
1126915
1151099
1156618
1159722
1163945
1167198
1180554
1183434
1194236
1204774
1204775
1211935
1214610
1218923
1227376
1234620
1259409
1259762
1277008
1279118
1282879
1284991
1285798
1299031
1301214
1305826
1310313
1310681
1311541
1313146
1313607
1315528
1320199
1323444
1323459
1323897
1324390
1326952
1327107
1327158
1328398
1328811
1329083
1329966
1334267
1335331
1338553
1339372
1341999
1347310
1351504
1352283
1352615
1355748
1355907
1357087
1357088
1359007
1360444
1364532
1366777
1367416
1368122
1368534
1368950
1369333
1369394
1380225
1390861
1391052
1393835
1398029
1420201
1423768
1426990
1427060
1431853
1431856
1431857
1431861
1435554
1444368
1474939
1474944
1476436
1478886
1481529
1491677
1497331
1504588
1514800
1515613
1535048
1537401
1537867
1541846
1541850
1544571
1556556
1563635
1575492
1583485
1583497
1588820
1607666
1607667
1607671
1610175
1610185
1611248
1619297
1622235
1637308
1645839
1646937
1648561
1651878
1654884
1655719
1658659
1658805
1660003
1661774
1662137
1662180
1662492
1663400
1664021
1664710
1667028
1667779
1668269
1670264
1675212
1678365
1682792
1686005
1688581
1690468
1691272
1693135
1693428
1694077
1697585
1701426
1708886
1711900
1715736
1720939
1726480
1726481
1729243
1730944
1738313
1745269
1746942
1768100
1769533
1778620
1779906
1781673
1781691
1787330
1787331
1791407
1791452
1791780
1797426
1799944
1802053
1816076
1818396
1825788
1840502
1840641
1844787
1845988
1846530
1847299
1847723
1847865
1847873
1849455
1850771
1857751
1863758
1864514
1874433
1875070
1875084
1885511
1885923
1895075
1895077
1895084
1895091
1895092
1896059
1898414
1900280
1904859
1905656
1917934
1924353
1924556
1929383
1948250
1955414
1965942
1966871
1967078
1967173
1969455
1969828
1969931
1972899
1973019
1973452
1973949
1976658
1977553
1981631
1991728
2002242
2002246
2013409
2014252
2014985
2041752
2045809
2052591
2056503
2059027
2059032
2059054
2061280
2066575
2082153
2089222
2089225
2097498
2098475
2099793
2106007
2107162
2108223
2110449
2113795
2116794
2119568
2123453
2123811
2128069
2133905
2139172
2143072
2145155
2145498
2153130
2153408
2154675
2155575
2156939
2160219
2160809
2161229
2161350
2165136
2165507
2166707
2166785
2167072
2168699
2172088
2172806
2174857
2175834
2177053
2177079
2177337
2181026
2187744
2190826
2200339
2208469
2216728
2216729
2224330
2237596
2250000
2250101
2251830
2254254
2258512
2259636
2268153
2271692
2273188
2273289
2273290
2273292
2274596
2294593
2298208
2306087
2319163
2320431
2323547
2324720
2324724
2332159
2332647
2339890
2340079
2345127
2345141
2345219
2351843
2351846
2354222
2356910
2360326
2360831
2360990
2364806
2378230
2383006
2402021
2402023
2402673
2403254
2411741
2424582
2436447
2438542
2459191
2459250
2463324
2465921
2466106
2466954
2480827
2482704
2499772
2508555
2508556
2509144
2509285
2515182
2536557
2536653
2541663
2542961
2543009
2543374
2544389
2545517
2548060
2548063
2549394
2549961
2549968
2550317
2550328
2550762
2552921
2553399
2554939
2557209
2558947
2560877
2561254
2562364
2565356
2566594
2570060
2576097
2577059
2577477
2581950
2583476
2592346
2604459
2614379
2614409
2614410
2615654
2622399
2624459
2628294
2632587
2641396
2644205
2656661
2666844
2669979
2695795
2710050
2723445
2723447
2725537
2738416
2738417
2742579
2743217
2744415
2744417
2749761
2769751
2787475
2792598
2793870
2811909
2817385
2821500
2821899
2822007
2822146
2825241
2827571
2828180
2828321
2828933
2829720
2829819
2831510
2832170
2832210
2832484
2832748
2833394
2833395
2835588
2839242
2840555
2841292
2842151
2844167
2845100
2853391
2855529
2856194
2858207
2858208
2863743
2865318
2865953
2868691
2872888
2873191
2875718
2875944
2876759
2877512
2883232
2883562
2886429
2890080
2891770
2894111
2894201
2895067
2897850
2901387
2901771
2901772
2902069
2904943
2906358
2906402
2906651
2906673
2906679
2906682
2911478
2914879
2926587
2979527
2981808
2986731
2987085
2989108
2991210
2993627
2998931
3000881
3001026
3002272
3003059
3004978
3007434
3007633
3007957
3009187
3011506
3011746
3011761
3013729
3018445
3018901
3019835
3023091
3023294
3025452
3025453
3026371
3026918
3027110
3027111
3028295
3029552
3029900
3030517
3031426
3036648
3036650
3038691
3039692
3040677
3073647
3085085
3087608
3089926
3117773
3121615
3144956
3146015
3147116
3150250
3169900
3184242
3188063
3193097
3193100
3193109
3193121
3194218
3198707
3198932
3199115
3205732
3208956
3211758
3216067
3221199
3238702
3243461
3244164
3246017
3247716
3249594
3249598
3250457
3251143
3254944
3295166
3297927
3299877
3300548
3329679
3330756
3331699
3333741
3362680
3380786
3388831
3395642
3403554
3411010
3418132
3421669
3425965
3429786
3436952
3448468
3451904
3471064
3504891
3504910
3504934
3504943
3504944
3506816
3507506
3507516
3507523
3507532
3509112
3516151
3522544
3523832
3532089
3535652
3535673
3546262
3550961
3553885
3556835
3557124
3561283
3570465
3574329
3575104
3585050
3597322
3606108
3610270
3611828
3613996
3625718
3630137
3655084
3656002
3656433
3658680
3660829
3663389
3680166
3701104
3702777
3717688
3722891
3722892
3729936
3733200
3743328
3743716
3745929
3747869
3752796
3759236
3771910
3777922
3804977
3814127
3818543
3821593
3821776
3837708
3842748
3842750
3880212
3880213
3880214
3880215
3880220
3880248
3880264
3888110
3888979
3892244
3903444
3909962
3926644
3927567
3932860
3944061
3960491
3968442
3988702
3992597
4008744
4011697
4012768
4015577
4019495
4029351
4031438
4033543
4036418
4043865
4045942
4058325
4058330
4070003
4076387
4079914
4088103
4101991
4132606
4154705
4192566
4199697
4204718
4204719
4210677
4212591
4212826
4215582
4215650
4219334
4313427
4322350
4332361
4347536
4351438
4369792
4414702
4415403
4416221
4441983
4443610
4444829
4468747
4497482
4539593
4563581
4587611
4590488
4597764
4615125
4625116
4644063
4651132
4665126
4696847
4699221
4702483
4729289
4730958
4754355
4769921
4791810
4797896
4797897
4825257
4825259
4825262
4830740
4833173
4833176
4833180
4839219
4839225
4839226
4844274
4844275
4874464
4899077
4919990
4921875
4927921
4937299
4954022
4954781
4955637
4955680
4962995
4963606
4964537
4965637
4966083
4967613
4970227
4973168
4979045
4979101
4981440
4981486
4981487
4984077
4984766
4986479
4987120
4991684
4993390
5003206
5029953
5042101
5043714
5044894
5085778
5085803
5085806
5092821
5092823
5111847
5122335
5122351
5151911
5157303
5168282
5294508
5314272
5318695
5340721
5361213
5369199
5369206
5442843
5442846
5442847
5442848
5442850
5445436
5453523
5482781
5483617
5501199
5501202
5501207
5506094
5541507
5549249
5558270
5558271
5575746
5575750
5575752
5575753
5618183
5640393
5672009
5715033
5723773
5725005
5727141
5732500
5732505
5745201
5766603
5777828
5777834
5784229
5788357
5810059
5820635
5823663
5827554
5827558
5827560
5829857
5880865
5927971
5939388
5944662
5980201
5980917
5984731
6002934
6025420
6039366
6043165
6064047
6073674
6073678
6073995
6076335
6083260
6090216
6090438
6094308
6096028
6096131
6106151
6108343
6112072
6113102
6120198
6125127
6125271
6126174
6128423
6128794
6130117
6134667
6139404
6139810
6144290
6145746
6146922
6149708
6149725
6151548
6156386
6196773
6208235
6247047
6252447
6294667
6296116
6302097
6303901
6306569
6310560
6317792
6321329
6323119
6329704
6341786
6357098
6358805
6379383
6385143
6389259
6399844
6406023
6407894
6413823
6417981
6418614
6421577
6425380
6426190
6426523
6436709
6442289
6443645
6454078
6465742
6493728
6501251
6501918
6509391
6517655
6523178
6533506
6538158
6540726
6578914
6583200
6601545
6612413
6625566
6638755
6645997
6661697
6664310
6666415
6669083
6674325
6675863
6675981
6683209
6687471
6701520
6708844
6709732
6725205
6725977
6738387
6742837
6747082
6748973
6748975
6759887
6766865
6796208
6796992
6797872
6800747
6802805
6818110
6824057
6832375
6833183
6836053
6838531
6840855
6841993
6843501
6862558
6870088
6870244
6874728
6885748
6956789
6976842
6978192
6994717
7000441
7011511
7019914
7025037
7028036
7028140
7033045
7037539
7040922
7077740
7081987
7085565
7103310
7105967
7112688
7121329
7138972
7139413
7144612
7153478
7153535
7176973
7198072
7204384
7207263
7207265
7217007
7240780
7249246
7252480
7267811
7296735
7296737
7306875
7306883
7312401
7312402
7312403
7318051
7320315
7332548
7335824
7414596
7417316
7417468
7420053
7450794
7459713
7462158
7462165
7476224
7478260
7483588
7486995
7487029
7487039
7488105
7490762
7494502
7504667
7514590
7516963
7521154
7527203
7529493
7531814
7533728
7538281
7547144
7548766
7549769
7559587
7568463
7576527
7580992
7592363
7592988
7595442
7595459
7608077
7608080
7616175
7616194
7616196
7618866
7618886
7626052
7629076
7639990
7646454
7657602
7658049
7658050
7659076
7662112
7670204
7677771
7681482
7690220
7693592
7694582
7704829
7707052
7707059
7708759
7711901
7713258
7715447
7720855
7722082
7722342
7727272
7730254
7730255
7737485
7744839
7751296
7751306
7751369
7764096
7764305
7764780
7764972
7765154
7765229
7765303
7765896
7765910
7766105
7770056
7779517
7787019
7789815
7793960
7801348
7803692
7806363
7807078
7807084
7811080
7813910
7830551
7830581
7836294
7842169
7844836
7845961
7852320
7854129
7867944
7876592
7876593
7879387
7884077
7884080
7890666
7890779
7891040
7896324
7903978
7904575
7905597
7906381
7908713
7912260
7912979
7913448
7920867
7921240
7921352
7928408
7948900
7957870
7958777
7966278
7973950
7980426
7981239
7984098
7986804
7989680
7990839
7991668
7993101
7993966
7997170
8003015
8003016
8005002
8010682
8013868
8014627
8016546
8021522
8023511
8025694
8031771
8031786
8045904
8045905
8045906
8052249
8060297
8061230
8071239
8074300
8074511
8081255
8093015
8096871
8100539
8100540
8117089
8117300
8119414
8123555
8123566
8125087
8126488
8135538
8141785
8144508
8147860
8150264
8161182
8161285
8166706
8171127
8174751
8176242
8176244
8176245
8178516
8181708
8183881
8188058
8200856
8219894
8225585
8228317
8228318
8234484
8234486
8234543
8241124
8245944
8245945
8245946
8248622
8250897
8250978
8253689
8254306
8262221
8269952
8281945
8285695
8293955
8293956
8299955
8305428
8307684
8319686
8335478
8336643
8336659
8340354
8349568
8350070
8350079
8353523
8353535
8355625
8360514
8361500
8364069
8368834
8376856
8380148
8380781
8381022
8383036
8383729
8384140
8384686
8384882
8384964
8386726
8389984
8394252
8394507
8395883
8395964
8405934
8407829
8415651
8429550
8432698
8434916
8439143
8458841
8463332
8467384
8472901
8476286
8481007
8485524
8490132
8491716
8503203
8507832
8509372
8510683
8517758
8521040
8523268
8524073
8524076
8524077
8524078
8524081
8524088
8524089
8524091
8526493
8526494
8526519
8534090
8537542
8544095
8544785
8546038
8548068
8551501
8555944
8558602
8563213
8564369
8568280
8568902
8572707
8572715
8576197
8580910
8580914
8586263
8587898
8588218
8592711
8593057
8593070
8596449
8606196
8607806
8628234
8631661
8632451
8633853
8635885
8643585
8655486
8661690
8666719
8679929
8702267
8702276
8702277
8702286
8713122
8723255
8724755
8725447
8727521
8736096
8736542
8745010
8754650
8754660
8757726
8760917
8761738
8762474
8768518
8768532
8774716
8784190
8795201
8806584
8810143
8810282
8812565
8812574
8812783
8814783
8817917
8818275
8819322
8824168
8825501
8825511
8825516
8825518
8826104
8827600
8827611
8837413
8841441
8850342
8853459
8862018
8865583
8867460
8883778
8887234
8900008
8919799
8931361
8932705
8934782
8950642
8953709
8954096
8954815
8954879
8955636
8955637
8962052
8969468
8972135
8975807
8978087
8986755
8987598
8987698
8987706
8992244
8997705
9003187
9003281
9003589
9018379
9023925
9023933
9023958
9026162
9028924
9035137
9037671
9046467
9046471
9046481
9050831
9054340
9055420
9055823
9056459
9060166
9071889
9089714
9090064
9103445
9114517
9119053
9122157
9139891
9142741
9143102
9143105
9145030
9145032
9152881
9156349
9160336
9172350
9173360
9175551
9175558
9178552
9183021
9185282
9195006
9200224
9203397
9206272
9206754
9206755
9209052
9212418
9212426
9212427
9215586
9217464
9219522
9225859
9237670
9244760
9246919
9247136
9251188
9251213
9254604
9256233
9259987
9260939
9262955
9271871
9274007
9274027
9276472
9281398
9281402
9285057
9291684
9291686
9292542
9292994
9295279
9301098
9304795
9312210
9315707
9315709
9317520
9327562
9332588
9335281
9335544
9342226
9349262
9361428
9361431
9365280
9367730
9368017
9371455
9371752
9380670
9395427
9398283
9404010
9406385
9406409
9406420
9413435
9415802
9418060
9436309
9439004
9443341
9443374
9445817
9446743
9459581
9469839
9474562
9474567
9474569
9485601
9491362
9495012
9500938
9500943
9500946
9501164
9501415
9504989
9504991
9513945
9516547
9521777
9535923
9538032
9538037
9541564
9556387
9567748
9569643
9572869
9572947
9576857
9584996
9594569
9599326
9600867
9602158
9603829
9606908
9608735
9611801
9612818
9614702
9614703
9620454
9625790
9630898
9633648
9634751
9634777
9636319
9639817
9639831
9639832
9641921
9647696
9647704
9650985
9657931
9673920
9674143
9674170
9677328
9678183
9687463
9687466
9687470
9688820
9698820
9701599
9701600
9702728
9702802
9704107
9709021
9711837
9713700
9717741
9720040
9721262
9725033
9726910
9729121
9729609
9729610
9732531
9739466
9741114
9741119
9747349
9749341
9756461
9758818
9758822
9758842
9759545
9762424
9770479
9774743
9784342
9784349
9784360
9787789
9793141
9797262
9797292
9805498
9806979
9813828
9819236
9826542
9828439
9835549
9835562
9835590
9868764
9878289
9878290
9879071
9879892
9881635
9887517
9922467
9925568
9931315
9931470
9989219
10021775
10027964
10036986
10049896
10051556
10069858
10075684
10077823
10084141
10084142
10084145
10090243
10099461
10103230
10103241
10194327
10196629
10196753
10212410
10217496
10222207
10223968
10223976
10223999
10234264
10320377
10322022
10340711
10342266
10342267
10342268
10347034
10353588
10354369
10358732
10361306
10366523
10366728
10369182
10375855
10379004
10383860
10387110
10387111
10388545
10388684
10388698
10389260
10398834
10403372
10406091
10411882
10412113
10412120
10423743
10425660
10427035
10427071
10436884
10439392
10441029
10441730
10455482
10462480
10463166
10464418
10465846
10467052
10467056
10473413
10475277
10480128
10480130
10481060
10486224
10492676
10498724
10501003
10504897
10505264
10508062
10508083
10508095
10515914
10518745
10534412
10542230
10543783
10544269
10545261
10561558
10561564
10565149
10568798
10568804
10582044
10582050
10584001
10585556
10589720
10593100
10594227
10594228
10594703
10605508
10606725
10612606
10618212
10620668
10622728
10631060
10633108
10650203
10657055
10664675
10668128
10669405
10672067
10672343
10672543
10672549
10672551
10677843
10679054
10679055
10687815
10688688
10688690
10698776
10699867
10700153
10706663
10708664
10719207
10727765
10732349
10732350
10732989
10735853
10742226
10742234
10742241
10742242
10747152
10747263
10748561
10754794
10757483
10772158
10772330
10774654
10774706
10776629
10777680
10783711
10797955
10799525
10811807
10811973
10812080
10826165
10826200
10826204
10827284
10827286
10830895
10830896
10831447
10840067
10843832
10843836
10862968
10867226
10871420
10872830
10873845
10874999
10876675
10877771
10879975
10882663
10887699
10892346
10902306
10902314
10902316
10902317
10902320
10902328
10902331
10902351
10902352
10902353
10902356
10902361
10902364
10902683
10907418
10913976
10915205
10915211
10916293
10919402
10922501
10924467
10926854
10945774
10946499
10946517
10948378
10962271
10963404
10963406
10963409
10965955
10966391
10967602
10971764
10972713
10977891
10977893
10977896
10981706
10985012
10985014
10985018
10985041
10985043
10985045
10985046
10989289
10989294
10998218
11010897
11010919
11010923
11015120
11016836
11017051
11023737
11023739
11023747
11023751
11024267
11033162
11035189
11036526
11037132
11038613
11049810
11057726
11064263
11065361
11067772
11068678
11069655
11080388
11080394
11081651
11087590
11087854
11097886
11097928
11111901
11111927
11112372
11118340
11131976
11132501
11133444
11133462
11133463
11133481
11136129
11136135
11137161
11142285
11142295
11142297
11142302
11142312
11142715
11142716
11142717
11150794
11155130
11155363
11155364
11157257
11157263
11157273
11161988
11166987
11168390
11171524
11172813
11191763
11192439
11194149
11195579
11198918
11198923
11199499
11201358
11204207
11210135
11210410
11229889
11229895
11229896
11233099
11233113
11233120
11233121
11233125
11233127
11233135
11233137
11233138
11243064
11245889
11247032
11249948
11252478
11257515
11257600
11272920
11273688
11275324
11282656
11286884
11293654
11298934
11298965
11304752
11309078
11312696
11313644
11314244
11315669
11320137
11322825
11327876
11328507
11332820
11332831
11332832
11332858
11337261
11337891
11338433
11343791
11345416
11345425
11348512
11349533
11356052
11359705
11371015
11374157
11375655
11375659
11377201
11377423
11381328
11381335
11384982
11388812
11391474
11391479
11393860
11400069
11401703
11412316
11425031
11425033
11425714
11425744
11425753
11429458
11433280
11439244
11439250
11441463
11466307
11468393
11469179
11469180
11472551
11473592
11478452
11480211
11485443
11486086
11486087
11498030
11500092
11500093
11503075
11515966
11525986
11526050
11549008
11555212
11559837
11559838
11559839
11559841
11561853
11561855
11562715
11569272
11571147
11571163
11571195
11572461
11576433
11576434
11577718
11578310
11583451
11583928
11607319
11673902
11679322
11679324
11679364
11681660
11681665
11681675
11681676
11681678
11681689
11683359
11683364
11685272
11685507
11687877
11688801
11688803
11693914
11695193
11717524
11718667
11719073
11722800
11722880
11722927
11722929
11722946
11722947
11727033
11727037
11729083
11729093
11741853
11771324
11772627
11772653
11775107
11777034
11777037
11777038
11777047
11777062
11777065
11777066
11777069
11781159
11785139
11791714
11794662
11802743
11804797
11807136
11809972
11812119
11812123
11815850
11816408
11831372
11836242
11846773
11848375
11865766
11872122
11872461
11872472
11872495
11874541
11876409
11886551
11891133
11904158
11904222
11906106
11910499
11912206
11916662
11916693
11925695
11928998
11940152
11942749
11942750
11942752
11942765
11946512
11947580
11954987
11959439
11962209
11964120
11966916
11972696
11976078
11981874
11986933
11988223
11989767
11989770
11989771
11994014
11997117
11998835
11998931
11998932
12002563
12005043
12009811
12019259
12019625
12020003
12022636
12023048
12029046
12039761
12039781
12044497
12047949
12050155
12050814
12054787
12059773
12070693
12070694
12076012
12083274
12087427
12088543
12092415
12092845
12111742
12112862
12127494
12133711
12147075
12147473
12147491
12147511
12152767
12170930
12170935
12174034
12174044
12177745
12190024
12192530
12192869
12192903
12198157
12200263
12200317
12204397
12212843
12213239
12214919
12216818
12216827
12216828
12218029
12218366
12226379
12228262
12230163
12232659
12234543
12234545
12270812
12288548
12297154
12298285
12324337
12324359
12351239
12354585
12356474
12357073
12374817
12377776
12384086
12389219
12391756
12391758
12392522
12393209
12396125
12400441
12402080
12403412
12403429
12403648
12405774
12406769
12408646
12417216
12419503
12421420
12421866
12425046
12425063
12426328
12427034
12428962
12432461
12432463
12437178
12438358
12441000
12444461
12445796
12448528
12452602
12452809
12452965
12455708
12455709
12464681
12469322
12473162
12479478
12481602
12485751
12488044
12492924
12501280
12501305
12502392
12520362
12535249
12537422
12539833
12542194
12542797
12545970
12548884
12548935
12548956
12548957
12548990
12549017
12549018
12549049
12549082
12549381
12554726
12555398
12555414
12555421
12555530
12555556
12555581
12557347
12557376
12557392
12557563
12557582
12561202
12571025
12571069
12571355
12574633
12576159
12581714
12581720
12581721
12582527
12582680
12584363
12586389
12588545
12595735
12598644
12601079
12602847
12607925
12619679
12623312
12623314
12625924
12628007
12633848
12634820
12644238
12645265
12655112
12658313
12667878
12674346
12674533
12674537
12674638
12675831
12677360
12682045
12695565
12697463
12700261
12705396
12706629
12710473
12714598
12721492
12721629
12721630
12725934
12729731
12732546
12732973
12732979
12737656
12746858
12748773
12749835
12753225
12754235
12761089
12770494
12777494
12779123
12779231
12781980
12783189
12787485
12788732
12789524
12795638
12799001
12799434
12806839
12807189
12807450
12812063
12826483
12829258
12832083
12839788
12852607
12852613
12852631
12852635
12852636
12852638
12852640
12852642
12859763
12866852
12871230
12893268
12902253
12904548
12915184
12935352
12944392
12945189
12950175
12957903
12957913
12957922
12965185
12973540
13129610
13270146
13302859
13609014
13638893
13677377
13678710
13679991
13689013
13720385
13724416
13806070
14042929
14124032
14170554
14304698
14319398
14323775
14323779
14323785
14463346
14475423
14475424
14503572
14503573
14503603
14503607
14505001
14505693
14506223
14506863
14509852
14510853
14511664
14513603
14514070
14524547
14524704
14529489
14532042
14532217
14536036
14538115
14550036
14552382
14555969
14556036
14569287
14582981
14592708
14596281
14600831
14608363
14613613
14617663
14620045
14621648
14623043
14629010
14629020
14633026
14633027
14635181
14635838
14638432
14648109
14648344
14650516
14653804
14658503
14658505
14658507
14658514
14658525
14661830
14663087
14665732
14666315
14666976
14668140
14669916
14669921
14679909
14680823
14682242
14682535
14682592
14705942
14706757
14710747
14711631
14714479
14715750
14723896
14724756
14724939
14734820
14743982
14744450
14756535
14756577
14757225
14762563
14766576
14766590
14769465
14871616
14963036
14964648
14967230
14971684
14971733
14976987
14977100
14977101
14977116
14977124
14978282
14992693
14992857
14994791
14994793
14994805
14995151
14996830
14997678
15000482
15000685
15006756
15009445
15012396
15012402
15018095
15018102
15019519
15026424
15027071
15028116
15050842
15052732
15053558
15056882
15057351
15057451
15057461
15057485
15059210
15060726
15063067
15071818
15074036
15081403
15088706
15103240
15107949
15109901
15112290
15113183
15114873
15116762
15119068
15121457
15123702
15126472
15128104
15130086
15135419
15136739
15139200
15145246
15149037
15150241
15151149
15152001
15154442
15154443
15154453
15154458
15154467
15154849
15155721
15156032
15158719
15160608
15165757
15180383
15184189
15185942
15185945
15185947
15186453
15189293
15191740
15200172
15208451
15208453
15210998
15212462
15213403
15214633
15219400
15224917
15228527
15230319
15239700
15243707
15246241
15251434
15253158
15256590
15261774
15262280
15264626
15264627
15264908
15265032
15266122
15271091
15272163
15272747
15275138
15279243
15279252
15279290
15279291
15281929
15282948
15282949
15294815
15294828
15297508
15297521
15297925
15307664
15307676
15310924
15320864
15321675
15323422
15327288
15330537
15336490
15338032
15340690
15350500
15350862
15351700
15355239
15355241
15357725
15376210
15379574
15382497
15382503
15384327
15384355
15384356
15385482
15451675
15455073
15463539
15464737
15466525
15466558
15467786
15469709
15469711
15472953
15473084
15474731
15475339
15479409
15482430
15482853
15493936
15498557
15498772
15518581
15522618
15527919
15528522
15531784
15532933
15533304
15535584
15535624
15535626
15543412
15547268
15553641
15556706
15568349
15568352
15568362
15568363
15568364
15568367
15572369
15574894
15578599
15581017
15583389
15593079
15604775
15604796
15607653
15612253
15612256
15612277
15612354
15612416
15612504
15612796
15621455
15623035
15637622
15639824
15640186
15641784
15643933
15644915
15647932
15650692
15662544
15666730
15666731
15666734
15666763
15666767
15666772
15668791
15669111
15669382
15669383
15669736
15672558
15679840
15681223
15686395
15686851
15691928
15691952
15696619
15702915
15705852
15707281
15707864
15707867
15707873
15712350
15713682
15713879
15726375
15729468
15743944
15746337
15746346
15752327
15752334
15754243
15759411
15759417
15759424
15759500
15760342
15765669
15765671
15765673
15765683
15766704
15766790
15766932
15766933
15766934
15768635
15771198
15780008
15790070
15796913
15796978
15796996
15808746
15810606
15810658
15811374
15811999
15813223
15825447
15825763
15825767
15834720
15835783
15837378
15838040
15846913
15852975
15861220
15861235
15861247
15866940
15870346
15875192
15881690
15889731
15889737
15889739
15889751
15889924
15892110
15892743
15894190
15894524
15895999
15901098
15901560
15902495
15907070
15908504
15909759
15913643
15920532
15926701
15926902
15927753
15928859
15928981
15933037
15939892
15941295
15942699
15944081
15949926
15950125
15959906
15960878
15962784
15963509
15964574
15964958
15967665
15969053
15969080
15969085
15969733
15970328
15973985
15978131
15979001
15979118
15981278
15983741
15984034
15985466
15989249
15991054
15992950
16000811
16007954
16007963
16007971
16011928
16019024
16021284
16022286
16022314
16022327
16022333
16022385
16024361
16028796
16029480
16030205
16033130
16033476
16033698
16039302
16039303
16040120
16042136
16042375
16042811
16043311
16047885
16050119
16059769
16059772
16076112
16082478
16084637
16087890
16089397
16091603
16091772
16091775
16095662
16096692
16098222
16098986
16099605
16101783
16104777
16110969
16114682
16116654
16123424
16125846
16126685
16126687
16132862
16145834
16151129
16151153
16151165
16152672
16152673
16154904
16156585
16156586
16156588
16156591
16156594
16158241
16159124
16159771
16162135
16162145
16162247
16165191
16166537
16167365
16168574
16168580
16169715
16171774
16172896
16181492
16184014
16187120
16204549
16212102
16220687
16221479
16227430
16233189
16235719
16236308
16238737
16242319
16244910
16252134
16252522
16255715
16269702
16269720
16276883
16276913
16279211
16294805
16294808
16295540
16300074
16306686
16307755
16307894
16309381
16310913
16314577
16315992
16321521
16322104
16328650
16332339
16332792
16332888
16333068
16333339
16334312
16334315
16334325
16334339
16336305
16336647
16337146
16337224
16339907
16345590
16345609
16345656
16345839
16346018
16346040
16346044
16346206
16346207
16346828
16346842
16346882
16346949
16347008
16347024
16347242
16347290
16347299
16347326
16347359
16347711
16347727
16347771
16347918
16347983
16348022
16348153
16348271
16348284
16348294
16348400
16348504
16348674
16348699
16348929
16348959
16348960
16349021
16349095
16349149
16349152
16349179
16349194
16349206
16349267
16349324
16349357
16349420
16349421
16349471
16349543
16349555
16356469
16376084
16382282
16385471
16388604
16390194
16391064
16391075
16391085
16391132
16392002
16400649
16402666
16404399
16404726
16405701
16406630
16408320
16410971
16413572
16418860
16428294
16436058
16436453
16441373
16448190
16452069
16452310
16459658
16461679
16461712
16461715
16463320
16469064
16475342
16478092
16478494
16489451
16496686
16496711
16499967
16506570
16506582
16512609
16512902
16515801
16517620
16517621
16517643
16519308
16524618
16525866
16530218
16534931
16535020
16535038
16535074
16535088
16535187
16535241
16535294
16535306
16535392
16535421
16535509
16535536
16535542
16535573
16535597
16535623
16535692
16535721
16539091
16539108
16539110
16539124
16539150
16539154
16542411
16553839
16559100
16572346
16573329
16573337
16573340
16574189
16579471
16593878
16596448
16597962
16598830
16599163
16599296
16603180
16612594
16614918
16618212
16621833
16621834
16630537
16632879
16632885
16637561
16642302
16643018
16646329
16646337
16649191
16665812
16672488
16675554
16683620
16686152
16686153
16686154
16686156
16690346
16696702
16697234
16699573
16699587
16705321
16710636
16716213
16718567
16719560
16723015
16738384
16739564
16749456
16756755
16770833
16771215
16775781
16775783
16777138
16777139
16778351
16786544
16788061
16790012
16797165
16797582
16797583
16802102
16807030
16809341
16813305
16813312
16813327
16813331
16813332
16813334
16813335
16820457
16820473
16831627
16834598
16834638
16837008
16838380
16841357
16855222
16859087
16859093
16862988
16865337
16865970
16875672
16878547
16880748
16881328
16883477
16885329
16885461
16886171
16889013
16892631
16893170
16894738
16901541
16904303
16905146
16905280
16905617
16906448
16906450
16907811
16907834
16917521
16922508
16924915
16924932
16926147
16930715
16933600
16933610
16935222
16936025
16936049
16936050
16937657
16937659
16937690
16937696
16941243
16944343
16945402
16946260
16946449
16957262
16957922
16960378
16968705
16972133
16978572
16988432
17005192
17005719
17005725
17005984
17005989
17007517
17009863
17022406
17027023
17027131
17031616
17032222
17036210
17038198
17041058
17041550
17049552
17050059
17054742
17059605
17066779
17066781
17066787
17066794
17066811
17066814
17066940
17067059
17069845
17073460
17074390
17075734
17085712
17086974
17087513
17087815
17089120
17092361
17096209
17097206
17098916
17110961
17122403
17126041
17132151
17132513
17135259
17135537
17136568
17137187
17145072
17145116
17145193
17147680
17148361
17151476
17151960
17160360
17165028
17168888
17184315
17184322
17184817
17189446
17195656
17195671
17195681
17195682
17195689
17198720
17204466
17205334
17207257
17207509
17210000
17213187
17213205
17214205
17216168
17216466
17225146
17241334
17244483
17244539
17257206
17263347
17265180
17266984
17269462
17269473
17273714
17273719
17279445
17289190
17294002
17300848
17302152
17306294
17309508
17310366
17313662
17314144
17320261
17320284
17321737
17324288
17329002
17333014
17334814
17334843
17334846
17335063
17337206
17337577
17349125
17349137
17361568
17366901
17368198
17370810
17370824
17370825
17370826
17370827
17370828
17370835
17373464
17380356
17381743
17382289
17387030
17387519
17388118
17390802
17394765
17402938
17408965
17415673
17416690
17418824
17435280
17435283
17436617
17436631
17436632
17443972
17447559
17451491
17461054
17461071
17461085
17462666
17467004
17467005
17467006
17467291
17467730
17468272
17475274
17475275
17481651
17482642
17482643
17486337
17496101
17496978
17499760
17499761
17502282
17504477
17510284
17516045
17536369
17537728
17538643
17539275
17541834
17543450
17543562
17552223
17554045
17555563
17555570
17556584
17558532
17570072
17575913
17578675
17584453
17586563
17587074
17593805
17596180
17597341
17598300
17598525
17598553
17598554
17598557
17608495
17609853
17609896
17621695
17626007
17628040
17643388
17643951
17645816
17646596
17650206
17650861
17657530
17659391
17660307
17665174
17668027
17668039
17672293
17672305
17672311
17672866
17673272
17676405
17681273
17681529
17682816
17682820
17689558
17693568
17696320
17700988
17704274
17714689
17716489
17719159
17724346
17725543
17725800
17746291
17755107
17792216
17797533
17803454
17805479
17805927
17822035
17827322
17831420
17846857
17847848
17849163
17849859
17849861
17849874
17849898
17850315
17851773
17851777
17853604
17853605
17868317
17873046
17873409
17879302
17887987
17891457
17893075
17900178
17900781
17914188
17915513
17916262
17916497
17919320
17922289
17927757
17927758
17927759
17927912
17927913
17933917
17939521
17944354
17949406
17950718
17951006
17953573
17963708
17969274
17972627
17972634
17972638
17973088
17973155
17974208
17975031
17975097
17977833
17981618
17981939
17982443
17989942
17989981
17990264
17995700
17997879
17999100
18006515
18023058
18024675
18024681
18024687
18026233
18028364
18028391
18032435
18040897
18042185
18045325
18045443
18048477
18050390
18051264
18051348
18054404
18054810
18059560
18060300
18062228
18062260
18062264
18064435
18068780
18068844
18069985
18074178
18080218
18082763
18083024
18083867
18092859
18155180
18156261
18167458
18176540
18179822
18181567
18187787
18192432
18198178
18202177
18207074
18215453
18218018
18218126
18218148
18222513
18223107
18226423
18226424
18230416
18232402
18232404
18232406
18232407
18236038
18236110
18242150
18243589
18248369
18248430
18257958
18259177
18259812
18261893
18266703
18271254
18272219
18281573
18284750
18284751
18284753
18287289
18298528
18304571
18325653
18326669
18330113
18330132
18330134
18333682
18335057
18336832
18338570
18339232
18341579
18345643
18348818
18348819
18359040
18359041
18359563
18365720
18368236
18381227
18381229
18383197
18383829
18384728
18386503
18389308
18390157
18396552
18397807
18400562
18407288
18407662
18408065
18409059
18414847
18415072
18416152
18416242
18422617
18433767
18437459
18440019
18446411
18449222
18449852
18451042
18456114
18456277
18457170
18457427
18459416
18459418
18459423
18459424
18461164
18462395
18463863
18476213
18479051
18479703
18484999
18487396
18489113
18492601
18494297
18504623
18509685
18510972
18512935
18515723
18523682
18523711
18533180
18536245
18540673
18549401
18549954
18552184
18564708
18567013
18571667
18574707
18578543
18582591
18582843
18585733
18586969
18590230
18590958
18592309
18592310
18597337
18600043
18600061
18600206
18600631
18602953
18602986
18606366
18613240
18613615
18614174
18615745
18619500
18620771
18623480
18627129
18627130
18631419
18635544
18636493
18637949
18644375
18652300
18652302
18652304
18652305
18654760
18654770
18655606
18656246
18656480
18657445
18666529
18666536
18670879
18682800
18685842
18692050
18705497
18706722
18712501
18712542
18713243
18713287
18719724
18720489
18720836
18722486
18729400
18751699
18757127
18760362
18761035
18762887
18763046
18767720
18767729
18767734
18767754
18767756
18768202
18772942
18773932
18778745
18781763
18783429
18785222
18791021
18795364
18797766
18798173
18800190
18801270
18801271
18801998
18804365
18807113
18817142
18820056
18821029
18826260
18836017
18836018
18837379
18839329
18841108
18850726
18852506
18923549
18931285
18931909
18939694
18941501
18944233
18944466
18945043
18945170
18947853
18950035
18950053
18953606
18954492
18955062
18955810
18957605
18969357
18975921
18977509
18979122
18982446
19002526
19005666
19011060
19017496
19025870
19026655
19027973
19033132
19036216
19036217
19041324
19046941
19047626
19047829
19052817
19054090
19056251
19058596
19061968
19062636
19062639
19062652
19062654
19067630
19069752
19076251
19076723
19079537
19083012
19083116
19094993
19098220
19100704
19103150
19114103
19120200
19130127
19132072
19132293
19133073
19133460
19133474
19133479
19135058
19137725
19137818
19142586
19146482
19149720
19149735
19153728
19159431
19160848
19165761
19166940
19169559
19181061
19181062
19181805
19181834
19183794
19183818
19185587
19187499
19191014
19195871
19214476
19216106
19220475
19226801
19228255
19229489
19232351
19246762
19253618
19253658
19253909
19261175
19269293
19269294
19269566
19270403
19270942
19270951
19272330
19275048
19277644
19279684
19280126
19280260
19290144
19291242
19294342
19294986
19295059
19300701
19302326
19304837
19304998
19320042
19320044
19328831
19329664
19331182
19333402
19336401
19337765
19337851
19343350
19345136
19349758
19353306
19358852
19359107
19369255
19376227
19376918
19376921
19381844
19388273
19399496
19409387
19416731
19416969
19419653
19432073
19432078
19433217
19434523
19440244
19443973
19444360
19445172
19446559
19447031
19447954
19449642
19449655
19449661
19450583
19456870
19462262
19464367
19465024
19465527
19465665
19483782
19484296
19484699
19486907
19489014
19492550
19494698
19497137
19497756
19514852
19525273
19527726
19537964
19537981
19539665
19542344
19548649
19552892
19555371
19557450
19558725
19559004
19564105
19577911
19581574
19583794
19588197
19588259
19589636
19590825
19591941
19592525
19610415
19610441
19610442
19610451
19611255
19613847
19615820
19616577
19616612
19621584
19623955
19631215
19635802
19636520
19645293
19645765
19646502
19648359
19649034
19651136
19652967
19653036
19653495
19653496
19654019
19660785
19664548
19666026
19688377
19693442
19696734
19697959
19698787
19703461
19707293
19709226
19709333
19714811
19715478
19715699
19717606
19729033
19730852
19732034
19732155
19734711
19735465
19736752
19736762
19736774
19736779
19739026
19740106
19740894
19747003
19754974
19757171
19760523
19763421
19765086
19766122
19770039
19781113
19782688
19799950
19800349
19801487
19806453
19808680
19811767
19813231
19820153
19824399
19824400
19834080
19838632
19838822
19840388
19845290
19845449
19847665
19850012
19850456
19852233
19854901
19856320
19879290
19880313
19882531
19884784
19886438
19886454
19888605
19891479
19895642
19898544
19898849
19903384
19906202
19913106
19916922
19928904
19930593
19931577
19935889
19937033
19938000
19939319
19939529
19945784
19948851
19948871
19956592
20002140
20002185
20006924
20015143
20017057
20023097
20024947
20024949
20030053
20033169
20034496
20035762
20035766
20040372
20044792
20053648
20056427
20069826
20069843
20069851
20069861
20073348
20079435
20079436
20084474
20098990
20100285
20111863
20112806
20120473
20123104
20123105
20127334
20128353
20132255
20140714
20141526
20144614
20146862
20153718
20163547
20165944
20167218
20170735
20177063
20194097
20196874
20206244
20208360
20209154
20209166
20209805
20214368
20214380
20223249
20231450
20236838
20237448
20237577
20237578
20305020
20333834
20333852
20336829
20337747
20337765
20338765
20345287
20348293
20348307
20361977
20368449
20376312
20380146
20381232
20386651
20388306
20399787
20415781
20416835
20420910
20423490
20424844
20428685
20429445
20429467
20435915
20438837
20447414
20447792
20451440
20452358
20459671
20460657
20461155
20461289
20462430
20465833
20466880
20477894
20480206
20480228
20482744
20490495
20491582
20491980
20495052
20496581
20502683
20502809
20504386
20516610
20517345
20519600
20521809
20525827
20528915
20529859
20534443
20536706
20537121
20545748
20549067
20552396
20552665
20553734
20557451
20558220
20563611
20568600
20568617
20568633
20568651
20576350
20587333
20591169
20593185
20600090
20600095
20600378
20602522
20616009
20618853
20622179
20625731
20640854
20649641
20649968
20650272
20652622
20655921
20656876
20666490
20669019
20685334
20687339
20687351
20687486
20687600
20688829
20694575
20700395
20703808
20720299
20730357
20730445
20730986
20737272
20738439
20804764
20809561
20815884
20821292
20821641
20826037
20827474
20829288
20830203
20831871
20833785
20835715
20835830
20839052
20849253
20855197
20857752
20857765
20862260
20862341
20864531
20868281
20876106
20878161
20883660
20889788
20929774
20938806
20939376
20942488
20946931
20953946
20963416
20965198
20974771
20974911
21031319
21033056
21037295
21046197
21046400
21047011
21051361
21054694
21056768
21057498
21061952
21061972
21061983
21061986
21062139
21069315
21073027
21073742
21073856
21077117
21078358
21079938
21082167
21082182
21094970
21096866
21104030
21104371
21117457
21118484
21120386
21120387
21122482
21136596
21142020
21146607
21147119
21148693
21152426
21162151
21162152
21167119
21169448
21170255
21180911
21180922
21181494
21186709
21187898
21193674
21198682
21205278
21210704
21211506
21212213
21212955
21219907
21221948
21255282
21261842
21268232
21268903
21276047
21276795
21283584
21284213
21286721
21295967
21299576
21300068
21305292
21307053
21307569
21309225
21309226
21309238
21309241
21310269
21315574
21316063
21318485
21326834
21326839
21327125
21332578
21332894
21333148
21336925
21338670
21344251
21344698
21349326
21360646
21373809
21375687
21376122
21380719
21381499
21390253
21394874
21394881
21398543
21399591
21404837
21413143
21413260
21418706
21421052
21429611
21434481
21439264
21441319
21441333
21443764
21444317
21452523
21457716
21461926
21464133
21464948
21466887
21476447
21476453
21487734
21489661
21495115
21497397
21498758
21510196
21510208
21510218
21510221
21512238
21518257
21520451
21529147
21537989
21538489
21538799
21550350
21551307
21554339
21559837
21563580
21564541
21567889
21575154
21585997
21586391
21586646
21592573
21594293
21600212
21603577
21611767
21615987
21618404
21620905
21621616
21626183
21630448
21635671
21639838
21643992
21647612
21654089
21655276
21660568
21669705
21701982
21706686
21710684
21723871
21730118
21732183
21733150
21735897
21735904
21735927
21738799
21739033
21743998
21744287
21751008
21754987
21760885
21765949
21767544
21778765
21780309
21784920
21796758
21801185
21805183
21805851
21805855
21805856
21815956
21821408
21821743
21822602
21824478
21829470
21831618
21840855
21842153
21842526
21844358
21844670
21844676
21844691
21846827
21848644
21856837
21857961
21858696
21864928
21870043
21876042
21880622
21882970
21887358
21888052
21890699
21890897
21893092
21895913
21906288
21909298
21923640
21925182
21925538
21926205
21931778
21934327
21945834
21952370
21955355
21959261
21962967
21968393
21970180
21980286
21983521
21985102
21991350
21993289
22000920
22006922
22010862
22017108
22019386
22037402
22038038
22041749
22059743
22065062
22066174
22066188
22066204
22068947
22076131
22079884
22081566
22083787
22085291
22092857
22097378
22115744
22119885
22120952
22126072
22129420
22137876
22137877
22142703
22144134
22159046
22178674
22179194
22182469
22182572
22182611
22196399
22196463
22200644
22202967
22203569
22210621
22210770
22215195
22215564
22215605
22216181
22217757
22218570
22225507
22227150
22228503
22231993
22232896
22238687
22239684
22241046
22241122
22246044
22247140
22251655
22252123
22267677
22268917
22274828
22279944
22286045
22292004
22297227
22297230
22299350
22299370
22306353
22307285
22310538
22329272
22329749
22339216
22342698
22342746
22348648
22350000
22352921
22364780
22367329
22367944
22372666
22373893
22374959
22382205
22386764
22395904
22404489
22405513
22410226
22413132
22435159
22436576
22436686
22440417
22447600
22447611
22450798
22463726
22465567
22467509
22468358
22473978
22489181
22492450
22500893
22504821
22511867
22511982
22519640
22530065
22537835
22537837
22538234
22540421
22543512
22543607
22544240
22544259
22548233
22558093
22562659
22564783
22567120
22567391
22572905
22573148
22573155
22591286
22593650
22606242
22606834
22606847
22607227
22608138
22610426
22615881
22617276
22627013
22633889
22635270
22636013
22640634
22642665
22649324
22649540
22662590
22666145
22666467
22666654
22668835
22676846
22678024
22685140
22688239
22688686
22688688
22688689
22688691
22689968
22691603
22698823
22703117
22705120
22709787
22715300
22718249
22721915
22722864
22728159
22728368
22728570
22735130
22735145
22737212
22743140
22750551
22753493
22761737
22767320
22767928
22768924
22773626
22773634
22778907
22791236
22796528
22803335
22806817
22806865
22808406
22812111
22812137
22812141
22815791
22820331
22822455
22826099
22836907
22846901
22847006
22848685
22865065
22865071
22875104
22875467
22881064
22884605
22885748
22889898
22892654
22894128
22897049
22897143
22915162
22919330
22928293
22928294
22928300
22928304
22928323
22935249
22940334
22941070
22949921
22952884
22956113
22970582
22982116
22983604
22983675
22984624
22986821
22988756
23001658
23001669
23001670
23010931
23024402
23024810
23028509
23029407
23036082
23036664
23053912
23064343
23070538
23072432
23073664
23077589
23082582
23087536
23097397
23100638
23100691
23100804
23100823
23108174
23109348
23112592
23120980
23124228
23124760
23131719
23137727
23143489
23145203
23145814
23146696
23149015
23153095
23156156
23156183
23156187
23160085
23162699
23168358
23174003
23174269
23182224
23190258
23192850
23196112
23200646
23200657
23202319
23207696
23208288
23209229
23213368
23220238
23220241
23224937
23231770
23235452
23236841
23241169
23247992
23249212
23257909
23267117
23282670
23284656
23285292
23290228
23291759
23301667
23304523
23306354
23307196
23308139
23311133
23311779
23314373
23317307
23321092
23322316
23327690
23332071
23339799
23356078
23356080
23358637
23365938
23369305
23372850
23377491
23387266
23387521
23387896
23388036
23390547
23391226
23391227
23391855
23393759
23400505
23401215
23403062
23405296
23405326
23408684
23412058
23414117
23415860
23421182
23424042
23424800
23424808
23427425
23432933
23440117
23448012
23448016
23448055
23451394
23455566
23456349
23456617
23456950
23462968
23465075
23468005
23480960
23484087
23486438
23500429
23504006
23506313
23515891
23516207
23516221
23516227
23521504
23524673
23527785
23527862
23530245
23533634
23541365
23541518
23544126
23545068
23556134
23563945
23566850
23569922
23577657
23581457
23593589
23594143
23594997
23595824
23598183
23602900
23603093
23603740
23607376
23608499
23609231
23612057
23618775
23620344
23624473
23626700
23632013
23645668
23650347
23651761
23658687
23662449
23665023
23675447
23676913
23678570
23686267
23686272
23692445
23697030
23701611
23711413
23722479
23727794
23727800
23727813
23728785
23729892
23732405
23732832
23737991
23740394
23743444
23743826
23747825
23747826
23751196
23752350
23752438
23754724
23760000
23762464
23765791
23768244
23770447
23773700
23786046
23786069
23786070
23786096
23788176
23788440
23799064
23801126
23813721
23813732
23815791
23818995
23820604
23821459
23822207
23824872
23826996
23834825
23835175
23835184
23837716
23844012
23844262
23844480
23846554
23851091
23851098
23861865
23865169
23865172
23865190
23865952
23868342
23871003
23872242
23873740
23874678
23874751
23874972
23876657
23883850
23888296
23893780
23894355
23898994
23904218
23907718
23908000
23911355
23914197
23918784
23923328
23927578
23933214
23941623
23950011
23955943
23956096
23959953
23969026
23976829
23988392
23995930
23996731
23997321
23997347
23999013
23999243
24004937
24006777
24008260
24009682
24012644
24013343
24014526
24018169
24020262
24020297
24020298
24021715
24023423
24026808
24028064
24030167
24031381
24031615
24031872
24037105
24037651
24039872
24045122
24047726
24055650
24058683
24060693
24063242
24068502
24071577
24076031
24077715
24078109
24083578
24096421
24098793
24100681
24112611
24114385
24115545
24115905
24120447
24120626
24121099
24121643
24123206
24124020
24124030
24128608
24136625
24140432
24144574
24151928
24154610
24157331
24157517
24158004
24161774
24173811
24185745
24185794
24187584
24189038
24189680
24192882
24195006
24197252
24199503
24215520
24216503
24224233
24224265
24225445
24228249
24233057
24237606
24243520
24244692
24252542
24258447
24267691
24269376
24275062
24285088
24286331
24286660
24286860
24287693
24290895
24291630
24293325
24294498
24296502
24307767
24309723
24309729
24309743
24310935
24312083
24312580
24312604
24325644
24326206
24331760
24333130
24337805
24338558
24342232
24344920
24355805
24363981
24371572
24374720
24375189
24379966
24394195
24395693
24402370
24412546
24414503
24414894
24415084
24415420
24415421
24419936
24420885
24421086
24424937
24424938
24425021
24425483
24426074
24426082
24426173
24426317
24444881
24450432
24450783
24455757
24456341
24456970
24459834
24460864
24463051
24465656
24465841
24472210
24472211
24472212
24472345
24474937
24476709
24478804
24482524
24484070
24491704
24498128
24498400
24498749
24498761
24499507
24503242
24503289
24505334
24508022
24508583
24512949
24516462
24520311
24521483
24531524
24534157
24550513
24551974
24555504
24558243
24561128
24565692
24571273
24575310
24575808
24581370
24588258
24592157
24594526
24595835
24600542
24605467
24610856
24617704
24619941
24625875
24632254
24632526
24634779
24639088
24639498
24640132
24665692
24665695
24665696
24665719
24665720
24665722
24665726
24668916
24671300
24672872
24675701
24682301
24686769
24687616
24691870
24691997
24694576
24695235
24699954
24704690
24709257
24715255
24724293
24725748
24727193
24731628
24735131
24735532
24735783
24739804
24747962
24750629
24753356
24766594
24767890
24768915
24772527
24772534
24772535
24772559
24772561
24772682
24780114
24780240
24781994
24783859
24784323
24792808
24798125
24799046
24800510
24800571
24808924
24818505
24839411
24839868
24840729
24854738
24855295
24857878
24860594
24862049
24863937
24874686
24879991
24880804
24891232
24895318
24903218
24907449
24908078
24910993
24912445
24913432
24914178
24914780
24916871
24926421
24928660
24928872
24929722
24932922
24943249
24943903
24945755
24949256
24952119
24956895
24963598
24971536
24972809
24979528
24981444
24985699
24992916
24999997
25001246
25002359
25002420
25002432
25005122
25005989
25010767
25014054
25025708
25026649
25026670
25033273
25033554
25035322
25036004
25040253
25051392
25055695
25055802
25059042
25059137
25059716
25063056
25064814
25067834
25068925
25073977
25081556
25082074
25083932
25084284
25089349
25093915
25099131
25099664
25102592
25105299
25106915
25108136
25111652
25115108
25118412
25123558
25128297
25129148
25129641
25132154
25136092
25139047
25142350
25143318
25146131
25149249
25153253
25154974
25165717
25168123
25168695
25171126
25179804
25182053
25186022
25186105
25190564
25195454
25195461
25195523
25196092
25197449
25204015
25216082
25217289
25218399
25218400
25218711
25219305
25220767
25220924
25223328
25227107
25228382
25229189
25239508
25242559
25247264
25248849
25252910
25256415
25256619
25261517
25261525
25264571
25268978
25275646
25277812
25283838
25286954
25298217
25308072
25308190
25309756
25311736
25315286
25318998
25329314
25333312
25340556
25341495
25345020
25351142
25351626
25355479
25357125
25362505
25367203
25371551
25371583
25373177
25373409
25377345
25379529
25381045
25384108
25390338
25401494
25409442
25410805
25412589
25414257
25427690
25432339
25433312
25434213
25437213
25452134
25456418
25460638
25462971
25467677
25474492
25475292
25477065
25478931
25480752
25483322
25485592
25492687
25497237
25503384
25514092
25517221
25523173
25527261
25528266
25534715
25540155
25553417
25556027
25556591
25564738
25565147
25566794
25567127
25567947
25567948
25568029
25586723
25587588
25595643
25599179
25636859
25639038
25641869
25652190
25653066
25656389
25659732
25662100
25662244
25678461
25678849
25684167
25684675
25686722
25687547
25698611
25699646
25715783
25719886
25720978
25721170
25721816
25724392
25725632
25728359
25736726
25740111
25740758
25746996
25754522
25758367
25770691
25776587
25781161
25782590
25788932
25791021
25791850
25795679
25798818
25803299
25803889
25803890
25813343
25815326
25818004
25824434
25825718
25827202
25828252
25832330
25834344
25840150
25843094
25843175
25843583
25843586
25843935
25844079
25844859
25858156
25859336
25862207
25864528
25868618
25871797
25875245
25885820
25890087
25890173
25899034
25902022
25904149
25909384
25910975
25912191
25922389
25931398
25936286
25937186
25939805
25949214
25950459
25950754
25957471
25960129
25967657
25972882
25977430
25977893
25979887
25981133
25983736
25987228
25993013
25994261
26003809
26004499
26011413
26016704
26018138
26021079
26022411
26025304
26025894
26026269
26026850
26029175
26030844
26032006
26037532
26042786
26047101
26059513
26070631
26070692
26080547
26083254
26084105
26084400
26091772
26092728
26093031
26100235
26103535
26104459
26112409
26117363
26119381
26125685
26133509
26135984
26139717
26140383
26141874
26146224
26147248
26150137
26150820
26152191
26155980
26159492
26162322
26162881
26163665
26171783
26172071
26177038
26178746
26179401
26181699
26191639
26194175
26205174
26214446
26220297
26225455
26231642
26238170
26238211
26248285
26254073
26257080
26258399
26262442
26263002
26267248
26271773
26274022
26277627
26277793
26284088
26295704
26295752
26298416
26299858
26307496
26309283
26314074
26315568
26321422
26322021
26323274
26331576
26333918
26335439
26335473
26336254
26338267
26343625
26345039
26354323
26357846
26358555
26366116
26369652
26375907
26380647
26380661
26381648
26384494
26386058
26395591
26400097
26405978
26411386
26411888
26413061
26414239
26414482
26418632
26418648
26421136
26422848
26432682
26433587
26434743
26438125
26441857
26442498
26453707
26453731
26455902
26458274
26462580
26463189
26463190
26463368
26464250
26465130
26470084
26470102
26470111
26470116
26470183
26470184
26470186
26470233
26470235
26470372
26470390
26472840
26473961
26476241
26478352
26486179
26494315
26495114
26506739
26512866
26513483
26513540
26517667
26522790
26524384
26529589
26537666
26540546
26545599
26549751
26559133
26559899
26560114
26563301
26569315
26579159
26583651
26590060
26592941
26606918
26617613
26624932
26633453
26633498
26633499
26633693
26634539
26637593
26640174
26642804
26645277
26658027
26659669
26663676
26663893
26667574
26675246
26675462
26682852
26689874
26690217
26692482
26694463
26695426
26697037
26702367
26707806
26717324
26718563
26728504
26731311
26732308
26733182
26742618
26748981
26751639
26762027
26763328
26767261
26767987
26773385
26774592
26777397
26779124
26779156
26779158
26781916
26782747
26786717
26795495
26796423
26805020
26816488
26821657
26829252
26830331
26837065
26838914
26839284
26839546
26841496
26847724
26857894
26866756
26867598
26868711
26868936
26871951
26872031
26873105
26876111
26892868
26898349
26906447
26910489
26910634
26913592
26915544
26920050
26921321
26922177
26922318
26925624
26928903
26930319
26935135
26949943
26976753
26988941
26990201
26993955
26994840
26995589
26997870
27005950
27017220
27017312
27018423
27018440
27025647
27028646
27029421
27030728
27037552
27039061
27044394
27052865
27066825
27084017
27092111
27095284
27097739
27099624
27103716
27105772
27106225
27106227
27106256
27112423
27113405
27116468
27119741
27120167
27122497
27122498
27126195
27130040
27133579
27143037
27147125
27151154
27151470
27165108
27165311
27170729
27171411
27173305
27173732
27188294
27190042
27190043
27196540
27209779
27216734
27219503
27232134
27235983
27235993
27242138
27242738
27243977
27250007
27257885
27264647
27265829
27281006
27282815
27286821
27294137
27294178
27295920
27297953
27301612
27303381
27303383
27303388
27311896
27311897
27311898
27314769
27322533
27329627
27333791
27334721
27338709
27340340
27343383
27344564
27350428
27353048
27353188
27358504
27363043
27363470
27377590
27379025
27381437
27381865
27382791
27389683
27391960
27394658
27399776
27401112
27402849
27404799
27406593
27407481
27418233
27426014
27435532
27435544
27436734
27436736
27436737
27436739
27436740
27436741
27436743
27436744
27439003
27443911
27448276
27449023
27450560
27452121
27452929
27456115
27458448
27473845
27475110
27476462
27480403
27480404
27480405
27483473
27486447
27491031
27498115
27498218
27498978
27506800
27516491
27518813
27520284
27521921
27530353
27535648
27536298
27538933
27539267
27539663
27540049
27548779
27558161
27561781
27566276
27573677
27576487
27578522
27582514
27598030
27598769
27612497
27613681
27615507
27617345
27618928
27618991
27627758
27628909
27638953
27640016
27659816
27662801
27666942
27666992
27678067
27684886
27686125
27686262
27693093
27696602
27699438
27700227
27706188
27708055
27708374
27708457
27713207
27717164
27721425
27738022
27739873
27751890
27756652
27761325
27762322
27763554
27766093
27768698
27769625
27769815
27782120
27782360
27793675
27794203
27795684
27805417
27810477
27810537
27812601
27813251
27823898
27830993
27833169
27838242
27839730
27860288
27862867
27863961
27865415
27867074
27870914
27871814
27881148
27886543
27888075
27888109
27903292
27907843
27908637
27914782
27918112
27923385
27928937
27929397
27940541
27942991
27959868
27986942
27993165
27995777
28001053
28004743
28011685
28011697
28019002
28019063
28025643
28033346
28033379
28036388
28042378
28046073
28050633
28060922
28067269
28073976
28078413
28081289
28082132
28082675
28085955
28087491
28087696
28092918
28093209
28095991
28099508
28100213
28102369
28104475
28108175
28108197
28110033
28111920
28116530
28116629
28117152
28123906
28127393
28129468
28139751
28144706
28146087
28149292
28153898
28167070
28167821
28184966
28186125
28187397
28187780
28187824
28191745
28192223
28197131
28199323
28199783
28202094
28210764
28213547
28215855
28223048
28231709
28235989
28244030
28256003
28258144
28260117
28262736
28265970
28273400
28274717
28277618
28280018
28282927
28292241
28294483
28314135
28316108
28316900
28321527
28324389
28326506
28327568
28330080
28330130
28330277
28330297
28334249
28334341
28334359
28341807
28341909
28342673
28352969
28355479
28357327
28358336
28360155
28363958
28364809
28369407
28369505
28374515
28377239
28379206
28387713
28388479
28389549
28390023
28391468
28392284
28399278
28405911
28406460
28415492
28416297
28425582
28430241
28430986
28435006
28440340
28446171
28450016
28451986
28459996
28467187
28472094
28479507
28481307
28483999
28488696
28489382
28492498
28495035
28499858
28500531
28505109
28506101
28512299
28521626
28527035
28527908
28534112
28535300
28539590
28539890
28540040
28556679
28567779
28570540
28576334
28576655
28580723
28586277
28587836
28587840
28590421
28593517
28595928
28596570
28597156
28600590
28601895
28608568
28608990
28615866
28619635
28621534
28623231
28623494
28625989
28626992
28627124
28645183
28646170
28647882
28649558
28660511
28664374
28664639
28669947
28676354
28676378
28680066
28680673
28683523
28685236
28688300
28692329
28695664
28699724
28705634
28709882
28710264
28713202
28714591
28720548
28724730
28725398
28727324
28729614
28736301
28736550
28738081
28743317
28743631
28747473
28748842
28750003
28751263
28753233
28754251
28755496
28763108
28768539
28769402
28775440
28777960
28780653
28782510
28782511
28784940
28790205
28796437
28798310
28802270
28803980
28808417
28818776
28821431
28822489
28823909
28824570
28843598
28865796
28866859
28869562
28871265
28883440
28883761
28887475
28888766
28890170
28894124
28899808
28900215
28901209
28912316
28919015
28925554
28926817
28927441
28928675
28931155
28933563
28939515
28940938
28942832
28944151
28945518
28958733
28961180
28961904
28961922
28963199
28963200
28966143
28967209
28967711
28968072
28970168
28970226
28974204
28981398
28988086
28988606
28991215
29018619
29019656
29020006
29027367
29029321
29033922
29047221
29051576
29062851
29068685
29069426
29072821
29074967
29079532
29085072
29095565
29097681
29098371
29099767
29100510
29101733
29105251
29111354
29111356
29115956
29116162
29126215
29128667
29134741
29143178
29150505
29164075
29164802
29169903
29176692
29177636
29177935
29186433
29186516
29186536
29189732
29191706
29193387
29193722
29209978
29210984
29215274
29233035
29233779
29235321
29237813
29237849
29240921
29243651
29243837
29266550
29267888
29267968
29269111
29281043
29298700
29305079
29305214
29310289
29310855
29312181
29318739
29321568
29323206
29323243
29329399
29350293
29350905
29354143
29354366
29358951
29360601
29361000
29366321
29366893
29374039
29375546
29378203
29380507
29382486
29402394
29405827
29407758
29407780
29408155
29408651
29415259
29422629
29425290
29425691
29427309
29427636
29428603
29434395
29441082
29448008
29451334
29456543
29461517
29466622
29467788
29476614
29476767
29487570
29488309
29491926
29495405
29495466
29499735
29501498
29502004
29502179
29502259
29509980
29509989
29518220
29520600
29531049
29546335
29546466
29547530
29549385
29556063
29563565
29566754
29579240
29584428
29584706
29596474
29603860
29604164
29607282
29614251
29614365
29617829
29624285
29624810
29627416
29627417
29628227
29651175
29653490
29659891
29664024
29664029
29666188
29668958
29677530
29680689
29684142
29686508
29687151
29696009
29696866
29697187
29700928
29713595
29715487
29721823
29723494
29733179
29737393
29738218
29738473
29740112
29740230
29746766
29748494
29751657
29752275
29753873
29754424
29758046
29765057
29766638
29767964
29771325
29772478
29775454
29777666
29778876
29785949
29787608
29800666
29807026
29853516
29855658
29857237
29858245
29869930
29872027
29875814
29875821
29879660
29886072
29888851
29891840
29900507
29904756
29907189
29923520
29929128
29938905
29950429
29951787
29956836
29959247
29963353
29964167
29969492
29971014
29971482
29980959
29985464
29986034
29986377
29986518
29988579
29990319
29992458
29995877
30006047
30006688
30012147
30012477
30012617
30014501
30015421
30017953
30024919
30026652
30037328
30051874
30053203
30053533
30064498
30070084
30077769
30082730
30085164
30097439
30099360
30105578
30118698
30120789
30120972
30128134
30130490
30137474
30140020
30141854
30143735
30151171
30152907
30154722
30169045
30172305
30175130
30179135
30180210
30184370
30189100
30190709
30196079
30202031
30203090
30208091
30216338
30216388
30236155
30241091
30242865
30242959
30251230
30254611
30257487
30262957
30264537
30265205
30269215
30278206
30280488
30284151
30286203
30295776
30296748
30296859
30302555
30316186
30317171
30319592
30321350
30324255
30326179
30326263
30336777
30347206
30364256
30366995
30368144
30381456
30383248
30383811
30385510
30386315
30391590
30396405
30400341
30402366
30403589
30403755
30404215
30408873
30410930
30413967
30414838
30421816
30428528
30439357
30445836
30449074
30452937
30455351
30471401
30477136
30498450
30499276
30506755
30509299
30513608
30521540
30521608
30524311
30530025
30533773
30535928
30543077
30546034
30548193
30548239
30556692
30558130
30561710
30562476
30567360
30574582
30582929
30584935
30587774
30593807
30594214
30594859
30597777
30597788
30598446
30603948
30605769
30607744
30609036
30612676
30617537
30617818
30623549
30628101
30630033
30630824
30637902
30647573
30647587
30654427
30655612
30666554
30672052
30677342
30678087
30683371
30687266
30706415
30708015
30708229
30708936
30710623
30717423
30719783
30731381
30732401
30734452
30735764
30740004
30744120
30744882
30753888
30754791
30754856
30754903
30759906
30765803
30767423
30768621
30768671
30774599
30782084
30784751
30790127
30795576
30796291
30796308
30799085
30802789
30808348
30810985
30814863
30818511
30822329
30825469
30827913
30830357
30830939
30831908
30832332
30834379
30836029
30837885
30842452
30842944
30843264
30848388
30849794
30849829
30850428
30854277
30864250
30865469
30865645
30866945
30873198
30875860
30877968
30894586
30903512
30908619
30909400
30909622
30911026
30911786
30915452
30917867
30919568
30924858
30925748
30926594
30927728
30928458
30938704
30940052
30941861
30951546
30953122
30957692
30962100
30967027
30972085
30978780
30983625
30992491
31001242
31014042
31017318
31027262
31028552
31040309
31044176
31045325
31046581
31056420
31060274
31071296
31078774
31081547
31082528
31094011
31094278
31097777
31098415
31100110
31100873
31101973
31104082
31105681
31114555
31114867
31114868
31115662
31123641
31129311
31131899
31135033
31137283
31140680
31142281
31146093
31147559
31157506
31163681
31165163
31172414
31175187
31176246
31181295
31185401
31185645
31186483
31197616
31199901
31201786
31201787
31207042
31212976
31216842
31234294
31234444
31235058
31237102
31238963
31240825
31241700
31254345
31257641
31266212
31269670
31270942
31273223
31284125
31284420
31284652
31286986
31287500
31297153
31303843
31306427
31316140
31321429
31321434
31325415
31329903
31329914
31339228
31339308
31346534
31349641
31355192
31358196
31359575
31362005
31365740
31375824
31376817
31378353
31378361
31385154
31385235
31390442
31390820
31391284
31412513
31415094
31416857
31422154
31425563
31432008
31437438
31438609
31439842
31441622
31442110
31442132
31442151
31442175
31446171
31448475
31461921
31467305
31470885
31479113
31486892
31493391
31497400
31498958
31499575
31503391
31505347
31507580
31510047
31516117
31519254
31519260
31521176
31525199
31539808
31540044
31542498
31548373
31549910
31551447
31551991
31563972
31565581
31565827
31574932
31576666
31577819
31580997
31586402
31587050
31592597
31593730
31595357
31595634
31606356
31606926
31612553
31614367
31615488
31632223
31635144
31639259
31647707
31647710
31649697
31655128
31659844
31671945
31674070
31708803
31717779
31720468
31724124
31726064
31731955
31736493
31736900
31740346
31751448
31752596
31758591
31759051
31761554
31769798
31772047
31772196
31778713
31783031
31788331
31793098
31793737
31794004
31796569
31796764
31796830
31797051
31806029
31807807
31813104
31821498
31831611
31836052
31836054
31836060
31840313
31840900
31841603
31843687
31844934
31846210
31854583
31858668
31867818
31868079
31871034
31883416
31888034
31893290
31908051
31913478
31916379
31919151
31919164
31922940
31925484
31936048
31941947
31949264
31960185
31967641
31969310
31973858
31973862
31978588
31979385
31993038
32004347
32005737
32012156
32012433
32023056
32030574
32033215
32033948
32035396
32036551
32041133
32044359
32046050
32055151
32057748
32061873
32062985
32065785
32066036
32067627
32069858
32073848
32076517
32079161
32088504
32097696
32098045
32098810
32103608
32108427
32117322
32123169
32128710
32129150
32130263
32130286
32140882
32151720
32158634
32170289
32173761
32179419
32179620
32184735
32191775
32194030
32196735
32199887
32210056
32210265
32212396
32216033
32218451
32221528
32227950
32230856
32236146
32249002
32260286
32261258
32268545
32269812
32271848
32276971
32279254
32283314
32290427
32292400
32294913
32296870
32304193
32309695
32314103
32318723
32321960
32322713
32323409
32325072
32331713
32333008
32340293
32344621
32346346
32347072
32353525
32353772
32356123
32369532
32370071
32372106
32374765
32374900
32377036
32379448
32384723
32407637
32408077
32409635
32409941
32416733
32419321
32429031
32443780
32444494
32448275
32449512
32453460
32460046
32464134
32464431
32464594
32472737
32478944
32483303
32485828
32487233
32487754
32492781
32510773
32517191
32520941
32525026
32527425
32527443
32532972
32533802
32537634
32539947
32547509
32555588
32556235
32562272
32563458
32572133
32575022
32575644
32575866
32582674
32582955
32585858
32586243
32592275
32592822
32593184
32600016
32600453
32610661
32610662
32613481
32617674
32619331
32621000
32623464
32624801
32625678
32625917
32625943
32626010
32635593
32642578
32649029
32651607
32652083
32661001
32663546
32678748
32680861
32680864
32687287
32690586
32690686
32693260
32696499
32712871
32713197
32713608
32714029
32714909
32721693
32722108
32733506
32735582
32740653
32740662
32742761
32745084
32754580
32757039
32759864
32763943
32769995
32770390
32772116
32776976
32781103
32782424
32789524
32793170
32803021
32803739
32806491
32814147
32817096
32823872
32824659
32832326
32837313
32841530
32841718
32842608
32844904
32849393
32849672
32852662
32856052
32862762
32864888
32866584
32869454
32872225
32872277
32882790
32887055
32887720
32890949
32892287
32906662
32915257
32916588
32928099
32948025
32970778
32971130
32982605
32985523
32985759
32986206
32988131
32992798
32994334
33004867
33017097
33021681
33021690
33024713
33027918
33028158
33033325
33035892
33038734
33042172
33049628
33049917
33052089
33053121
33053239
33057018
33057453
33066180
33069248
33072050
33078548
33080004
33080854
33084486
33094694
33097753
33099864
33111954
33114565
33124896
33127814
33128057
33133140
33133271
33133272
33134089
33143609
33143707
33144626
33145907
33157396
33158029
33163112
33163639
33171611
33175127
33178153
33179199
33179737
33180015
33180493
33182119
33188218
33189441
33191102
33193283
33193870
33201547
33232487
33236463
33238602
33242790
33243143
33244110
33244939
33249063
33252200
33253273
33255053
33255898
33291447
33296994
33304129
33304328
33307119
33310708
33310715
33312237
33314557
33314578
33318013
33321796
33322550
33324388
33329412
33331075
33336541
33342024
33350567
33353020
33357550
33360210
33365349
33368933
33374143
33374543
33374556
33377308
33380258
33391240
33397828
33401210
33415662
33415809
33415822
33417820
33424369
33424814
33428626
33428798
33432376
33441735
33443170
33458439
33465145
33467562
33471196
33493238
33493564
33498471
33499962
33504654
33510722
33513431
33518043
33523636
33524911
33540517
33548301
33555220
33557459
33561248
33562469
33566293
33566320
33568730
33579140
33591990
33593005
33607651
33613492
33615386
33617874
33620482
33631194
33636413
33636557
33639038
33639153
33643268
33648412
33648419
33648451
33654772
33664148
33668147
33670061
33683750
33720297
33720523
33728433
33753580
33753776
33758089
33760838
33763921
33765636
33766585
33766605
33780234
33793670
33793795
33796137
33798281
33798968
33799324
33805220
33807543
33808065
33809820
33831084
33831627
33848162
33848588
33854098
33854577
33855634
33859734
33876257
33883036
33884467
33889707
33893113
33901485
33923893
33924857
33927041
33939559
33945817
33946942
33947948
33948968
33957131
33959326
33969814
33972352
33987470
33990582
33993962
33995323
34001946
34007007
34013419
34014147
34019473
34022342
34027979
34032553
34040622
34041838
34046046
34051205
34054756
34054780
34065247
34065369
34065665
34066367
34070167
34071435
34074410
34082027
34087042
34091850
34092019
34096779
34097460
34099714
34104964
34113822
34117749
34119653
34120608
34122482
34129679
34138865
34140940
34143831
34154477
34174672
34177820
34183047
34184049
34193022
34198186
34198929
34204105
34206749
34206796
34209276
34214353
34218832
34235694
34244720
34258865
34262542
34263726
34268576
34271121
34272975
34276598
34282516
34284092
34288075
34310008
34319140
34319733
34321098
34331618
34342700
34352582
34354076
34357278
34357295
34357948
34363975
34374018
34374318
34385865
34389325
34390357
34398297
34398398
34400725
34405540
34429446
34433236
34437394
34437424
34440427
34442284
34442324
34448529
34453170
34460233
34467445
34470613
34475501
34478795
34478987
34487747
34491485
34495159
34495986
34496285
34505143
34512581
34521052
34528200
34536466
34549369
34550433
34553315
34560243
34562861
34563791
34564226
34564261
34564622
34564662
34567090
34575908
34577079
34586458
34586902
34592526
34596393
34605064
34612699
34615422
34625803
34626524
34634061
34635209
34636664
34637177
34642414
34653542
34656827
34680917
34681765
34684855
34685371
34686010
34687267
34693979
34695235
34704657
34704785
34705133
34705937
34706005
34716867
34721699
34733247
34733296
34739202
34741374
34744372
34745196
34773843
34778578
34780898
34784349
34786832
34788017
34795652
34797466
34813927
34817608
34822531
34823137
34832655
34835345
34846789
34861270
34861271
34865031
34873825
34905099
34905713
34922393
34927578
34928980
34930832
34932145
34933070
34940179
34943770
34946558
34951106
34953966
34966290
34967963
34968060
34980383
34981182
34981630
34983608
34985337
34988315
34989098
35002244
35002421
35008871
35015613
35016737
35028921
35034969
35037996
35040173
35051000
35051009
35051032
35066071
35068611
35072828
35080471
35095794
35100510
35101104
35108078
35113271
35113858
35119603
35120513
35122837
35134064
35138453
35142556
35142906
35151126
35164554
35180835
35182560
35186295
35191762
35202174
35202184
35202622
35206757
35206778
35209211
35218483
35219966
35229579
35234875
35237530
35238478
35243758
35245590
35245605
35249643
35250643
35250907
35262369
35266587
35276728
35286009
35293546
35298585
35301405
35307854
35315236
35336882
35337253
35343689
35346681
35350225
35358545
35360671
35364199
35377174
35384447
35389085
35396594
35400294
35401496
35411473
35417482
35418164
35419912
35435721
35438971
35442625
35447782
35447833
35448864
35448879
35473978
35474413
35475639
35477347
35479535
35479624
35480356
35482582
35492492
35495655
35498301
35498653
35533967
35538633
35552506
35564267
35567212
35567382
35572629
35587569
35592006
35593953
35596088
35598445
35603737
35604580
35610496
35611730
35613094
35621753
35621773
35622123
35622566
35623964
35630362
35631737
35633103
35633730
35634312
35636486
35638574
35644320
35653358
35656372
35664894
35668538
35670378
35671782
35674613
35682283
35685021
35686298
35690160
35696962
35715058
35717477
35727045
35731370
35733958
35735884
35737027
35737049
35737055
35744605
35750226
35750998
35756136
35758660
35767223
35773333
35781013
35793970
35797735
35800392
35804088
35817811
35830334
35842001
35850258
35861328
35862946
35865517
35867186
35878171
35878218
35886802
35886817
35889076
35892948
35893028
35893749
35894350
35897765
35901308
35902572
35906441
35907079
35907956
35921368
35923407
35924350
35930375
35930931
35935220
35945334
35945427
35945896
35946940
35952810
35959935
35968151
35983789
35987246
36002607
36007317
36009001
36015465
36016772
36017723
36030974
36032061
36032319
36040024
36053801
36056494
36073497
36074237
36074780
36079599
36087663
36088522
36106457
36123739
36136529
36153706
36159828
36170641
36181778
36183110
36194010
36200769
36202979
36214967
36224245
36233126
36234717
36235387
36242861
36244507
36258272
36263005
36270336
36270440
36283431
36284199
36287921
36287955
36292808
36292823
36292853
36292912
36297779
36302481
36306884
36318778
36318783
36345069
36350250
36354801
36354865
36356018
36357469
36361800
36368508
36368638
36369170
36375672
36376966
36384173
36385458
36395489
36401227
36406448
36412273
36412883
36421056
36434275
36464338
36464374
36466886
36480227
36481602
36484913
36496733
36499184
36504008
36504269
36515105
36515106
36515109
36520803
36533267
36539338
36539674
36545049
36545586
36545789
36547621
36548720
36548749
36548760
36552272
36554372
36557704
36560841
36565065
36569082
36571295
36572197
36579721
36592897
36595073
36602054
36606026
36610074
36610297
36610305
36610405
36613850
36618613
36621737
36622044
36626059
36646757
36657596
36661971
36662002
36662511
36668875
36672806
36677998
36680112
36684673
36688912
36689934
36708597
36710440
36710863
36710864
36715224
36739014
36749061
36759908
36764472
36764522
36775861
36781713
36790801
36799000
36800363
36805950
36806012
36810640
36813018
36822417
36825888
36827898
36828404
36828427
36828480
36835720
36835730
36835770
36847510
36847614
36860507
36871406
36871694
36881717
36883802
36893969
36895193
36897264
36899103
36903430
36903985
36905633
36906306
36907089
36907231
36916277
36928078
36933763
36939027
36946335
36946691
36947641
36959482
36963948
36967401
36969139
36971261
36975899
36975902
36976001
36976976
36977103
36982491
36982883
36996102
37003972
37007486
37008283
37011803
37014571
37014592
37017772
37018465
37021121
37024147
37036055
37055727
37071305
37072106
37072151
37080712
37088156
37096397
37098958
37103176
37104211
37104213
37105627
37110444
37113329
37124988
37126529
37127919
37129506
37129688
37139844
37141203
37141972
37149077
37149815
37153577
37154690
37176825
37178157
37184385
37201319
37202428
37203311
37208485
37212374
37216101
37222166
37228416
37235357
37236330
37239430
37240285
37240424
37245748
37248007
37248271
37248722
37253797
37279443
37289418
37301245
37311017
37328422
37333629
37340998
37341620
37348743
37352548
37353991
37358425
37367313
37367340
37368687
37368694
37378519
37381727
37390917
37392204
37392449
37393643
37400312
37401522
37403123
37414178
37428757
37430967
37437615
37437857
37440595
37443393
37446315
37455463
37457233
37458593
37460056
37462876
37466033
37474122
37481057
37490504
37499044
37504584
37505743
37513804
37531991
37532331
37533979
37539178
37540016
37551990
37555261
37567634
37573273
37575031
37575390
37576305
37576495
37597112
37601342
37603849
37611671
37628765
37632523
37635838
37640158
37642306
37650056
37653965
37658647
37666620
37676559
37689884
37693015
37704668
37707659
37708134
37711290
37719127
37736117
37738568
37754704
37762496
37764007
37768063
37778713
37788073
37798779
37803623
37810109
37816687
37829449
37851680
37859959
37869592
37871210
37874855
37884238
37888621
37888633
37894197
37894261
37897595
37900309
37901177
37905893
37909056
37922779
37922785
37923447
37925529
37926345
37940063
37945246
37949263
37952901
37956783
37956858
37963502
37967118
37972832
37981128
37990833
37998020
37999088
37999507
38002951
38004335
38005278
38009289
38010617
38011807
38013610
38014960
38017300
38029127
38033128
38040187
38052248
38065453
38068672
38068692
38069132
38072533
38075926
38081320
38087901
38096210
38114031
38132307
38135810
38140651
38147939
38154296
38163597
38165488
38175929
38185444
38200070
38206329
38215915
38221880
38223289
38235648
38236820
38249013
38251240
38252171
38252693
38255673
38261023
38265118
38272171
38276528
38276785
38281302
38285209
38300478
38307335
38319036
38326108
38327120
38338986
38342010
38357353
38369954
38371837
38373570
38380740
38393166
38398714
38398715
38401875
38407453
38417143
38429983
38431088
38453759
38457466
38458684
38467221
38469316
38469336
38469340
38469477
38469496
38469511
38469526
38470126
38480844
38491406
38494144
38507714
38513093
38514390
38516749
38522411
38527917
38534451
38537847
38543630
38549231
38561070
38562667
38563449
38574951
38577215
38578501
38585693
38588981
38593473
38593893
38594617
38602247
38603568
38615221
38619291
38623496
38641174
38642141
38650248
38653843
38656516
38667354
38668618
38668833
38672415
38672442
38672813
38674449
38681647
38685247
38689148
38691225
38703104
38705355
38709777
38710321
38712949
38714065
38725557
38733331
38754546
38756566
38758969
38786916
38787067
38787834
38799354
38809029
38812003
38818337
38819160
38825715
38827338
38827743
38832593
38839629
38842788
38842939
38847518
38847625
38870209
38874756
38880966
38882709
38885714
38897358
38921143
38922188
38925193
38931116
38932483
38936698
38940437
38943265
38949306
38954724
38956138
38967849
38969695
38972359
38972556
38984916
38986518
38996481
39016064
39017922
39039331
39039789
39041329
39057200
39057955
39059950
39062509
39063578
39065119
39070230
39075143
39101952
39106049
39107204
39108631
39119481
39123331
39124311
39126052
39133299
39134246
39148017
39148293
39149001
39154164
39159465
39162562
39164839
39168357
39170942
39185197
39186571
39187328
39189544
39194800
39195740
39203445
39207639
39218718
39219730
39225317
39225833
39255858
39268544
39272177
39277415
39277420
39279629
39289705
39291983
39294679
39294726
39296027
39296814
39299448
39299531
39300681
39316873
39317311
39324581
39330842
39336673
39344381
39353493
39362536
39369534
39373633
39375897
39377545
39380116
39385527
39398507
39401638
39404174
39423230
39427695
39434900
39447632
39452133
39453964
39455735
39455843
39456705
39469591
39470162
39475576
39476991
39477143
39477602
39477628
39494291
39499501
39503848
39504582
39511654
39516732
39519375
39534508
39534858
39540769
39542718
39543435
39544011
39551829
39553074
39556157
39557011
39557114
39576741
39590460
39590468
39590494
39592048
39596038
39607803
