238
2719
4631
6411
7197
7533
9364
10828
11179
18546
21083
21084
22714
24668
25512
31056
34397
39575
40875
42229
44785
44786
45087
48538
48945
51404
61353
70492
73952
86334
86335
96726
96734
102631
106011
107050
108345
111609
111616
113179
117318
118958
121730
121968
122521
123295
147821
164215
169728
182676
184605
185081
185456
189721
193439
195551
198376
206438
212318
217303
220929
221026
221218
222447
229175
234415
234993
240038
241412
248268
248269
253572
256524
295358
301005
308792
313753
314379
317284
319001
319599
319651
323005
324399
324981
325175
325366
329289
329359
329623
330479
331077
332463
332706
332707
333449
333827
335141
335345
335739
336509
336827
337689
338302
338567
339619
341540
342242
342505
342599
343510
343511
344297
346363
346544
346564
346614
348093
348273
348468
348472
348660
350828
350832
352397
352771
355144
355631
355660
356830
357365
357673
357678
357766
358736
358746
361900
361938
363481
364977
365248
366071
366474
367651
368013
368025
368976
368977
369783
370423
371267
371771
372165
372488
372530
372868
373679
374374
374677
375599
375624
375625
376757
376760
378265
378338
378339
378944
379387
381994
383481
383888
384643
384953
385008
385500
387443
387613
387982
389157
389630
389804
389806
390404
393143
393956
396292
396346
396360
396639
398460
399243
399244
399245
400821
400932
401718
401868
402104
408268
408600
412824
413005
414709
426514
426518
426520
431402
474606
479639
480642
485650
494438
505551
526888
530092
530731
533267
534639
540256
541265
543906
545852
565376
566826
581878
587580
587708
596325
603191
615747
616225
616266
624778
626486
649233
649996
653125
666303
671604
677860
686701
697346
718154
721586
730218
738932
765289
765360
766020
767064
767106
768411
768992
769679
770385
770450
772161
772163
772243
772807
773962
775565
776927
776943
776977
778390
779353
786631
786887
787756
787766
788081
789245
789816
790370
790855
791034
791923
791936
792494
793983
794647
795535
795672
797337
797338
805241
806258
806525
806983
807565
807775
807907
808657
808667
809320
809427
810077
811139
816047
817594
818417
819411
820195
820196
820241
821725
822863
823280
825449
825586
825763
826024
826047
827881
829605
835891
836009
836014
844994
848924
869699
879738
888865
892903
893246
907337
921255
921258
924895
947327
972278
980697
983532
984755
984779
984801
998035
1000196
1017877
1089613
1089751
1090537
1091289
1091661
1092668
1092861
1094093
1095502
1095557
1095563
1095684
1095903
1096166
1096694
1096811
1097210
1097593
1097767
1097888
1099065
1099069
1099367
1100207
1100405
1100773
1101034
1101823
1102309
1102310
1102455
1103489
1103580
1104102
1104770
1104913
1105990
1106343
1106440
1107303
1107800
1107808
1108350
1129686
1137369
1137392
1137833
1176613
1190752
1200208
1211920
1211927
1223719
1236059
1257828
1259405
1278168
1289589
1294455
1294521
1295942
1296949
1297032
1297147
1310671
1310715
1316074
1322250
1329639
1330564
1337751
1338041
1342000
1358949
1364655
1379517
1396735
1396779
1398984
1400963
1400983
1411664
1414104
1416785
1429337
1433574
1433905
1433906
1433911
1444379
1447059
1448302
1450840
1454171
1462476
1462478
1464106
1473516
1479960
1483426
1489492
1490917
1494227
1495387
1507358
1510436
1510458
1512934
1514798
1517806
1521192
1522669
1526670
1541521
1541603
1542283
1548693
1550409
1551839
1553795
1555039
1556546
1556554
1556557
1563388
1568523
1569113
1584090
1587593
1588844
1592683
1593704
1611848
1612735
1617037
1621748
1621786
1629161
1629165
1636931
1638586
1646771
1655050
1655704
1659600
1661985
1663844
1666147
1680106
1680542
1683041
1685175
1685495
1688419
1689714
1693382
1696934
1710885
1716190
1726207
1732587
1748124
1748126
1759523
1761433
1761440
1762456
1766373
1767256
1768196
1776438
1777382
1778984
1787823
1788458
1791327
1791430
1798067
1800379
1801481
1802494
1804876
1809811
1814873
1818798
1819759
1823087
1828715
1840585
1843960
1855423
1856127
1856164
1857197
1858270
1860453
1866148
1867511
1875459
1875481
1875482
1886493
1893494
1894350
1894376
1895441
1899449
1899560
1899881
1902184
1906261
1908381
1915401
1917860
1918111
1921489
1922551
1926651
1929326
1930968
1936932
1937830
1941989
1942042
1947857
1960856
1976113
1990143
1999086
1999194
1999383
2001995
2015287
2023545
2024959
2031518
2037363
2041153
2041155
2041374
2044228
2044713
2046545
2049964
2050717
2056737
2058440
2066331
2074245
2074248
2074367
2078000
2079373
2079374
2081720
2086164
2086814
2099068
2100420
2103194
2110118
2110443
2110789
2111280
2111288
2113800
2115595
2119197
2122009
2128340
2133329
2133330
2136435
2139936
2146523
2156134
2158212
2164513
2172087
2174868
2179424
2180168
2180821
2180892
2181689
2184563
2185017
2188375
2188796
2188975
2193363
2194057
2198081
2201160
2203309
2211449
2211455
2218158
2222120
2222825
2226499
2227455
2240849
2246457
2250285
2253114
2254025
2256779
2262569
2262960
2262962
2270737
2276386
2279381
2283351
2285466
2285571
2286585
2287060
2292533
2292543
2297501
2318539
2331532
2341181
2341182
2345135
2379775
2387776
2407716
2408403
2413663
2426926
2434147
2464351
2474499
2483615
2487745
2490398
2490722
2491027
2499253
2500012
2501016
2508543
2518913
2527038
2544862
2552634
2558615
2560121
2562789
2583477
2584903
2585387
2589845
2591173
2591174
2613603
2614380
2615535
2621166
2623786
2624452
2629327
2635322
2636406
2643613
2654878
2656622
2659528
2660858
2661269
2661322
2663517
2664223
2664249
2664255
2673779
2674870
2677207
2678669
2681126
2681864
2685026
2685483
2686425
2686918
2686990
2687233
2691714
2692584
2693202
2697917
2715627
2732777
2743870
2746861
2748066
2752713
2756209
2768451
2769941
2773562
2778071
2778465
2779474
2791498
2791722
2801189
2801372
2808216
2809699
2809700
2809703
2810728
2810753
2810762
2822408
2824668
2830226
2841283
2851555
2862470
2868036
2868442
2872222
2875952
2876943
2888806
2888808
2904438
2907088
2934786
2957842
2974267
2988430
2992364
3002310
3005845
3007466
3008971
3012169
3014877
3015030
3019987
3022112
3026032
3034144
3037985
3042078
3046716
3048090
3051246
3053458
3054506
3057617
3059284
3059500
3059656
3060268
3060457
3060458
3061618
3071297
3072825
3073282
3077431
3078173
3079549
3081988
3082026
3083556
3086280
3086354
3088346
3090230
3093381
3093528
3094442
3095073
3095773
3096189
3108116
3109817
3109897
3109970
3112705
3116368
3119963
3123761
3124067
3127633
3128498
3132368
3134844
3135169
3135171
3135828
3144541
3145740
3156112
3157551
3158070
3158277
3163383
3164987
3175388
3180908
3182429
3190194
3194711
3196008
3197461
3204654
3209480
3210296
3210297
3215108
3216475
3216800
3221428
3235497
3249370
3259489
3259909
3259910
3260766
3263352
3264166
3264828
3275586
3276899
3277957
3280311
3286515
3287976
3289679
3291784
3291802
3291857
3291869
3293449
3294439
3294448
3295371
3296890
3296994
3297270
3298437
3299877
3300528
3301597
3301894
3302342
3305367
3306181
3306182
3308698
3309134
3309325
3309810
3310888
3312041
3312609
3312610
3312760
3314615
3316940
3320089
3324303
3325927
3326399
3326520
3326544
3327966
3328572
3331043
3331388
3356622
3358428
3360968
3366875
3384908
3396470
3400692
3411387
3415205
3425857
3435123
3444015
3457965
3468319
3469152
3469187
3474430
3475483
3476290
3477650
3481312
3485506
3490827
3492172
3496845
3500158
3503142
3509032
3509280
3512441
3512839
3514456
3517057
3517063
3517154
3517334
3519482
3519980
3521473
3521888
3524016
3524444
3524446
3526760
3526838
3527987
3529797
3532051
3533289
3533451
3534273
3534729
3534743
3535049
3535127
3536045
3539291
3540110
3540358
3542967
3545276
3545834
3546643
3547456
3549692
3550157
3551413
3551824
3553184
3555040
3555045
3555059
3568064
3569381
3572393
3578330
3585041
3599198
3606699
3610900
3613084
3613085
3613093
3613094
3622246
3623698
3630630
3636325
3662445
3669285
3671031
3679407
3696836
3702917
3709268
3724056
3729343
3739692
3773458
3773649
3779523
3786667
3791478
3802298
3803338
3804896
3804906
3811828
3820277
3830413
3841542
3852666
3862880
3865923
3869265
3875603
3878080
3879464
3879893
3881430
3881591
3885065
3885205
3886552
3886554
3886841
3890534
3890537
3890643
3890729
3891117
3892242
3892620
3893314
3893942
3895763
3896682
3897064
3897962
3897966
3899045
3900034
3900035
3901215
3902797
3903165
3903220
3903620
3905538
3905762
3906814
3907449
3907685
3909321
3909325
3909792
3909955
3912035
3915216
3915278
3915983
3917194
3928497
3929215
3932676
3933160
3933272
3937732
3954526
3960256
3962622
3965586
3966445
3986941
3986942
3988854
4004291
4006079
4008380
4026275
4031033
4031336
4037511
4049607
4051389
4064609
4069758
4073097
4077409
4078836
4083013
4090453
4104237
4110100
4122859
4134744
4138833
4140184
4145026
4145153
4145631
4145636
4150069
4154487
4154667
4154670
4156781
4157340
4161290
4162515
4165908
4177301
4195365
4198102
4204983
4207563
4208282
4208896
4211870
4215795
4237823
4249926
4256271
4268690
4287464
4287630
4292759
4292760
4295113
4296400
4301563
4306537
4312399
4315442
4319722
4322273
4327190
4336689
4337302
4356001
4363786
4364179
4371496
4381564
4385749
4388601
4402672
4404324
4451355
4451358
4550672
4550810
4552782
4552995
4553664
4553804
4553836
4553948
4554111
4554287
4554973
4555728
4556712
4557388
4559826
4559850
4560278
4561240
4561496
4561616
4563453
4565835
4567357
4568555
4569894
4570478
4570620
4572377
4572619
4572716
4573343
4575000
4577137
4577177
4578056
4579129
4579140
4579318
4579443
4581828
4582795
4583204
4584067
4584303
4584945
4586142
4587212
4587391
4587820
4589120
4589141
4590483
4591534
4592538
4592926
4595755
4596609
4596741
4597729
4597993
4598007
4598008
4598797
4598841
4598843
4598868
4599121
4599348
4599855
4599885
4602333
4604076
4604250
4604561
4610081
4612019
4612103
4613972
4614930
4615126
4615151
4616772
4618454
4619756
4622793
4622832
4629657
4632134
4670430
4670492
4670500
4670501
4717519
4784636
4790584
4791486
4840447
4865139
4865908
4867660
4868246
4868247
4868248
4871215
4875411
4876614
4878700
4884557
4885025
4889269
4891264
4891480
4895048
4898999
4905033
4908487
4908684
4910914
4919751
4920496
4921466
4928010
4928015
4929795
4930281
4931522
4939738
4940379
4941562
4942446
4942895
4943172
4943509
4944186
4948564
4949491
4949683
4956607
4964485
4969662
4971892
4978321
4983462
4984172
4985031
4986216
4990693
4990999
4991920
4993233
4993954
4996576
4996963
5005296
5113362
5113363
5285287
5298438
5307612
5324223
5352319
5362670
5365445
5365448
5384697
5396524
5398356
5399479
5417542
5420949
5430310
5433699
5446744
5470461
5476850
5477115
5479428
5492603
5498445
5498610
5506574
5520550
5538678
5541614
5549703
5561464
5571861
5580108
5594049
5598197
5600720
5600899
5625312
5644778
5698696
5700540
5706439
5706726
5708069
5713665
5723056
5729605
5757764
5757765
5764338
5775124
5795905
5795906
5803275
5807153
5838509
5848325
5848335
5875521
5875763
5877544
5877736
5878802
5910764
5956331
5960322
5970464
5971649
5983457
6007517
6027599
6030464
6035496
6038270
6048422
6048709
6072802
6086573
6089656
6090721
6094466
6095026
6095975
6096583
6097357
6099820
6100427
6121839
6121840
6126594
6130119
6130120
6133837
6139485
6144289
6148333
6150026
6154039
6155331
6156648
6160895
6164651
6181757
6187689
6188285
6188832
6202101
6202102
6202754
6203992
6211681
6214995
6216344
6218095
6218109
6218121
6218796
6219617
6219865
6223153
6223430
6224685
6229216
6238666
6241648
6241649
6241847
6251161
6259596
6259607
6260435
6260879
6264846
6268589
6268593
6271629
6272628
6275015
6278022
6279523
6279575
6285018
6285025
6285809
6286030
6287388
6289726
6289747
6291454
6293186
6293714
6294790
6294793
6295510
6306295
6307200
6307605
6311796
6315421
6315426
6317906
6322944
6323375
6327883
6330396
6331296
6332102
6333207
6337545
6337735
6341364
6342594
6342724
6343101
6344422
6345098
6348058
6348289
6348290
6348665
6350342
6350354
6351735
6351736
6352616
6353058
6357131
6360068
6360683
6360909
6361978
6365291
6365782
6365967
6369792
6370395
6373165
6374147
6374150
6374373
6374385
6375314
6375645
6376367
6376829
6377019
6377208
6377362
6377649
6378106
6378136
6378504
6378550
6379489
6381529
6381650
6381769
6384046
6384173
6384868
6385639
6387126
6388618
6389907
6392091
6393327
6393896
6394571
6395246
6395464
6397140
6398376
6403531
6404852
6408586
6409870
6415021
6416837
6419483
6421265
6422594
6423303
6425077
6427172
6427187
6427487
6427559
6428312
6429254
6431715
6433126
6433153
6433762
6435414
6436682
6437032
6438182
6439819
6440437
6441102
6441103
6444460
6447672
6448229
6450874
6453080
6454388
6460558
6460971
6461413
6462747
6467282
6472917
6488649
6493580
6501135
6510414
6543431
6545591
6548705
6561017
6572501
6573326
6601656
6605718
6609251
6610538
6614114
6619025
6630439
6635440
6655831
6676173
6680097
6684718
6693174
6699967
6711584
6721470
6727695
6737406
6741755
6746091
6749269
6750932
6751282
6751283
6754056
6756660
6758273
6758422
6758663
6758687
6759523
6760813
6762660
6762661
6763128
6763463
6763509
6765400
6765415
6775590
6777258
6781405
6788752
6789764
6789765
6790579
6792816
6793675
6796928
6799817
6801084
6802226
6805421
6807142
6809790
6815281
6821594
6825749
6837201
6849609
6864885
6871316
6874631
6874632
6876941
6885677
6885678
6888963
6903180
6918353
6929101
6934707
6941742
6947409
6960805
6962871
6967294
6967713
6971210
6972194
6978071
6979806
6981375
6982557
6983861
6984051
6986525
6989903
6991431
6992313
6993968
6995114
6995190
6995435
6995491
6996543
6997228
6997229
6997428
6997530
6998382
6998413
6999013
6999017
6999020
6999022
6999125
6999802
7000024
7002546
7002796
7004024
7004338
7004376
7007447
7007613
7007614
7010535
7011003
7011242
7011993
7012166
7012276
7013710
7014467
7014960
7016927
7017910
7019203
7019204
7020416
7021078
7021156
7021244
7023298
7023988
7024170
7026606
7028215
7028944
7030254
7033194
7033472
7033614
7033615
7034429
7034679
7035831
7036330
7036744
7038184
7039087
7039501
7040359
7041890
7042759
7045517
7047396
7047560
7047827
7048026
7051594
7074710
7111960
7119080
7132420
7155846
7173180
7176037
7185137
7191284
7224844
7226974
7235675
7240733
7249786
7267675
7271270
7283419
7294918
7309243
7310676
7320692
7351257
7353129
7365457
7377748
7379792
7387761
7396441
7416749
7425604
7447430
7474335
7481485
7482088
7492110
7498006
7499025
7501460
7513308
7522679
7531584
7535014
7541753
7541754
7548161
7551643
7551656
7556207
7557289
7559355
7565046
7565414
7570920
7587036
7590184
7591078
7592325
7592338
7594787
7603129
7624856
7625799
7625810
7625817
7629552
7640306
7650724
7658975
7670636
7670805
7678244
7686466
7689760
7694017
7695309
7725283
7729773
7729888
7729924
7730571
7733785
7735974
7748019
7748020
7752454
7765213
7765878
7771756
7776298
7783316
7783646
7786407
7788168
7788169
7790087
7791219
7796522
7798255
7805428
7813887
7815921
7819597
7830320
7831753
7836320
7843823
7844396
7867295
7867356
7868237
7869314
7869662
7874462
7894706
7905463
7909538
7910820
7911351
7913698
7915268
7925378
7926527
7926835
7927837
7928827
7929195
7933531
7933533
7933534
7937450
7939052
7941810
7942366
7942906
7957922
7959033
7961442
7961488
7961490
7966214
7968532
7977332
7984964
7990492
7995611
7995995
7996383
7996932
8000871
8005688
8006937
8012416
8012606
8026155
8027345
8039879
8039903
8040114
8044816
8046942
8049615
8051730
8051793
8059571
8061656
8067135
8077021
8089066
8093447
8094384
8095293
8099079
8106919
8121412
8131638
8133798
8140244
8144425
8150767
8150817
8154075
8168554
8168984
8169413
8170396
8171763
8182896
8185889
8185890
8188336
8201667
8201767
8205935
8212526
8214097
8219444
8220987
8223651
8225059
8226427
8226431
8228293
8228594
8231446
8231453
8234057
8254888
8254898
8254900
8258974
8261300
8262637
8263846
8263869
8269756
8275058
8277255
8288501
8289413
8294766
8302204
8308318
8309302
8309304
8309305
8317756
8320892
8320959
8323673
8326134
8335248
8335429
8342943
8346533
8347934
8350381
8350881
8354281
8354306
8357059
8357483
8360981
8362503
8366522
8370321
8375030
8383945
8396196
8405321
8406896
8407791
8415335
8419603
8421445
8436105
8443442
8449894
8452168
8452169
8458252
8459016
8476579
8481845
8487291
8488915
8494373
8497197
8500894
8507460
8508687
8511999
8514376
8515560
8522463
8522931
8526000
8535394
8542180
8544334
8544336
8544337
8544339
8546847
8554430
8554762
8557720
8558754
8558756
8558757
8574756
8576038
8576610
8579165
8587155
8587162
8593307
8594335
8596126
8596461
8605006
8613048
8618754
8622105
8634129
8647292
8656593
8658275
8676280
8678101
8679775
8681603
8683538
8690953
8701578
8706838
8708365
8708743
8723493
8728063
8731019
8744895
8746095
8751263
8752862
8754267
8761466
8761735
8764683
8771156
8771935
8776618
8776631
8784591
8786624
8787889
8824970
8825086
8827702
8828081
8833891
8833928
8835504
8837258
8837386
8838989
8839391
8842707
8843288
8845223
8851581
8858464
8866486
8874804
8877532
8878802
8901874
8923806
8926119
8926380
8932305
8932309
8934787
8938644
8938645
8944515
8945585
8946292
8950383
8950521
8960247
8960248
8966968
8977075
8977126
8983524
8986558
8991977
8996720
8997693
8998279
8999777
9000331
9002020
9006033
9006547
9007487
9018252
9027169
9029834
9032594
9032817
9037101
9037562
9040848
9044635
9054338
9061353
9061678
9072766
9072767
9076737
9086560
9091033
9094185
9106365
9113725
9119470
9127756
9127760
9129755
9135221
9148368
9152037
9153871
9158736
9176745
9194209
9194711
9222068
9230329
9230393
9235978
9240181
9244260
9246234
9254630
9260764
9275291
9281821
9282508
9287017
9296097
9302021
9304781
9332178
9333063
9336049
9338488
9338502
9358230
9360165
9364137
9373950
9374920
9376400
9393556
9395856
9401804
9410064
9411077
9423875
9428152
9431986
9434601
9436306
9447906
9451944
9453936
9476040
9479449
9480649
9481878
9484874
9486004
9487710
9488257
9491838
9493467
9494663
9495016
9503606
9508288
9511113
9512342
9525774
9525779
9527941
9529110
9531071
9536392
9538469
9538506
9542030
9542782
9542923
9554149
9555890
9558179
9573192
9575353
9576260
9580278
9583277
9593136
9596696
9598774
9603633
9614531
9621566
9623027
9624474
9626006
9648994
9655824
9661000
9669646
9675854
9694902
9695928
9699143
9720047
9721605
9723914
9728407
9732437
9736536
9737834
9753002
9755296
9757694
9759315
9760002
9763741
9770281
9773444
9773445
9777518
9781990
9785808
9829920
9832265
9832268
9835575
9836837
9838156
9839373
9851028
9853041
9854940
9856643
9857610
9857612
9864539
9868767
9872022
9892960
9921014
9925522
9930068
9950558
9987622
10027983
10049270
10063317
10069022
10082767
10083638
10090000
10094487
10094676
10095920
10189231
10200962
10206698
10208804
10211213
10215843
10217406
10221177
10263127
10320579
10322025
10338479
10338487
10339822
10342649
10349736
10353712
10357056
10359301
10361285
10381488
10389645
10396690
10399191
10399193
10403412
10404338
10412206
10420112
10433573
10436922
10438465
10447329
10449462
10452628
10455502
10456314
10464416
10470447
10481961
10489666
10493005
10496884
10510239
10513845
10519322
10520257
10520266
10521271
10524893
10529882
10531273
10543745
10555639
10569791
10581683
10595761
10601875
10602754
10619384
10620668
10622622
10624010
10625192
10626138
10629184
10632386
10633123
10634025
10655742
10658351
10678503
10679131
10681329
10697784
10699000
10713543
10720804
10722515
10729716
10737844
10744364
10746497
10747835
10755623
10759870
10762273
10767461
10782289
10783580
10790101
10792169
10799927
10803261
10812907
10824038
10826834
10834956
10837447
10858357
10858358
10863109
10868300
10881051
10903142
10915198
10917153
10917879
10918953
10931974
10933258
10935317
10944833
10945508
10952563
10952610
10962854
10966772
10976198
10991876
10992480
11016400
11023819
11024353
11034442
11036024
11038673
11052177
11062188
11068685
11072853
11081344
11082201
11091042
11099935
11099936
11101600
11116509
11117318
11117329
11119087
11120612
11127712
11128558
11129226
11131585
11131808
11131913
11133381
11139607
11145708
11148750
11149151
11152321
11156698
11157956
11165117
11165635
11171776
11176586
11177359
11194806
11195576
11202342
11206342
11219746
11234403
11234464
11247066
11253642
11257046
11261492
11262168
11268772
11283885
11308679
11308686
11315325
11320450
11322736
11326030
11330360
11337221
11348021
11357420
11368092
11370708
11371519
11376352
11377874
11385993
11397127
11401985
11405144
11406758
11408219
11417826
11418511
11420335
11421374
11426248
11443087
11446908
11448564
11449503
11457473
11475651
11483378
11488728
11488930
11502382
11510118
11516934
11521084
11532949
11533003
11533815
11548270
11549418
11556508
11567083
11568743
11570895
11576794
11577728
11668347
11673032
11695923
11696777
11709334
11709345
11744799
11745857
11748205
11750800
11751134
11755347
11761187
11785185
11798396
11799847
11800020
11806620
11814764
11817288
11823186
11825979
11829115
11829119
11845118
11849161
11850290
11864075
11864354
11866331
11871613
11873633
11874454
11879929
11880065
11882712
11889135
11890566
11892895
11903062
11915237
11918248
11922333
11923394
11926831
11929691
11932041
11932144
11942682
11952416
11957428
11977920
11982956
11996681
12000625
12007800
12007850
12019126
12020125
12037080
12037082
12056043
12069969
12088622
12099299
12101200
12101306
12113867
12120879
12121518
12121936
12127707
12135833
12135835
12135840
12136763
12139630
12140104
12144778
12149325
12180053
12181792
12194767
12207129
12213046
12216795
12220809
12221608
12224264
12226974
12242000
12314387
12366839
12369921
12378869
12378871
12379526
12387217
12390282
12400540
12400766
12404886
12407124
12409411
12427940
12431480
12435670
12435705
12438382
12445644
12448680
12462425
12471567
12481841
12485339
12486720
12487790
12488561
12492967
12493177
12493789
12499163
12503391
12517861
12521882
12531246
12540589
12543675
12545689
12557788
12578309
12601338
12617704
12634070
12635939
12666252
12667139
12678409
12680804
12682131
12682159
12691306
12697640
12706616
12709339
12714810
12724390
12727075
12727373
12727400
12729057
12730002
12731215
12731231
12734891
12741735
12747861
12749132
12754871
12761118
12761147
12761422
12791468
12797386
12797754
12799731
12809366
12812604
12842324
12848754
12856209
12860643
12865976
12866821
12871724
12872601
12876527
12879751
12885198
12892889
12898851
12898972
12899219
12900036
12901761
12902154
12918814
12932366
12936986
12950900
12951896
12957924
12958255
13129609
13166305
13183906
13304241
13353793
13394215
13410938
13468939
13475237
13538926
13593648
13682714
13682715
13694276
13709611
13731841
13752039
13783770
13784385
13792958
13810865
13830158
13830159
13855275
13870470
13876611
13889134
13902809
13963406
13963407
13970093
13971821
13981655
13993473
13999516
14012303
14020271
14039668
14042940
14043989
14068524
14072831
14086099
14101876
14105739
14106358
14113111
14119935
14124856
14159449
14165349
14176291
14204731
14217356
14240944
14262418
14263500
14266037
14274971
14287942
14291577
14292991
14298264
14304667
14310168
14321843
14333969
14336982
14341172
14370614
14385365
14410095
14411294
14411295
14426433
14486785
14496914
14505214
14505878
14506014
14508619
14523535
14527772
14527773
14533478
14556755
14561963
14565887
14571655
14572216
14572487
14572490
14572723
14574534
14576109
14576919
14576988
14595583
14596972
14600235
14605124
14634380
14644444
14646074
14662935
14663072
14670728
14688082
14689346
14692378
14692381
14693084
14718005
14729685
14732314
14740538
14742186
14756784
14898403
14946100
14962427
14986249
14991521
15007873
15013399
15018591
15023432
15027757
15029435
15037323
15038463
15045628
15060680
15076313
15077996
15098788
15102805
15103887
15105882
15106080
15109589
15113673
15113681
15117925
15122392
15133092
15133105
15145457
15150168
15160846
15174746
15184914
15198227
15202497
15205739
15207542
15213138
15214883
15216942
15216948
15221039
15242464
15247885
15254025
15264707
15272159
15272770
15280059
15282240
15283864
15299741
15311593
15320869
15322010
15330264
15332708
15332777
15344391
15347745
15360321
15364302
15364308
15364979
15373180
15374007
15376785
15382434
15382465
15420285
15448765
15461069
15471682
15471997
15481928
15504832
15507351
15507850
15521818
15523569
15523862
15528866
15538902
15546971
15555882
15557604
15557655
15557656
15558205
15592093
15628528
15629229
15632907
15633630
15639199
15646050
15646374
15693409
15702553
15720512
15754653
15757582
15758809
15759292
15761074
15765758
15790045
15819867
15825413
15825416
15827593
15828188
15828189
15830472
15830473
15830480
15848012
15849869
15856902
15857942
15866058
15866926
15889346
15890320
15893850
15894870
15897698
15928974
15936167
15942874
15951115
15966981
15966982
15968823
15970133
15972473
15975734
15979596
15980325
15980377
15986068
15996053
15997255
16000421
16011745
16013378
16028510
16028975
16032564
16038517
16040216
16048763
16049662
16081966
16084933
16091399
16091430
16092321
16094079
16101433
16105564
16118409
16124436
16126323
16129517
16134390
16137849
16146619
16146620
16161756
16165001
16166542
16167137
16189097
16191707
16192439
16203120
16206827
16240656
16243229
16243570
16244084
16248855
16267598
16283413
16291869
16295714
16323555
16328405
16335054
16339844
16340276
16345211
16348916
16359192
16359194
16377684
16406185
16416268
16416946
16418794
16427241
16429992
16433602
16436718
16442627
16455913
16457381
16466890
16473005
16473503
16511066
16511268
16521344
16521347
16524407
16535454
16545935
16550228
16554337
16557817
16557848
16557919
16558013
16570512
16585633
16597888
16599304
16600543
16601773
16603443
16609813
16610216
16616364
16618017
16629725
16630003
16634647
16651840
16672390
16673582
16678993
16681141
16681142
16690235
16697868
16697996
16723572
16740173
16774572
16780129
16792938
16798691
16798719
16804188
16808858
16812991
16815690
16829051
16829056
16831214
16841713
16854352
16858877
16859909
16870650
16883286
16887546
16895504
16913404
16921702
16924840
16926972
16927393
16938419
16961639
16968290
16980463
16982785
17001946
17005777
17007934
17008781
17026594
17030456
17036170
17045463
17048790
17059178
17061527
17065580
17066481
17079239
17084222
17098659
17114173
17122881
17123456
17137105
17138569
17144870
17156102
17160281
17160361
17174510
17186841
17201201
17201824
17203422
17206398
17214089
17215357
17219841
17223798
17229739
17237942
17242507
17250761
17258415
17263251
17287329
17294685
17295005
17297872
17297889
17298130
17302978
17309613
17309621
17320355
17322447
17332005
17337143
17337425
17350720
17356998
17367756
17370009
17370439
17380089
17383139
17387156
17393659
17403132
17406229
17406750
17419294
17425100
17434823
17434824
17436860
17451307
17454908
17462733
17464922
17475114
17475711
17491004
17497607
17505657
17508488
17533990
17539285
17540603
17540673
17543151
17545110
17557147
17558373
17571790
17574349
17574612
17590760
17594920
17596358
17604512
17612258
17621840
17640292
17651221
17657041
17660013
17664798
17687947
17708836
17714491
17715376
17724160
17802913
17802927
17850340
17854474
17891866
17893161
17901951
17913434
17915763
17935487
17939629
17941440
17953601
17959359
17965358
17966408
17969797
17987581
17989843
17997283
18016352
18025121
18030268
18033826
18035809
18052868
18057079
18062650
18068868
18070958
18072250
18085427
18086839
18087630
18155905
18157401
18180352
18182504
18183341
18192389
18194341
18200417
18202333
18202436
18210953
18218646
18219766
18222954
18226481
18227600
18228188
18230703
18280679
18287293
18289845
18292096
18296438
18297685
18315498
18316383
18329835
18331698
18358701
18363469
18375554
18389723
18390126
18394798
18398539
18405378
18408781
18419368
18430084
18446190
18456422
18458126
18467244
18472013
18472895
18472907
18474513
18476022
18478242
18482203
18483010
18484883
18487232
18511178
18516962
18539812
18547131
18550219
18562584
18566138
18594169
18595469
18611587
18611710
18611809
18621670
18625011
18625734
18628491
18629420
18630347
18632900
18649927
18665848
18669036
18689511
18693303
18700685
18704884
18710869
18716805
18718709
18719175
18719184
18719808
18725420
18765688
18788687
18819541
18819979
18837224
18842936
18843219
18848404
18852707
18948884
18955528
18966534
18968982
19009295
19013351
19015341
19015360
19029299
19067894
19074399
19077299
19078852
19095415
19114498
19120928
19123314
19127719
19129070
19129641
19136439
19139283
19141409
19142056
19167827
19189465
19190040
19199831
19200700
19216637
19218119
19219283
19227882
19228109
19236174
19239442
19249175
19251852
19258263
19262076
19263248
19278342
19284388
19284398
19303096
19317483
19318050
19333729
19344124
19348593
19372157
19383702
19384728
19394409
19395299
19398644
19418948
19423471
19432297
19456838
19459471
19467313
19468723
19469274
19477252
19485147
19493013
19494116
19505803
19513734
19517846
19523051
19531708
19536720
19553175
19556373
19584659
19587301
19619987
19622043
19623717
19624511
19631098
19651402
19662789
19679953
19687197
19707721
19714860
19738018
19739000
19762955
19773148
19780761
19785729
19801259
19802968
19802975
19810175
19817640
19840899
19893354
19895906
19896625
19919545
19929097
19943031
19951836
19961043
19961410
19995930
19998053
20002745
20009277
20017416
20021979
20030799
20034765
20043128
20047820
20052927
20055006
20067867
20067876
20083235
20084919
20085186
20088156
20091909
20097163
20121649
20123999
20130375
20136454
20143715
20160049
20161877
20161916
20161936
20162076
20181058
20187872
20201321
20213222
20214732
20236200
20255098
20263470
20300397
20303504
20307342
20309929
20345467
20360042
20368347
20368711
20382766
20385754
20402412
20412685
20413619
20416242
20418234
20419114
20424552
20432044
20496582
20497230
20502587
20502932
20514772
20514796
20521939
20526674
20528091
20528927
20542206
20549952
20551637
20555402
20558587
20565718
20566417
20566768
20583554
20600430
20607980
20609568
20610688
20614835
20622068
20627391
20639377
20640260
20645245
20647992
20663851
20671048
20673614
20686759
20687992
20696356
20707344
20714310
20715744
20716255
20723421
20723574
20805336
20805391
20818094
20829798
20832206
20832936
20833380
20842240
20842250
20848199
20854475
20857378
20859753
20889171
20923418
20927289
20932305
20939612
20941920
20953653
20959463
20976952
21027291
21030907
21033323
21033566
21034629
21038149
21092517
21111582
21114012
21115451
21120687
21125035
21143031
21152726
21169483
21174142
21187963
21193275
21198306
21214435
21220855
21237686
21252459
21252462
21281552
21282448
21290719
21298676
21299431
21304626
21310405
21333922
21353493
21353964
21358602
21366066
21373266
21382674
21391841
21402844
21402851
21415205
21416786
21424669
21425597
21437168
21445824
21452928
21485703
21491062
21502618
21505083
21514124
21526966
21527836
21535608
21537020
21537027
21551301
21559954
21599889
21604309
21614700
21618302
21628303
21640560
21642464
21643832
21648193
21663482
21665966
21673894
21694993
21707738
21715027
21739934
21752830
21752977
21762758
21771680
21780025
21780670
21808656
21812229
21815455
21822040
21846670
21852287
21859933
21860889
21864585
21867554
21877950
21888562
21894254
21897707
21910285
21912922
21913487
21917010
21917070
21921687
21936667
21954120
21956834
21965411
21967698
21999542
21999547
22000035
22008133
22013726
22019166
22022665
22030688
22033790
22062111
22077220
22079792
22081397
22084719
22092811
22092852
22106217
22106274
22114212
22119898
22120542
22138600
22139504
22145192
22166694
22172520
22173194
22182219
22182644
22184907
22184908
22192340
22193301
22195385
22198843
22219724
22220506
22222491
22237540
22264302
22264668
22268620
22274693
22276442
22289216
22292465
22311589
22313675
22322349
22327321
22346488
22354308
22360895
22361765
22363079
22364227
22383074
22386976
22389044
22391548
22392241
22401914
22431539
22432631
22450979
22461670
22466781
22493279
22526013
22526571
22533980
22553437
22557005
22557053
22557054
22557272
22557328
22557348
22564676
22572004
22574524
22575503
22594260
22621239
22628038
22629135
22650105
22683657
22697133
22707100
22707136
22707839
22713958
22718163
22722224
22732647
22739567
22749054
22749779
22754063
22760848
22791716
22795514
22795650
22802251
22808400
22808694
22808812
22814469
22815575
22817766
22817917
22827568
22829838
22830986
22832589
22842109
22865381
22879930
22884742
22885199
22899912
22900675
22911018
22919503
22934349
22934995
22935848
22956023
22957781
22982608
22982922
22989747
22995326
23009290
23010009
23029100
23030307
23030816
23037005
23037330
23042564
23051614
23052563
23052627
23063776
23066386
23077711
23103459
23111869
23115018
23118301
23118472
23118975
23119483
23123244
23138340
23144253
23182140
23183439
23186370
23190078
23199817
23206280
23210003
23210906
23220150
23222728
23229857
23261726
23264021
23278502
23283741
23300806
23316040
23318795
23330509
23333917
23351030
23352074
23352839
23360015
23369720
23371453
23403027
23418168
23433007
23435587
23444040
23445708
23455215
23458224
23475904
23478954
23484141
23494861
23504617
23507415
23520064
23526277
23526729
23538565
23540793
23543669
23548478
23568752
23572531
23580563
23587958
23597661
23620155
23620859
23623624
23626390
23647563
23648063
23657157
23669989
23671963
23684720
23686506
23687266
23698488
23698525
23713670
23715068
23721182
23730637
23732805
23735062
23746343
23750959
23758765
23771722
23787285
23787438
23792750
23796429
23801185
23802211
23812565
23817034
23818393
23818979
23825725
23827823
23838285
23856977
23862639
23876576
23877712
23878628
23878695
23879845
23882014
23884594
23897522
23901174
23902256
23909425
23911409
23911447
23945189
23963019
23966992
23973410
23979759
23992372
23995561
23997920
24003426
24006912
24009111
24016768
24027220
24031557
24039579
24060552
24080656
24083146
24091000
24094152
24101465
24117922
24125508
24151628
24164670
24172254
24183516
24202878
24235093
24239065
24239192
24247134
24262582
24268599
24279773
24280366
24293788
24324344
24327967
24333961
24353001
24353056
24369472
24379255
24432321
24435854
24436267
24438201
24451101
24454905
24458776
24470471
24478449
24481535
24483020
24489755
24492025
24496344
24501600
24504382
24524024
24524853
24532926
24550325
24551626
24559594
24579514
24580532
24593056
24619257
24627178
24635559
24640253
24644556
24647254
24652584
24653811
24668920
24671317
24675851
24679887
24688529
24695677
24705957
24730132
24732126
24756091
24757393
24771125
24777619
24779193
24780763
24786314
24803200
24809384
24813688
24831013
24854906
24863496
24864033
24866596
24903814
24904962
24922113
24923210
24959438
24985578
24988359
25000334
25002538
25003107
25013449
25016054
25020163
25027417
25036545
25043121
25056110
25059377
25068149
25072920
25100003
25114166
25115107
25118755
25128344
25130374
25139843
25147664
25161470
25168568
25172927
25174481
25175509
25176215
25176584
25182712
25185565
25187600
25190354
25190889
25192738
25199410
25226848
25233691
25234380
25239462
25240234
25267683
25298255
25312118
25312164
25317357
25317910
25320585
25328786
25331431
25340549
25342681
25343179
25371593
25371693
25371792
25380369
25405579
25417711
25426766
25438017
25444130
25453310
25462227
25466592
25472486
25477930
25487795
25491811
25498024
25501887
25547796
25555043
25562574
25567693
25568544
25568946
25576985
25594724
25600890
25611273
25627179
25629061
25629067
25632464
25638292
25639970
25641126
25648217
25654361
25656290
25661253
25671182
25672558
25687788
25699141
25708671
25724892
25727362
25752202
25756370
25763050
25764982
25780663
25799818
25819960
25837813
25842542
25843031
25845862
25847961
25848724
25853778
25854960
25860472
25861532
25862092
25872397
25873441
25878339
25895603
25896692
25902478
25917963
25918148
25931901
25954618
25958400
25965384
25973507
25977741
25986901
25992554
25997280
26000652
26033493
26060269
26066582
26072936
26102102
26109004
26109513
26109767
26113186
26163158
26166322
26166357
26167826
26183852
26194974
26195511
26217333
26219671
26219948
26224035
26225423
26233310
26238248
26243367
26251669
26267163
26273238
26282899
26299351
26301055
26321667
26328090
26328373
26350294
26373143
26386745
26391612
26404097
26411893
26417313
26450636
26459902
26462294
26478412
26482308
26498988
26503189
26503667
26508927
26516766
26526183
26538254
26542036
26546558
26552798
26584348
26605010
26605246
26609503
26609510
26611486
26625452
26643344
26645323
26649077
26675021
26678365
26692184
26693451
26701806
26711744
26719785
26724423
26724686
26730411
26747095
26748500
26748982
26763474
26770555
26771129
26775934
26781286
26782985
26794757
26807926
26822285
26824957
26846209
26853517
26864807
26865045
26865983
26868393
26874303
26890825
26894065
26898665
26899124
26904730
26918627
26920557
26926635
26930733
26936153
26944634
26945183
26953206
26954694
26955432
26959528
26960264
26968486
26976871
26997710
27004519
27005459
27005666
27010307
27010388
27014523
27023717
27025740
27025908
27027293
27041865
27044107
27065768
27065982
27066881
27067315
27072109
27075369
27077933
27090825
27091004
27092771
27103501
27113093
27134871
27140181
27150396
27170935
27189426
27208763
27220339
27227920
27246571
27261765
27262948
27273551
27276754
27285830
27303616
27306606
27312379
27340058
27340072
27340405
27341161
27347915
27349348
27349704
27350061
27350773
27351622
27351708
27383862
27386291
27393875
27416146
27416147
27416150
27416562
27416622
27418912
27427591
27433711
27436679
27446059
27459019
27468049
27469950
27480855
27481158
27503648
27537519
27547055
27550437
27550502
27569886
27612730
27622281
27642801
27645982
27667823
27672195
27672214
27684079
27697892
27711668
27722971
27727307
27739023
27749743
27752114
27796502
27797858
27804881
27807154
27809263
27834610
27836382
27842208
27847969
27849508
27855079
27856593
27872643
27873695
27873725
27881119
27892525
27895127
27902374
27908539
27919672
27919894
27930849
27931258
27959872
27973398
27990007
28017513
28031261
28042660
28045978
28050335
28056728
28070116
28087318
28088768
28089178
28093482
28103015
28148263
28150092
28154560
28161293
28174146
28190143
28207234
28212280
28223974
28238801
28239050
28245252
28257904
28264656
28270849
28285420
28291749
28298454
28299769
28304213
28324470
28330285
28352539
28358617
28359833
28364698
28367445
28377345
28379126
28384093
28384626
28390962
28401466
28408060
28411141
28433727
28435889
28438890
28449964
28450516
28464581
28468622
28470147
28478562
28484209
28490063
28497048
28503342
28510991
28516867
28534309
28535686
28543032
28552890
28555403
28558707
28583153
28602701
28612707
28614382
28621642
28629671
28641915
28658333
28664089
28665245
28671537
28674590
28676939
28690730
28692914
28694235
28698042
28721477
28722010
28725151
28747972
28748050
28748516
28755874
28757095
28759798
28775818
28779108
28797330
28820112
28820412
28821401
28824906
28827106
28830809
28831833
28842740
28855782
28877761
28878510
28878752
28889208
28892422
28911559
28911698
28922100
28923864
28929047
28930018
28934227
28939900
28942832
28949977
28952968
28968012
28989300
29028588
29032522
29032652
29046693
29047237
29051750
29062330
29081676
29086755
29103235
29103370
29111434
29119059
29136156
29138084
29142400
29147403
29148877
29151994
29158143
29158274
29184412
29204271
29206859
29209821
29212001
29215782
29248295
29248795
29253706
29254478
29259722
29276660
29287429
29288300
29292008
29298837
29305547
29307755
29312157
29318401
29329652
29330591
29334066
29352191
29358289
29363210
29378381
29391357
29403648
29416274
29421629
29424333
29432912
29437227
29438274
29443508
29452195
29453210
29463532
29465856
29472795
29483121
29486609
29491145
29496594
29507587
29509133
29519511
29519514
29524174
29525454
29539914
29541448
29549718
29550501
29555703
29560727
29571841
29581007
29581074
29594544
29604581
29616001
29617701
29618582
29618862
29619676
29622684
29628921
29631241
29641157
29641984
29653482
29654893
29659873
29669108
29678889
29680606
29683279
29686506
29692328
29717135
29718820
29726711
29736803
29740989
29744403
29765621
29774893
29775211
29778819
29784062
29788988
29790623
29805463
29805900
29807135
29866862
29891298
29891542
29909172
29924909
29940777
29951316
29958975
29966226
29967018
29967121
29972242
29975902
30001599
30006155
30007112
30014076
30015312
30017599
30023141
30026740
30044542
30047567
30048015
30049135
30060346
30062135
30062597
30065400
30078661
30078873
30080122
30082479
30083312
30097297
30113467
30131787
30131795
30131943
30147424
30149052
30154722
30155447
30170613
30191129
30193020
30194103
30217548
30224438
30224941
30233518
30235665
30267972
30269788
30284142
30294359
30300843
30317865
30324735
30340646
30350237
30373806
30380523
30381688
30387764
30390524
30394489
30395796
30409430
30417993
30420153
30425434
30446926
30447153
30448962
30449013
30453162
30453893
30461351
30461373
30471785
30473514
30486311
30501097
30501796
30504644
30508107
30510041
30521846
30522419
30531529
30540076
30544882
30548715
30550233
30558551
30563917
30567169
30593384
30617091
30618851
30619228
30629184
30631644
30634624
30643240
30657697
30666574
30668324
30672676
30675330
30676261
30683034
30707728
30744054
30744786
30755364
30761541
30761824
30776696
30777441
30777548
30777662
30783456
30793610
30794242
30795821
30796768
30797091
30802524
30807037
30811615
30814316
30814987
30824303
30824772
30826539
30832436
30839718
30840201
30858303
30867489
30868979
30869519
30886932
30906137
30906323
30910899
30912480
30917983
30917985
30924742
30925643
30936096
30936664
30936726
30950399
30950400
30962345
30968059
30980699
30983946
30996123
31000372
31002963
31009323
31009518
31018279
31025083
31028724
31036061
31049761
31049879
31053695
31057723
31065685
31069724
31077117
31081764
31082531
31100672
31104302
31116345
31118300
31122100
31125314
31133088
31144520
31166149
31171741
31182994
31183133
31191658
31197549
31197711
31200409
31201708
31203800
31214331
31220184
31248181
31248813
31262571
31262670
31279297
31289186
31295061
31297153
31306754
31307545
31309490
31309491
31309492
31309493
31309494
31309495
31309496
31309497
31309498
31309500
31309501
31309502
31309503
31309504
31309505
31309506
31309507
31309508
31309509
31309510
31309512
31309513
31309514
31319195
31323074
31340052
31340995
31354115
31355721
31359491
31364071
31381578
31398493
31401649
31405233
31406662
31428064
31441842
31443467
31447809
31451494
31453189
31455657
31462413
31463933
31466935
31466989
31469013
31489177
31495521
31505299
31509008
31516358
31525541
31536154
31536529
31537479
31537668
31540314
31543531
31543923
31551967
31563763
31566822
31570392
31581500
31583791
31594808
31601673
31604680
31608048
31609561
31611275
31619532
31623170
31627049
31629797
31634537
31639544
31643191
31643208
31643230
31643239
31643749
31644018
31649089
31655031
31658548
31665100
31672140
31686869
31692074
31692847
31698108
31700763
31705941
31707320
31709943
31710159
31717641
31722813
31725155
31728678
31729809
31731950
31745124
31749785
31753956
31753957
31766123
31767717
31777512
31794023
31843547
31843999
31851633
31853527
31856459
31859352
31860153
31864741
31901487
31907198
31907762
31916112
31916897
31920349
31921010
31921012
31922015
31929048
31935977
31936020
31962058
31971235
31976318
31979280
31989448
31997109
32012123
32030883
32055744
32065866
32067208
32071045
32072061
32074078
32076611
32081647
32084183
32087073
32089693
32106056
32121207
32122604
32123985
32127759
32130227
32130598
32132162
32132620
32144223
32151754
32152756
32153540
32171739
32184764
32189082
32223494
32232318
32244560
32255226
32264080
32284373
32288216
32289657
32292440
32300927
32304193
32311502
32322380
32326710
32359390
32359606
32364593
32373306
32379713
32386365
32404517
32407637
32409548
32426703
32429775
32433994
32438864
32439674
32446686
32450799
32455872
32457296
32461277
32466349
32485471
32489283
32490228
32503535
32507166
32514057
32516381
32522673
32542649
32546625
32547115
32558500
32560617
32574790
32578426
32590245
32594319
32600267
32604867
32606516
32607724
32608230
32614907
32623972
32636429
32645942
32656058
32664222
32673355
32676409
32700154
32708609
32708619
32724295
32737541
32740783
32742415
32752659
32754854
32760058
32766352
32780778
32786278
32791283
32794063
32794733
32797406
32819848
32822096
32823619
32828676
32830997
32833846
32842400
32846580
32851777
32876698
32888099
32890463
32890692
32894274
32916540
32918678
32923408
32968386
32973907
32980472
33004062
33005194
33007322
33011052
33011176
33012973
33020759
33020811
33028279
33059090
33064617
33066191
33075880
33093709
33098506
33101481
33110711
33116949
33134334
33142365
33163199
33177025
33177598
33177849
33185513
33193168
33198099
33212286
33213050
33218698
33228072
33232636
33236338
33246088
33246448
33254232
33255306
33260016
33279672
33281782
33287796
33289300
33292525
33299817
33299848
33304840
33313077
33318512
33322054
33324365
33343678
33348817
33352776
33369409
33373732
33389728
33395207
33399979
33401282
33420339
33422055
33448574
33452316
33460959
33476836
33488579
33489515
33494897
33502846
33510506
33510739
33542636
33545217
33546407
33547812
33574858
33580163
33582118
33603719
33612794
33613063
33614267
33622283
33628155
33632945
33641676
33645948
33650534
33651401
33659517
33659796
33667705
33679153
33686169
33689469
33691318
33707230
33712420
33725112
33757586
33758085
33759616
33781606
33784901
33787613
33797379
33805493
33816517
33818928
33824199
33826115
33827527
33827899
33828207
33830114
33832891
33842384
33846447
33850708
33857127
33860020
33875423
33879442
33894657
33902597
33905883
33905914
33908291
33923389
33926318
33938320
33942509
33946710
33947875
33960452
33970016
33981891
33987072
34034198
34044896
34050446
34056304
34064943
34068909
34071019
34074188
34091025
34092264
34105128
34134150
34143889
34150294
34151148
34157764
34161207
34180748
34184556
34188500
34194144
34194578
34194732
34198509
34204872
34205425
34212042
34215878
34223092
34245899
34249966
34254182
34264754
34275839
34280035
34280499
34281258
34310728
34314808
34319125
34319973
34320048
34333164
34335845
34361617
34367092
34367514
34378988
34382450
34399384
34417721
34417892
34423251
34426427
34428568
34438944
34445157
34451401
34463359
34468525
34476235
34477078
34483186
34485509
34497653
34502482
34503816
34508611
34518249
34519530
34522976
34546965
34547421
34550426
34558030
34559314
34574287
34580836
34602432
34609171
34615472
34620172
34628010
34632433
34633134
34637441
34641314
34643678
34662238
34680743
34680847
34683344
34683494
34707376
34710631
34715795
34721692
34726503
34731299
34733434
34740641
34747464
34759303
34765783
34781179
34785289
34801715
34807364
34815168
34818127
34832583
34835405
34839020
34841350
34841780
34842422
34844474
34844543
34872749
34906094
34930033
34933737
34935543
34935719
34937177
34941822
34943643
34944253
34945572
34946044
34946156
34946774
34956131
34964289
34973875
34979364
34981017
34988445
34995748
34998768
34999676
35008912
35011149
35019444
35021631
35026386
35027496
35032208
35047421
35052892
35081393
35082366
35083655
35086853
35091375
35095811
35096315
35096675
35113268
35116163
35119808
35132758
35134599
35140481
35141098
35144609
35151360
35153398
35164357
35195886
35198842
35202966
35205158
35208593
35210790
35215235
35234148
35242136
35254140
35260346
35268842
35272045
35277176
35277210
35283944
35297681
35318288
35324721
35330079
35335681
35355757
35377389
35392611
35408507
35408668
35411641
35415641
35416121
35423394
35428940
35429303
35448297
35453246
35458685
35459117
35464662
35470625
35479612
35493577
35520625
35531513
35540726
35544789
35546990
35548242
35555838
35566154
35579311
35579474
35589541
35590320
35596221
35601398
35610571
35610764
35617316
35622520
35630291
35635525
35640815
35643034
35651758
35655208
35657141
35665314
35665438
35678687
35685702
35689963
35695000
35700218
35719201
35730436
35732262
35734305
35740017
35740188
35744727
35746779
35750479
35757110
35760303
35765552
35781341
35791585
35804085
35807566
35809205
35812345
35815083
35817261
35833485
35834144
35844422
35847110
35855111
35861217
35868628
35875581
35885599
35891717
35895567
35902218
35904060
35912050
35922033
35924677
35928999
35943630
35945879
35956164
35956923
35958807
35970717
35971566
35978046
35978723
35995826
35996437
35996675
36003075
36009946
36014393
36035047
36080323
36090113
36105674
36117423
36118021
36118027
36121381
36123299
36129086
36135573
36138828
36139930
36144225
36144583
36145544
36169094
36182895
36190369
36194151
36202114
36204116
36204628
36214248
36221063
36222344
36228285
36243669
36259775
36259776
36262717
36268225
36273806
36276974
36283596
36284941
36289108
36290021
36297273
36311176
36313952
36319710
36320307
36320675
36337620
36339335
36350460
36358175
36359494
36361855
36361877
36367550
36375213
36376217
36376916
36377916
36403712
36422556
36432105
36432345
36448360
36449645
36462662
36466136
36476074
36482033
36483358
36504788
36505992
36518726
36525767
36546467
36547820
36551396
36551448
36556490
36557821
36562270
36565841
36570236
36580133
36582143
36590021
36590410
36591897
36597453
36598712
36611372
36615230
36618292
36618312
36621613
36625644
36628152
36640035
36644590
36661843
36661856
36669603
36671202
36675799
36680729
36682131
36686013
36696507
36696565
36700593
36715324
36735119
36739311
36741142
36748625
36752864
36755276
36756207
36756486
36757538
36757611
36759841
36762100
36766021
36771561
36803466
36807351
36812465
36818920
36820095
36830236
36830280
36834683
36851428
36862671
36864337
36870531
36900094
36902128
36907127
36910954
36916166
36964326
36967493
36970431
36976002
36977789
36985342
36986494
36993593
37020117
37022504
37023411
37032906
37042006
37046067
37058038
37064279
37068352
37072717
37076397
37079062
37081377
37089543
37104080
37105909
37107049
37111395
37111423
37111490
37111509
37111736
37124002
37126130
37127777
37137456
37139964
37142806
37150609
37159597
37162334
37162590
37163961
37167663
37171318
37172679
37173599
37175106
37176000
37176622
37180242
37182289
37189038
37202846
37212705
37219671
37220211
37231432
37234544
37236799
37242365
37250492
37250746
37252671
37254888
37265833
37271195
37274906
37276716
37285970
37296327
37302668
37307623
37313829
37316061
37326931
37337830
37338621
37341494
37344802
37362917
37370333
37386554
37395392
37403162
37406832
37408902
37429429
37431354
37432479
37441441
37445714
37451643
37463364
37480267
37480268
37482115
37484407
37497780
37508225
37508230
37508302
37513434
37515799
37526796
37534073
37535261
37545904
37551224
37553507
37553593
37561150
37561682
37566601
37571088
37574314
37576686
37593774
37595801
37597641
37610377
37614438
37622493
37623934
37627688
37629718
37630602
37631096
37632620
37635904
37637463
37640782
37654725
37666023
37675594
37687046
37687119
37688673
37696980
37702462
37702668
37704667
37715440
37727978
37730061
37740382
37742144
37744915
37759305
37760721
37763984
37764044
37765071
37772862
37792174
37793992
37801221
37806847
37807775
37824354
37828887
37836831
37836961
37841170
37841458
37850748
37854364
37859304
37887209
37893481
37894654
37901521
37906313
37907960
37926530
37938241
37951832
37965267
37967036
37978762
37978764
37981381
37995468
37997960
38003613
38003652
38007009
38014741
38020800
38021186
38021780
38023952
38031607
38036965
38052128
38056223
38060499
38068329
38074718
38081934
38091142
38100018
38133262
38136716
38152946
38158691
38167427
38170073
38183269
38186476
38195136
38196248
38197656
38200115
38203274
38204478
38219343
38225797
38238612
38240572
38247640
38250289
38252044
38254036
38256182
38258019
38274946
38275696
38280678
38287416
38329812
38339925
38353193
38357843
38364524
38372801
38375102
38383429
38388369
38399800
38399848
38442770
38447565
38453541
38455379
38457194
38459675
38473127
38487975
38500503
38503788
38506530
38514667
38523919
38532199
38534115
38535266
38535596
38543523
38547180
38548851
38553321
38554870
38560258
38561125
38561827
38578700
38588797
38592977
38594363
38594755
38596299
38599629
38609487
38619084
38629357
38635605
38646633
38647986
38665033
38673687
38675649
38687700
38697390
38712879
38727921
38728947
38734518
38742847
38746741
38758163
38761353
38765255
38767683
38773522
38787264
38789905
38790053
38794287
38802894
38811521
38818013
38820330
38821452
38825624
38826744
38827869
38840467
38846694
38863352
38865441
38867524
38883512
38890647
38892345
38908458
38925646
38927156
38927197
38935081
38945230
38957246
38962209
38969295
38972366
38972453
38982425
38991984
38999463
39008574
39014066
39017726
39036226
39036470
39040254
39041506
39060973
39063120
39063540
39065090
39070485
39078608
39086461
39092326
39093156
39095814
39103095
39108933
39110241
39114626
39119539
39135186
39143035
39156359
39157902
39158189
39162471
39165660
39169975
39171628
39172656
39180447
39182027
39215903
39216586
39222253
39223360
39231795
39235714
39254306
39260045
39296635
39306658
39330906
39335068
39342727
39347493
39366658
39376913
39379824
39380727
39387599
39388209
39400222
39403720
39407416
39408999
39412589
39417972
39424134
39428348
39429622
39437315
39450100
39452310
39456982
39459204
39475232
39475285
39483044
39484765
39490596
39498232
39508587
39524735
39534288
39544844
39545759
39551377
39553782
39554623
39568990
39569827
39580610
39588112
39598427
39598595
39606651
39606746
39609763
39612300
