2778068
8027345
9157119
9195091
11738341
11840092
12023082
12957918
15039350
15543382
15681579
15900967
16000451
16626902
17314376
17412898
18211262
18716657
19047733
19372158
19473254
19523196
19938609
20084283
20451600
20972353
21076485
21204699
21330416
21572120
21752606
21873382
21949514
22150997
22417676
22619600
22827309
23200659
23553033
23560422
23928119
24010600
24291178
24428402
24498985
24824638
25016342
25049913
25288087
25366224
25469995
25473727
25763038
25791254
25987619
26038912
26061151
26198414
26294947
26369590
26392506
26498349
26498965
26637818
26643346
27065995
27162211
27354209
28167555
28175958
28353147
28353673
28520983
28824591
28943150
29082238
29088362
29150374
29162873
29311089
29379471
29472760
29628916
29694709
29750595
29800825
29901942
29938989
29945570
29980699
29986025
30252055
30263378
30271396
30319560
30412264
30424831
30430006
30843359
30885788
30975800
31005732
31014001
31279132
31332070
31427199
31511372
31571950
31609646
31706328
31730782
31749787
31776223
31806752
31855457
31860437
31900161
31928131
31929055
31929575
31980604
32021329
32110070
32249276
32251977
32253218
32287306
32325973
32409531
32425894
32433994
32631827
32634604
32645001
32745526
32753511
32778545
32842587
32916210
33030749
33087168
33090918
33122675
33298573
33303661
33318020
33415808
33476738
33493673
33524565
33528353
33573148
33625569
33675371
33691556
33712862
33752612
33765286
33811225
33815326
33915285
33917798
34004359
34095000
34130068
34181480
34220761
34223104
34225485
34257732
34264109
34288945
34325053
34335517
34378957
34523976
34576823
34576842
34606866
34629764
34775131
34800709
34801490
34840461
34849758
34876203
34881397
34890283
34913439
34937191
34974119
34987484
34996897
35045171
35081969
35082799
35129690
35134397
35137479
35138190
35189373
35203816
35222451
35225675
35225688
35296887
35298517
35388746
35392367
35464993
35467399
35504161
35508232
35579466
35601097
35630478
35632421
35659344
35678665
35782100
35805215
35834149
35839665
35843452
35860606
35873176
35874711
35892963
35934231
35968045
35972764
36003132
36049730
36068833
36073316
36145454
36168481
36246266
36262593
36265702
36271069
36360746
36379370
36389152
36410511
36429148
36439236
36466578
36526143
36544378
36544391
36552347
36633415
36649772
36677415
36692291
36745203
36779722
36796656
36846041
36862098
36868310
36893812
36916881
36920213
36924803
36958862
37014210
37032359
37032871
37032905
37065794
37089548
37144593
37235563
37318361
37325804
37338344
37369326
37437842
37438442
37439675
37454128
37458814
37480606
37486192
37546648
37553339
37621341
37681832
37711698
37760192
37764007
37781003
37786852
37789848
37830824
37856948
37858813
37859304
37870616
37887250
37892359
37906021
37923369
37966536
37971242
37975308
38024365
38041722
38063029
38074718
38112433
38126118
38154747
38193666
38228683
38242758
38274946
38306857
38319115
38335578
38340846
38385742
38399800
38430961
38477038
38487887
38519112
38520297
38530488
38553439
38554835
38580128
38592505
38658428
38714593
38736850
38741515
38742708
38750653
38761953
38786109
38786183
38833797
38927201
38927749
38996870
39004343
39012134
39030479
39037312
39061274
39065209
39083686
39088478
39119898
39142372
39178317
39222339
39245329
39258852
39290515
39300135
39386425
39419442
39448154
39466970
39475294
39510443
39547574
