356
362
363
1744
3494
4459
6426
6429
6431
6623
12979
14104
14114
14117
16079
16868
17049
18438
21157
21158
24039
25264
26659
33958
35512
38892
50316
55718
70654
72063
101499
104972
106896
108220
116592
119131
128803
170247
170983
179974
179982
180526
197081
207577
230352
234757
234938
234939
236280
236390
238937
238954
238987
240804
256524
318995
319004
319194
329756
332364
332682
333303
334267
336141
338926
339911
340580
342501
342545
348322
348585
349076
350581
350845
351992
352686
357930
359269
361719
364736
368065
372170
378657
378984
379340
383575
385345
386946
390043
390737
393250
393594
395915
395916
397402
398604
400250
412549
416325
416503
426770
479838
587708
657876
735569
766718
770450
772161
773936
778390
784902
789814
791773
792634
795725
811636
812952
814981
821972
822168
830648
853036
864722
865322
879738
889329
932688
933879
942714
947327
994872
997193
1015953
1060145
1091504
1094097
1097416
1100608
1106345
1107331
1112775
1115558
1116990
1123340
1140396
1156097
1259519
1262316
1278156
1310671
1313413
1366533
1367577
1400317
1404395
1429442
1448619
1473516
1519339
1551851
1556068
1624427
1655718
1664020
1677652
1678758
1761535
1814873
1840449
1846133
1857197
1979323
2037578
2050626
2060763
2111280
2142939
2160929
2170334
2180918
2181242
2187074
2188975
2189744
2191774
2203753
2203754
2211515
2254273
2254283
2283503
2318539
2419562
2461738
2504948
2517220
2547159
2590305
2661974
2670144
2673122
2674118
2674658
2677008
2681798
2684849
2693604
2737080
2834335
2856384
2865982
2866177
2875100
2876619
2883228
2887626
2904456
2933028
2987645
3009177
3052431
3057324
3058587
3082631
3097461
3111504
3123262
3142844
3142852
3143587
3155373
3170491
3182460
3246211
3288343
3294812
3304340
3307765
3309150
3309157
3320374
3356622
3379068
3511939
3520232
3521585
3527060
3539044
3542973
3551824
3553184
3555152
3610900
3708628
3800975
3884601
3885852
3891331
3894673
3900037
3903440
3904726
3907571
3911003
3911898
3913845
3923044
3927003
3938832
3940006
4099781
4108650
4113124
4145197
4145798
4146916
4147736
4148761
4149514
4155268
4156359
4208284
4213265
4218945
4309671
4311826
4312399
4315134
4331387
4339338
4342213
4342813
4355907
4360018
4360220
4365579
4366025
4366026
4366250
4366363
4368172
4373523
4376143
4376942
4376962
4385438
4392284
4397484
4402781
4409939
4414837
4415279
4461583
4486486
4504333
4510718
4552466
4553144
4561388
4618214
4618776
4618777
4622793
4648542
4654235
4717925
4731640
4741546
4762920
4786531
4828191
4902692
4917184
4918138
4942448
4961352
4985031
4987140
4993954
4996963
5031559
5049019
5067026
5071389
5085268
5096065
5150159
5201011
5206600
5305796
5309907
5318717
5367412
5387507
5415254
5459938
5492657
5499969
5507650
5507651
5531172
5637838
5704823
5748362
5767044
5783912
5829964
5914339
5963343
6029730
6029731
6035518
6090399
6102550
6102984
6104810
6109705
6111558
6120931
6120932
6125499
6129565
6150608
6168281
6174332
6181051
6181135
6195306
6198364
6216394
6234774
6239009
6249789
6257644
6262736
6272710
6275000
6275001
6318054
6323321
6330041
6343791
6345545
6345576
6347115
6349627
6352688
6353539
6361501
6363529
6365790
6367774
6370136
6372773
6389699
6389768
6389878
6395803
6418543
6420186
6427172
6429238
6442120
6449602
6450749
6458274
6573310
6633277
6733554
6754551
6762661
6783624
6787021
6791736
6804238
6805159
6812626
6838572
6888963
6975269
6979804
6986357
6988402
6988406
6988484
6989955
6990918
6992718
6992732
6998145
6999122
7000023
7002546
7002553
7007315
7014774
7016536
7022143
7024241
7024243
7026533
7026984
7028747
7031252
7031438
7033466
7034772
7036990
7037395
7037396
7039521
7043077
7043213
7057028
7498006
7559338
7559339
7565414
7590328
7642513
7704833
7706211
7710328
7721685
7754395
7765483
7768865
7803333
7813887
7855593
7883720
7896709
7909161
7916727
8017916
8064866
8071230
8071231
8080832
8121412
8144447
8166630
8185833
8288539
8289319
8318888
8318889
8335248
8384447
8394313
8407801
8427633
8458252
8458853
8458854
8522506
8529872
8535259
8572682
8581158
8611523
8647101
8702515
8706719
8710829
8718850
8808929
8808930
8918819
8938644
8997710
9060164
9201965
9209019
9282508
9309218
9457858
9457859
9457860
9495755
9524276
9558361
9614460
9661793
9696779
9741889
9758274
9758795
9783428
9821674
9922258
9922277
10194322
10363206
10363845
10400599
10403130
10427049
10449046
10450122
10499145
10500143
10555581
10651638
10661885
10739472
10753863
10820010
10852883
10913264
10944536
11015224
11114933
11114934
11126812
11133958
11165116
11173473
11274137
11289508
11370281
11425224
11591723
11594743
11666566
11673431
11767115
11807281
11839250
11945261
11958934
12121941
12446647
12511519
12800494
12829297
12858918
13115591
13301712
13483584
13952353
14061327
14106345
14749331
15060625
15134926
15471144
15505717
15636188
15689631
15701689
15866948
16169859
16174737
16244137
16345600
16346119
16347143
16347189
16349000
16461709
16700560
16937256
17041056
17279933
17596189
17711301
17897377
18553868
18555404
18590548
18823937
19108244
19571412
19802975
20062610
20177467
20207756
20471910
20533838
20606272
20726341
20818094
21939280
22196017
22369361
22557219
22844213
22962938
23445708
23450086
23797863
23960775
24232421
24421184
24839409
25191756
25459708
25477926
25594724
26241826
26401965
26443507
26852122
26927842
27066943
27181169
27271892
28004186
28095182
28697587
28794987
29472325
29576318
29616001
29799847
29926705
30390530
30569971
30613897
30716339
30894105
30910904
31128286
31139264
31262670
31285232
31319017
31376446
31420934
31508405
31551197
31594809
31606242
31695447
31853191
31904320
31915216
32110068
32139745
32168785
32179139
32185177
32229490
32240942
32249276
32269151
32387260
32397394
32417206
32446039
32493786
32522829
32527700
32528441
32545716
32558500
32571821
32685139
32712659
32714282
32721602
32735763
32803348
32809087
32829583
32860896
32994483
33027413
33072469
33090918
33099798
33116675
33139285
33191523
33254232
33271655
33338110
33347990
33408227
33426830
33434009
33438033
33478993
33489789
33505372
33531386
33541880
33598204
33621045
33669790
33682626
33718321
33770124
33781999
33964492
33967971
34003309
34037848
34051402
34058587
34062286
34134705
34199546
34302505
34305354
34346701
34350523
34378656
34409124
34455803
34456285
34485641
34522976
34547421
34584536
34594307
34635692
34637441
34645409
34676806
34760810
34827214
34835304
34861562
34896662
34951498
34971630
35036469
35052952
35107363
35155809
35211451
35218872
35297681
35326874
35369484
35416695
35421055
35467829
35495715
35504161
35565868
35566452
35701696
35710940
35718266
35760303
35840919
35878916
35884172
35889968
35895832
35991388
36002561
36003075
36009996
36033884
36037044
36075400
36091350
36147219
36173819
36290050
36380193
36384899
36402309
36421273
36444069
36477445
36625570
36651778
36748600
36789714
36847340
36864600
36879495
36881325
36914977
36919079
36925481
36933555
36936237
36940049
36942066
36982388
36986333
37014210
37022170
37049972
37107092
37107137
37176927
37187112
37209775
37241995
37244558
37250059
37270730
37288869
37291762
37317305
37333657
37387372
37485537
37584890
37585867
37623934
37640720
37653407
37744921
37770629
37877962
37887763
37937260
37974294
38003787
38005278
38007748
38036965
38122874
38134478
38160991
38258553
38286197
38296537
38302964
38326958
38360618
38364524
38367844
38387957
38426065
38451087
38458455
38460750
38500581
38503805
38535807
38560776
38561312
38647986
38670644
38674079
38700350
38711045
38731634
38763331
38784798
38792038
38801953
38847006
38892345
38895551
38927197
38946899
38951769
38954199
38972366
38974314
38976018
38999788
39003033
39040254
39056512
39065516
39082178
39137112
39162486
39171260
39171628
39207655
39283918
39311133
39315804
39318723
39331631
39354545
39356395
39369984
39412600
39439940
39462602
39503481
39510282
39554329
39568993
39570052
39574001
39592134
