7537074
8808948
8863429
9097422
9119205
9157492
9246779
9286987
9404508
9580499
9608749
9611789
9717299
9830137
9889328
9925610
10077848
10087217
10366531
10376841
10499282
10542163
10555321
10733246
10754258
10791713
10791756
10792516
10827275
10849183
10898622
11004183
11004399
11021586
11021589
11101677
11118596
11240200
11271417
11282618
11298233
11472520
11499946
11506916
11545277
11591140
11605985
11727034
11782525
11927990
11929295
11984636
12076806
12147078
12450832
12534807
12631210
12670174
12672588
12676672
12677361
12680949
12732516
12770702
12781962
12859768
12878389
12903972
14504693
14529177
14529184
14532031
14608457
14711527
14714193
14734166
14746542
14768022
14967557
15027801
15028706
15033264
15053521
15078536
15128528
15135953
15189287
15212790
15231388
15246241
15262949
15454314
15476968
15476975
15486711
15574919
15617800
15649534
15715868
15727836
15752331
15823051
15826054
15869969
15878403
15939575
15950306
15960670
15971096
16012836
16033464
16077106
16081179
16084618
16088344
16108798
16108800
16125008
16151074
16171980
16186622
16232866
16248578
16271350
16278055
16316734
16332898
16366706
16380184
16416914
16467990
16472556
16496581
16553726
16621641
16626824
16703280
16723015
16775752
16794770
16869898
16876896
16882148
16882156
16912850
16978354
17012559
17056681
17160362
17209816
17235561
17265869
17320991
17320992
17367681
17406856
17530768
17610976
17650209
17828602
17927746
17939736
17943334
17944859
17958552
17981964
17993382
17993383
17993526
18065614
18081776
18207599
18217924
18317828
18469121
18501594
18573560
18590246
18635281
18707788
18713288
18757795
18850096
18954734
19025576
19099460
19114515
19120635
19141041
19151972
19160811
19171263
19204895
19218413
19219988
19226398
19241529
19269579
19302100
19376463
19435249
19441818
19446351
19459945
19614854
19659698
19664556
19685470
19695726
19733929
19734337
19809259
19836849
19913706
19919115
19919120
20035369
20051306
20111862
20217079
20361233
20386953
20408255
20452078
20492153
20510789
20546310
20553034
20578762
20598766
20668406
20696488
20869309
20922375
20926151
20935116
20935119
20972699
20973880
21095085
21169445
21204877
21243086
21295882
21461745
21779812
21814807
21819657
21870044
22020640
22023396
22029925
22029926
22101413
22119266
22120647
22126083
22133745
22150460
22189021
22235313
22260113
22261868
22277696
22328255
22360742
22365346
22417710
22452826
22453805
22489202
22542027
22608220
22608229
22652194
22666442
22748149
22805835
22805923
22809637
22850371
22863143
22897221
22924897
23035128
23053071
23080189
23122500
23125148
23134121
23139835
23196745
23216623
23279568
23295479
23385476
23411274
23416549
23427009
23446978
23497881
23524676
23546829
23558200
23628614
23685477
23728816
23870877
23994162
24010607
24032574
24112620
24206231
24290630
24290654
24292082
24372266
24400529
24459842
24573368
24583599
24584255
24627302
24633582
24680282
24752716
24766658
24901216
24929723
24929730
24948914
24994801
25084666
25123413
25142694
25173918
25248866
25285490
25315101
25342687
25419200
25462933
25479060
25542841
25555740
25625911
25672845
25728037
25752218
25846918
25866789
25897995
25920369
25977455
26016849
26187832
26197706
26272563
26294376
26338126
26347718
26452552
26497010
26593581
26611165
26742612
26801155
26820246
26873388
27104664
27118061
27199942
27211619
27318622
27348346
27379072
27405438
27542469
27554142
27581841
27697166
27746771
27765012
27864168
27877164
27889506
27905883
27939529
27940412
28182290
28189899
28199009
28356170
28375583
28424673
28430940
28520328
28530577
28581736
28642742
28651079
28667570
28674927
28688370
28734048
28830095
28878748
28889055
28900232
29150706
29195894
29195994
29358132
29359265
29377375
29491847
29526200
29545779
29579921
29628914
29715451
29780378
29807290
29853390
29904988
29905939
29946314
30015445
30047084
30064736
30174668
30237792
30372931
30377839
30409644
30533887
30533896
30554282
30619203
30648191
30685079
30788540
30797368
30885323
30918501
31046679
31054697
31289974
31293541
31294028
31355966
31375489
31388732
31443334
31504471
31546648
31549433
31656955
31697220
31703880
31781078
31875958
32038510
32125714
32365869
32375393
32434125
32517918
32527485
32570784
32619943
32711276
32731627
32851484
32971933
32972928
33035240
33071319
33140503
33159330
33202298
33213034
33268169
33288165
33450937
33494893
33519734
33587641
33670332
33921151
33923461
34106310
34116760
34119090
34210310
34359413
34474175
34579855
34612664
34630353
34650537
34683471
34694447
34809937
34844030
34895934
35082064
35290839
35407098
35456845
35604565
35635990
35690442
35716166
35761547
35885250
35940798
36010455
36061409
36179497
36258662
36276244
36298838
36673367
36893970
36906299
36970676
37202540
37270987
37332959
37387409
37498437
37534487
37597274
37919010
37923897
38088572
38225057
38231611
38249489
38277869
38342547
38633743
38890935
38945625
38998544
39121781
39126090
39342090
7537074
8808948
8863429
9097422
9119205
9157492
9246779
9286987
9404508
9580499
9608749
9611789
9717299
9830137
9889328
9925610
10077848
10087217
10366531
10376841
10499282
10542163
10555321
10733246
10754258
10791713
10791756
10792516
10827275
10849183
10898622
11004183
11004399
11021586
11021589
11101677
11118596
11240200
11271417
11282618
11298233
11472520
11499946
11506916
11545277
11591140
11605985
11727034
11782525
11927990
11929295
11984636
12076806
12147078
12450832
12534807
12631210
12670174
12672588
12676672
12677361
12680949
12732516
12770702
12781962
12859768
12878389
12903972
14504693
14529177
14529184
14532031
14608457
14711527
14714193
14734166
14746542
14768022
14967557
15027801
15028706
15033264
15053521
15078536
15128528
15135953
15189287
15212790
15231388
15246241
15262949
15454314
15476968
15476975
15486711
15574919
15617800
15649534
15715868
15727836
15752331
15823051
15826054
15869969
15878403
15939575
15950306
15960670
15971096
16012836
16033464
16077106
16081179
16084618
16088344
16108798
16108800
16125008
16151074
16171980
16186622
16232866
16248578
16271350
16278055
16316734
16332898
16366706
16380184
16416914
16467990
16472556
16496581
16553726
16621641
16626824
16703280
16723015
16775752
16794770
16869898
16876896
16882148
16882156
16912850
16978354
17012559
17056681
17160362
17209816
17235561
17265869
17320991
17320992
17367681
17406856
17530768
17610976
17650209
17828602
17927746
17939736
17943334
17944859
17958552
17981964
17993382
17993383
17993526
18065614
18081776
18207599
18217924
18317828
18469121
18501594
18573560
18590246
18635281
18707788
18713288
18757795
18850096
18954734
19025576
19099460
19114515
19120635
19141041
19151972
19160811
19171263
19204895
19218413
19219988
19226398
19241529
19269579
19302100
19376463
19435249
19441818
19446351
19459945
19614854
19659698
19664556
19685470
19695726
19733929
19734337
19809259
19836849
19913706
19919115
19919120
20035369
20051306
20111862
20217079
20361233
20386953
20408255
20452078
20492153
20510789
20546310
20553034
20578762
20598766
20668406
20696488
20869309
20922375
20926151
20935116
20935119
20972699
20973880
21095085
21169445
21204877
21243086
21295882
21461745
21779812
21814807
21819657
21870044
22020640
22023396
22029925
22029926
22101413
22119266
22120647
22126083
22133745
22150460
22189021
22235313
22260113
22261868
22277696
22328255
22360742
22365346
22417710
22452826
22453805
22489202
22542027
22608220
22608229
22652194
22666442
22748149
22805835
22805923
22809637
22850371
22863143
22897221
22924897
23035128
23053071
23080189
23122500
23125148
23134121
23139835
23196745
23216623
23279568
23295479
23385476
23411274
23416549
23427009
23446978
23497881
23524676
23546829
23558200
23628614
23685477
23728816
23870877
23994162
24010607
24032574
24112620
24206231
24290630
24290654
24292082
24372266
24400529
24459842
24573368
24583599
24584255
24627302
24633582
24680282
24752716
24766658
24901216
24929723
24929730
24948914
24994801
25084666
25123413
25142694
25173918
25248866
25285490
25315101
25342687
25419200
25462933
25479060
25542841
25555740
25625911
25672845
25728037
25752218
25846918
25866789
25897995
25920369
25977455
26016849
26187832
26197706
26272563
26294376
26338126
26347718
26452552
26497010
26593581
26611165
26742612
26801155
26820246
26873388
27104664
27118061
27199942
27211619
27318622
27348346
27379072
27405438
27542469
27554142
27581841
27697166
27746771
27765012
27864168
27877164
27889506
27905883
27939529
27940412
28061327
28182290
28189899
28199009
28356170
28375583
28424673
28430940
28520328
28530577
28581736
28642742
28651079
28667570
28674927
28688370
28734048
28830095
28878748
28889055
28900232
29150706
29195894
29195994
29358132
29359265
29377375
29491847
29526200
29545779
29579921
29628914
29715451
29780378
29807290
29853390
29904988
29905939
29946314
30015445
30047084
30064736
30174668
30237792
30372931
30377839
30409644
30533887
30533896
30554282
30619203
30648191
30685079
30788540
30797368
30885323
30918501
31046679
31054697
31289974
31293541
31294028
31355966
31375489
31388732
31443334
31504471
31546648
31549433
31656955
31697220
31703880
31781078
31875958
32038510
32125714
32365869
32375393
32434125
32517918
32527485
32539970
32570784
32619943
32711276
32731627
32851484
32971933
32972928
33035240
33071319
33140503
33159330
33202298
33213034
33268169
33288165
33450937
33494893
33519734
33587641
33670332
33921151
33923461
34106310
34116760
34119090
34210310
34359413
34474175
34579855
34612664
34630353
34650537
34683471
34694447
34809937
34844030
34895934
35082064
35290839
35407098
35456845
35604565
35635990
35690442
35716166
35761547
35885250
35940798
36010455
36061409
36179497
36258662
36276244
36298838
36673367
36893970
36906299
36970676
37202540
37270987
37332959
37387409
37498437
37534487
37597274
37919010
37923897
38088572
38225057
38231611
38249489
38277869
38342547
38633743
38890935
38945625
38998544
39121781
39126090
39342090
