45589
301419
309340
363973
595268
644801
807620
1313622
1317689
1362584
1400420
1412422
1432301
1433136
1439214
1447058
1462345
1490593
1536064
1554766
1587602
1604787
1616981
1616988
1730489
1774266
1790214
1800912
1814189
1879478
1879937
1889041
1890177
1892937
1927255
1949505
1949547
1971617
1977767
1979331
2024436
2034898
2037239
2039790
2063536
2094457
2146855
2199755
2222362
2230181
2234313
2249710
2249711
2272877
2300710
2306668
2306669
2306672
2319635
2353447
2373874
2385312
2394850
2399640
2480359
2492258
2497004
2619656
2652899
2658296
2750048
2751936
2760276
2774319
2774320
2776849
2800308
2802297
3057718
3176314
3181015
3202064
3212282
3212289
3218040
3353625
3355456
3401056
3452149
3453268
3453269
3531022
3570967
3585034
3603534
3604835
3617416
3669604
3672850
3673579
3727362
3742369
3774705
3791079
3962101
3962102
3968934
4064626
4071952
4090905
4792015
5115539
6464322
6490489
6495639
6511877
6516848
6523679
6665975
6680774
6735486
6740884
6780111
6835158
6839111
6874916
7088829
7141961
7391667
7434543
7451960
7483907
7494042
7494057
7499414
7499882
7534206
7540630
7559986
7571366
7578444
7578463
7578464
7597863
7601850
7649432
7701857
7709569
7726767
7729910
7740861
7747410
7763446
7773923
7801524
7817019
7889463
7894710
7894711
7894987
7913118
7914782
7918949
7925669
7928781
7948202
7948203
7954125
7961660
7985376
8044666
8051253
8076284
8122443
8125242
8126422
8134911
8135015
8143253
8150982
8168935
8219510
8236779
8263173
8335363
8357920
8370749
8373848
8399744
8407494
8431800
8431805
8432325
8440715
8447081
8527150
8533226
8586593
8685881
8704963
8741273
8749174
8751914
8795206
8801025
8825999
8828126
8828129
8844576
8856318
8861871
8883345
8895773
8913474
8914256
8915993
8921739
8922583
8923718
8926123
8936310
8953533
9026068
9026083
9028599
9035085
9078819
9114379
9119200
9145747
9157616
9163491
9167881
9197542
9220613
9266659
9271866
9274146
9286040
9311838
9331736
9331779
9331780
9342451
9378053
9387239
9431912
9442935
9442945
9451461
9467925
9493370
9544779
9595627
9669870
9682433
9718208
9731300
9734065
9780828
9802198
9809426
9810623
9851001
9885132
9889219
9889228
10085014
10088715
10200888
10321013
10369563
10414368
10449468
10456911
10483574
10488168
10499276
10518040
10534006
10561950
10564796
10568806
10568807
10580652
10596804
10639427
10690771
10696482
10699012
10714643
10755591
10808092
10816840
10826835
10858208
10906268
10931895
10973700
11050742
11073075
11108454
11118739
11133943
11143496
11158088
11158344
11179384
11205632
11238204
11249023
11252506
11254643
11258725
11265194
11265998
11280375
11312360
11322824
11334073
11352347
11390114
11400731
11407913
11423197
11471845
11476040
11480519
11480520
11480521
11480526
11487230
11503376
11503579
11506472
11514530
11561816
11571190
11574176
11591139
11705935
11708601
11731168
11796113
11804263
11807057
11814322
11821922
11825957
11825980
11844622
11851806
11854216
11858652
11860827
11876746
11889115
11890569
11899092
11931181
11989739
12052342
12117940
12121040
12121045
12148622
12149353
12161400
12173538
12188400
12202563
12238391
12351836
12354864
12364372
12374361
12385746
12418779
12423038
12446626
12501248
12528829
12557357
12583901
12589957
12620382
12620620
12644236
12693768
12695044
12714914
12726767
12777481
12791259
12791872
12806930
12823280
12878547
12884827
12889730
12902232
12955311
12971528
14500539
14505409
14533464
14560446
14637045
14688145
14742520
14967232
14977949
15081812
15102828
15120159
15145504
15198317
15231806
15243078
15272867
15288930
15298052
15322029
15352553
15381263
15381266
15458489
15465260
15584427
15588085
15627526
15629953
15659665
15708813
15727818
15731876
15780575
15784568
15795078
15817754
15817788
15845530
15880226
15916083
15955288
15989134
16011521
16023529
16029935
16031317
16091046
16145171
16182470
16187555
16201935
16211137
16271834
16279208
16279210
16283918
16321218
16324819
16342770
16368985
16385025
16387456
16431041
16471204
16471205
16471206
16471207
16471208
16507253
16508905
16526227
16584289
16594733
16607454
16639941
16690131
16706792
16707046
16714092
16762264
16774789
16781680
16792081
16792880
16860513
16889958
16933560
16965698
16980462
16997323
17026794
17037069
17057090
17085699
17116660
17157941
17172018
17172524
17186962
17193877
17243023
17275218
17296252
17302162
17307800
17317601
17339121
17375201
17397935
17422123
17423401
17423402
17423592
17423633
17423925
17424026
17424186
17424258
17479770
17483264
17483379
17488596
17492568
17537813
17555039
17555040
17567767
17598998
17609343
17623698
17641051
17692141
17803514
17850719
17854470
17893125
17939392
17944378
17953382
17954016
17964204
18005162
18022935
18062263
18068316
18081191
18175719
18176787
18212084
18242013
18252026
18258097
18271262
18272412
18338579
18343047
18349370
18365920
18371070
18385849
18403138
18405339
18420981
18439362
18459929
18460794
18461172
18474639
18476581
18499362
18505187
18512456
18538852
18539785
18552126
18554303
18554407
18554861
18557523
18565698
18573893
18590238
18630869
18644352
18671137
18672627
18676101
18678951
18685014
18686301
18686855
18686873
18716756
18723622
18723720
18753081
18757800
18762393
18774148
18776085
18785481
18788527
18788540
18801041
18803762
18804885
18835496
18839251
18956225
18956681
18956763
18958507
18984036
18990186
18997324
19016627
19024502
19039059
19046337
19046523
19061494
19100324
19109449
19125779
19150475
19158260
19173936
19173979
19176490
19177572
19181815
19185432
19191650
19191874
19210676
19230589
19244430
19267155
19271540
19275779
19303725
19322715
19372168
19383119
19403208
19413493
19447571
19459970
19473247
19484301
19493004
19493012
19505730
19538458
19543404
19558750
19596417
19596529
19603075
19610031
19617363
19619964
19637623
19642376
19648324
19661209
19673416
19687041
19709818
19712640
19733402
19744553
19765272
19784922
19784934
19795992
19800823
19842437
19848587
19850619
19860257
19915034
19944142
20044219
20052283
20071175
20079873
20133089
20146817
20154309
20206250
20210549
20302714
20307645
20357962
20358139
20386910
20402782
20448902
20450073
20499650
20522493
20525333
20539860
20540558
20554247
20555393
20567978
20598597
20618684
20624451
20627391
20629970
20656083
20663617
20675439
20693665
20696031
20696539
20696603
20738400
20739502
20795872
20824277
20832201
20869401
20876287
20885835
20932586
20937098
20947575
21030165
21041043
21056572
21077428
21088176
21093574
21115784
21133988
21134439
21148736
21149588
21168147
21197232
21204001
21204925
21204934
21208459
21219342
21244532
21255946
21257530
21262710
21329323
21349980
21362190
21368558
21398551
21408132
21414190
21429596
21430962
21454858
21464930
21474987
21479213
21481309
21487937
21492192
21498962
21529392
21537402
21554741
21558006
21562074
21572001
21586311
21592385
21599948
21604553
21611125
21621932
21624352
21629419
21635729
21672261
21673039
21683799
21713002
21715110
21721048
21722528
21731180
21736719
21742906
21767591
21767702
21778266
21779197
21784944
21811583
21839825
21849289
21908601
21909833
21924346
21930876
21942651
21966396
21984241
22014373
22026465
22055206
22083785
22092812
22092814
22124659
22133708
22172538
22203565
22210137
22228730
22253884
22275909
22282767
22304764
22324994
22363601
22382820
22384161
22424868
22436471
22446127
22494561
22504441
22514606
22515033
22516423
22521569
22523518
22524407
22526567
22526676
22556325
22558240
22558419
22563422
22563452
22607903
22646062
22662232
22667178
22670712
22701353
22705228
22710115
22730961
22754099
22799215
22803342
22842152
22865115
22872789
22875885
22878504
22897764
22911688
22918870
22937883
22946506
22949621
22984550
23021642
23050094
23055041
23105076
23114173
23122510
23166552
23177911
23184929
23192319
23222863
23222864
23224348
23226442
23242855
23242963
23243300
23245487
23249177
23274986
23277341
23277698
23282499
23292102
23326601
23376803
23405352
23416996
23463517
23465548
23489297
23509145
23509865
23527301
23527632
23571534
23587535
23593467
23618796
23622489
23643163
23650171
23678574
23683342
23720795
23721843
23722851
23724118
23725747
23728809
23733472
23738656
23743601
23746237
23747686
23774593
23814033
23856333
23876933
23884995
23893919
23935843
23951285
23985415
24031450
24031918
24036179
24069329
24082069
24095145
24096107
24097324
24120016
24179118
24222615
24248169
24248172
24248173
24271178
24285845
24309129
24316490
24324385
24342108
24366733
24370626
24378133
24426158
24446521
24458764
24495985
24503649
24515729
24530923
24549326
24554632
24556915
24574288
24589104
24632262
24637959
24642967
24654559
24655418
24667807
24670993
24673665
24680501
24686060
24688133
24688177
24696517
24708855
24719433
24726078
24734186
24759092
24796751
24800681
24813303
24815385
24832804
24833053
24837878
24881269
24885389
24916441
24957086
24959701
24959754
24968201
24968305
24973067
24974216
24989484
24996230
25054015
25056323
25060787
25125641
25160908
25161959
25179447
25200597
25203963
25220429
25229648
25241621
25264876
25272814
25281472
25285249
25320381
25340391
25355992
25359271
25360596
25367105
25374077
25384512
25385801
25385995
25416757
25417521
25434038
25454868
25457051
25458888
25525050
25526982
25537722
25575595
25579403
25620959
25624074
25625540
25659110
25667008
25673283
25673913
25689130
25726301
25737137
25752235
25784908
25789245
25805151
25806027
25820064
25824154
25825330
25852230
25862221
25862280
25886383
25891917
25903569
25906258
25916988
25924244
25928761
25935120
25973203
25997360
26038745
26043307
26056380
26056876
26056897
26064892
26069434
26085092
26110524
26125899
26133714
26138696
26142672
26151575
26167160
26170923
26210040
26211312
26220935
26222651
26238722
26253669
26259489
26266696
26272287
26283649
26297001
26299628
26303637
26347795
26347858
26365348
26366735
26375680
26381546
26418681
26420029
26424844
26424907
26424917
26427882
26435860
26441928
26446827
26455417
26468755
26483588
26484864
26502903
26505485
26534896
26540018
26543125
26583006
26611338
26618144
26636044
26643963
26662640
26666923
26709705
26719937
26732390
26744349
26774332
26781497
26821177
26821523
26831161
26838686
26861873
26870017
26876770
26883762
26900998
26912653
26918512
26932590
26946377
26954687
26974437
26980093
26999052
27021908
27033207
27041105
27065957
27066710
27070560
27077729
27102206
27104570
27113360
27127337
27131836
27148493
27149631
27180230
27213692
27217336
27220079
27229328
27231021
27231242
27255540
27256117
27270879
27282001
27304968
27314251
27315343
27342778
27348006
27349384
27349838
27357518
27373075
27376336
27379801
27381348
27399785
27409640
27423880
27427088
27433935
27449127
27450700
27455333
27458226
27473166
27477507
27481700
27491267
27491454
27509526
27520112
27524648
27531000
27539145
27541818
27553071
27586468
27603508
27617009
27648583
27666982
27689023
27694240
27697171
27716292
27738916
27756321
27774436
27795476
27800304
27812354
27816682
27821092
27830834
27834729
27847975
27869755
27905502
27978817
27995095
27997331
28046082
28057904
28058577
28061775
28066332
28078081
28078298
28081204
28092693
28093234
28100261
28102028
28104185
28104658
28110777
28131383
28164787
28166707
28191919
28194111
28212285
28219415
28220445
28250312
28257622
28274524
28292261
28314074
28319184
28326294
28327531
28348142
28362221
28373868
28373968
28379509
28402705
28407026
28425925
28456803
28473377
28516843
28536561
28567041
28619168
28620262
28622857
28629722
28632907
28642597
28670278
28670863
28676041
28701159
28705175
28706510
28719258
28729683
28733150
28736523
28753679
28757010
28823793
28824616
28840807
28848531
28852174
28865219
28888647
28894449
28924148
28932685
28939359
28953248
28970042
28980519
29022550
29022552
29029051
29033841
29085912
29094420
29122409
29139136
29148386
29159765
29184097
29187841
29203546
29209222
29247804
29253192
29268787
29284248
29316613
29316972
29352469
29361960
29387013
29417311
29427423
29429850
29458852
29471718
29479521
29481657
29519516
29519820
29536357
29559150
29575822
29575852
29593544
29596395
29599763
29614370
29616196
29619033
29624001
29627237
29635445
29659811
29666608
29678738
29685990
29713285
29731438
29756732
29773639
29774831
29778191
29791292
29797543
29867493
29868022
29877313
29884769
29886087
29899744
29903042
29910476
29913265
29922159
29934035
29934695
29938319
29942766
29949731
29970011
29973920
30001174
30001363
30010655
30014879
30017079
30030221
30031474
30080664
30105012
30111218
30153059
30165645
30182614
30190575
30197444
30209548
30210095
30221577
30280091
30287563
30294216
30304532
30306727
30315078
30355326
30373658
30389041
30408277
30427126
30428568
30459747
30528897
30541452
30543506
30555459
30581435
30582984
30597207
30599779
30605786
30606175
30629173
30629633
30642585
30653570
30663887
30676694
30682719
30687645
30687648
30714039
30759348
30807720
30809669
30814105
30814435
30824438
30834392
30855223
30861569
30862754
30863372
30863725
30872178
30902483
30917781
30936671
30944194
30944920
30954397
30955056
30955798
30957693
30981924
30985681
30992594
31014175
31017953
31030450
31039174
31069179
31080266
31095197
31137493
31138613
31166178
31170267
31171613
31176402
31178056
31178057
31179247
31213278
31216645
31232165
31243086
31260158
31262357
31285250
31287878
31289289
31309006
31314095
31327898
31340816
31387285
31422235
31469035
31499182
31500262
31500724
31506432
31532911
31551963
31584015
31600314
31614790
31619521
31635062
31650368
31659179
31660968
31665809
31684161
31709420
31711412
31727180
31742523
31748445
31756894
31778852
31785428
31801844
31806042
31816403
31817637
31818962
31823789
31829171
31837515
31843967
31845424
31866601
31874073
31877814
31881288
31881744
31902504
31905664
31905867
31932328
31936553
31948073
31967731
31981255
31988176
31993024
32012668
32017787
32021313
32029569
32098284
32106883
32121513
32122603
32146377
32171281
32175560
32223305
32249147
32273000
32288424
32306861
32325736
32342661
32350046
32355345
32363261
32373078
32381017
32381604
32391166
32419603
32429272
32443590
32488558
32514868
32518157
32525837
32580735
32582062
32605759
32614642
32641158
32654396
32674276
32687939
32704784
32704805
32722502
32747024
32747605
32750224
32752180
32765516
32768204
32772676
32786278
32796033
32815473
32818394
32824043
32825733
32847011
32868342
32881196
32887434
32897417
32907758
32922370
32961345
32961696
32977655
32996241
33069490
33125582
33137436
33138686
33161059
33181436
33214308
33217534
33230191
33233541
33238913
33249680
33292668
33313861
33316429
33318141
33329477
33372837
33396878
33404866
33425782
33429052
33445055
33446586
33481785
33512258
33546136
33546699
33561639
33574803
33575278
33603733
33604179
33618766
33639036
33640677
33648592
33669225
33669829
33671673
33673302
33673668
33674433
33709221
33731468
33743838
33751558
33753801
33762005
33763387
33771628
33792531
33809943
33841355
33849451
33852172
33884095
33892450
33915741
33945547
33964473
33965701
33980672
33991786
33991788
33997238
34020335
34028569
34069706
34072443
34077309
34137500
34147186
34147764
34181756
34182646
34182939
34189513
34204511
34204746
34208248
34223787
34223887
34247113
34256310
34304027
34305859
34327920
34335522
34338822
34343891
34344456
34351169
34357984
34378993
34381814
34409148
34424036
34433500
34439008
34442843
34451460
34469186
34475853
34490389
34490399
34491523
34493269
34559387
34562144
34565773
34573446
34578210
34597519
34608714
34623693
34635002
34666617
34666827
34675433
34684263
34699547
34706510
34709596
34713609
34748531
34749282
34787444
34796225
34800069
34835511
34835517
34854264
34856692
34866038
34871467
34871933
34882070
34888114
34896203
34907269
34923916
34924012
34932464
34946045
34947855
34957160
34960132
34973538
34975227
34987628
34991447
35003043
35011713
35019703
35022739
35036977
35044625
35057005
35063043
35067836
35082774
35087075
35114350
35127168
35139720
35155648
35155655
35170998
35175115
35203885
35210698
35211512
35283432
35303917
35311265
35326873
35326881
35354365
35386008
35391727
35397385
35397509
35413851
35430524
35456564
35458454
35464863
35465691
35481413
35481772
35504855
35509315
35510851
35528391
35540619
35552098
35560732
35563913
35595884
35625283
35630313
35630516
35638854
35686153
35686154
35711812
35733156
35743177
35743951
35745014
35752768
35758678
35805155
35853077
35867475
35878358
35886209
35889967
35898553
35900692
35903019
35910605
35913139
35921364
35926476
35969232
35978073
35984615
35992166
36031944
36041311
36054360
36077950
36087689
36118193
36139993
36143361
36145457
36146802
36163011
36173390
36204301
36204637
36221266
36225235
36227390
36287014
36298485
36301098
36302889
36304408
36326658
36355901
36371221
36399616
36430174
36439226
36439234
36439859
36449790
36450571
36475883
36498098
36504860
36507687
36510249
36548852
36556371
36595836
36602356
36604750
36620002
36659862
36669049
36671333
36671359
36677452
36677698
36678353
36689947
36717839
36726276
36776849
36790403
36804990
36809058
36830232
36830506
36835561
36846563
36864537
36875121
36896190
36913374
36916923
36975521
36977278
37005968
37009816
37010796
37026935
37070987
37085811
37103997
37108521
37108608
37111427
37113229
37120581
37125728
37149078
37154736
37174529
37174548
37180243
37193946
37212666
37212676
37217544
37237728
37243109
37250043
37250345
37263449
37264473
37269537
37269713
37312047
37363255
37367017
37368769
37384746
37390381
37391360
37481996
37498866
37513713
37525237
37531841
37542929
37545852
37560239
37570251
37602730
37605242
37621097
37624289
37627719
37634082
37641974
37643035
37655935
37685881
37734291
37762514
37783232
37788717
37790267
37798634
37808309
37832349
37857249
37861326
37864263
37867213
37887783
37894069
37894105
37904422
37930433
37951290
37958075
37963246
37965874
37990198
37992864
38003790
38010345
38023423
38024861
38026618
38033593
38035330
38040767
38056180
38063379
38068990
38070594
38075933
38087358
38113574
38136857
38150957
38153239
38164374
38170683
38230928
38241393
38250923
38250946
38251714
38251716
38261585
38268053
38276150
38280304
38305226
38309311
38309574
38311076
38317258
38317790
38321502
38331785
38338877
38394527
38396540
38400121
38406356
38407167
38407169
38439959
38450165
38456079
38504299
38509941
38536216
38543477
38543917
38547254
38566391
38568909
38578304
38582147
38595647
38608374
38625620
38635508
38640137
38651889
38663699
38666987
38671388
38672139
38683518
38694742
38694922
38703011
38715138
38728637
38731290
38758241
38779673
38792744
38793795
38806021
38808002
38827588
38852139
38884906
38884907
38884908
38884909
38884910
38884911
38884912
38884914
38884915
38884916
38886823
38906494
38930552
38938427
38945021
38968694
38980021
38989372
38998625
39031597
39052722
39053043
39080654
39086116
39111202
39116800
39127666
39156897
39170392
39198749
39200025
39220425
39242361
39258080
39281572
39282964
39287974
39294105
39297992
39309031
39313819
39330826
39330840
39332163
39334337
39334407
39334446
39338553
39340873
39346707
39351997
39377593
39402667
39406213
39406252
39418297
39443946
39458326
39511559
39543108
39543529
39553689
39603605
39604968
45589
301419
309340
363973
595268
644801
807620
1313622
1317689
1362584
1400420
1412422
1432301
1433136
1439214
1447058
1462345
1490593
1536064
1554766
1587602
1604787
1616981
1616988
1730489
1774266
1790214
1800912
1814189
1879478
1879937
1889041
1890177
1892937
1927255
1949505
1949547
1971617
1977767
1979331
2024436
2034898
2037239
2039790
2063536
2094457
2146855
2199755
2222362
2230181
2234313
2249710
2249711
2272877
2300710
2306668
2306669
2306672
2319635
2353447
2373874
2385312
2394850
2399640
2480359
2492258
2497004
2619656
2652899
2658296
2750048
2751936
2760276
2774319
2774320
2776849
2800308
2802297
3057718
3176314
3181015
3202064
3212282
3212289
3218040
3353625
3355456
3401056
3452149
3453268
3453269
3531022
3570967
3585034
3603534
3604835
3617416
3669604
3672850
3673579
3727362
3742369
3774705
3791079
3962101
3962102
3968934
4064626
4071952
4090905
4792015
5115539
6464322
6490489
6495639
6511877
6516848
6523679
6665975
6680774
6735486
6740884
6780111
6835158
6839111
6874916
7088829
7141961
7391667
7434543
7451960
7483907
7494042
7494057
7499414
7499882
7534206
7540630
7559986
7571366
7578444
7578463
7578464
7597863
7601850
7649432
7701857
7709569
7726767
7729910
7740861
7747410
7763446
7773923
7801524
7817019
7889463
7894710
7894711
7894987
7913118
7914782
7918949
7925669
7928781
7948202
7948203
7954125
7961660
7985376
8044666
8051253
8076284
8122443
8125242
8126422
8134911
8135015
8143253
8150982
8168935
8219510
8236779
8263173
8335363
8357920
8370749
8373848
8399744
8407494
8431800
8431805
8432325
8440715
8447081
8527150
8533226
8586593
8685881
8704963
8741273
8749174
8751914
8795206
8801025
8825999
8828126
8828129
8844576
8856318
8861871
8883345
8895773
8913474
8914256
8915993
8921739
8922583
8923718
8926123
8936310
8953533
9026068
9026083
9028599
9035085
9078819
9114379
9119200
9145747
9157616
9163491
9167881
9197542
9220613
9266659
9271866
9274146
9286040
9311838
9331736
9331779
9331780
9342451
9378053
9387239
9431912
9442935
9442945
9451461
9467925
9493370
9544779
9595627
9669870
9682433
9718208
9731300
9734065
9780828
9802198
9809426
9810623
9851001
9885132
9889219
9889228
10085014
10088715
10200888
10321013
10369563
10414368
10449468
10456911
10483574
10488168
10499276
10518040
10534006
10561950
10564796
10568806
10568807
10580652
10596804
10639427
10690771
10696482
10699012
10714643
10755591
10808092
10816840
10826835
10858208
10906268
10931895
10973700
11050742
11073075
11108454
11118739
11133943
11143496
11158088
11158344
11179384
11205632
11238204
11249023
11252506
11254643
11258725
11265194
11265998
11280375
11312360
11322824
11334073
11352347
11390114
11400731
11407913
11423197
11471845
11476040
11480519
11480520
11480521
11480526
11487230
11503376
11503579
11506472
11514530
11561816
11571190
11574176
11591139
11705935
11708601
11731168
11796113
11804263
11807057
11814322
11821922
11825957
11825980
11844622
11851806
11854216
11858652
11860827
11876746
11889115
11890569
11899092
11931181
11989739
12052342
12117940
12121040
12121045
12148622
12149353
12161400
12173538
12188400
12202563
12238391
12351836
12354864
12364372
12374361
12385746
12418779
12423038
12446626
12501248
12528829
12557357
12583901
12589957
12620382
12620620
12644236
12693768
12695044
12714914
12726767
12777481
12791259
12791872
12806930
12823280
12878547
12884827
12889730
12902232
12955311
12971528
14500539
14505409
14533464
14560446
14637045
14688145
14742520
14967232
14977949
15081812
15102828
15120159
15145504
15198317
15231806
15243078
15272867
15288930
15298052
15322029
15352553
15381263
15381266
15458489
15465260
15584427
15588085
15627526
15629953
15659665
15708813
15727818
15731876
15780575
15784568
15795078
15817754
15817788
15845530
15880226
15916083
15955288
15989134
16011521
16023529
16029935
16031317
16091046
16145171
16182470
16187555
16201935
16211137
16271834
16279208
16279210
16283918
16321218
16324819
16342770
16368985
16385025
16387456
16431041
16471204
16471205
16471206
16471207
16471208
16507253
16508905
16526227
16584289
16594733
16607454
16639941
16690131
16706792
16707046
16714092
16762264
16774789
16781680
16792081
16792880
16860513
16889958
16933560
16965698
16980462
16997323
17026794
17037069
17057090
17085699
17116660
17157941
17172018
17172524
17186962
17193877
17243023
17275218
17296252
17302162
17307800
17317601
17339121
17375201
17397935
17422123
17423401
17423402
17423592
17423633
17423925
17424026
17424186
17424258
17479770
17483264
17483379
17488596
17492568
17537813
17555039
17555040
17567767
17598998
17609343
17623698
17641051
17692141
17803514
17850719
17854470
17893125
17939392
17944378
17953382
17954016
17964204
18005162
18022935
18062263
18068316
18081191
18175719
18176787
18212084
18242013
18252026
18258097
18271262
18272412
18338579
18343047
18349370
18365920
18371070
18385849
18403138
18405339
18420981
18439362
18459929
18460794
18461172
18474639
18476581
18499362
18505187
18512456
18538852
18539785
18552126
18554303
18554407
18554861
18557523
18565698
18573893
18590238
18630869
18644352
18671137
18672627
18676101
18678951
18685014
18686301
18686855
18686873
18716756
18723622
18723720
18753081
18757800
18762393
18774148
18776085
18785481
18788527
18788540
18801041
18803762
18804885
18835496
18839251
18956225
18956681
18956763
18958507
18984036
18990186
18997324
19016627
19024502
19039059
19046337
19046523
19061494
19100324
19109449
19125779
19150475
19158260
19173936
19173979
19176490
19177572
19181815
19185432
19191650
19191874
19210676
19230589
19244430
19267155
19271540
19275779
19303725
19322715
19372168
19383119
19403208
19413493
19447571
19459970
19473247
19484301
19493004
19493012
19505730
19538458
19543404
19558750
19596417
19596529
19603075
19610031
19617363
19619964
19637623
19642376
19648324
19661209
19673416
19687041
19709818
19712640
19733402
19744553
19765272
19784922
19784934
19795992
19800823
19842437
19848587
19850619
19860257
19915034
19944142
20044219
20052283
20071175
20079873
20133089
20146817
20154309
20206250
20210549
20302714
20307645
20357962
20358139
20386910
20402782
20448902
20450073
20499650
20522493
20525333
20539860
20540558
20554247
20555393
20567978
20598597
20618684
20624451
20627391
20629970
20656083
20663617
20675439
20693665
20696031
20696539
20696603
20738400
20739502
20795872
20824277
20832201
20869401
20876287
20885835
20932586
20937098
20947575
21030165
21041043
21056572
21077428
21088176
21093574
21115784
21133988
21134439
21148736
21149588
21168147
21197232
21204001
21204925
21204934
21208459
21219342
21244532
21255946
21257530
21262710
21329323
21349980
21362190
21368558
21398551
21408132
21414190
21429596
21430962
21454858
21464930
21474987
21479213
21481309
21487937
21492192
21498962
21529392
21537402
21554741
21558006
21562074
21572001
21586311
21592385
21599948
21604553
21611125
21621932
21624352
21629419
21635729
21672261
21673039
21683799
21713002
21715110
21721048
21722528
21731180
21736719
21742906
21767591
21767702
21778266
21779197
21784944
21811583
21839825
21849289
21908601
21909833
21924346
21930876
21942651
21966396
21984241
22014373
22026465
22055206
22083785
22092812
22092814
22124659
22133708
22172538
22203565
22210137
22228730
22253884
22275909
22282767
22304764
22324994
22363601
22382820
22384161
22424868
22436471
22446127
22494561
22504441
22514606
22515033
22516423
22521569
22523518
22524407
22526567
22526676
22556325
22558240
22558419
22563422
22563452
22607903
22646062
22662232
22667178
22670712
22701353
22705228
22710115
22730961
22754099
22799215
22803342
22842152
22865115
22872789
22875885
22878504
22897764
22911688
22918870
22937883
22946506
22949621
22984550
23021642
23050094
23055041
23105076
23114173
23122510
23166552
23177911
23184929
23192319
23222863
23222864
23224348
23226442
23242855
23242963
23243300
23245487
23249177
23274986
23277341
23277698
23282499
23292102
23326601
23376803
23405352
23416996
23463517
23465548
23489297
23509145
23509865
23527301
23527632
23571534
23587535
23593467
23618796
23622489
23643163
23650171
23678574
23683342
23720795
23721843
23722851
23724118
23725747
23728809
23733472
23738656
23743601
23746237
23747686
23774593
23814033
23856333
23876933
23884995
23893919
23935843
23951285
23985415
24031450
24031918
24036179
24069329
24082069
24095145
24096107
24097324
24120016
24179118
24222615
24248169
24248172
24248173
24271178
24285845
24309129
24316490
24324385
24342108
24366733
24370626
24378133
24426158
24446521
24458764
24495985
24503649
24515729
24530923
24549326
24554632
24556915
24574288
24589104
24632262
24637959
24642967
24654559
24655418
24667807
24670993
24673665
24680501
24686060
24688133
24688177
24696517
24708855
24719433
24726078
24734186
24759092
24796751
24800681
24813303
24815385
24832804
24833053
24837878
24881269
24885389
24916441
24957086
24959701
24959754
24968201
24968305
24973067
24974216
24989484
24996230
25054015
25056323
25060787
25125641
25160908
25161959
25179447
25200597
25203963
25220429
25229648
25241621
25264876
25272814
25281472
25285249
25320381
25340391
25355992
25359271
25360596
25367105
25374077
25384512
25385801
25385995
25416757
25417521
25434038
25454868
25457051
25458888
25525050
25526982
25537722
25575595
25579403
25617190
25620959
25624074
25625540
25659110
25667008
25673283
25673913
25689130
25726301
25737137
25752235
25784908
25789245
25805151
25806027
25820064
25824154
25825330
25852230
25862221
25862280
25886383
25891917
25903569
25906258
25916988
25924244
25928761
25935120
25973203
25997360
26038745
26043307
26056380
26056876
26056897
26064892
26069434
26085092
26110524
26125899
26133714
26138696
26142672
26151575
26167160
26170923
26210040
26211312
26220935
26222651
26238722
26253669
26259489
26266696
26272287
26283649
26297001
26299628
26303637
26347795
26347858
26365348
26366735
26375680
26381546
26418681
26420029
26424844
26424907
26424917
26427882
26435860
26441928
26446827
26455417
26468755
26483588
26484864
26502903
26505485
26534896
26540018
26543125
26583006
26611338
26618144
26636044
26643963
26662640
26666923
26709705
26719937
26732390
26744349
26774332
26781497
26821177
26821523
26831161
26838686
26861873
26870017
26876770
26883762
26900998
26912653
26918512
26932590
26946377
26954687
26974437
26980093
26999052
27021908
27033207
27041105
27065957
27066710
27070560
27077729
27102206
27104570
27113360
27127337
27131836
27148493
27149631
27180230
27213692
27217336
27220079
27229328
27231021
27231242
27255540
27256117
27270879
27282001
27304968
27314251
27315343
27342778
27348006
27349384
27349838
27357518
27373075
27376336
27379801
27381348
27399785
27409640
27423880
27427088
27433935
27449127
27450700
27455333
27458226
27473166
27477507
27481700
27491267
27491454
27509526
27520112
27524648
27531000
27539145
27541818
27553071
27586468
27603508
27617009
27648583
27666982
27689023
27694240
27697171
27716292
27738916
27756321
27774436
27795476
27800304
27812354
27816682
27821092
27830834
27834729
27847975
27869755
27905502
27978817
27995095
27997331
28046082
28057904
28058577
28061775
28066332
28078081
28078298
28081204
28092693
28093234
28100261
28102028
28104185
28104658
28110777
28131383
28164787
28166707
28191919
28194111
28212285
28219415
28220445
28250312
28257622
28274524
28292261
28314074
28319184
28326294
28327531
28348142
28362221
28373868
28373968
28379509
28402705
28407026
28425925
28456803
28473377
28516843
28536561
28567041
28619168
28620262
28622857
28629722
28632907
28642597
28670278
28670863
28676041
28701159
28705175
28706510
28719258
28729683
28733150
28736523
28753679
28757010
28823793
28824616
28840807
28848531
28852174
28865219
28888647
28894449
28924148
28932685
28939359
28953248
28970042
28980519
29022550
29022552
29029051
29033841
29085912
29094420
29122409
29139136
29148386
29159765
29184097
29187841
29203546
29209222
29247804
29253192
29268787
29284248
29316613
29316972
29352469
29361960
29387013
29417311
29427423
29429850
29458852
29471718
29479521
29481657
29519516
29519820
29536357
29559150
29575822
29575852
29593544
29596395
29599763
29614370
29616196
29619033
29624001
29627237
29635445
29659811
29666608
29678738
29685990
29713285
29731438
29756732
29773639
29774831
29778191
29791292
29797543
29867493
29868022
29877313
29884769
29886087
29899744
29903042
29910476
29913265
29922159
29934035
29934695
29938319
29942766
29949731
29970011
29973920
30001174
30001363
30010655
30014879
30017079
30030221
30031474
30080664
30105012
30111218
30153059
30165645
30182614
30190575
30197444
30209548
30210095
30221577
30280091
30287563
30294216
30304532
30306727
30315078
30355326
30373658
30389041
30408277
30427126
30428568
30459747
30528897
30541452
30543506
30555459
30581435
30582984
30597207
30599779
30605786
30606175
30629173
30629633
30642585
30653570
30663887
30676694
30682719
30687645
30687648
30714039
30759348
30807720
30809669
30814105
30814435
30824438
30834392
30855223
30861569
30862754
30863372
30863725
30872178
30902483
30917781
30936671
30944194
30944920
30954397
30955056
30955798
30957693
30981924
30985681
30992594
31014175
31017953
31030450
31039174
31069179
31080266
31095197
31137493
31138613
31166178
31170267
31171613
31176402
31178056
31178057
31179247
31213278
31216645
31232165
31243086
31260158
31262357
31285250
31287878
31289289
31309006
31314095
31327898
31340816
31387285
31422235
31469035
31499182
31500262
31500724
31506432
31532911
31551963
31584015
31600314
31614790
31619521
31635062
31650368
31659179
31660968
31665809
31684161
31709420
31711412
31727180
31742523
31748445
31756894
31778852
31785428
31801844
31806042
31816403
31817637
31818962
31823789
31829171
31837515
31843967
31845424
31866601
31874073
31877814
31881288
31881744
31902504
31905664
31905867
31932328
31936553
31947746
31948073
31967731
31981255
31988176
31993024
32012668
32017787
32021313
32029569
32098284
32106883
32121513
32122603
32146377
32171281
32175560
32223305
32249147
32273000
32288424
32306861
32325736
32342661
32350046
32355345
32363261
32373078
32381017
32381604
32391166
32419603
32429272
32443590
32488558
32514868
32518157
32525837
32580735
32582062
32605759
32614642
32641158
32654396
32674276
32687939
32704784
32704805
32722502
32747024
32747605
32750224
32752180
32765516
32768204
32772676
32784433
32786278
32796033
32815473
32818394
32824043
32825733
32847011
32868342
32881196
32887434
32897417
32907758
32922370
32961345
32961696
32977655
32996241
33069490
33125582
33137436
33138686
33161059
33181436
33214308
33217534
33230191
33233541
33238913
33249680
33292668
33313861
33316429
33318141
33329477
33372837
33396878
33404866
33425782
33429052
33445055
33446586
33481785
33512258
33546136
33546699
33561639
33574803
33575278
33603733
33604179
33618766
33639036
33640677
33648592
33669225
33669829
33671673
33673302
33673668
33674433
33709221
33731468
33743838
33751558
33753801
33762005
33763387
33771628
33792531
33809943
33841355
33849451
33852172
33884095
33892450
33915741
33945547
33964473
33965701
33980672
33991786
33991788
33997238
34020335
34020719
34028569
34069706
34072443
34077309
34137500
34147186
34147764
34181756
34182646
34182939
34189513
34204511
34204746
34208248
34223787
34223887
34247113
34256310
34304027
34305859
34327920
34335522
34338822
34343891
34344456
34351169
34357984
34378993
34381814
34409148
34424036
34433500
34439008
34442843
34451460
34469186
34475853
34490389
34490399
34491523
34493269
34559387
34562144
34565773
34573446
34578210
34597519
34608714
34623693
34635002
34666617
34666827
34675433
34684263
34699547
34706510
34709596
34713609
34748531
34749282
34787444
34796225
34800069
34835511
34835517
34854264
34856692
34866038
34871467
34871933
34882070
34888114
34896203
34907269
34923916
34924012
34932464
34946045
34947855
34957160
34960132
34973538
34975227
34987628
34991447
35003043
35011713
35019703
35022739
35036977
35044625
35057005
35063043
35067836
35082774
35087075
35114350
35127168
35139720
35155648
35155655
35170998
35175115
35203885
35210698
35211512
35283432
35303917
35311265
35326873
35326881
35354365
35386008
35391727
35397385
35397509
35413851
35430524
35456564
35458454
35464863
35465691
35481413
35481772
35504855
35509315
35510851
35528391
35540619
35552098
35560732
35563913
35595884
35625283
35630313
35630516
35638854
35686153
35686154
35711812
35733156
35743177
35743951
35745014
35752768
35758678
35805155
35853077
35867475
35878358
35886209
35889967
35898553
35900692
35903019
35910605
35913139
35921364
35926476
35969232
35978073
35984615
35992166
36012224
36031944
36041311
36054360
36077950
36087689
36118193
36139993
36143361
36145457
36146802
36163011
36173390
36204301
36204637
36221266
36225235
36227390
36287014
36298485
36301098
36302889
36304408
36326658
36355901
36371221
36399616
36430174
36439226
36439234
36439859
36449790
36450571
36475883
36498098
36504860
36507687
36510249
36548852
36556371
36595836
36602356
36604750
36620002
36659862
36669049
36671333
36671359
36677452
36677698
36678353
36689947
36717839
36726276
36776849
36790403
36804990
36809058
36830232
36830506
36835561
36846563
36864537
36875121
36896190
36913374
36916923
36975521
36977278
37005968
37009816
37010796
37026935
37070987
37085811
37103997
37108521
37108608
37111427
37113229
37120581
37125728
37149078
37154736
37174529
37174548
37180243
37193946
37212666
37212676
37217544
37237728
37243109
37250043
37250345
37263449
37264473
37269537
37269713
37312047
37363255
37367017
37368769
37384746
37390381
37391360
37481996
37498866
37513713
37525237
37531841
37542929
37545852
37560239
37570251
37602730
37605242
37621097
37624289
37627719
37634082
37641974
37643035
37655935
37685881
37734291
37762514
37783232
37788717
37790267
37798634
37808309
37832349
37857249
37861326
37864263
37867213
37887783
37888553
37894069
37894105
37904422
37930433
37951290
37958075
37963246
37965874
37990198
37992864
38003790
38010345
38023423
38024861
38026618
38033593
38035330
38040767
38056180
38063379
38068990
38070594
38075933
38087358
38113574
38136857
38150957
38153239
38164374
38170683
38230928
38241393
38250923
38250946
38251714
38251716
38261585
38268053
38276150
38280304
38305226
38309311
38309574
38311076
38317258
38317790
38321502
38331785
38338877
38393102
38394527
38396540
38400121
38406356
38407167
38407169
38439959
38450165
38456079
38497494
38504299
38509941
38536216
38543477
38543917
38547254
38566391
38568909
38578304
38582147
38595647
38608374
38625620
38635508
38640137
38651889
38663699
38666987
38671388
38672139
38683518
38694742
38694922
38703011
38715138
38728637
38731290
38758241
38779673
38792744
38793795
38806021
38808002
38827588
38852139
38884906
38884907
38884908
38884909
38884910
38884911
38884912
38884914
38884915
38884916
38886823
38906494
38930552
38938427
38945021
38968694
38980021
38989372
38998625
39031597
39052722
39053043
39080654
39086116
39111202
39116800
39127666
39156897
39170392
39198749
39200025
39220425
39242361
39258080
39281572
39282964
39287974
39294105
39297992
39309031
39313819
39330826
39330840
39332163
39334337
39334407
39334446
39338553
39340873
39346707
39351997
39377593
39402667
39406213
39406252
39418297
39443946
39458326
39511559
39543108
39543529
39553689
39603605
39604968
