330861
364214
558335
1282312
1291314
1313002
1370848
1375929
1381326
1400961
1417342
1419543
1429305
1435261
1457031
1461153
1476963
1482158
1503433
1512182
1520207
1553432
1557899
1575669
1601075
1624127
1624417
1654431
1657855
1659309
1663930
1676383
1684981
1704004
1704793
1719020
1722078
1750964
1758009
1759819
1759828
1774247
1794366
1805043
1832048
1855976
1856171
1864947
1883083
1885571
1913357
1924280
1956293
2019754
2019755
2039197
2050397
2080967
2082036
2094455
2099622
2112122
2168151
2181024
2195067
2226498
2227365
2227449
2280012
2287716
2300025
2302354
2308529
2318805
2345912
2360966
2365455
2370114
2380360
2380381
2402249
2404960
2410445
2424932
2444577
2444578
2474628
2480360
2489074
2498268
2518646
2543277
2604587
2651685
2652954
2674635
2684204
2693070
2707852
2710556
2713136
2722741
2724920
2744860
2744863
2745680
2754001
2788111
2802563
2807533
2808214
2822671
2826396
2832375
2837404
2841293
2855308
2876913
2877615
2887078
2888744
2917618
2922502
2954818
2984981
3002237
3018039
3019983
3027020
3038005
3039302
3046640
3057769
3131983
3131984
3134202
3137280
3171548
3182416
3190204
3210481
3265462
3267894
3275320
3296648
3310881
3312015
3343302
3354164
3356790
3372398
3395182
3410956
3435114
3436679
3440456
3503963
3512731
3514359
3517036
3523697
3554203
3566434
3567742
3569775
3574158
3579261
3579268
3589638
3611317
3619428
3623701
3626926
3630712
3651881
3654939
3654950
3716108
3719459
3742356
3749726
3751807
3754264
3759232
3770943
3771747
3771769
3771772
3771774
3772734
3818099
3822876
3873216
3888109
3909739
3925041
3937729
3958146
3968449
3972990
3976311
3985597
3988340
3993275
3994377
3998098
3998099
4013751
4015088
4019737
4026287
4031520
4044793
4068889
4077962
4087160
4091531
6093690
6194994
6203838
6318666
6341405
6343426
6358249
6365954
6393616
6407829
6440410
6442333
6470096
6490829
6490850
6497123
6497139
6508265
6511880
6512027
6517542
6527123
6530531
6618667
6628376
6630466
6635345
6639033
6650962
6663060
6699144
6735483
6746886
6827141
6830213
6833802
6840847
6897896
7052224
7070993
7103488
7135771
7141696
7152677
7171243
7250751
7335487
7488346
7489910
7508460
7515043
7552696
7561196
7581046
7588831
7606191
7615717
7646423
7649203
7654064
7660078
7670638
7686183
7697522
7703010
7709191
7730270
7765441
7768766
7773246
7822229
7833319
7844892
7853867
7857809
7884224
7930724
7975201
8025686
8045890
8056285
8070288
8098328
8112360
8167428
8223663
8254319
8259031
8280958
8285708
8314996
8331072
8349707
8357250
8360165
8362107
8370538
8379970
8384814
8390812
8405932
8451879
8454192
8454598
8463402
8464049
8478115
8574410
8590689
8640005
8642012
8672221
8702554
8722540
8760925
8788998
8789000
8793884
8825781
8843305
8856371
8862022
8894399
8954352
8987720
9041429
9045845
9080607
9119448
9124862
9137747
9190817
9222038
9230411
9232616
9232618
9244248
9251750
9275637
9301992
9302201
9316909
9333055
9336905
9361442
9373952
9376053
9409516
9435091
9447907
9464397
9466737
9524671
9528123
9631530
9646454
9650959
9684510
9732442
9742707
9744762
9750306
9764551
9765558
9778457
9831648
9835543
9852767
9889235
9986804
10029919
10074506
10100900
10103243
10103261
10203548
10206715
10212441
10216458
10220884
10229951
10325325
10337238
10347015
10347040
10376486
10382871
10389249
10418097
10419264
10464475
10485265
10487641
10494431
10518720
10531231
10613882
10618103
10627993
10639348
10725058
10734265
10772214
10788372
10790125
10877815
10971678
10981681
10987179
11041145
11077971
11083762
11094296
11104668
11117647
11119166
11131886
11193345
11195660
11238214
11252796
11271763
11272874
11282587
11283056
11298244
11319108
11321120
11411703
11423205
11448558
11461915
11481294
11484421
11523593
11527505
11577152
11600397
11682549
11708831
11722889
11735301
11749144
11757422
11759087
11759758
11798419
11848556
11849513
11860082
11872483
11880429
11957308
11980961
12030285
12052557
12061661
12070692
12147072
12182488
12194770
12200329
12204377
12225560
12324366
12356234
12356792
12358702
12361288
12380757
12381150
12406231
12435503
12449248
12450810
12477440
12492931
12499176
12504607
12514068
12517869
12593931
12600003
12619802
12620821
12624030
12638844
12680938
12716884
12721318
12732579
12745378
12747688
12752808
12781527
12788747
12788755
12801003
12801013
12819098
12850159
12872469
12917241
12929818
12932741
12936999
12944122
14503704
14503735
14516706
14522100
14522511
14527799
14559174
14567422
14597005
14609457
14616724
14617187
14627278
14629001
14638490
14680705
14685548
14708992
14711482
14711629
14715757
14735214
14766560
14959785
14968951
14968953
14975667
15022385
15028665
15033267
15052357
15087179
15120725
15128721
15131162
15134291
15150326
15172691
15185189
15186451
15193803
15193806
15194845
15256024
15270502
15270504
15271389
15282123
15287872
15292134
15325430
15330269
15330523
15364471
15364980
15373879
15375107
15470128
15499812
15528512
15537699
15545485
15561873
15574903
15583280
15634992
15636755
15640184
15695658
15742694
15743900
15746327
15752345
15760424
15764195
15770093
15771166
15771168
15797819
15812015
15812025
15830662
15862456
15872261
15907569
15910229
15918485
15927294
15932973
15947425
15954621
15977557
15980346
15992304
15992313
16009278
16009280
16013502
16033459
16033460
16048946
16085801
16085819
16091850
16096687
16120460
16120604
16120624
16157618
16162138
16192435
16204541
16204551
16238642
16272508
16274501
16274505
16289952
16300080
16318913
16334275
16349140
16355821
16359189
16385134
16391087
16391133
16405695
16405702
16416896
16416897
16417178
16461682
16476798
16495275
16553289
16553723
16573682
16574349
16600306
16629016
16629018
16629019
16629722
16632003
16672489
16700706
16712997
16715799
16715810
16735430
16735431
16751519
16806554
16849726
16885327
16903479
16940070
16943025
16943028
16943349
16959506
16977842
16987400
16988006
16995511
16997982
17010041
17039849
17064774
17085893
17135525
17137050
17173232
17186659
17189444
17194550
17210776
17221125
17241349
17258435
17266723
17284250
17293500
17300899
17303391
17306054
17321701
17328805
17340869
17351673
17353111
17353243
17359440
17369335
17371878
17381734
17388043
17392353
17395329
17398132
17399832
17416693
17419285
17422650
17447091
17473499
17483380
17495096
17496947
17510271
17513579
17573935
17575175
17578422
17581001
17584467
17601030
17628357
17652470
17675288
17682919
17685629
17695593
17716763
17761333
17803154
17803155
17850712
17874359
17877226
17890022
17893173
17893805
17897201
17900077
17900078
17911389
17920274
17922816
17945022
17965346
17995842
18031331
18069980
18074419
18095434
18248435
18256225
18272350
18287287
18287317
18321203
18329712
18331520
18349363
18389707
18397331
18403712
18416128
18420993
18445405
18468043
18485677
18492293
18505206
18508146
18523397
18566143
18577626
18584243
18621865
18628588
18644884
18648064
18671733
18673073
18708520
18717884
18771516
18796306
18798025
18810862
18819448
18835052
18838597
18928068
18945505
19002726
19008526
19014274
19018956
19070381
19086420
19090796
19097580
19102788
19122923
19139242
19154343
19154485
19166063
19184798
19195264
19195703
19201124
19205462
19205463
19226383
19233897
19269051
19275496
19282391
19286781
19324444
19343935
19346343
19382600
19406805
19435220
19435241
19438640
19439549
19459438
19506058
19517815
19517816
19552770
19610342
19617370
19638163
19645360
19656785
19656982
19700557
19709341
19735321
19744989
19748428
19753795
19765787
19777882
19796124
19821742
19833779
19834099
19839759
19854914
19903413
19933351
19942377
19959629
19996696
20001328
20002571
20003729
20023098
20023103
20056117
20097815
20116182
20120926
20122383
20132561
20132668
20147396
20159735
20169919
20171250
20173061
20183201
20184450
20202332
20223048
20337762
20348308
20367499
20370506
20371855
20377962
20408911
20482228
20490760
20497488
20500084
20501032
20501042
20525862
20536735
20537260
20537275
20542202
20569487
20585060
20589152
20615345
20619560
20621373
20647243
20657617
20673261
20684867
20688752
20709846
20730490
20735175
20809975
20810765
20814861
20819352
20819353
20833787
20849393
20934530
20939742
20971875
20981547
21039133
21045366
21060246
21076488
21083823
21115658
21130125
21131089
21133777
21154058
21179537
21199137
21209172
21212120
21219724
21326356
21333141
21349563
21349598
21356447
21359592
21361150
21385089
21388301
21397412
21406364
21412204
21450419
21477470
21477476
21500644
21511349
21524195
21569927
21569937
21600037
21604309
21669066
21721403
21722746
21802224
21824372
21831540
21899961
21902913
21911571
21921217
22004823
22020515
22054193
22062415
22069154
22075596
22077228
22103704
22119516
22122991
22128641
22138985
22173192
22174372
22184452
22207868
22210758
22221350
22226753
22252360
22256961
22273455
22284308
22285201
22307299
22324770
22354794
22361460
22405465
22417513
22510058
22521447
22545960
22572123
22663186
22735845
22741576
22767048
22771183
22771419
22869568
22882347
22894063
22898609
22924522
22929701
22944072
22945232
22947465
22984540
22985716
22986057
22986295
23023744
23031645
23040119
23043825
23043834
23095083
23104296
23107507
23133454
23152553
23161768
23163916
23212005
23234730
23237371
23269979
23269980
23279096
23279811
23282197
23289436
23290239
23300314
23375869
23380949
23391315
23397840
23400735
23448294
23474610
23474652
23498189
23505699
23545445
23550907
23575134
23584778
23623467
23639726
23647786
23665722
23691584
23694835
23698529
23698698
23726203
23734204
23792232
23796116
23855904
23865047
23869938
23874996
23899774
23905805
23959310
23965921
23992794
24010733
24014733
24031386
24031861
24041998
24048539
24112278
24171567
24188185
24197884
24210812
24216328
24244747
24282937
24287853
24320689
24335515
24336384
24412959
24437705
24438451
24487529
24491895
24516435
24518626
24524824
24568882
24575212
24607425
24625865
24645512
24676150
24689432
24693660
24733154
24759726
24768104
24785983
24795320
24795322
24798507
24813626
24822116
24842142
24844559
24879708
24929879
24929880
24930011
24982085
24989612
25008814
25010255
25022434
25055637
25104301
25130097
25134901
25142966
25163418
25168177
25168717
25172927
25215191
25241688
25261524
25285484
25307769
25348335
25354466
25364917
25387294
25399105
25436507
25456607
25465999
25475290
25511436
25527031
25546065
25573127
25583335
25632475
25645207
25683191
25710161
25731001
25739421
25740779
25758166
25770597
25791007
25846926
25870073
25876274
25934617
25951401
26026881
26039573
26092707
26101080
26119190
26153978
26187833
26197289
26198111
26207145
26219363
26220191
26228635
26259566
26259768
26305157
26312374
26319731
26320936
26338188
26340229
26371330
26394042
26408129
26422448
26448305
26473668
26482295
26518609
26519770
26531157
26552121
26568567
26580432
26582606
26627197
26658311
26678136
26686808
26689587
26694450
26749592
26752227
26779841
26841300
26842400
26873321
26902211
26938455
26962088
26976901
26988047
26988048
26996762
26999516
27047055
27052025
27061601
27068149
27109214
27127589
27145048
27154456
27161640
27206561
27208097
27237112
27244295
27257607
27303676
27307458
27324772
27350611
27362482
27373751
27413761
27481928
27494415
27519265
27540063
27552785
27593510
27602434
27635012
27695451
27701619
27733632
27746777
27766896
27770505
27795285
27795478
27800028
27822247
27847427
27854542
27860343
27872721
27910897
27915251
28056838
28061877
28115906
28119318
28160162
28180312
28186558
28194914
28196097
28217442
28221919
28234305
28264854
28282226
28339716
28342148
28365923
28371319
28376713
28396658
28411226
28414258
28419122
28440688
28478199
28500040
28503965
28520333
28532801
28578266
28582978
28604176
28611754
28649571
28650672
28665716
28694791
28712509
28714890
28759797
28834190
28848714
28853632
28854745
28870004
28887450
28968179
28990821
28994613
29043158
29130018
29133155
29140745
29163646
29167266
29178580
29187841
29216932
29217797
29237513
29250802
29256637
29260646
29313493
29356597
29384014
29424055
29445215
29491300
29526220
29620472
29620788
29638171
29663680
29708832
29781670
29792197
29851311
29874385
29897783
29907294
29912263
29925645
29929267
29959817
29976591
29979715
29980555
30015450
30069469
30079632
30087857
30096008
30096155
30114374
30124342
30137619
30160017
30186251
30209182
30233556
30245680
30258424
30277840
30346650
30351022
30381691
30403535
30405573
30522355
30578266
30584210
30628196
30631306
30656847
30692173
30702350
30774261
30804407
30804905
30845966
30862754
30862911
30875037
30878661
30905895
30914053
30918323
30921953
30926726
30927751
30934394
30939678
30943619
30959649
30959679
30959713
30978878
30991589
31003279
31003366
31021685
31053184
31081013
31081981
31084156
31084177
31085517
31105673
31116418
31158992
31159130
31183014
31195461
31223493
31243079
31265725
31273582
31288484
31296685
31321996
31324272
31385413
31388358
31420339
31422531
31465474
31484251
31519663
31594142
31594144
31661323
31665255
31695684
31705613
31729918
31752343
31786073
31794692
31809529
31812649
31829730
31909483
31928700
31930111
31934792
31935889
31941810
31943013
31954003
31973224
31977245
31981852
31990586
32025233
32033955
32046038
32050363
32050875
32152417
32155961
32162883
32194516
32205380
32247808
32248631
32292399
32293315
32306949
32329029
32343091
32351922
32353415
32354965
32359606
32371295
32395115
32397445
32399873
32426383
32443576
32445835
32481254
32501787
32517946
32521746
32577907
32590346
32591026
32605743
32625171
32625542
32626224
32626332
32637610
32655094
32655522
32664563
32673387
32678987
32707152
32725959
32766835
32768235
32842457
32848321
32883928
32886839
32898460
32927630
32931346
32973906
32988552
32992147
33003421
33010486
33036986
33057408
33125047
33132600
33132602
33133420
33142515
33142824
33171625
33193135
33193192
33249367
33261211
33279789
33290141
33297628
33302968
33329413
33357688
33370970
33372204
33401809
33418060
33428331
33428726
33441677
33516467
33516479
33518344
33553097
33563526
33566816
33571292
33590448
33601816
33606689
33620647
33620652
33645738
33673660
33683781
33710980
33732219
33737347
33774110
33800065
33858930
33859624
33886025
33887151
33889603
33903652
33917115
33958415
33980673
33984000
33986736
34016127
34061232
34067596
34067855
34070972
34109233
34111613
34149673
34158260
34176489
34177847
34192401
34198825
34214907
34220107
34220768
34229231
34256709
34276619
34290678
34326828
34332158
34340908
34370579
34381431
34416958
34438851
34440305
34465011
34478007
34552339
34568854
34582435
34584528
34590533
34594671
34631336
34646252
34661518
34673329
34735366
34742232
34748382
34766904
34818407
34835426
34847282
34847463
34849656
34866569
34922150
34959585
34979984
34997523
35037615
35076262
35087501
35092769
35124442
35187593
35203830
35215086
35215176
35217408
35250909
35296903
35304678
35336092
35358234
35365541
35366935
35397507
35404076
35420468
35572641
35572645
35625181
35640411
35660664
35675117
35699868
35744712
35773664
35782356
35804643
35817262
35862903
35914481
35922874
35943254
35953186
36027679
36037011
36047091
36047780
36069555
36094751
36118609
36160189
36194603
36212611
36230202
36251729
36253836
36284082
36290276
36312983
36314905
36336247
36358237
36359101
36363724
36377950
36406391
36472434
36517072
36519137
36565641
36572193
36635328
36671227
36687171
36707286
36716575
36789201
36801582
36828235
36839502
36899325
36944410
36979344
37009249
37024800
37025625
37032319
37074432
37104967
37133905
37150060
37165328
37252400
37260688
37268129
37306576
37318846
37358413
37363437
37375042
37513807
37520433
37526643
37532746
37590201
37597560
37667888
37689422
37710323
37711091
37761759
37786840
37808985
37823639
37830134
37835299
37855926
37874390
37880098
37882583
37930435
37974052
37990962
38003307
38004735
38029099
38029165
38051352
38138071
38164467
38186160
38188581
38222678
38257921
38260875
38300653
38302896
38308829
38331291
38338877
38348229
38394319
38399730
38399772
38403893
38417639
38420476
38427700
38446060
38465948
38543478
38593623
38731847
38759773
38815809
38821444
38927193
38959220
38977544
38983630
39123104
39135629
39159178
39166218
39168635
39182255
39191002
39191191
39192957
39203442
39204264
39287410
39296292
39308719
39316598
39320160
39358927
39371433
39374597
39404347
39415896
39440965
39447227
39452710
39475728
39499243
39541060
39570027
39595229
39601656
39602248
330861
364214
558335
871765
1129532
1282312
1291314
1313002
1370848
1375929
1381326
1400961
1417342
1419543
1429305
1435261
1457031
1461153
1476963
1482158
1503433
1512182
1520207
1539914
1553432
1557899
1575669
1601075
1624127
1624417
1654431
1657855
1659309
1663930
1676383
1684981
1704004
1704793
1719020
1722078
1750964
1758009
1759819
1759828
1774247
1794366
1805043
1832048
1855976
1856171
1864947
1883083
1885571
1913357
1924280
1956293
2019754
2019755
2039197
2050397
2080967
2082036
2094455
2099622
2112122
2168151
2181024
2195067
2226498
2227365
2227449
2262570
2280012
2287716
2300025
2302354
2308529
2318805
2337268
2345912
2360966
2365455
2370114
2380360
2380381
2402249
2404960
2410445
2424932
2444577
2444578
2474628
2480360
2489074
2498268
2518646
2543277
2604587
2651685
2652954
2674635
2684204
2693070
2707852
2710556
2713136
2722741
2724920
2744860
2744863
2745680
2754001
2788111
2802563
2807533
2808214
2822671
2826396
2832375
2837404
2841293
2855308
2876913
2877615
2887078
2888744
2917618
2922502
2954818
2984981
3002237
3018039
3019983
3027020
3038005
3039302
3046640
3057769
3131983
3131984
3134202
3137280
3171548
3182416
3190204
3210481
3265462
3267894
3275320
3296648
3310881
3312015
3343302
3354164
3356790
3372398
3395182
3410956
3435114
3436679
3440456
3503963
3512731
3514359
3517036
3523697
3554203
3566434
3567742
3569775
3574158
3579261
3579268
3589638
3592379
3611317
3619428
3623701
3626926
3628988
3630712
3651881
3654939
3654950
3716108
3719459
3742356
3749726
3751807
3754264
3759232
3770943
3771747
3771769
3771772
3771774
3772734
3818099
3822876
3873216
3888109
3909739
3925041
3937729
3954200
3958146
3968449
3972990
3976311
3985597
3988340
3993275
3994377
3998098
3998099
4013751
4015088
4019737
4026287
4031520
4044793
4068889
4077962
4087160
4091531
6093690
6194994
6203838
6318666
6341405
6343426
6358249
6365954
6373839
6393616
6407829
6408142
6440410
6442333
6470096
6490829
6490850
6497123
6497139
6508265
6511880
6512027
6517542
6527123
6530531
6618667
6628376
6630466
6635345
6639033
6650962
6663060
6699144
6735483
6746886
6827141
6830213
6833802
6840847
6897896
7052224
7070993
7103488
7135771
7141696
7152677
7171243
7250751
7335487
7488346
7489910
7508460
7515043
7552696
7560184
7561196
7581046
7588831
7606191
7615717
7646423
7649203
7654064
7660078
7670638
7686183
7697522
7703010
7709191
7730270
7765441
7768766
7773246
7822229
7833319
7844892
7853867
7857809
7884224
7930724
7975201
8025686
8045890
8056285
8070288
8098328
8112360
8132835
8167428
8223663
8254319
8259031
8280958
8285708
8314996
8331072
8349707
8357250
8360165
8362107
8370538
8379970
8384814
8390812
8405932
8430936
8451879
8454192
8454598
8463402
8464049
8478115
8574410
8590689
8640005
8642012
8672221
8685540
8702554
8722540
8760925
8788998
8789000
8793884
8825781
8841044
8843305
8856371
8862022
8894399
8954352
8987720
9029829
9041429
9045845
9080607
9119448
9124862
9137747
9190817
9222038
9230411
9232616
9232618
9244248
9251750
9275637
9301992
9302201
9316909
9328656
9333055
9336905
9361442
9373952
9376053
9409516
9435091
9447907
9464397
9466737
9524671
9528123
9631530
9646454
9650959
9684510
9732442
9742707
9744762
9750306
9764551
9765558
9778457
9831648
9835543
9852767
9889235
9986804
10029919
10074506
10100900
10103243
10103261
10203548
10206715
10212441
10216458
10220884
10229951
10325325
10337238
10347015
10347040
10376486
10382871
10389249
10418097
10419264
10464475
10485265
10487641
10494431
10518720
10531231
10590795
10613882
10618103
10627993
10639348
10690169
10725058
10734265
10772214
10788372
10790125
10877815
10971678
10981681
10987179
11041145
11077971
11083762
11094296
11104668
11117647
11119166
11131886
11193345
11195660
11238214
11252796
11271763
11272874
11282587
11283056
11298244
11319108
11321120
11411703
11423205
11448558
11461915
11481294
11484421
11523593
11527505
11577152
11600397
11682549
11708831
11722889
11735301
11749144
11757422
11759087
11759758
11798419
11848556
11849513
11860082
11872483
11880429
11957308
11980961
12030285
12052557
12061661
12070692
12147072
12182488
12194770
12200329
12204377
12225560
12324366
12354800
12356234
12356792
12358702
12361288
12380757
12381150
12406231
12435503
12449248
12450810
12477440
12492931
12499176
12504607
12514068
12517869
12593931
12600003
12619802
12620821
12624030
12638844
12680938
12716884
12721318
12732579
12745378
12747688
12752808
12781527
12788747
12788755
12801003
12801013
12819098
12850159
12872469
12917241
12929818
12932741
12936999
12944122
14503704
14503735
14516706
14522100
14522511
14527799
14559174
14567422
14597005
14609457
14616724
14617187
14627278
14629001
14638490
14680705
14685548
14708992
14711482
14711629
14715757
14735214
14766560
14959785
14968951
14968953
14975667
15022385
15028665
15033267
15052357
15087179
15120725
15128721
15131162
15134291
15150326
15172691
15185189
15186451
15193803
15193806
15194845
15256024
15270502
15270504
15271389
15282123
15287872
15292134
15325430
15330269
15330523
15364471
15364980
15366792
15373879
15375107
15470128
15499812
15528512
15537699
15545485
15561873
15574903
15583280
15634992
15636755
15640184
15695658
15742694
15743900
15746327
15752345
15760424
15764195
15770093
15771166
15771168
15790708
15797819
15812015
15812025
15830662
15862456
15872261
15907569
15910229
15918485
15927294
15932973
15947425
15954621
15977557
15980346
15992304
15992313
16009278
16009280
16013502
16033459
16033460
16048946
16085801
16085819
16091850
16096687
16120460
16120604
16120624
16157618
16162138
16192435
16204541
16204551
16238642
16272508
16274501
16274505
16289952
16300080
16318913
16334275
16349140
16355821
16359189
16385134
16391087
16391133
16405695
16405702
16416896
16416897
16417178
16461682
16476798
16495275
16553289
16553723
16573682
16574349
16600306
16629016
16629018
16629019
16629722
16632003
16672489
16700706
16712997
16715799
16715810
16735430
16735431
16751519
16806554
16849726
16885327
16903479
16940070
16943025
16943028
16943349
16959506
16977842
16987400
16988006
16995511
16997982
17010041
17039849
17064774
17085893
17135525
17137050
17173232
17186659
17189444
17194550
17210776
17221125
17241349
17258435
17266723
17284250
17293500
17300899
17303391
17306054
17321701
17328805
17340869
17351673
17353111
17353243
17359440
17369335
17371878
17381734
17388043
17392353
17395329
17398132
17399832
17416693
17419285
17422650
17447091
17473499
17483380
17495096
17496947
17510271
17513579
17542372
17573935
17575175
17578422
17581001
17584467
17601030
17628357
17652470
17675288
17682919
17685629
17695593
17716763
17761333
17803154
17803155
17850712
17874359
17877226
17890022
17893173
17893805
17897201
17900077
17900078
17911389
17920274
17922816
17945022
17965346
17995842
18031331
18069980
18074419
18095434
18248435
18256225
18272350
18287287
18287317
18321203
18329712
18331520
18349363
18389707
18397331
18403712
18416128
18420993
18445405
18468043
18485677
18492293
18505206
18508146
18523397
18566143
18577626
18584243
18621865
18628588
18644884
18648064
18671733
18673073
18708520
18717884
18771516
18796306
18798025
18810862
18819448
18835052
18838597
18928068
18945505
19002726
19008526
19014274
19018956
19070381
19086420
19090796
19097580
19102788
19122923
19139242
19154343
19154485
19166063
19184798
19195264
19195703
19201124
19205462
19205463
19226383
19233897
19269051
19275496
19282391
19286781
19324444
19343935
19346343
19382600
19406805
19435220
19435241
19438640
19439549
19459438
19506058
19517815
19517816
19552770
19610342
19617370
19638163
19645360
19656785
19656982
19700557
19709341
19735321
19744989
19748428
19753795
19765787
19777882
19796124
19821742
19833779
19834099
19839759
19854914
19903413
19933351
19942377
19959629
19996696
20001328
20002571
20003729
20023098
20023103
20056117
20097815
20116182
20120926
20122383
20132561
20132668
20147396
20159735
20169919
20171250
20173061
20183201
20184450
20202332
20223048
20337762
20348308
20367499
20370506
20371855
20377962
20408911
20482228
20490760
20497488
20500084
20501032
20501042
20525862
20536735
20537260
20537275
20542202
20569487
20585060
20589152
20615345
20619560
20621373
20647243
20657617
20673261
20684867
20688752
20709846
20730490
20735175
20809975
20810765
20814861
20819352
20819353
20827109
20833787
20849393
20934530
20939742
20971875
20981547
21039133
21045366
21060246
21076488
21083823
21115658
21130125
21131089
21133777
21154058
21179537
21199137
21209172
21212120
21219724
21326356
21333141
21349563
21349598
21356447
21359592
21361150
21385089
21388301
21390759
21397412
21406364
21412204
21413331
21450419
21477470
21477476
21500644
21511349
21524195
21569927
21569937
21600037
21604309
21669066
21721403
21722746
21802224
21824372
21831540
21899961
21902913
21911571
21921217
22004823
22020515
22054193
22062415
22069154
22075596
22077228
22103704
22119516
22122991
22128641
22138985
22173192
22174372
22184452
22207868
22210758
22221350
22226753
22252360
22256961
22273455
22284308
22285201
22307299
22324770
22354794
22361460
22405465
22417513
22510058
22521447
22545960
22572123
22663186
22735845
22741576
22767048
22771183
22771419
22869568
22882347
22894063
22898609
22924522
22929701
22944072
22945232
22947465
22984540
22985716
22986057
22986295
23023744
23031645
23040119
23043825
23043834
23095083
23104296
23107507
23133454
23152553
23161768
23163916
23212005
23234730
23237371
23269979
23269980
23279096
23279811
23282197
23289436
23290239
23300314
23301397
23375869
23380949
23391315
23397840
23400735
23448294
23474610
23474652
23498189
23505699
23545445
23550907
23575134
23584778
23621723
23623467
23639726
23647786
23665722
23691584
23694835
23698529
23698698
23726203
23734204
23792232
23796116
23855904
23865047
23869938
23874996
23876233
23899774
23905805
23959310
23965921
23992794
24010733
24014733
24031386
24031861
24041998
24048539
24112278
24171567
24188185
24197884
24210812
24216328
24244747
24282937
24287853
24320689
24335515
24336384
24412959
24437705
24438451
24487529
24491895
24516435
24518626
24524824
24568882
24575212
24607425
24625865
24645512
24676150
24689432
24693660
24733154
24759726
24768104
24785983
24795320
24795322
24798507
24813626
24822116
24842142
24844559
24879708
24929879
24929880
24930011
24982085
24989612
25008814
25010255
25022434
25055637
25104301
25130097
25134901
25142966
25163418
25168177
25168717
25172927
25215191
25241688
25261524
25285484
25307769
25348335
25354466
25364917
25387294
25399105
25436507
25456607
25465999
25475290
25511436
25527031
25546065
25573127
25583335
25632475
25645207
25683191
25710161
25731001
25739421
25740779
25758166
25770597
25791007
25846926
25870073
25876274
25934617
25951401
26026881
26039573
26060566
26092707
26101080
26119190
26153978
26187833
26197289
26198111
26207145
26219363
26220191
26228635
26259566
26259768
26305157
26312374
26319731
26320936
26338188
26340229
26371330
26394042
26408129
26422448
26448305
26473668
26482295
26518609
26519770
26531157
26538405
26552121
26568567
26580432
26582606
26627197
26658311
26678136
26686808
26689587
26694450
26749592
26752227
26779841
26841300
26842400
26873321
26902211
26938455
26962088
26976901
26988047
26988048
26996762
26999516
27012738
27047055
27052025
27061601
27068149
27109214
27127589
27145048
27154456
27161640
27206561
27208097
27237112
27244295
27257607
27303676
27307458
27324772
27350611
27362482
27373751
27413761
27481928
27494415
27519265
27540063
27552785
27593510
27602434
27635012
27673470
27695451
27701619
27733632
27746777
27766896
27768387
27770505
27779836
27795285
27795478
27800028
27800355
27822247
27847427
27854542
27860343
27871251
27872721
27910897
27915251
28056838
28061877
28115906
28119318
28160162
28180312
28186558
28194914
28196097
28217442
28221919
28234305
28264854
28282226
28339716
28342148
28365923
28371319
28376713
28396658
28411226
28414258
28419122
28440688
28478199
28500040
28503965
28520333
28532801
28578266
28582978
28604176
28611754
28649571
28650672
28665716
28694791
28712509
28714890
28759797
28834190
28848714
28853632
28854745
28870004
28887450
28968179
28990821
28994613
29037938
29043158
29130018
29133155
29140745
29163646
29167266
29178580
29187841
29216728
29216932
29217797
29237513
29250802
29256637
29260646
29313493
29356597
29384014
29424055
29445215
29491300
29526220
29620472
29620788
29638171
29663680
29708832
29762774
29781670
29792197
29851311
29874385
29897783
29907294
29912263
29925645
29929267
29959817
29976591
29979715
29980555
30015450
30069469
30079632
30087857
30096008
30096155
30114374
30124342
30137619
30160017
30186251
30209182
30233556
30245680
30258424
30277840
30287127
30346650
30351022
30381691
30403535
30405573
30522355
30578266
30584210
30628196
30631306
30656847
30692173
30702350
30774261
30804407
30804905
30845966
30862754
30862911
30875037
30878661
30905895
30914053
30918323
30921953
30926726
30927751
30934394
30939678
30943619
30959649
30959679
30959713
30978878
30991589
31003279
31003366
31021685
31053184
31081013
31081981
31084156
31084177
31085517
31105673
31116418
31158992
31159130
31170781
31183014
31195461
31223493
31243079
31265725
31273582
31288484
31296685
31321996
31324272
31385413
31387670
31388358
31420339
31422531
31465474
31484251
31519663
31594142
31594144
31661323
31665255
31695684
31705613
31727852
31729918
31752343
31786073
31794692
31809529
31812649
31829730
31909483
31928700
31930111
31934792
31935889
31941810
31943013
31954003
31973224
31977245
31981852
31990586
32025233
32033955
32046038
32050363
32050875
32152417
32155961
32162883
32194516
32205380
32247808
32248631
32292399
32293315
32306949
32329029
32343091
32351922
32353415
32354965
32359606
32371295
32395115
32397445
32399873
32426383
32443576
32445835
32481254
32501787
32517946
32521746
32577907
32590346
32591026
32605743
32625171
32625542
32626224
32626332
32637610
32655094
32655522
32664563
32673387
32678987
32707152
32725959
32766835
32768235
32842457
32848321
32883928
32886839
32898460
32927630
32931346
32973906
32988552
32992147
33003421
33010486
33036986
33057408
33075509
33125047
33132600
33132602
33133420
33142515
33142824
33171625
33193135
33193192
33249367
33261211
33279789
33290141
33297628
33302968
33329413
33357688
33370970
33372204
33401809
33418060
33428331
33428726
33430508
33441677
33516467
33516479
33518344
33553097
33563526
33566816
33571292
33590448
33601816
33606689
33620647
33620652
33645738
33673660
33683781
33710980
33732219
33737347
33747984
33774110
33800065
33858930
33859624
33886025
33887151
33889603
33903652
33917115
33958415
33980673
33984000
33986736
34016127
34061232
34067596
34067855
34070972
34109233
34111613
34149673
34158260
34176489
34177847
34192401
34198825
34214907
34220107
34220768
34229231
34256709
34276619
34290678
34326828
34332158
34340908
34370579
34381431
34416958
34438851
34440305
34465011
34478007
34489902
34552339
34568854
34582435
34584528
34590533
34594671
34631336
34646252
34661518
34673329
34735366
34742232
34748382
34766904
34818407
34835426
34847282
34847463
34849656
34852811
34866569
34922150
34959585
34979984
34997523
35037615
35076262
35087501
35092769
35124442
35187593
35203830
35215086
35215176
35217408
35250909
35296903
35304678
35336092
35358234
35365541
35366935
35397507
35404076
35420468
35572641
35572645
35625181
35640411
35660664
35675117
35699868
35744712
35773664
35782356
35804643
35817262
35862903
35914481
35922874
35943254
35953186
36027679
36037011
36047091
36047780
36069555
36094751
36118609
36160189
36194603
36212611
36230202
36251729
36253836
36284082
36290276
36312983
36314905
36336247
36358237
36359101
36363724
36377950
36406391
36472434
36517072
36519137
36565641
36572193
36635328
36671227
36687171
36707286
36716575
36789201
36801582
36828235
36839502
36899325
36944410
36979344
37009249
37024800
37025625
37032319
37074432
37104967
37133905
37150060
37165328
37252400
37260688
37268129
37306576
37318846
37358413
37363437
37375042
37513807
37520433
37526643
37532746
37590201
37597560
37667888
37689422
37710323
37711091
37761759
37786840
37808985
37823639
37830134
37835299
37855926
37874390
37880098
37882583
37930435
37974052
37990962
38003307
38004735
38029099
38029165
38051352
38138071
38164467
38186160
38188581
38222678
38257921
38260875
38294872
38300653
38302896
38308829
38314639
38331291
38338877
38348229
38394319
38399730
38399772
38403893
38417639
38420476
38427700
38446060
38465948
38543478
38593623
38731847
38759773
38815809
38821444
38927193
38959220
38977544
38983630
39110032
39123104
39135629
39159178
39166218
39168635
39182255
39191002
39191191
39192957
39203442
39204264
39287410
39296292
39308719
39316598
39320160
39358927
39371433
39374597
39404347
39415896
39440965
39447227
39452710
39475728
39487173
39499243
39541060
39570027
39595229
39601656
39602248
