27542
486487
692395
1082813
1137365
1175596
1252995
1325060
1367540
1368295
1368569
1396685
1429306
1629178
1907300
1961976
2044194
2066342
2228964
2506107
2764571
3146566
3262341
3525512
3779528
3939582
5156378
5515109
6311095
6410990
6434507
6688117
6817904
6894934
7344536
7472904
7651138
7698673
7737150
7764136
7764382
7765104
7790570
7814704
7816043
7832808
7851737
7851738
7859355
7925424
8039668
8045427
8087810
8104928
8113230
8117086
8161167
8201050
8371107
8510571
8526515
8529226
8536251
8550503
8574400
8675780
8766699
8827460
8852681
8864228
8867635
8880454
8901109
8901799
8902269
8936307
8936308
8979334
8982076
8988641
9004508
9009072
9029350
9064070
9079939
9081225
9098049
9172341
9172434
9175562
9212432
9276927
9291572
9292995
9313133
9313136
9361443
9406064
9421914
9490016
9534241
9572959
9580131
9603827
9692208
9721662
9726890
9750270
9765824
9766226
9767713
9829922
10103235
10208803
10223978
10386295
10416158
10419958
10456743
10510483
10532376
10532381
10540246
10545264
10584024
10613874
10653753
10679053
10686131
10713218
10742197
10791782
10792515
10831437
10840680
10843070
10877094
10923793
10930751
10931898
10946835
10966398
10984143
11003223
11034301
11097908
11097915
11117331
11124903
11129605
11169053
11178730
11204766
11229915
11282642
11325558
11384026
11397465
11472525
11496002
11556904
11699441
11722662
11735368
11754349
11762194
11796618
11836245
11922771
11927989
11928956
11938463
11972683
12010556
12021789
12028429
12038575
12047105
12054772
12070074
12089043
12172611
12180783
12234457
12353877
12369200
12390494
12402076
12416795
12416800
12440716
12457589
12487440
12540390
12545379
12571057
12571058
12631191
12647949
12682863
12703606
12717035
12749837
12754227
12755477
12788721
12817780
12834275
12892491
12911693
12916827
12949701
12957917
13270506
13438850
13439152
14507018
14657145
14711630
14711641
14740817
14769476
14962128
14968979
14992575
15036072
15059211
15083312
15133096
15175633
15193800
15193805
15240255
15244060
15268972
15328209
15334032
15355531
15377601
15450655
15462565
15537298
15539524
15605713
15610418
15633784
15653849
15660218
15746373
15770479
15893395
15895737
15920260
15932998
15941626
15987453
16093403
16099524
16125908
16148174
16162144
16164041
16233254
16238742
16246229
16269809
16297479
16345291
16346322
16347041
16347053
16348113
16348347
16348661
16348761
16348794
16364832
16407709
16419576
16419579
16419580
16419581
16449439
16478513
16478516
16507676
16534937
16535125
16535128
16535280
16549380
16569276
16638791
16697655
16702271
16747862
16747916
16764959
16781848
16781862
16820437
16831211
16834603
16859795
16871423
16907815
16925785
16957229
16960054
16987432
17071782
17184869
17187971
17293972
17309624
17322329
17323290
17336831
17337535
17356257
17505659
17628131
17643538
17722167
17851460
17881307
17953562
17956420
17993529
17993552
18032033
18155517
18165367
18193838
18292243
18388993
18474137
18506385
18524408
18538430
18604316
18618906
18620769
18623556
18774196
18842314
18843790
19121230
19178973
19187995
19202101
19233775
19239979
19265535
19286786
19372160
19395564
19459001
19473252
19527829
19563693
19577815
19627475
19646489
19708880
19765084
19799669
19833040
19835760
19880644
19961304
20051251
20054113
20055983
20057148
20065492
20078905
20112685
20113315
20145666
20147968
20175969
20229202
20308300
20355009
20412906
20417398
20452073
20497276
20550747
20583192
20586113
20607374
20630608
20632390
20688240
20723955
20729255
20732995
20854978
20929951
20974015
21009595
21028135
21037305
21143710
21284862
21327475
21354644
21377750
21398542
21571387
21689912
21700007
21705605
21739193
21745695
21801422
21831759
21854904
21898131
21933458
21943677
21983070
22024504
22029927
22146689
22146691
22146692
22275912
22305888
22365190
22430833
22491987
22504812
22522681
22579985
22591842
22617279
22622929
22688240
22735758
22954488
22963080
22980876
23060868
23068715
23082800
23105080
23135901
23181058
23182500
23220964
23231860
23234730
23290237
23302085
23335916
23346083
23357019
23364497
23371780
23443951
23454496
23467265
23541194
23566632
23604792
23664262
23706009
23728811
23764225
23810598
23831635
23832109
23894590
23969047
23987441
24010599
24033444
24102871
24135669
24146802
24184290
24242242
24269654
24291178
24311315
24362553
24372793
24375132
24387849
24394883
24421012
24425884
24444879
24507291
24554471
24605659
24694020
24708988
24750812
24798512
24819414
24881786
24902482
24905205
24913839
25003019
25017295
25049999
25071750
25095898
25103323
25104116
25151888
25243126
25268890
25300285
25306273
25369827
25380795
25445202
25465632
25475278
25477657
25499075
25506070
25521390
25536445
25557185
25582584
25597646
25604727
25669920
25726109
25786501
25798529
25827218
25892687
25942063
25962443
26004829
26004836
26019619
26065338
26082116
26223907
26243922
26307172
26361843
26384211
26408987
26409971
26428623
26503737
26601325
26601580
26646984
26648272
26673200
26685674
26782043
26797632
26805985
26839075
26847045
26849134
26868544
26902345
26904646
26923047
26953745
26958350
27006235
27037692
27100317
27107125
27169634
27190835
27236224
27299670
27363733
27375584
27401189
27413225
27435541
27487805
27498415
27522429
27553960
27554150
27643883
27697162
27792948
27799925
27845212
27994970
28045590
28068788
28068902
28099447
28178767
28223973
28244112
28352537
28383398
28399997
28437455
28455689
28477627
28535697
28555502
28576359
28598022
28667752
28680422
28684365
28695230
28703960
28775722
28819993
28870105
28946645
28959181
28964516
29038973
29051663
29104563
29125621
29197337
29218505
29223035
29236340
29291614
29355150
29367606
29403442
29417378
29427145
29441050
29449405
29451876
29453804
29488412
29519838
29545307
29550125
29587600
29670601
29726280
29731182
29748780
29803134
29803467
29805892
29889375
29915515
29922266
29958098
30013275
30015458
30046129
30056601
30214175
30249322
30263470
30263666
30307792
30343912
30357910
30420851
30429904
30459574
30488048
30510715
30524427
30574800
30592688
30592890
30594363
30675106
30683320
30729899
30759442
30762876
30803783
30810993
30813223
30824443
30833631
30839970
30852020
30866190
30898081
30921880
30949606
30956300
31009477
31029046
31034844
31057558
31113127
31137715
31195458
31207344
31209720
31209914
31238873
31293536
31294149
31297307
31338923
31422560
31426998
31448678
31472678
31479995
31512521
31584010
31592594
31629514
31681252
31681785
31713675
31739037
31849852
31866753
31896647
31913843
31948624
31949265
31965842
32067511
32075234
32095096
32111071
32122508
32139001
32175634
32196339
32226414
32232342
32267927
32276583
32306803
32344080
32349041
32367129
32380678
32384794
32389475
32431362
32439860
32448573
32466918
32584987
32626267
32640111
32659671
32674403
32681606
32829136
32831571
32872546
32886125
32912904
32950153
32989186
33005689
33010641
33027912
33032150
33032249
33102467
33123103
33164019
33193214
33255731
33259525
33279076
33288170
33329424
33369793
33374625
33383704
33426082
33434677
33467443
33473308
33493208
33523590
33572504
33580118
33598188
33600560
33648194
33658952
33714582
33804999
33900907
33924561
33954168
33973599
34017672
34137413
34149633
34191226
34194413
34206098
34231753
34253372
34275634
34312867
34322790
34339781
34380796
34410159
34441603
34454765
34482971
34539604
34548031
34587540
34596225
34681370
34683406
34731808
34817705
34828854
34914726
34970318
34980387
34989615
34991191
35010138
35053966
35060080
35154018
35159575
35169197
35208773
35265172
35278514
35325390
35405944
35432232
35505783
35571902
35602423
35633687
35755305
35777514
35782920
35819625
35840409
35879161
35882263
35889193
35992320
36010497
36080398
36083397
36088010
36118769
36139496
36144326
36160254
36181407
36204159
36213242
36214979
36222352
36243881
36246224
36296339
36334759
36340677
36359966
36363810
36372480
36377577
36411659
36453928
36459932
36461298
36496682
36496691
36499471
36501115
36606510
36626749
36698479
36704564
36737993
36789043
36804179
36837799
36838212
36857295
36863498
36911333
36981109
36985287
36986132
36986251
37019866
37022212
37026368
37047598
37049546
37105121
37107373
37108383
37164857
37174413
37222548
37254417
37271267
37324868
37339085
37364321
37365352
37421345
37456718
37509882
37526462
37543728
37612545
37619786
37621320
37686884
37689420
37689952
37698360
37700863
37714070
37718237
37761051
37769561
37779945
37803101
37811481
37832187
37841598
37841999
37894124
37898635
37966492
37976739
37986486
37988132
37999230
38049374
38059583
38140296
38140308
38157636
38172876
38173160
38196707
38198425
38225052
38225054
38237823
38238339
38268878
38274191
38276185
38281752
38292746
38331067
38370301
38397547
38410824
38461104
38538527
38542894
38567075
38637083
38637084
38669258
38674775
38674818
38732635
38741203
38754558
38796648
38825103
38884844
38891799
39018571
39033899
39064634
39067749
39089652
39123583
39123605
39130643
39139979
39144211
39147499
39170067
39202516
39209236
39214274
39265837
39281546
39338583
39346901
39420712
39431804
39454510
39497692
39541016
39563157
39593366
39595077
39599674
