28620587
28656017
28918538
29032546
29099929
29278020
29632096
29903419
30027068
31057493
31076888
31085705
31355335
31742773
31959423
32509603
32624735
32783701
32792093
32817454
32928963
33195322
33300497
33336185
33370341
33486893
34117751
34148599
34619078
35255112
35467428
35693799
35938842
35940078
36000876
36102656
36140772
36183830
36389168
36466686
36939335
36976016
37086029
37113133
37455569
37471146
37624016
37874144
37907464
38047041
38214528
38266555
38289123
38366569
38390594
38558079
38899883
38915556
39140751
39208212
39229265
39240158
39287439
39341692
39436053
39535189
39574594
