283
89766
125155
172157
223842
238731
373307
375025
391648
454614
467678
502911
547498
623788
667180
668685
726711
787766
813494
818969
820257
826827
838048
893341
909477
939736
1141859
1220485
1243844
1303751
1312998
1314803
1327527
1337982
1355107
1356885
1357539
1357726
1370281
1371066
1372601
1377901
1377964
1383672
1387306
1400160
1400186
1421508
1441845
1447128
1463840
1469733
1477403
1477784
1484491
1504917
1513877
1518873
1520732
1521190
1536926
1537541
1545707
1597418
1597428
1602964
1603071
1611561
1622257
1622264
1633602
1637166
1644746
1647035
1655716
1673458
1697150
1707606
1708764
1712355
1715738
1720755
1726625
1735730
1768143
1779763
1787800
1802384
1804765
1811857
1814135
1840608
1840615
1841862
1859867
1868196
1885517
1885531
1896024
1909418
1944592
1980142
1991718
1991727
2007543
2013412
2013564
2014006
2017373
2019559
2033051
2033052
2077357
2082147
2103457
2115488
2120543
2134855
2152899
2161988
2166228
2175385
2185138
2193923
2203755
2215216
2233683
2250016
2253885
2268450
2279241
2297789
2298697
2303029
2318803
2338917
2394688
2402452
2404949
2407187
2407728
2447061
2500420
2515118
2519112
2520822
2536673
2544568
2546009
2546859
2548927
2549002
2551770
2552256
2553672
2555670
2559879
2561289
2562395
2606538
2615655
2615659
2622339
2624457
2636039
2644215
2644226
2670892
2684629
2687250
2693897
2695394
2716520
2722751
2738027
2753859
2768180
2768181
2768182
2793824
2803636
2822654
2836706
2842300
2851702
2851709
2856224
2878969
2882467
2907369
2912966
2914856
2914865
2925631
2979909
2999080
3009408
3019841
3029674
3030896
3038679
3041240
3060035
3078142
3132583
3162212
3210967
3214160
3294559
3320955
3357773
3384802
3403513
3410833
3419422
3539915
3546272
3584066
3597326
3624205
3671068
3729413
3729414
3745116
3782027
3831234
3867677
3941043
3944060
3955563
4038648
4091554
4280495
4374257
4502500
4612098
4771030
4778605
4782427
4961629
5148804
5194835
5384628
5497610
5560546
5567628
5721250
5780513
5798518
5861289
5929161
6087391
6091056
6094513
6164253
6179109
6179395
6252716
6285400
6289264
6327612
6327615
6330264
6388190
6397130
6435525
6514582
6589160
6630147
6725208
6853448
6928406
6930267
6938244
6938248
7001365
7009569
7047503
7061383
7061388
7061403
7103311
7146147
7219211
7287623
7364730
7378950
7476157
7511581
7517767
7524090
7545151
7548024
7553451
7559334
7559356
7574650
7592394
7592497
7601847
7638195
7639793
7642132
7655066
7655502
7665469
7673121
7711895
7740988
7753030
7766215
7773388
7781972
7805065
7815941
7816041
7852552
7893680
7894701
7909257
7910937
7928968
7934826
7934929
7957317
7959035
7966281
8000543
8000544
8000966
8002602
8002711
8012570
8012908
8014459
8021193
8021221
8026755
8026763
8027050
8042903
8045429
8045896
8071205
8071218
8075422
8117073
8118058
8121409
8140821
8144472
8157634
8170393
8182046
8190065
8195084
8196551
8230232
8240952
8240956
8257133
8273998
8277828
8294304
8316086
8326860
8335647
8364802
8367305
8369342
8370467
8376372
8412703
8423148
8439669
8473861
8486283
8491702
8494746
8497190
8501043
8501056
8506337
8509324
8524929
8534843
8550454
8550455
8552028
8554768
8566712
8573502
8577248
8588735
8589412
8593071
8628246
8631658
8654592
8655563
8655573
8673267
8690027
8700965
8702269
8704148
8714759
8714760
8751924
8755622
8755884
8757735
8763943
8765742
8787401
8798424
8798895
8808946
8810059
8828229
8830236
8832106
8842143
8858582
8858593
8863431
8868235
8868492
8870266
8870268
8892852
8898392
8931319
8932706
8943264
8943265
8943266
8969536
8980533
8991547
9004501
9025286
9057327
9057334
9072524
9084165
9090106
9134778
9141701
9143133
9144264
9150598
9165125
9168606
9177161
9178608
9202471
9204566
9226920
9228771
9236769
9245810
9266666
9286975
9304865
9305779
9315727
9336898
9336913
9351199
9371432
9393436
9406393
9414568
9425685
9428425
9457861
9524276
9537364
9563844
9570119
9573150
9595675
9612946
9625717
9648246
9685414
9695927
9717287
9726909
9734023
9740057
9743627
9756877
9758831
9782511
9805393
9805402
9829835
9832514
9835040
9868766
9868773
9869421
9889979
9914965
9922264
9934469
10065561
10103242
10196199
10196200
10217493
10224003
10227162
10341077
10347085
10368158
10376842
10388672
10391877
10397346
10397353
10419956
10425662
10427081
10474187
10482502
10491324
10550895
10570977
10659713
10671451
10698755
10702988
10755304
10755312
10758890
10779711
10784041
10784042
10792733
10817864
10824871
10830261
10831423
10875336
10908336
10913086
10913708
10919404
10931307
10931338
10937432
10939251
10939252
10944447
11004540
11010872
11016690
11021923
11030747
11059495
11065377
11065378
11078515
11078647
11090286
11106435
11116399
11131156
11136459
11157280
11164578
11212910
11212917
11222618
11238962
11258772
11261497
11277432
11285742
11285743
11290421
11310734
11351077
11368276
11371578
11372656
11386373
11407917
11411863
11437255
11442842
11450456
11457914
11467725
11467734
11469254
11472501
11497462
11520005
11532145
11535795
11540747
11547878
11555271
11558278
11566393
11605958
11642125
11677232
11682196
11683462
11697141
11698364
11700361
11785422
11797231
11822831
11832524
11843305
11849323
11852572
11858173
11872711
11889482
11891052
11902716
11936079
11976122
11976134
12018588
12019272
12026172
12026173
12026178
12028377
12029033
12032607
12058163
12081542
12107123
12142421
12147504
12147723
12186746
12190019
12193623
12196192
12213930
12218032
12218183
12223813
12226256
12228660
12232242
12324339
12380680
12406687
12442899
12448756
12456672
12470646
12480909
12489782
12499559
12501295
12501298
12531907
12531908
12542086
12547654
12553885
12578732
12579447
12580282
12580285
12591936
12591937
12618448
12620625
12670974
12676710
12698790
12705881
12721233
12724397
12776924
12787349
12799442
12829293
12869541
12892850
12900015
12901008
12902221
13888945
14065833
14337544
14409632
14533483
14617175
14663079
14665677
14685648
14717443
14729712
14731285
14746271
14759514
14775505
14800006
14859534
14964535
14993316
15000395
15013389
15031650
15031655
15074042
15091411
15091894
15105887
15133106
15155646
15212888
15214728
15242176
15242276
15245415
15293945
15295075
15315237
15321689
15349716
15351997
15375140
15375143
15466529
15466541
15474378
15474501
15494052
15502966
15521170
15528657
15576793
15653885
15667258
15667266
15667275
15672820
15714233
15746335
15779751
15782229
15782230
15830189
15856304
15872217
15943241
15946302
15986922
16004261
16014316
16044265
16156120
16183850
16199572
16207908
16216440
16269813
16284861
16309390
16309391
16329858
16329894
16339952
16345331
16346089
16346177
16346248
16346257
16346402
16346527
16346680
16346686
16346769
16346912
16347287
16347339
16347471
16347509
16347530
16347761
16347793
16347814
16347877
16347896
16347936
16347952
16347995
16348109
16348125
16348157
16348234
16348240
16348252
16348432
16348502
16348512
16348523
16348589
16348600
16348664
16348680
16348739
16348908
16348956
16349071
16349098
16349170
16349171
16349172
16349192
16349226
16349348
16349531
16353547
16358750
16408851
16450073
16453461
16453650
16453679
16467300
16478489
16483356
16489762
16497671
16497674
16513742
16521149
16535005
16535318
16535447
16553877
16560421
16560646
16561164
16570652
16578786
16586021
16586025
16593714
16593933
16625355
16629750
16640791
16653034
16660450
16660451
16660637
16660819
16660833
16661328
16661681
16661907
16662808
16663112
16663509
16664054
16664984
16665057
16665698
16666070
16667090
16667415
16667422
16667870
16668462
16668463
16668898
16673934
16687398
16698815
16708844
16740954
16758117
16760420
16804181
16888773
16897301
16897308
16944097
16952958
16980497
17014983
17064268
17092733
17163982
17193713
17259611
17310401
17335290
17375671
17378428
17378431
17385546
17449695
17456188
17476807
17476814
17479251
17488509
17496969
17541555
17566711
17578428
17600052
17601173
17619576
17688191
17693710
17768261
17800714
17822397
17880914
17890304
17898852
17899266
17960422
17985116
18001684
18038678
18055594
18156270
18230162
18246774
18310336
18368313
18373650
18387959
18393619
18393991
18399996
18401950
18402461
18415080
18441060
18458328
18497485
18500633
18548183
18564340
18596979
18624636
18678476
18721149
18726214
18726533
18793651
18795238
18835420
18850056
18984595
18984681
18986256
19004248
19020864
19060074
19077060
19103927
19181799
19235514
19270098
19376875
19460825
19567587
19588265
19597156
19603151
19682816
19709241
19709282
19727520
19767866
19779647
19898531
19902131
19933318
19935893
19938606
20023026
20023036
20030718
20064065
20132519
20153447
20194510
20203055
20233262
20233710
20252514
20255430
20363949
20455952
20472725
20533948
20547375
20675477
20675484
20716375
20725128
20738787
20795687
20817634
20837702
20847005
20851546
20873175
20925682
20995934
21016831
21070666
21085630
21304679
21304718
21315114
21327559
21357485
21397639
21405987
21463532
21481185
21498018
21558724
21602380
21619713
21620885
21621937
21630573
21675237
21723717
21732996
21747729
21764936
21764962
21774575
21790035
21821958
21852352
21854464
21897878
21953333
21995765
21995800
21999546
22017658
22018401
22066910
22092487
22110131
22155778
22174640
22246528
22280898
22307295
22312895
22337919
22340847
22343359
22491058
22567891
22580305
22693834
22766402
22773814
22806858
22835276
22950721
22970813
22975386
22989463
23136881
23144250
23195155
23235153
23241669
23305927
23322256
23361163
23388690
23397108
23417392
23507586
23526229
23572956
23580418
23603686
23652766
23666330
23708135
23708137
23724079
23729882
23750954
23764913
23859230
23882941
23907727
23920230
23933452
23934501
23935051
24033582
24041410
24054695
24067731
24143046
24194199
24194237
24196924
24202009
24212336
24226395
24226543
24227253
24232144
24240297
24271872
24272260
24272399
24272714
24272795
24276795
24292378
24299833
24317432
24338717
24392922
24414508
24424931
24425609
24488191
24568031
24582507
24638821
24728599
24731824
24739023
24754352
24786094
24804101
24836188
24839164
24913045
24942546
24942742
24976879
24976880
24976881
24976883
24976885
25124056
25133394
25197438
25199986
25236800
25268738
25294010
25370751
25385989
25400035
25416773
25458609
25464287
25514682
25530178
25533847
25589577
25643732
25652141
25726667
25732741
25844461
25880336
25919284
26020781
26032249
26078205
26091851
26147968
26166901
26263508
26273255
26297041
26344027
26370165
26377943
26389798
26403588
26416834
26422403
26442090
26530784
26564333
26638242
26682469
26684619
26710603
26715155
26812045
26924220
26964360
27033949
27079453
27102126
27151657
27155348
27169225
27213363
27253495
27266251
27267929
27269381
27383628
27388838
27389503
27394068
27480612
27487924
27501983
27602024
27760230
27790205
27795326
27814683
27920770
27931748
28053873
28054497
28081923
28115905
28204472
28235183
28330071
28333211
28338684
28346361
28386666
28398123
28447383
28495892
28541039
28568654
28574691
28641560
28741772
28791535
28798728
28905167
28916561
28917893
28922610
29075355
29117429
29198596
29204150
29244767
29267254
29301309
29310897
29334470
29351606
29354107
29364862
29366321
29367857
29425231
29452714
29466659
29489845
29509376
29509386
29576402
29582151
29632416
29633524
29663866
29706972
29779088
29779655
29881978
29934654
30041474
30078224
30120872
30276423
30454656
30603790
30628300
30643678
30659530
30681888
30692983
30703364
30718766
30733794
30754501
30759803
30775775
30777812
30822623
30863680
30960458
31065250
31168635
31197117
31201836
31250991
31346652
31346687
31554862
31624556
31686120
31690032
31698161
31805640
31805683
31836364
31870686
31873949
31900709
31920999
31935189
32050135
32063892
32072629
32165392
32176601
32265862
32317381
32341157
32375407
32381612
32444469
32495247
32498175
32651206
32689492
32689539
32713966
32752090
32784849
32813986
32847793
32900931
32947797
33016489
33021882
33092221
33121154
33161357
33193213
33214187
33232849
33255180
33277272
33374129
33423098
33477547
33519831
33539353
33540705
33562776
33633710
33657744
33657746
33725796
33744635
33757231
33757232
33802057
33829985
33863198
33873360
33874184
33874217
33990306
34017351
34025691
34063150
34110256
34119907
34251477
34391142
34398510
34486343
34512702
34567032
34804504
34858375
34921154
34946059
34999517
35014871
35015977
35022574
35033916
35044833
35184199
35214847
35278884
35297685
35339819
35456783
35495712
35516385
35519857
35588362
35759954
35840628
35875570
35890447
35920038
35956443
35982695
36042239
36212301
36246225
36295110
36338045
36388578
36438093
36480106
36563730
36597782
36616172
36674551
36719579
36835659
36916950
36950354
37176886
37199717
37248617
37260681
37338351
37486744
37512920
37514271
37526441
37542687
37606788
37886098
37894043
38005785
38069383
38101683
38138973
38183583
38216524
38340188
38427979
38432278
38491088
38573536
38587812
38690786
38691526
38749376
38867024
38949734
38971740
39021277
39037439
39042247
39065414
39073398
39120150
39126499
39151610
39166858
39235833
39246685
39387484
39440990
39519284
39568457
39599270
