1457556
1622754
1910140
1938678
2108992
2116449
2116952
2705463
7883889
7960141
7989561
8040119
8353250
8357252
8452502
8626263
8782673
8783169
8897165
9026070
9081308
9084166
9114380
9238127
9314469
9350415
9449854
9498133
9574718
9850991
9865990
10618129
10777070
10834961
11007003
11016698
11029011
11060051
11060057
11060090
11092850
11192025
11321084
11348009
11430498
11464744
11501484
11566225
11594604
11759086
11825951
11837389
12089042
12200334
12380744
12543923
12752801
12801012
12902232
14597003
14602008
14638478
14733814
14751686
14970254
15046307
15077803
15240275
15243122
15244325
15297518
15466512
15609934
15808362
15830669
15892738
16211856
16388931
16400992
16418983
16449537
16529834
16569830
16597896
16598155
16617999
16649658
16672472
16954258
16968295
17007435
17022872
17043827
17046092
17125221
17220307
17325446
17340882
17349085
17477278
17517708
17668019
17685326
17899464
17939350
17953562
17956420
17995840
18036695
18086839
18180067
18206763
18281116
18397254
18538430
18599707
18972146
19120623
19222538
19231682
19333776
19435227
19527841
19627479
19670074
19696101
19778344
19795620
19810037
19921457
20042062
20132375
20141591
20429596
20433865
20497495
20528466
20615342
20639015
20704651
20708290
20810144
20817645
20927283
21091592
21097601
21178864
21255297
21286720
21420794
21571624
21700007
21834624
21839380
21878373
22003038
22029916
22068487
22260926
22265293
22333391
22346373
22365191
22493306
22549691
22608223
22644346
22684831
22924854
22961639
23124764
23256522
23269456
23485245
23556473
23575121
23593572
23682153
23957411
24037644
24047647
24189971
24206069
24325647
24341733
24387849
24566725
24605454
24627155
24671782
24698417
24849010
24857767
24913559
24969406
24976587
25204345
25268945
25300356
25466409
25597646
25637509
25745201
26022411
26026404
26036911
26074889
26164543
26168032
26200795
26361843
26441888
26551888
26603119
26628508
26640931
26678143
26957978
26960635
27096434
27111259
27127436
27166215
27242675
27260143
27289151
27342241
27351835
27367648
27425573
27438072
27522429
27523465
27600976
27780292
27987112
27988121
28159220
28221912
28229213
28239378
28253439
28270110
28285496
28572941
28590307
28668682
28783535
28800831
28852719
28866136
28982997
29140465
29195991
29441056
29525597
29550118
29777339
29951380
30108274
30155476
30186262
30624665
30996451
31051544
31107150
31243595
31296674
31579233
31629514
31662635
31663834
31728452
31749787
31886252
31910839
31975424
31993141
32118070
32138988
32175393
32179781
32198174
32247174
32255836
32388172
32524178
32643925
32718656
32760370
32961748
32990771
33076806
33178155
33362752
33392833
33489684
33532367
33629433
33898360
34084081
34194401
34206521
34474124
34518944
34577049
34581832
34876793
34945639
34970251
35046399
35056483
35244137
35304938
35333989
35407099
35453797
35739327
35783420
35939922
35997873
36204902
36227704
36285839
36307627
36321093
36425028
36589015
36601713
36613385
36618045
36626742
36630377
36655086
36675232
36688744
36702003
36718242
36758891
36900089
36918202
36967406
37002414
37031295
37302315
37369929
37370300
37512555
37589783
37763237
37854076
37859958
37903806
38095374
38116185
38191944
38480613
38552381
38560132
38611419
38611432
38792753
38825103
38855763
38876593
39157177
39410094
39454806
1457556
1622754
1910140
1938678
2108992
2116449
2116952
2705463
7883889
7960141
7989561
8040119
8353250
8357252
8452502
8626263
8782673
8783169
8880532
8897165
9026070
9081308
9084166
9114380
9238127
9314469
9350415
9449854
9498133
9574718
9850991
9865990
10618129
10777070
10834961
11007003
11016698
11029011
11060051
11060057
11060090
11092850
11192025
11321084
11348009
11430498
11464744
11501484
11566225
11594604
11759086
11825951
11837389
12089042
12200334
12380744
12543923
12752801
12801012
12902232
14597003
14602008
14638478
14733814
14751686
14970254
15046307
15077803
15240275
15243122
15244325
15297518
15466512
15609934
15808362
15830669
15892738
16126561
16211856
16341371
16388931
16400992
16418983
16449537
16529834
16569830
16597896
16598155
16617999
16649658
16672472
16954258
16968295
17007435
17022872
17043827
17046092
17125221
17220307
17325446
17340882
17349085
17477278
17517708
17668019
17685326
17899464
17939350
17953562
17956420
17995840
18036695
18086839
18180067
18206763
18281116
18397254
18538430
18599707
18972146
19120623
19222538
19231682
19333776
19435227
19527841
19627479
19670074
19696101
19778344
19795620
19810037
19921457
20042062
20132375
20141591
20429596
20433865
20497495
20528466
20615342
20639015
20704651
20708290
20810144
20817645
20927283
21091592
21097601
21178864
21255297
21286720
21420794
21571624
21700007
21834624
21839380
21878373
22003038
22029916
22068487
22260926
22265293
22333391
22346373
22365191
22493306
22549691
22608223
22644346
22684831
22924854
22961639
23124764
23256522
23269456
23390911
23485245
23556473
23575121
23593572
23682153
23957411
24037644
24047647
24189971
24206069
24325647
24341733
24387849
24566725
24605454
24627155
24671782
24698417
24849010
24857767
24913559
24969406
24976587
25204345
25268945
25300356
25466409
25597646
25637509
25745201
26022411
26026404
26036911
26074889
26164543
26168032
26200795
26361843
26441888
26551888
26603119
26628508
26640931
26678143
26761898
26957978
26960635
27096434
27111259
27127436
27166215
27242675
27260143
27289151
27342241
27351835
27367648
27425573
27438072
27522429
27523465
27600976
27780292
27987112
27988121
28159220
28221912
28229213
28239378
28253439
28270110
28285496
28572941
28590307
28668682
28783535
28800831
28852719
28866136
28982997
29140465
29195991
29441056
29525597
29550118
29777339
29951380
30108274
30155476
30186262
30291917
30624665
30996451
31051544
31107150
31243595
31296674
31579233
31629514
31662635
31663834
31703853
31728452
31749787
31886252
31910839
31975424
31993141
32075283
32118070
32138988
32175393
32179781
32198174
32247174
32255836
32388172
32524178
32643925
32718656
32760370
32961748
32990771
33076806
33178155
33362752
33392833
33489684
33532367
33629433
33898360
33917761
34084081
34194401
34206521
34474124
34518944
34577049
34581832
34876793
34945639
34970251
35046399
35056483
35244137
35304938
35333989
35407099
35453797
35739327
35783420
35939922
35997873
36204902
36227704
36285839
36307627
36321093
36425028
36589015
36601713
36613385
36618045
36626742
36630377
36655086
36675232
36688744
36702003
36718242
36758891
36900089
36918202
36967406
37002414
37031295
37302315
37369929
37370300
37512555
37589783
37763237
37854076
37859958
37903806
38095374
38116185
38191944
38393577
38480613
38552381
38560132
38611419
38611432
38792753
38825103
38855763
38876593
39157177
39410094
39454806
