44782
373819
393011
430545
463927
475093
498380
525916
548139
614519
621178
639519
994136
1048802
1193726
1398078
1431556
1445082
1497180
1531563
1612756
1620958
1621476
1652561
1719692
1746152
1755781
1755782
1755783
1790493
1796687
1830812
1833096
1928906
1949570
2004986
2031305
2063546
2069543
2168466
2189849
2191012
2225237
2301830
2306672
2348780
2368943
2403529
2407718
2514314
2578756
2592501
2617677
2629504
2629505
2631799
2675582
2766152
2782227
2782713
2799075
2831763
2920279
2930134
3138968
3212762
3222551
3239838
3256227
3256228
3261143
3377305
3390089
3417537
3426463
3426464
3518223
3567751
3576925
3592392
3604830
3604831
3604832
3604833
3604834
3717735
3740616
3767763
3837788
3962145
3963574
3983643
3992674
3994111
4003896
4044799
4046553
4057345
4060919
4073643
4142879
4231933
4458646
4471446
4598668
4680096
4788556
4971922
5005085
5162612
5162613
5168555
5338581
5407585
5407586
5571714
5686444
5920387
6086530
6271028
6321350
6428091
6449498
6476566
6524735
6533517
6759534
6760340
6853319
6869967
6870024
6891990
6995524
7005997
7020228
7093813
7168427
7204550
7212407
7225007
7228791
7324368
7335126
7376379
7443472
7521871
7578450
7725601
7729671
7737503
7769881
7806359
7906938
7934899
7941032
7960105
7964175
7975051
7992528
8075239
8128603
8128608
8166614
8188379
8212495
8284501
8284895
8306650
8310649
8323055
8358854
8397966
8399758
8406819
8427456
8498741
8534231
8552842
8580187
8701594
8756884
8795206
8809979
8810496
8828115
8861638
8903139
9112737
9114145
9149362
9182394
9213349
9223233
9226841
9234753
9343814
9361322
9442938
9453598
9529994
9592951
9620977
9621886
9640101
9689656
9689657
9695286
9780828
9987184
10037221
10067685
10074508
10188808
10519938
10569760
10588012
10593577
10656178
10780173
10861197
10878055
10889407
11155520
11163705
11164307
11243659
11515406
11864217
11934492
11989739
12119139
12151202
12224619
12225367
12406655
12719018
12762490
12777467
12918829
13044707
13233181
13437694
13967441
14036432
14118017
14227170
14403867
14592726
14596537
14703179
14938508
14995970
15003266
15053361
15072245
15074860
15074861
15129580
15135521
15198224
15433253
15500484
15626227
15631043
15982750
16031926
16046166
16121612
16210800
16412120
16442751
16472520
16540172
16806606
16816159
16940849
16948603
16950910
16982160
17183477
17320354
17363196
17374887
17399921
17402615
17565908
17593581
17600064
17826790
17977206
18054178
18093286
18164500
18420981
18484117
18551390
18587065
18646397
18752855
18782823
18989744
19013041
19075951
19093453
19196200
19231959
19405888
19407095
19661496
19665155
19720513
19733742
20304509
20305291
20491827
20727687
20949428
20990855
21037006
21077443
21192786
21215903
21241507
21398439
21419467
21421779
21443692
21482046
21491060
21533164
21620904
21701810
21733644
21774825
21824349
21851675
21948132
22038974
22067701
22079129
22081710
22092668
22123771
22266161
22266682
22342425
22355329
22371102
22372327
22443092
22494559
22514549
22583953
22641428
22689248
22723254
22732360
22843601
22887652
22911589
22947161
23012291
23024384
23049493
23095951
23144380
23144408
23199210
23201561
23234286
23275695
23288366
23316806
23342011
23352345
23408795
23430660
23517214
23538285
23564592
23604639
23684727
23699973
23778659
23792707
23885209
24100501
24330714
24405787
24597857
24688721
24703322
24708822
24829243
24895581
24901343
25017489
25029310
25179342
25189581
25236983
25240511
25327149
25329524
25395628
25445713
25477071
25492129
25527190
25573232
25586790
25678678
25682104
25796604
25816522
25818218
25907380
25975852
26041381
26184935
26216860
26280351
26341054
26380345
26473728
26498898
26528441
26607893
26702428
26796140
26823595
26823597
26950327
26961495
26981011
26988060
27006831
27013052
27047177
27047206
27071381
27129708
27184574
27233609
27249526
27251711
27448802
27456281
27516524
27608632
27609922
27708444
27808444
27814699
27821068
27872567
27881549
27902437
27979735
28063624
28125655
28176661
28208859
28275091
28316974
28323562
28327085
28336591
28360158
28360159
28428301
28445543
28516859
28595597
28717318
28791255
28929958
28934943
28946887
28974474
29042280
29159175
29174312
29197185
29246537
29254455
29368627
29435693
29474828
29481974
29544023
29545288
29667664
29780242
29846821
29885395
29937460
30098432
30160687
30173853
30255044
30410233
30419061
30421374
30529553
30587891
30695460
30721090
30797605
30823881
30928361
30945156
30965088
31015525
31068912
31140853
31287241
31294205
31310200
31325572
31418673
31429699
31439997
31478826
31497588
31563023
31585651
31653224
31705053
31724936
31730998
31767078
31850377
31970632
31996495
32119905
32156582
32567811
32569789
32653437
32674507
32712830
32727830
32738528
32747952
32779519
32806579
32887621
32913672
32987978
33007431
33074348
33114458
33185852
33190945
33347470
33485993
33651132
33665217
33671149
33805570
33814234
34028337
34100641
34101753
34338627
34373777
34411763
34425492
34437473
34540932
34606919
34622335
34644669
34767242
34843474
34915867
35023082
35036114
35070847
35138630
35351489
35557902
35737750
35804511
35934734
36146483
36239433
36265248
36304273
36365065
36374330
36496794
36525240
36534218
36548458
36554859
36558758
36571673
36670836
36992103
37165885
37219572
37233150
37303146
37304616
37443943
37465023
37508114
37768052
37940844
38044246
38089702
38200776
38203441
38250813
38313017
38406288
38633174
38729381
38792705
38934644
39003836
39182314
39186721
39337862
39338920
