11411716
12089029
12682174
14693555
15583342
17125975
17304624
18694786
19517907
19812278
20072080
20452357
21212145
21400098
22702827
22748116
22816366
23043830
23154732
23298547
23375086
23451394
23638810
23643129
23794449
23814034
23818163
24291178
24795376
24874678
25012469
25367410
25549365
25667630
25792045
25809524
25894520
25988981
26019641
26019987
26052314
26092758
26152586
26282422
26518051
26522312
26547373
26637513
26811948
26833149
26921549
26974750
27500082
27549141
27556331
27720154
27726907
27760200
27771149
27795308
27956015
28063019
28078395
28115344
28250772
28316780
28380016
28390961
28448629
28486169
28583384
28702005
28739785
28755644
28852636
28893500
28911583
28911614
28941630
29026655
29062721
29103080
29162280
29483120
29522975
29557578
29650579
29721836
29727138
29733430
29866679
29887781
29930334
30042758
30084410
30108567
30181367
30233558
30303255
30316770
30661342
30683499
30697205
30735293
30777417
30828324
30869494
30884025
30994417
31002871
31111257
31122100
31190085
31236896
31291461
31416862
31420951
31428072
31524539
31636064
31824461
31956403
31986246
31988836
32006889
32047243
32069699
32089315
32330935
32336713
32346300
32482514
32645942
32652247
32669475
32710700
32754562
32848326
32966913
32967718
33266320
33416467
33488726
33495220
33510736
33510739
33786847
33787713
33808410
33818423
34107530
34226414
34234222
34260488
34409007
34426391
34482094
34499216
34572717
34689741
34912750
34970231
35228362
35254524
35537555
35668788
35698179
35756058
35791049
35881226
35884116
36185089
36290021
36314936
36549521
36581355
36596915
36738858
36795860
36834550
36846041
36948016
36949817
37036345
37121314
37131492
37161967
37164093
37164756
37274871
37387372
37480594
37674506
37692398
37708608
37789980
37824354
37859304
37894135
37909761
37936207
37959056
38063919
38152267
38240926
38423305
38553710
38810006
39021744
39077391
39193772
39255507
39355962
39366657
39372160
39435365
39454335
39465368
39491113
39531770
11411716
12089029
12682174
14693555
15583342
17125975
17304624
18694786
19517907
19812278
20072080
20452357
21212145
21400098
22702827
22748116
22816366
23043830
23154732
23298547
23375086
23451394
23638810
23643129
23794449
23814034
23818163
24291178
24795376
24874678
25012469
25367410
25549365
25667630
25792045
25809524
25894520
25988981
26019641
26019987
26052314
26092758
26152586
26282422
26518051
26522312
26547373
26637513
26811948
26833149
26921549
26974750
27500082
27549141
27556331
27720154
27726907
27760200
27771149
27795308
27956015
28063019
28078395
28115344
28250772
28316780
28380016
28390961
28448629
28486169
28583384
28702005
28739785
28755644
28852636
28893500
28911583
28911614
28941630
29026655
29062721
29103080
29162280
29483120
29522975
29557578
29650579
29721836
29727138
29733430
29866679
29887781
29930334
30042758
30084410
30108567
30181367
30233558
30303255
30316770
30661342
30683499
30697205
30735293
30777417
30828324
30869494
30884025
30994417
31002871
31111257
31122100
31190085
31236896
31291461
31416862
31420951
31428072
31524539
31636064
31824461
31956403
31986246
31988836
32006889
32047243
32069699
32089315
32330935
32336713
32346300
32482514
32645942
32652247
32669475
32710700
32754562
32848326
32966913
32967718
33266320
33416467
33488726
33495220
33510736
33510739
33786847
33787713
33808410
33818423
34107530
34226414
34234222
34260488
34409007
34426391
34482094
34499216
34572717
34689741
34912750
34970231
35228362
35254524
35537555
35668788
35698179
35756058
35791049
35881226
35884116
36185089
36290021
36314936
36549521
36581355
36596915
36738858
36795860
36834550
36846041
36948016
36949817
37036345
37121314
37131492
37161967
37164093
37164756
37274871
37387372
37480594
37674506
37692398
37708608
37789980
37824354
37859304
37894135
37909761
37936207
37959056
38063919
38152267
38240926
38423305
38553710
38810006
39021744
39077391
39193772
39255507
39355962
39366657
39372160
39435365
39454335
39465368
39491113
39531770
