37291
64257
119033
237545
382712
500588
563214
596859
596860
713883
718964
755153
955100
974091
983588
1008539
1285646
1371060
1490908
1500547
1526095
1597660
1693659
1716036
1742509
1854798
1872614
1906634
1908865
2014160
2071710
2076442
2119557
2119886
2147608
2298702
2312674
2357644
2384614
2410545
2484352
2534368
2548965
2796786
3038634
3150755
3551487
3595606
3595607
3698473
3782488
3965407
3977313
4026803
4091536
4236541
4254496
4342947
4367972
4395418
4431102
4434589
4538355
4610237
4838219
5053884
5282823
5304593
5473501
5476260
5567062
5585009
5674058
5762966
5766029
6020562
6048259
6096253
6261293
6477947
6518721
6694042
6778648
6808329
6826499
6989495
7018135
7068219
7192050
7277697
7481531
7501585
7590202
7616878
7616879
7745146
7782506
7814703
7820099
7836576
7934445
7936820
7936821
7956600
8059563
8068900
8162200
8279407
8318673
8357615
8364525
8486847
8489229
8596226
8640105
8645949
8815647
8870243
8872711
8872712
8987531
9082738
9132177
9172440
9200156
9201571
9236301
9241587
9250141
9290117
9430608
9460858
9532489
9604399
9678170
9678171
9708252
9889079
10030011
10063632
10212452
10361675
10509245
10510720
10552394
10554188
10648252
10852059
10898616
10990022
11003217
11129579
11171619
11172990
11286406
11319112
11427423
11451515
11467806
11517854
11558275
11684822
11726158
11773948
11778873
11864087
11898351
11902921
11908648
12047103
12069890
12086039
12351242
12396113
12473264
12501354
12568759
12583707
12801012
12870790
12926870
14478774
14503690
14627286
14630592
14723684
14751691
14762068
15039348
15115098
15138208
15158259
15242942
15261390
15262925
15281925
15283332
15294796
15345449
15522499
15597174
15606767
15614689
15703907
15713033
15748979
15829425
15870317
15933016
15960982
15963706
15986864
15987856
15992621
16013619
16079493
16081932
16085394
16085808
16085863
16133671
16182395
16215850
16233817
16284927
16313401
16339061
16342767
16478503
16698847
16701572
16713644
16757151
16819902
16842877
16887565
16887585
16887709
17056700
17122392
17137306
17183207
17218154
17224936
17242484
17298367
17298915
17381755
17387552
17421045
17429983
17451511
17459873
17517703
17521319
17544549
17587697
17596738
17597654
17684740
17690340
17878180
17900682
17941914
17943273
17966141
17993372
18050954
18083875
18223105
18315434
18326619
18336547
18407981
18442197
18444977
18469123
18539800
18541173
18590586
18646401
18652842
18683645
18759092
18785988
18829790
18950596
19005653
19028867
19038698
19060157
19074651
19099301
19107860
19168652
19172489
19388274
19390523
19392993
19413759
19420691
19434405
19452211
19462518
19520709
19709185
19714743
19735715
19751954
19799675
19840300
19940385
20007908
20051305
20055943
20060895
20061041
20063796
20071048
20089774
20121195
20202329
20228095
20381647
20397271
20422128
20431731
20444243
20501441
20523069
20545783
20548777
20556602
20579101
20581010
20598940
20601031
20620215
20637226
20639135
20659775
20705904
20722058
20728480
20729255
20798214
20854986
20864478
20929951
20974960
21036948
21037011
21044139
21061578
21099205
21118295
21118623
21135754
21169430
21204871
21249146
21257218
21276626
21345213
21365207
21418261
21421794
21468760
21524508
21592857
21625850
21804355
21831795
21832085
21839384
21840800
21842751
21871143
21966367
21967771
21983067
21995649
22003014
22040525
22047159
22090027
22100233
22148735
22166042
22172507
22176141
22192187
22205338
22322385
22344636
22356933
22394296
22405353
22447584
22491988
22493544
22497505
22507276
22507386
22541391
22542995
22562993
22577270
22585921
22640171
22683836
22694891
22885241
22887663
22888666
22891290
22923113
22937707
22967145
23035837
23054627
23089618
23104728
23132163
23136989
23154045
23163944
23200466
23209243
23231860
23239048
23270920
23315725
23317563
23332852
23354719
23361033
23368917
23396737
23405847
23443950
23455335
23459108
23470759
23479733
23523946
23530767
23535766
23551062
23611644
23716082
23749725
23776216
23837975
23843461
23865733
23872958
23892749
23952813
23965638
24014529
24014530
24071026
24135669
24233772
24242237
24244304
24311314
24311320
24341731
24375132
24395073
24406013
24414142
24450244
24517020
24524423
24584243
24605661
24617812
24667318
24768869
24770988
24785349
24814790
24814791
24876648
24916115
24947069
24947281
24951779
25045310
25062609
25099661
25143068
25143346
25191315
25205320
25217723
25244414
25276184
25282420
25348696
25381911
25391168
25420416
25465559
25477659
25477690
25482086
25503581
25523018
25533144
25542994
25571684
25592630
25604727
25618319
25648272
25648808
25691099
25707114
25727571
25736113
25780093
25803626
25805164
25839135
25862297
25863679
25866754
25896967
25904284
25909149
25918671
25927016
25954637
25985709
26024355
26086721
26133927
26136864
26162630
26176000
26263695
26296705
26325197
26337101
26400839
26402946
26406888
26439388
26441950
26459934
26482681
26565082
26587678
26597145
26604398
26611880
26635786
26655167
26706022
26709916
26710526
26781733
26839073
26839075
26859305
26859770
26863255
26874411
26903976
26925600
26951181
27002648
27013459
27018325
27025619
27031452
27035119
27044888
27050262
27090187
27135916
27209439
27219886
27242753
27252756
27271598
27276856
27301138
27372578
27384493
27413234
27422836
27433115
27451450
27458629
27474570
27524178
27545195
27604252
27625767
27626762
27649150
27664196
27681077
27685756
27711903
27713728
27743432
27746173
27782805
27832720
27860030
27869661
27883285
27886064
27891089
27904405
27927601
27999002
28008750
28008786
28071005
28071015
28077976
28099447
28144631
28159236
28228426
28230607
28237995
28245626
28254340
28259400
28286570
28321825
28326881
28332163
28346473
28379925
28383398
28392148
28417292
28425267
28439679
28441340
28528098
28546425
28555502
28566862
28590519
28602659
28666750
28678976
28681177
28691028
28703958
28721502
28786012
28802232
28814130
28839490
28859498
28871943
28877893
28911641
28922099
28974612
29053619
29068389
29079990
29115413
29120775
29132740
29228964
29236340
29300153
29378467
29379536
29382139
29401402
29409331
29422338
29432061
29488411
29488412
29500265
29532415
29532416
29568082
29573807
29610991
29633643
29678922
29682678
29687082
29725213
29726280
29737082
29747442
29760543
29787815
29805879
29847302
29859601
29881432
29888657
29925539
29946153
29974409
30027820
30099746
30120330
30150027
30161157
30193121
30200574
30205386
30215181
30228375
30235945
30270604
30293208
30303682
30311185
30341145
30341146
30400218
30410244
30520095
30531444
30533769
30535534
30559407
30560426
30600360
30617950
30622516
30628011
30642737
30645869
30683741
30737347
30769786
30789326
30793000
30796765
30812336
30824845
30828441
30840154
30852016
30880149
30919101
30982100
31007080
31025259
31076009
31082302
31094393
31095579
31100124
31106107
31113077
31126241
31128887
31139155
31161259
31168326
31168650
31172651
31221330
31231490
31238558
31250099
31258347
31271261
31286435
31340751
31342226
31344888
31379269
31454425
31466273
31514325
31516094
31530527
31537242
31544979
31666311
31671881
31709505
31717486
31780038
31797282
31799343
31822984
31823707
31945805
31950772
31952249
31965842
31965845
32017022
32024556
32065574
32083812
32084012
32123437
32140393
32145470
32148831
32188978
32195585
32199523
32204574
32220841
32221571
32231096
32238777
32239209
32247454
32260496
32276519
32276972
32277872
32279499
32280375
32300799
32318522
32325236
32367312
32431330
32515658
32524647
32531907
32566191
32582075
32625197
32635661
32635796
32638263
32671253
32678209
32692360
32720364
32726445
32733849
32775133
32801416
32802066
32815235
32872165
32872480
32896399
32912151
32983062
32992898
32996156
33011263
33078659
33224127
33233577
33287930
33293761
33329468
33357710
33382612
33393445
33432149
33444386
33461001
33468130
33473271
33473284
33476502
33495961
33503222
33517000
33561518
33600560
33608880
33610915
33656499
33658063
33666221
33666270
33668904
33686049
33694215
33715084
33717026
33725854
33729245
33747465
33747484
33747485
33750988
33765904
33799260
33805797
33808003
33810098
33814147
33919907
33925633
33926121
33928001
33936926
33974953
33989353
33995339
33996367
34002192
34038494
34063173
34122357
34147044
34165468
34190973
34204993
34206098
34258278
34267437
34267516
34282567
34299216
34304017
34314995
34328109
34334196
34354439
34354526
34360835
34391865
34421576
34466089
34484131
34504213
34511049
34527647
34529059
34539604
34547168
34631331
34641607
34643888
34646523
34663045
34665938
34676439
34680899
34681517
34715437
34764770
34768480
34794372
34825137
34826778
34866612
34922432
34945609
34974660
35052765
35079761
35112298
35148194
35157139
35179380
35207715
35208690
35208773
35252437
35264656
35267944
35278878
35312928
35337850
35343796
35360106
35386574
35416187
35426313
35441628
35445852
35456924
35465242
35488863
35495638
35580829
35581157
35631220
35663887
35672695
35706051
35722280
35727573
35755281
35768415
35768643
35778982
35800387
35808840
35814614
35836416
35841532
35845797
35857132
35935215
35979712
35993118
36015529
36047269
36067688
36077182
36091491
36093187
36094076
36095239
36097484
36112723
36140051
36143865
36163498
36171775
36224686
36250371
36286781
36308983
36316826
36326134
36333752
36362265
36412341
36421397
36425959
36452299
36457182
36461309
36476746
36477762
36520190
36531806
36557684
36558391
36562201
36569188
36593358
36613403
36633059
36643974
36646754
36660970
36700831
36707683
36717704
36770698
36776740
36779280
36799472
36832933
36864192
36869469
36869494
36874593
36900439
36904068
36904145
36911335
36943595
36979599
36980438
37003542
37069015
37069908
37110506
37146969
37150125
37150399
37172725
37175825
37181300
37181836
37184752
37191543
37212750
37240476
37249394
37255290
37343216
37362333
37365274
37375705
37378733
37408808
37415091
37426026
37429933
37451704
37452041
37461843
37474971
37505464
37519163
37547341
37569657
37571319
37614602
37627987
37672399
37723650
37743379
37761112
37779871
37786598
37801459
37841999
37872562
37956906
38001129
38004665
38004671
38017662
38020091
38041880
38045645
38073662
38077171
38104504
38140296
38144267
38163079
38188656
38192642
38196273
38206908
38235718
38271233
38273734
38274191
38278847
38282062
38299316
38304811
38310316
38323407
38326388
38331656
38347422
38347423
38352209
38363367
38364314
38397496
38399800
38418752
38426488
38444064
38452259
38455082
38455177
38456359
38467925
38485901
38525041
38556281
38558739
38562549
38579074
38587236
38592520
38647087
38716086
38726396
38732534
38735967
38765682
38770992
38779521
38795665
38810933
38826085
38828166
38838169
38885258
38885924
38930475
38932908
38969003
38984966
38999802
39021625
39027434
39040925
39062457
39063385
39064703
39122808
39139646
39139979
39156723
39174381
39223499
39234034
39235395
39237462
39242786
39245752
39267941
39301289
39335920
39352252
39366292
39369895
39377883
39400083
39410090
39423288
39437223
39444571
39471839
39488312
39492420
39525506
39535227
39554831
39559896
39563023
39563148
39593296
39598789
39608606
