8824173
12957918
15368852
15900966
16168611
19916054
20924806
21330416
22150997
22827309
28221856
28243445
28348876
29026655
29088362
29102138
29472760
29472795
30783006
31416873
31849911
31995418
32156029
32533267
32883798
33090918
33411986
33955542
34011423
34095000
34288945
34504474
34516244
34890283
35338239
35412362
35444255
35460799
35464993
35479643
35544712
35716556
35873176
35930686
36180037
36574894
36948496
37014210
37032871
37062506
37180238
37369327
37454128
37586489
37870616
38218466
38233167
38260751
38423305
38449644
39030479
39473848
39581438
