8757752
11931143
20695894
22443110
25437615
26425811
26805624
28677478
29954890
30136440
30532742
30603713
30973888
31107148
32040377
32183591
32208805
32264737
32271651
32719700
32954985
33428681
33430372
33776147
35916503
36088637
36593667
36853191
37233025
38853331
39063579
39558194
8757752
11931143
20695894
22443110
25437615
26425811
26805624
28677478
29954890
30136440
30532742
30603713
30973888
31107148
32040377
32183591
32208805
32264737
32271651
32719700
32954985
33428681
33430372
33776147
35916503
36088637
36593667
36853191
37233025
38853331
39063579
39558194
