43106
56767
326736
329720
339794
352205
377109
378045
382608
382926
415645
525916
629471
769293
803804
806239
819758
879584
931134
931157
931173
937804
962217
984561
999074
1097382
1247198
1431701
1441161
1441162
1497195
1519412
1595967
1612999
1682654
1882133
1883088
1927151
1967921
1978874
2034894
2061282
2110376
2240784
2301819
2301828
2316913
2316914
2389894
2402972
2408520
2533482
2533483
2572190
2619460
2619462
2619464
2619466
2619467
2646701
2652875
2672202
2750019
2772410
2798131
2802298
2825397
2827366
2833863
2854704
2861768
2866569
2877604
2919815
2919823
3014929
3057717
3073677
3138932
3282390
3415192
3526702
3538491
3538953
3541707
3629862
3685632
3698601
3717730
3740610
3750750
3777650
3789493
3907433
3954223
3963562
3963603
4012041
4014830
4073642
4095875
6145379
6168222
6200014
6354016
6357004
6379787
6467950
6497144
6638644
6665310
6752270
6761950
6773451
6774393
6797240
6830015
6838038
6869990
7035420
7041713
7049023
7061312
7091830
7103179
7174460
7255925
7271018
7271039
7342222
7369598
7414071
7447134
7625058
7638934
7695145
7709105
7768744
7802547
7806361
7975093
7998697
8094276
8097394
8256246
8296442
8393208
8496388
8506128
8525078
8629329
8632273
8650893
8755989
8825308
8837372
8862608
8870197
8877979
8928946
9100324
9107569
9131370
9343550
9413465
9416676
9491166
9549230
9578768
9618292
9621108
9686385
9850998
9949503
10074660
10188812
10451205
10451604
10684373
10803981
10835092
10863589
10909906
10924395
10976749
10976750
11140930
11316291
11341387
11438135
11442232
11497442
11700926
12418530
12428659
12503789
12682943
12737201
14582732
14653340
15479872
15509681
15613817
15687380
15691049
15702695
15951499
16031161
16031192
16031566
16159772
16244231
16329351
16466634
16807696
16825490
16910856
17428378
17434402
17504045
17606130
17666571
17766809
17890023
17925842
18065813
18281626
18322775
18363984
18408395
18593245
18595132
18621995
18627610
18688112
18820355
19103875
19174287
19333771
19465755
19486309
19684344
19688605
20224496
20350734
20656993
20688950
20802185
20871080
21219681
21257483
21586880
21831999
22079343
22263218
22331501
22368776
22452495
22620699
22639317
22735987
23013189
23013196
23029117
23118053
23176420
23185529
23355584
23363359
23475045
23490560
23729897
23826366
23865885
23901081
23926494
24031527
24098654
24171860
24360647
24378586
24439165
24471757
24503775
24636301
24649991
24710594
24811557
24911338
24997332
25052105
25119480
25218920
25269718
25400917
25422024
25439651
25589888
25658082
25736202
25737117
25741343
25913158
25998271
26167828
26193778
26332641
26473844
26548863
26553300
26726026
26875299
26876300
26966140
26989718
26991142
27032413
27270464
27295705
27375559
27409673
27525395
27563398
27580114
27697390
27863556
28018864
28029286
28043572
28043575
28061955
28067618
28100768
28126017
28222182
28290692
28337427
28385004
28390431
28454649
28475618
28529930
28541150
28566080
28601089
28671497
28703672
28879829
29103697
29170044
29395445
29523316
29556853
29582590
29595396
29664901
29695323
29759378
29940854
29986895
30042930
30238010
30260200
30577452
30587190
30605026
30802589
30974263
31012123
31041672
31082328
31117936
31130711
31175361
31222520
31337117
31439825
31548318
31590898
31635257
31708538
31786405
31795474
31807982
31862393
31980349
32122612
32123830
32131736
32165330
32211193
32229179
32258800
32275234
32327249
32504845
32517651
32599971
32625624
32642742
32811436
32882763
32949720
33013790
33020922
33032092
33091235
33114269
33152661
33166715
33255311
33284842
33392284
33442910
33484233
33725176
34020176
34049656
34049658
34049659
34101189
34304400
34308155
34403519
34414224
34489142
34617184
34844188
34990977
35015775
35088966
35297088
35367869
35464378
35561957
35886897
35986252
36341375
36425598
36530168
36558727
36740320
36931492
37112767
37216720
37251650
37462310
37525221
37533671
37603920
37688889
37699090
37715127
37801778
37823960
37956891
37965265
38006030
38012553
38036036
38086162
38110948
38135039
38312611
38330385
38351086
38410723
38443962
38456644
38473133
38542119
38604328
38606297
38607043
38646533
38846704
38916323
38946908
39051782
39055751
39067167
39272307
39337287
39368609
39389299
39414004
39521414
39554864
