32751312
32912585
32945079
32952010
33036188
33041168
33363520
33391231
33414290
33467737
33505385
33540190
33579683
33638668
33653200
33664725
33764849
33789555
33801082
33809284
33839269
33865380
33883642
33888502
33926303
33928953
33958510
33992335
34015494
34105982
34164781
34205741
34208893
34227455
34281716
34348593
34381426
34421842
34423377
34441603
34442768
34453308
34455781
34506626
34518944
34536099
34568404
34574313
34576738
34659181
34660933
34661886
34681495
34682216
34721319
34737363
34738887
34755278
34791662
34796358
34809942
34817804
34828830
34909269
34928420
35011392
35048077
35053962
35065503
35066819
35066820
35071941
35119613
35126735
35159484
35208925
35247276
35252285
35267336
35304938
35334835
35344598
35354761
35384667
35407002
35407096
35419394
35437140
35458216
35467236
35524154
35547125
35571929
35573770
35651043
35681399
35686014
35729284
35741866
35741904
35744713
35763938
35781865
35792309
35796949
35813939
35836913
35838756
35840409
35840844
35849513
35863716
35874592
35876583
35922769
35924966
35939865
35965438
35972127
36014890
36060645
36079841
36091951
36139927
36142909
36144334
36171753
36188141
36192882
36192946
36197065
36201398
36201532
36214690
36230211
36230259
36245501
36248735
36250495
36276244
36290095
36296153
36314914
36321890
36340806
36359959
36387576
36399845
36411976
36414746
36417111
36429174
36430861
36438739
36449022
36468613
36500730
36516732
36520357
36555802
36561884
36574190
36615683
36615769
36617580
36626778
36631546
36652843
36708461
36708929
36712199
36724218
36735220
36737993
36740130
36754424
36777030
36798686
36802215
36806154
36811568
36823482
36839396
36846619
36876040
36880339
36894700
36900478
36900515
36916915
36925480
36969318
36977101
36978338
36979076
36983894
36985121
36986568
37002414
37047193
37066671
37078410
37091344
37093930
37106847
37110478
37111223
37111565
37111741
37119497
37179799
37198248
37208000
37217120
37218756
37221413
37237746
37238823
37241946
37249439
37269431
37270482
37330850
37342549
37355776
37375107
37390401
37391100
37400907
37407617
37430135
37432320
37461012
37480514
37484003
37484462
37490358
37509808
37528560
37531845
37561381
37612545
37621398
37624070
37630504
37631027
37720373
37725896
37734909
37749439
37775769
37796426
37811481
37835248
37842246
37851615
37858306
37858634
37860125
37891929
37939838
37990131
38010727
38027952
38029074
38035329
38087304
38136901
38150774
38150908
38157636
38160537
38195794
38225038
38247590
38252201
38280258
38315018
38344283
38350465
38357377
38361650
38376735
38382627
38387290
38393628
38395278
38425145
38462218
38468236
38468725
38468734
38478299
38506656
38514489
38519191
38539597
38542500
38542752
38575861
38632606
38637084
38652443
38654026
38674604
38694558
38717735
38723828
38745280
38746020
38750775
38764976
38784841
38789906
38792748
38807549
38812316
38825103
38840723
38865771
38871850
38882320
38897515
38905839
38909053
38919499
38929142
38930581
38930937
38953212
38962395
38980559
38985387
39004193
39013017
39038894
39061852
39061912
39065133
39079450
39093470
39105865
39106812
39129481
39149209
39165743
39194530
39198197
39233486
39242568
39252638
39253228
39265811
39311375
39316930
39337595
39338513
39347096
39361901
39417925
39421252
39447333
39455245
39456506
39468832
39479622
39491387
39504728
39508078
39514163
39517242
39521943
39550970
39562411
39567370
39593384
39596346
39608606
