15388697
16957108
17933936
18083887
19700553
19772680
19926616
20205964
20648002
20844065
21327032
21390229
21784919
21883787
21904534
22348908
22453296
22534607
22546742
22572803
22672413
22968374
22969206
23136011
23221607
23294932
23487774
23538004
23671105
23752354
23768550
23804561
23940645
24013136
24040367
24071779
24204633
24229796
24468803
24556473
24572104
24631413
24833634
24857830
24953670
24966608
25016597
25037189
25038099
25118238
25190469
25216087
25372730
25434931
25545102
25548471
25550518
25651995
25795669
25845659
25888298
25915857
25985709
26070414
26075636
26100928
26189645
26260972
26301190
26320104
26340137
26343880
26366730
26407845
26423887
26475926
26491870
26563823
26565087
26638070
26666632
26689225
26689997
26875998
26878783
26880890
26884067
26990039
26992013
27052538
27058556
27077959
27143680
27152136
27180982
27194729
27230129
27230509
27239990
27245413
27252696
27287254
27291403
27306058
27350069
27377854
27499019
27507967
27569192
27571978
27577947
27594980
27622378
27635781
27663027
27678062
27733402
27805918
27812181
27821438
27824274
27841267
27892954
27895587
27924082
27940244
27982124
27999002
28008148
28057747
28115375
28116930
28153961
28187199
28249045
28280490
28346358
28382453
28407078
28445725
28446519
28449715
28487606
28530168
28550049
28591587
28629947
28630461
28668239
28668709
28687644
28705785
28713349
28724546
28726512
28740343
28741460
28778519
28798745
28799667
28832994
28835659
28849048
28870194
28893978
28928206
28955311
28956585
28975783
29017628
29018410
29033903
29033923
29047329
29052237
29061705
29062308
29065411
29097494
29106956
29107524
29108861
29121700
29130553
29131494
29142244
29142285
29157127
29195961
29213261
29261035
29269438
29270816
29297498
29304441
29324224
29330443
29339259
29377524
29379988
29391930
29393195
29432061
29440234
29460206
29472701
29473096
29533578
29566906
29571008
29572539
29599513
29620942
29634493
29636538
29667480
29668928
29686654
29692798
29701959
29703936
29705028
29710029
29710384
29734011
29737097
29754312
29769268
29772753
29882708
29934437
29974116
29988102
29988585
30001522
30006408
30041463
30050871
30058857
30060606
30064988
30087541
30104612
30131509
30184128
30195549
30200669
30206336
30208728
30239657
30245977
30252588
30266575
30278949
30283710
30287477
30288460
30292107
30292635
30298061
30308002
30362482
30362639
30373382
30383855
30404613
30404694
30416539
30417113
30420171
30423561
30429354
30445014
30472727
30532686
30574746
30576460
30597321
30610284
30619112
30667154
30670241
30687277
30692526
30711174
30719628
30723224
30728281
30729732
30753448
30765132
30786013
30808378
30819194
30828386
30846208
30854744
30873501
30899315
30905754
30946154
30949452
30956991
30993386
31006995
31012059
31015106
31051503
31062600
31075353
31094471
31096877
31116628
31132422
31147456
31160271
31171823
31176875
31178843
31189495
31191842
31195365
31197613
31207607
31214145
31216122
31221858
31233515
31238017
31257904
31263284
31265324
31281295
31310663
31324278
31325428
31330533
31332389
31334133
31336403
31336737
31337439
31345574
31356922
31388884
31389129
31399846
31427744
31428172
31451009
31466948
31476608
31477511
31488830
31520476
31588624
31599433
31611867
31620923
31622728
31632356
31632373
31647994
31659898
31666581
31674689
31680836
31731665
31741266
31748792
31757822
31784260
31788852
31814084
31817899
31830598
31831130
31833107
31836714
31850811
31854308
31861919
31867274
31875576
31889131
31910227
31937933
31950783
31952432
31953338
31955643
31961709
31965843
31991210
32010110
32019075
32024101
32024520
32027024
32036928
32038590
32041991
32054713
32070388
32096203
32103315
32106420
32107580
32117913
32121179
32124218
32124605
32132998
32138587
32138776
32152146
32153527
32159077
32165618
32167023
32169907
32172998
32200250
32204328
32218248
32218367
32218475
32231226
32235930
32245128
32249499
32249534
32254050
32296918
32318863
32321934
32326137
32326394
32328074
32333225
32342686
32360114
32376136
32392768
32400224
32403433
32422255
32425919
32438021
32451847
32466962
32472285
32475373
32481706
32494613
32494636
32501768
32515658
32521456
32538719
32546668
32564539
32576228
32576522
32592821
32594251
32598202
32620774
32656952
32675291
32685120
32687951
32698959
32714309
32717991
32723789
32725676
32732027
32736072
32754917
32755308
32760124
32760463
32771891
32774682
32775137
32790968
32801806
32810865
32811176
32819592
32828600
32830817
32830918
32832569
32832901
32857289
32868839
32899353
32899513
32920088
32937828
32937846
32944086
32955795
32955913
32958643
32964062
32973149
32973204
32983031
32987062
32987923
33020212
33024915
33028692
33029159
33033107
33042284
33055426
33064186
33070825
33087796
33087860
33091337
33113228
33115951
33125225
33135866
33139845
33144552
33159542
33160863
33162890
33167984
33173227
33176423
33209129
33224127
33227982
33232475
33232646
33233042
33238618
33246225
33261054
33276106
33277271
33293380
33323004
33330116
33335202
33350422
33382359
33390820
33409976
33421096
33433897
33444404
33449810
33450667
33477821
33482223
33499919
33502259
33511673
33520572
33520834
33531407
33536501
33546299
33550882
33559369
33592380
33603716
33621858
33622254
33622853
33647829
33652785
33653967
33662500
33672485
33678110
33678130
33705951
33722860
33737543
33738808
33759390
33763720
33773192
33776762
33790021
33802777
33807075
33820962
33852147
33862492
33864456
33866791
33878520
33889290
33894295
33900345
33907216
33907401
33915261
33925359
33931271
33957563
33977075
33977958
34006653
34030573
34040404
34046717
34047734
34055966
34062416
34065217
34066160
34074340
34077715
34085773
34100959
34125276
34129964
34176489
34190033
34195217
34202227
34205926
34222056
34222066
34246956
34247658
34248864
34249773
34259969
34261503
34268328
34271043
34296573
34298442
34310596
34312713
34313459
34313547
34315772
34320208
34322877
34332648
34348201
34354526
34361604
34361945
34365247
34368009
34378656
34381036
34389559
34393673
34395502
34396468
34404817
34422681
34441649
34444839
34453844
34472032
34484452
34489878
34504116
34514612
34515716
34518874
34521318
34521783
34532729
34549998
34559376
34588398
34592891
34596327
34600678
34603035
34612661
34617139
34617511
34619367
34623232
34638764
34658866
34660667
34665439
34669436
34674606
34675239
34683361
34693864
34711719
34713626
34715771
34722332
34722607
34729669
34730437
34742442
34743939
34743983
34746120
34752089
34778417
34786501
34801681
34804363
34808192
34821239
34836186
34836348
34848335
34855639
34855861
34855864
34862421
34863163
34865747
34866616
34869341
34873092
34879869
34880645
34883252
34884399
34890843
34893951
34894414
34897759
34906228
34911745
34920070
34922201
34924229
34931007
34943104
34946029
34950418
34956218
34959977
34962114
34975882
34976176
34978141
34996347
35002754
35004303
35026010
35028854
35043293
35048605
35052696
35053205
35054790
35055188
35057570
35061732
35073073
35075239
35102136
35103461
35107323
35115705
35121248
35122977
35133390
35146405
35149527
35157139
35165344
35167015
35167406
35171438
35178157
35179758
35183703
35184494
35185821
35210551
35215413
35215464
35216439
35222050
35228751
35231853
35237276
35237590
35238258
35240353
35243260
35252293
35258762
35263215
35265071
35272549
35276886
35277029
35288721
35296557
35297188
35297435
35299968
35306225
35323661
35330929
35334871
35346845
35348232
35371073
35378331
35391730
35392284
35397955
35400467
35405095
35415929
35437540
35444255
35448490
35452117
35455732
35456425
35471119
35477270
35484157
35502335
35513696
35521810
35524491
35530961
35536024
35538082
35539240
35559844
35567942
35571928
35584634
35596115
35600606
35603929
35613313
35631454
35640610
35641786
35647690
35647717
35653548
35661666
35663882
35675542
35683992
35705595
35708632
35710395
35718910
35745166
35755129
35761415
35769569
35774450
35776086
35779098
35785028
35790194
35796402
35797768
35800387
35800592
35803703
35803930
35805168
35806099
35807915
35812447
35821804
35822787
35837127
35840231
35841645
35844908
35847062
35854693
35858565
35874661
35875589
35881465
35882872
35889069
35896748
35903481
35908379
35917214
35928144
35937599
35943198
35943300
35948738
35950704
35954507
35956340
35956844
35982777
36010611
36014023
36026526
36031720
36033889
36036242
36038689
36045744
36046745
36046871
36049519
36052065
36060669
36067582
36070824
36076475
36078075
36079890
36087619
36093695
36094300
36108608
36109831
36113229
36113426
36139880
36144806
36152776
36153618
36155062
36159100
36166844
36174833
36175462
36178497
36181445
36195889
36220403
36230150
36230772
36232724
36234692
36235838
36246235
36253412
36255293
36255342
36275453
36294939
36295815
36304943
36309716
36312913
36318353
36328351
36336146
36343364
36345525
36347103
36355110
36356718
36358090
36358236
36361976
36364844
36368696
36371559
36374311
36380385
36383683
36387852
36394293
36404809
36413219
36416490
36427659
36430628
36430986
36431000
36434956
36435795
36437378
36439840
36440358
36441657
36468767
36480309
36483309
36495667
36504787
36526682
36527987
36531693
36531991
36539432
36553749
36557635
36564429
36564713
36573546
36583108
36586523
36599931
36601898
36604052
36604506
36610135
36613488
36615777
36615885
36618686
36626632
36646449
36648164
36652108
36660596
36670878
36674104
36674937
36677404
36678256
36685588
36694591
36699599
36700000
36702203
36704549
36707764
36712682
36713378
36719201
36722409
36723722
36737654
36738733
36738999
36740846
36746362
36748516
36754607
36759753
36765969
36771430
36771444
36786638
36791931
36796737
36799472
36823075
36825211
36826810
36827280
36828897
36832930
36834497
36834709
36835309
36837813
36839205
36847500
36861163
36884184
36889489
36894245
36902386
36904067
36910527
36920671
36921043
36924854
36929191
36935082
36937258
36941715
36943701
36943918
36996967
36997505
37005422
37013905
37017243
37032862
37033234
37040299
37047584
37047729
37049564
37061048
37063280
37065129
37087075
37097372
37098829
37104181
37111034
37119391
37119914
37121958
37132118
37140369
37150906
37165987
37191572
37199577
37203220
37207566
37240769
37254162
37258543
37269833
37278126
37285786
37287024
37287985
37290320
37294090
37305974
37312410
37314693
37329576
37335106
37337046
37343363
37344658
37345844
37349047
37365420
37366641
37368331
37373142
37374030
37375029
37377410
37396381
37396394
37397653
37400423
37408808
37421628
37424323
37424378
37432597
37439681
37440890
37447161
37447380
37454621
37456047
37457968
37459963
37460552
37479958
37483698
37489361
37491636
37492530
37501991
37509852
37510132
37513683
37516109
37526424
37552394
37553229
37565758
37584728
37595937
37597851
37606621
37610596
37630442
37630725
37630732
37655859
37668965
37671803
37671923
37677965
37689914
37690533
37696941
37705353
37709134
37723664
37724669
37731585
37732633
37749431
37764709
37773713
37774792
37781044
37782386
37787527
37788279
37797689
37797929
37802720
37803696
37804821
37806931
37836387
37852177
37854349
37857477
37866242
37870318
37875803
37887381
37892391
37893609
37901448
37910603
37921463
37928040
37937163
37940266
37942423
37943691
37947010
37950623
37953509
37955584
37960154
37960202
37961985
37967793
37973916
37977398
37998959
38002890
38004116
38004667
38004805
38005284
38010886
38012292
38013178
38029073
38037542
38045608
38048923
38056144
38058259
38059626
38059838
38066426
38084034
38087436
38088552
38090133
38092311
38094156
38108654
38116628
38124735
38128750
38147032
38170633
38191834
38192642
38199366
38200844
38201113
38213219
38224571
38225709
38227487
38236004
38245560
38247491
38263790
38263937
38265338
38275037
38282971
38289866
38315242
38316862
38338577
38352442
38355288
38357211
38358358
38365881
38378690
38384263
38389170
38389799
38393978
38396863
38402355
38407327
38409847
38413462
38421192
38426554
38427291
38428146
38445660
38445897
38456962
38459054
38463411
38464791
38465231
38468206
38468732
38470269
38471272
38474811
38477534
38490028
38490164
38493186
38500992
38503939
38511344
38517896
38525041
38531966
38533265
38536935
38539626
38539838
38539873
38540830
38560210
38571945
38572243
38576373
38580930
38582860
38585649
38590256
38608488
38608580
38612577
38619029
38619583
38619680
38621910
38629914
38642237
38648368
38651931
38653239
38653927
38661383
38665607
38684384
38684911
38688858
38698916
38717824
38721112
38723828
38727176
38727988
38731716
38742466
38745106
38752110
38758414
38763955
38766519
38772822
38773112
38774024
38776988
38777056
38782351
38783108
38784796
38785539
38788691
38790958
38791314
38792711
38792809
38792849
38805786
38811534
38819989
38828754
38829529
38833010
38841406
38848939
38851100
38853964
38865030
38871078
38884844
38889450
38889842
38892628
38898984
38906102
38908193
38908613
38911180
38927810
38928317
38931275
38932522
38932806
38933035
38947523
38949912
38961271
38965062
38969093
38971026
38972652
38986198
38996505
38998485
39009690
39016683
39019160
39027140
39029823
39034613
39040570
39047017
39051782
39053045
39059091
39060944
39064679
39069586
39070656
39080821
39082080
39084128
39097746
39101187
39104524
39108142
39109507
39115291
39117021
39123239
39126448
39130655
39131668
39140734
39141019
39144222
39145619
39147378
39151919
39154706
39175809
39181073
39182702
39188931
39189204
39192579
39193826
39197040
39203469
39203495
39207146
39208897
39209875
39211938
39214085
39218360
39229115
39236963
39244071
39249571
39253461
39263442
39264284
39265779
39268532
39271423
39285193
39301762
39303815
39305271
39309495
39311539
39326132
39333245
39333588
39337215
39339675
39342324
39347539
39357628
39369895
39375796
39376571
39385462
39391493
39396929
39406893
39413040
39418965
39419309
39421249
39421251
39421255
39421258
39427804
39429872
39436683
39439767
39442198
39452160
39454995
39456922
39458436
39458441
39466764
39470217
39476581
39479687
39490883
39501247
39502024
39516566
39520336
39521225
39528052
39529240
39533019
39536991
39539377
39549023
39554606
39560666
39562574
39564479
39567970
39572079
39590765
39606009
39606029
39611203
