7699023
8559638
9502460
9639923
9798064
10341183
10834997
11168088
11326023
11389507
11669235
11773099
12788030
12958235
14766870
14999621
15528658
16556317
16849724
17041054
17174401
17400438
17988394
18440175
18680153
19528165
19586732
20181919
20575436
20668129
21255383
21778268
22012009
22098551
22315001
22378902
22403142
22512310
22556329
22709586
22736732
22874073
22998023
23053501
23087388
23092514
23345301
23516195
23609510
23620158
23876269
23877774
24092805
24355701
24445823
24463808
24483018
24579240
24586447
24721229
24856526
24948754
25355770
25415654
26065696
26688826
27076914
27121506
27227292
27448237
27515393
28524084
28963213
29052540
29238457
29455870
30031801
30158191
30232128
30404946
30526740
32009598
32207394
32899371
33794378
34913059
35971665
36016079
36050561
38490892
38980022
39494864
7699023
8559638
9502460
9639923
9798064
10341183
10834997
11168088
11326023
11389507
11669235
11773099
12788030
12958235
14766870
14999621
15528658
16556317
16849724
17041054
17174401
17400438
17988394
18440175
18680153
19528165
19586732
20181919
20575436
20668129
21255383
21778268
22012009
22098551
22315001
22378902
22403142
22512310
22556329
22709586
22736732
22874073
22998023
23053501
23087388
23092514
23345301
23516195
23609510
23620158
23876269
23877774
24092805
24355701
24445823
24463808
24483018
24579240
24586447
24721229
24856526
24948754
25355770
25415654
26065696
26688826
27076914
27121506
27227292
27448237
27515393
28511667
28524084
28963213
29052540
29238457
29455870
30031801
30158191
30232128
30404946
30526740
31937256
32009598
32207394
32899371
33245643
33794378
34913059
35971665
36016079
36050561
38490892
38980022
39002934
39494864
