16825614
19878522
21080200
21556918
21686169
22415781
23007101
23292246
23571124
23996212
24158533
24617258
25171924
25187130
25546703
25635022
25645626
25803299
25977285
26297145
26587972
26592761
26705002
26965278
27047739
27263830
27339257
27362423
27542497
27593491
27833841
28087491
28545250
28596391
28664373
28704498
28705979
28904419
29122878
29192088
29411930
29430368
29437110
29439042
29496824
29756313
29954905
30533694
30673446
30878803
31207608
31371547
31407219
31473514
31497388
31659402
31671870
31756468
31762381
32123244
32242927
32435881
32477849
32604045
32622988
32638866
32667057
32807357
32972004
33097348
33485751
33486459
33665708
33670503
33705487
33717040
33793813
33818325
34113548
34248918
34361878
34414208
34469281
34475669
34576846
34644724
34646305
34730619
34733259
34816770
34825016
34857778
34905096
34957412
35050893
35056470
35138564
35211162
35244318
35417184
35586862
35656370
35663894
35834051
35834084
35850333
35863007
35879581
35903758
35909740
35945409
36027845
36106889
36171319
36175467
36241112
36264248
36299778
36316240
36344445
36363756
36386716
36459289
36480050
36565792
36585993
36590400
36591897
36599658
36624876
36674536
36699592
36905427
36930295
36999937
37062473
37064275
37212225
37219446
37264062
37469421
37584890
37631055
37708608
37714854
37752317
37804741
38056366
38094984
38176596
38197663
38223712
38223761
38247588
38396696
38444877
38467390
38513464
38560215
38623900
38703728
38764012
38767404
38799586
38809805
38891975
38893338
38953357
39045536
39065092
39073909
39112831
39201557
39272598
39294197
39320640
39412538
39424739
39458253
39458357
39548402
39597515
