1297030
1370287
1382113
1930556
2010642
2037674
2095293
3143475
3584425
7565173
7608063
7883912
7948561
8000552
8104626
8110931
8240968
8557078
8824150
8827704
8934910
9286979
9301981
9524839
9527802
9542946
9575026
9709899
9813480
9864188
10211427
10438227
10488176
10496928
10792551
10849279
10865175
10974579
10997832
11014770
11024350
11054164
11055917
11261489
11308074
11348001
11518320
11578764
11669236
11823203
11873883
11934569
12030401
12174039
12694457
12746371
12781953
12839811
12867570
12969502
13130026
14633028
14672014
14968959
14991516
15004096
15012808
15150325
15150333
15193799
15249050
15388703
15569001
15658983
15752654
15794654
16151107
16156118
16159790
16252131
16349363
16434719
16535171
16623399
16699653
16715811
16732806
16820471
16878602
16968308
17012583
17021193
17080292
17087519
17109273
17169116
17186156
17222071
17277211
17286562
17300902
17496975
17517651
17526846
17551035
17554439
17573931
17596358
17616592
17719084
17898843
17965361
17999586
18067224
18194253
18254499
18258274
18355677
18388966
18545840
18828791
19005723
19080598
19123303
19273640
19426281
19534604
19648345
19863591
19900538
20069873
20144229
20227596
20636974
20890847
20921418
21037094
21091724
21097598
21256956
21359176
21431316
21436367
21467263
21519288
21520265
21551296
21553566
21707995
21740974
21779939
21780772
21784160
21797034
21907383
21963679
22065896
22205999
22311923
22322339
22409355
22483338
22564558
22572874
22666003
22725694
22903451
22940556
22983040
23002063
23098279
23100746
23134287
23159749
23163893
23243235
23357049
23436029
23745946
23775269
24012571
24031843
24055254
24092791
24161775
24190336
24242240
24242249
24333714
24572887
24608968
24860552
25048031
25059557
25194259
25245365
25359918
25416479
25440979
25447712
25462554
25510188
25583334
25620963
25828406
25862969
25921581
25929240
25987617
26027900
26040993
26092555
26103449
26126539
26136727
26218714
26280543
26284048
26396008
26433346
26507229
26525163
26635240
26896136
26909339
26971634
26987764
27005546
27020200
27039338
27043558
27075453
27080448
27180024
27288257
27454012
27483342
27540061
27588015
27690177
27790190
27885558
27942459
28032485
28108338
28124783
28167251
28290091
28321827
28346803
28383126
28482205
28488226
28743647
28813436
28848017
28884316
28894128
28951073
28955325
29038059
29116575
29155272
29181803
29205196
29243150
29325326
29375485
29394397
29414740
29437264
29610339
29702234
29727141
29733170
29774212
29872872
29882217
29964197
29978108
29987921
30001906
30026173
30040137
30041051
30065799
30095424
30105821
30108567
30129989
30136361
30179147
30225818
30229985
30261297
30279153
30311486
30350465
30359750
30399439
30439500
30449596
30502464
30530927
30532251
30572129
30614490
30614537
30619173
30708057
30733751
30734315
30742850
30761715
30772397
30788401
30806729
30922887
30965017
30994417
31054368
31075328
31121269
31181869
31192158
31259432
31284525
31316478
31323322
31425831
31453396
31465454
31571949
31578759
31606917
31625114
31652362
31654082
31663616
31671797
31707718
31757827
31798571
31806744
31811887
31861650
31862400
31866993
31877791
31935441
31950405
31963469
31990611
32032762
32038507
32046727
32093365
32101080
32107652
32142875
32145322
32162333
32185140
32245412
32252334
32270765
32273733
32300925
32305623
32345738
32349861
32353577
32387561
32439515
32503532
32504970
32539814
32547961
32561418
32636602
32766165
32829476
32972930
33005867
33007366
33009679
33059008
33060270
33066257
33120268
33122048
33125625
33137224
33144215
33185813
33194208
33298315
33317051
33339176
33348848
33360593
33533674
33553279
33635357
33637574
33640019
33669869
33674439
33772325
33810916
33856639
33891720
33892129
33924078
34015480
34044307
34066575
34121235
34139525
34147569
34162325
34181247
34208966
34224726
34233153
34307285
34356769
34361876
34364977
34400283
34454354
34486151
34488907
34500055
34508865
34566322
34589297
34603262
34683427
34737976
34740811
34780976
34788627
34798478
34848306
34875118
34899630
34985567
35085717
35134503
35195453
35203219
35214028
35227192
35228362
35263695
35318138
35326806
35355377
35355860
35367379
35398527
35524836
35546572
35561950
35568092
35568093
35569779
35598068
35598741
35646727
35654384
35657546
35663889
35698139
35716266
35716556
35716927
35716967
35718290
35749548
35754535
35768966
35839613
35859219
35874671
35880869
35886026
35939149
35940538
35985627
35988712
35990669
36030194
36077519
36098923
36110292
36154193
36182025
36209969
36290267
36331356
36354336
36355279
36363790
36365013
36386612
36419595
36439703
36452300
36477764
36510260
36511345
36515399
36526036
36532453
36532495
36543267
36558807
36558851
36578578
36637931
36646341
36700629
36708291
36710352
36739739
36758658
36795566
36815744
36834706
36848297
36853030
36859771
36866813
36940784
36944414
36948016
36975994
36985338
36989948
37007502
37051796
37111485
37178839
37207528
37209754
37209775
37233472
37244492
37266015
37275236
37277052
37317278
37370358
37371785
37374898
37419434
37429397
37438674
37451347
37510289
37523138
37584068
37611778
37623980
37628005
37630449
37670115
37678477
37685043
37704113
37705318
37732778
37754275
37779478
37786431
37832750
37859968
37889734
37902393
37947961
37969805
38003801
38004661
38012120
38037033
38048837
38060081
38092091
38104792
38142019
38153571
38171003
38181018
38184574
38224762
38246266
38254454
38319867
38331763
38425180
38431332
38461664
38486350
38504363
38531781
38536889
38564672
38577546
38614394
38653011
38674638
38696022
38750706
38795269
38797004
38876231
38879868
38906357
38909733
38912216
38925181
38964436
38972658
39038632
39042324
39047803
39059563
39103039
39117126
39117127
39122098
39144207
39147176
39153128
39172273
39199972
39219683
39222829
39233033
39233781
39236968
39241817
39271014
39271450
39278018
39281053
39331282
39383012
39400146
39498999
39510967
39513706
39546050
39588460
39595255
39595340
39596143
39599540
39600552
1297030
1370287
1382113
1930556
2010642
2037674
2095293
3143475
3584425
7565173
7608063
7883912
7948561
8000552
8104626
8110931
8214815
8240968
8557078
8824150
8827704
8934910
9286979
9301981
9429640
9524839
9527802
9542946
9575026
9709899
9813480
9864188
10211427
10438227
10488176
10496928
10792551
10849279
10865175
10974579
10997832
11014770
11024350
11054164
11055917
11261489
11308074
11348001
11518320
11578764
11669236
11823203
11873883
11934569
12030401
12174039
12694457
12746371
12781953
12839811
12867570
12969502
13130026
14633028
14672014
14968959
14991516
15004096
15012808
15150325
15150333
15193799
15249050
15388703
15569001
15658983
15752654
15794654
16151107
16156118
16159790
16252131
16349363
16434719
16535171
16623399
16699653
16715811
16732806
16820471
16878602
16968308
17012583
17021193
17080292
17087519
17109273
17169116
17186156
17222071
17277211
17277907
17286562
17300902
17496975
17517651
17526846
17551035
17554439
17573931
17596358
17616592
17719084
17898843
17965361
17999586
18067224
18194253
18254499
18258274
18355677
18388966
18545840
18828791
19005723
19080598
19123303
19273640
19426281
19534604
19648345
19863591
19900538
20069873
20144229
20227596
20636974
20890847
20921418
21037094
21091724
21097598
21256956
21359176
21431316
21436367
21467263
21519288
21520265
21551296
21553566
21707995
21740974
21779939
21780772
21784160
21797034
21907383
21963679
22065896
22205999
22311923
22322339
22409355
22483338
22564558
22572874
22666003
22725694
22903451
22940556
22983040
23002063
23098279
23100746
23134287
23159749
23163893
23243235
23357049
23436029
23745946
23775269
24012571
24031843
24055254
24092791
24161775
24190336
24242240
24242249
24333714
24572887
24608968
24860552
25048031
25059557
25194259
25245365
25359918
25416479
25440979
25447712
25462554
25510188
25583334
25620963
25706737
25828406
25862969
25921581
25929240
25987617
26027900
26040993
26092555
26103449
26126539
26136727
26218714
26280543
26284048
26396008
26433346
26507229
26525163
26635240
26896136
26909339
26971634
26987764
27005546
27020200
27039338
27043558
27075453
27080448
27180024
27288257
27454012
27483342
27540061
27588015
27690177
27790190
27885558
27942459
28032485
28108338
28124783
28167251
28290091
28321827
28346803
28383126
28482205
28488226
28743647
28813436
28848017
28884316
28894128
28951073
28955325
29038059
29116575
29155272
29181803
29205196
29243150
29325326
29375485
29394397
29414740
29437264
29610339
29702234
29727141
29733170
29774212
29872872
29882217
29964197
29978108
29987921
30001906
30026173
30040137
30041051
30065799
30095424
30105821
30108567
30129989
30136361
30179147
30225818
30229985
30261297
30279153
30311486
30350465
30359750
30399439
30439500
30449596
30502464
30530927
30532251
30572129
30614490
30614537
30619173
30708057
30733751
30734315
30742850
30761715
30772397
30788401
30806729
30922887
30965017
30994417
31054368
31075328
31121269
31181869
31192158
31259432
31284525
31316478
31323322
31425831
31453396
31465454
31571949
31578759
31606917
31625114
31652362
31654082
31663616
31671797
31707718
31757827
31798571
31806744
31811887
31861650
31862400
31866993
31877791
31935441
31950405
31963469
31990611
32032762
32038507
32046727
32093365
32101080
32107652
32142875
32145322
32162333
32185140
32245412
32252334
32270765
32273733
32300925
32305623
32345738
32349861
32353577
32387561
32439515
32503532
32504970
32539814
32547961
32561418
32636602
32766165
32829476
32972930
33005867
33007366
33009679
33059008
33060270
33066257
33120268
33122048
33125625
33137224
33144215
33185813
33194208
33298315
33317051
33339176
33348848
33360593
33533674
33553279
33635357
33637574
33640019
33669869
33674439
33772325
33810916
33856639
33891720
33892129
33924078
34015480
34044307
34066575
34121235
34139525
34147569
34162325
34181247
34208966
34224726
34233153
34307285
34356769
34361876
34364977
34399833
34400283
34454354
34486151
34488907
34500055
34508865
34566322
34589297
34603262
34683427
34737976
34740811
34780976
34788627
34798478
34848306
34875118
34899630
34985567
35085717
35134503
35195453
35203219
35214028
35227192
35228362
35263695
35318138
35326806
35355377
35355860
35367379
35398527
35524836
35546572
35561950
35568092
35568093
35569779
35598068
35598741
35646727
35654384
35657546
35663889
35698139
35716266
35716556
35716927
35716967
35718290
35749548
35754535
35768966
35839613
35859219
35874671
35880869
35886026
35939149
35940538
35985627
35988712
35990669
36030194
36077519
36098923
36110292
36154193
36182025
36209969
36290267
36331356
36354336
36355279
36363790
36365013
36386612
36419595
36439703
36452300
36477764
36510260
36511345
36515399
36526036
36532453
36532495
36543267
36558807
36558851
36578578
36637931
36646341
36700629
36708291
36710352
36739739
36758658
36795566
36815744
36834706
36848297
36853030
36859771
36866813
36940784
36944414
36948016
36975994
36985338
36989948
37007502
37051796
37111485
37178839
37207528
37209754
37209775
37233472
37244492
37266015
37275236
37277052
37317278
37370358
37371785
37374898
37419434
37429397
37438674
37451347
37510289
37523138
37584068
37611778
37623980
37628005
37630449
37670115
37678477
37685043
37704113
37705318
37732778
37754275
37779478
37786431
37832750
37859968
37889734
37902393
37947961
37969805
38003801
38004661
38012120
38037033
38048837
38060081
38092091
38104792
38142019
38153571
38156048
38171003
38181018
38184574
38224762
38246266
38254454
38319867
38331763
38425180
38431332
38461664
38486350
38504363
38531781
38536889
38564672
38577546
38614394
38653011
38674638
38696022
38750706
38795269
38797004
38830808
38876231
38879868
38906357
38909733
38912216
38925181
38964436
38972658
39038632
39042324
39047803
39059563
39103039
39117126
39117127
39122098
39144207
39147176
39153128
39172273
39199972
39219683
39222829
39233033
39233781
39236968
39241817
39271014
39271450
39278018
39281053
39331282
39383012
39400146
39498999
39510967
39513706
39546050
39588460
39595255
39595340
39596143
39599540
39600552
