1768147
2256783
6787029
8050065
9684317
9687436
9731288
10229952
10347874
10594718
10601206
10610823
10696479
11108021
11211274
11319116
11491345
11678229
11827339
12017771
12608565
12624199
12658520
12807197
14990317
15109135
15143042
15545447
15574928
15640176
15648832
15731455
16033454
16042042
16269767
16280478
16349023
16349042
16476480
16501931
16724560
16828121
16885273
16909348
16926100
17122399
17169102
17499535
17557169
17628674
17628715
17760382
17940819
17978204
18045442
18164873
18329901
18359809
18495491
18497299
18777187
18793642
18836018
18854215
19186015
19187159
19364337
19538643
19576219
19640660
19748588
19899345
19921544
19941025
20012275
20045066
20066960
20074236
20156478
20371291
20493193
20560360
20600957
20601119
20624467
20629700
20833182
21133322
21134379
21170356
21204573
21269501
21282662
21296930
21566386
21672632
21802516
21829707
21930884
21947974
22051180
22066815
22072436
22233514
22267807
22314526
22327168
22342649
22974320
23014953
23063538
23097430
23228459
23496328
23625262
23651278
23685009
23689721
23789748
23806640
23886491
23911357
23978566
24056279
24072640
24080469
24127639
24184842
24345370
24468075
24575086
24600557
24607288
24704420
24725454
24747055
24795372
24905482
24909498
24931626
24949634
25027277
25089010
25141719
25307203
25450196
25451001
25541078
25556193
25586509
25689491
25800112
25868475
25895094
25910848
25917973
26002640
26072161
26091834
26093208
26099218
26190497
26193268
26206609
26223836
26257382
26299704
26352925
26363086
26476308
26482792
26592708
26648104
26719026
26723266
26777896
26801576
26828393
26893436
26993612
26994670
27032602
27032691
27040527
27043172
27108378
27245866
27262523
27267177
27268574
27286331
27296384
27346152
27404434
27443817
27488375
27492122
27545641
27554394
27640155
27826294
27832949
27840223
27847342
27940367
27942756
27988308
27994957
28077870
28150577
28159592
28174306
28185912
28254498
28302499
28348552
28592491
28690141
28705721
28709723
28709898
28774490
28797638
28829580
28844967
28857444
28860073
28867630
28888537
28892748
29054825
29102628
29113862
29127027
29192085
29284014
29284147
29305989
29355763
29501499
29518405
29532336
29627478
29709686
29729885
29738808
29751033
29772373
29807121
29902560
29942306
29996454
30026174
30050457
30076875
30092256
30121020
30125708
30135412
30143998
30308294
30339873
30349521
30385248
30385315
30468745
30517845
30633961
30648602
30652084
30660738
30711451
30721653
30797067
30802629
30804806
30837561
30850999
30857186
30872031
30897459
30905845
30936046
30978445
30995452
31028761
31125303
31152761
31216793
31233778
31336155
31425720
31447861
31472172
31472263
31494220
31499201
31525382
31587643
31647357
31659783
31669879
31733219
31740398
31743759
31760688
31790795
31813690
31857123
31881330
32044463
32061713
32084540
32088790
32174442
32219965
32276034
32283109
32305504
32311399
32371258
32387471
32437859
32569712
32569714
32789571
32793193
32798695
32835852
32841622
32847054
32884955
32930158
32941968
33011432
33031900
33178167
33197282
33242570
33391288
33444645
33643289
33819545
33830741
33925782
33930456
33957267
34000261
34023375
34193596
34265728
34386003
34390618
34418417
34520817
34534219
34539443
34540890
34559285
34563588
34600117
34619173
34622639
34655739
34662683
34711526
34715129
34742899
34773053
34868028
34868083
34898657
34906687
34965964
34998985
35120925
35120936
35150828
35155654
35176468
35183562
35238186
35259068
35462003
35525493
35562078
35569578
35640531
35654141
35669507
35671794
35697269
35772590
35777363
35777710
35835384
35863534
35870748
35882195
35911684
35917891
36194497
36280129
36309323
36341874
36347398
36362371
36403705
36419610
36548464
36591234
36618076
36621705
36642286
36709365
36746229
36773473
36853050
36868539
36871631
36907338
36918451
36921701
36922441
36933883
36948368
37007472
37044269
37065179
37116769
37146451
37169107
37201731
37210465
37216400
37230373
37257569
37257572
37276929
37342622
37353060
37429340
37540224
37575045
37586599
37633344
37640120
37656737
37708948
37709179
37730190
37764177
37802234
37839671
37915855
37984612
38065305
38129066
38158142
38163495
38184970
38242069
38256110
38404622
38426898
38490346
38502428
38513908
38522715
38537729
38548001
38663462
38685443
38705548
38789572
38792735
38897309
38925430
38940521
38960105
38964676
38986992
39003864
39084275
39102970
39122097
39146353
39147178
39151743
39168293
39368257
39414953
39571859
39586384
