18980
74119
820530
1204452
1715736
1861655
2161522
2624594
3889585
4643930
4791168
4912216
4963739
4976076
4976140
4979912
4990416
4992005
6083710
6667916
7259689
8123566
8364803
8550456
8830637
9274007
9678183
9726910
9734060
9828439
10049896
10103241
10584001
10691667
10872690
10965424
11078654
11097928
11252478
11432787
11722542
11898337
11966920
12115433
12427955
12429070
12485751
12807189
12889608
13057059
13118109
13142994
13558544
13776881
13921217
14187913
14651348
14769465
14937013
15149089
15297508
15297521
15478355
15547268
15702917
15712752
15826127
15948605
15949926
15970328
16013392
16040120
16238737
16245717
16300074
16347983
16535025
16542411
16559580
16559594
16559621
16559734
16559940
16560941
16560961
16561305
16561306
16561514
16699573
16710635
16820457
17066940
17586563
17821616
18179822
18236733
18287289
18297873
18407615
18456114
18610658
18897422
18942990
18944023
18951917
19027973
19104867
19357756
19616612
19735196
19748125
19756391
19898544
20255101
20276889
20344223
20416835
20827474
20921317
20932089
21221948
21278282
21611767
22112595
22203569
22706191
22773111
22808738
23011127
23070713
23073664
23109597
23263732
23384289
23439879
23643874
23765791
23893780
24060693
24193137
24324702
24606965
24917311
25027643
25084675
25289183
25477925
25643750
25820602
25838494
26002697
26150743
26259479
26465807
26667574
26874861
26920050
26950325
27052696
27118071
27196540
27228668
27319803
27517920
27582514
27590016
28042055
28233476
28568417
28580011
28651081
28745820
28824604
29095136
29124466
29195004
29371354
29437086
29479508
29996826
30010657
30051589
30166163
30268676
30344610
30425434
30622417
30818566
31105681
31196927
31391330
31745783
31820108
31836963
31874230
31965693
32030584
32226418
32338377
32423383
32539947
32930536
33148822
33175127
33194439
33329425
33343553
33353020
33414344
33424814
33517552
33539285
33833767
34287030
34365711
34548019
34603239
34658194
34841358
34976308
34978643
35207506
35357611
35408596
35479409
35687734
35704622
35842001
35890586
35896814
35910619
35969072
36029678
36271213
36302145
36354903
36406448
36466578
36828111
36986916
37055653
37298285
37399041
37418916
37565813
37630447
37649058
37896417
37938668
38012258
38373884
38632193
38637073
38948031
39117240
39125673
39289261
39385380
39439261
39474459
39570377
