1369190
1556961
1556962
2657217
7767228
8722183
8761732
9200156
9234796
9241587
9317023
9767713
10217492
10573559
10693169
10849178
11128064
11451515
11594590
11876714
11895863
12086039
12423923
12450873
12503390
12847910
12927703
12966570
14660406
15066781
15128574
15135587
15138186
15280282
15743005
15808363
15823392
15946407
15960751
15992621
16161694
16167966
16269682
16277782
16313405
16332835
16391119
16478503
16618363
16629032
16670529
16676374
16698847
16706898
16721394
16768842
16794305
16872374
16885266
16924934
16958059
16958763
16978844
17007436
17088006
17112712
17198739
17207972
17359386
17397953
17434430
17440520
17462768
17544732
17547861
17571805
17596738
17635382
17651391
17714393
17827318
17889391
17897193
17919270
17927751
17951981
17957120
17992983
17995612
17995639
17995644
18028460
18061329
18097846
18336547
18378122
18395902
18444998
18460135
18461886
18500812
18533353
18562167
18590586
18614524
18641188
18689506
18762327
18791026
19011029
19011052
19037925
19088310
19089616
19168652
19193706
19235917
19300120
19304838
19331702
19353367
19376856
19396241
19445177
19504616
19523775
19526225
19529931
19651563
19659926
19700676
19705832
19735956
19801460
19843211
20037966
20060895
20071048
20089774
20139616
20167618
20190051
20216564
20348299
20364710
20409588
20474053
20511504
20543719
20545688
20579593
20601030
20601517
20680579
20697291
20846331
20848082
20851982
20863419
20921388
20960415
20972239
21074284
21078530
21132298
21176205
21204871
21244240
21296446
21326270
21338778
21390145
21419219
21453880
21519932
21598393
21602611
21695273
21696390
21735552
21740724
21741105
21821753
21829158
21831765
21840698
21840799
21858192
21875680
21876374
21899798
21914878
21926200
21936251
21963389
21986032
21995649
22000767
22024313
22030747
22030749
22038957
22098090
22101052
22101054
22118077
22119884
22138986
22192187
22223570
22237870
22264421
22265312
22284965
22287006
22327347
22335359
22365357
22389372
22416710
22417598
22436193
22459110
22476971
22572834
22609519
22702506
22749610
22790540
22815448
22843029
22843535
22848210
22953874
22955678
22980792
23020819
23044113
23060868
23067113
23071537
23082149
23120992
23167835
23187955
23221535
23293831
23347182
23400948
23459324
23471038
23474283
23541206
23567124
23568206
23571819
23584772
23587387
23645200
23649523
23663691
23688551
23702939
23772066
23782263
23821934
23830222
23855738
23866586
23872958
23873566
23880625
23916721
23957340
23993139
23995933
24018615
24025736
24031230
24037652
24037813
24072764
24077711
24081910
24103188
24105997
24124012
24217196
24239978
24245895
24268677
24279727
24296725
24311315
24313277
24318587
24351858
24358142
24381223
24410812
24445155
24450180
24485676
24487527
24499072
24516445
24550206
24601749
24626410
24632517
24638207
24661576
24675853
24704222
24724909
24743599
24787732
24793963
24838022
24883178
24893766
24902954
24905221
24936376
24936764
24940526
24947281
24952588
24971309
25007523
25043203
25052229
25062610
25080006
25086349
25087036
25097108
25146491
25151879
25171898
25191600
25205320
25209713
25214308
25217723
25242662
25269440
25287704
25391267
25391349
25457102
25477939
25483333
25515139
25524403
25533144
25547309
25569274
25650127
25657101
25706951
25707999
25733653
25744647
25779902
25782657
25829629
25841539
25846920
25850555
26004368
26031908
26040033
26052224
26062117
26110044
26130143
26187824
26189714
26232126
26235937
26236711
26239070
26263695
26322543
26362981
26366205
26372517
26381324
26382580
26404012
26509834
26516074
26539169
26558435
26565082
26593502
26594607
26601325
26621631
26626365
26678123
26732026
26766747
26795356
26821116
26839073
26864394
26883620
26909690
26913493
26976285
26989840
27048835
27052717
27054371
27061393
27074320
27081196
27084007
27112363
27132091
27157575
27199937
27242753
27333286
27375589
27387254
27418149
27442847
27475723
27499662
27502277
27536365
27554155
27596407
27632361
27660886
27680208
27682233
27711907
27713735
27809987
27826427
27826653
27857709
27866040
27867803
27869661
27921083
27999938
28002391
28007678
28025886
28027638
28068045
28079729
28096702
28108391
28114246
28233848
28245559
28252037
28256070
28343401
28346719
28409534
28455069
28531784
28561762
28591244
28662142
28662676
28674113
28698467
28702200
28711255
28745749
28753043
28753102
28782508
28784510
28790996
28818050
28833937
28837002
28861074
28911187
28931089
28946394
29031239
29053828
29080807
29107841
29121700
29122477
29168358
29177455
29227175
29248229
29319525
29345158
29383302
29407393
29413672
29463799
29549311
29550911
29633643
29633647
29644961
29651835
29693757
29695179
29695181
29696008
29703235
29752587
29785889
29787859
29802187
29896319
29931231
29975824
29982803
30008595
30011652
30018370
30024817
30027199
30036104
30036977
30061588
30076613
30099133
30106205
30109493
30135002
30246890
30262813
30263587
30266728
30270609
30306201
30323328
30382002
30424728
30439760
30447370
30460676
30476217
30520095
30525950
30532567
30574802
30574803
30596521
30599388
30621211
30628158
30659070
30669321
30680175
30709821
30711887
30719295
30790361
30792016
30794874
30836671
30865287
30906817
30915359
30947380
30951951
30967436
30982074
30982100
31021333
31035617
31049080
31063918
31065700
31090458
31098880
31119156
31131616
31137855
31139397
31152751
31155248
31186348
31196229
31227535
31238558
31256543
31261829
31271261
31298466
31301827
31366385
31440225
31537964
31554104
31588471
31600299
31618866
31660551
31707173
31709506
31732058
31759007
31759585
31780030
31797399
31882096
31905688
31936487
31949186
31955445
31955760
31955768
31959047
31970371
31972983
31987796
31991794
32009110
32019158
32020233
32025825
32038522
32053893
32059116
32066256
32079472
32135415
32138793
32139755
32172889
32195585
32210304
32218248
32218367
32235660
32241904
32272820
32290916
32305995
32326047
32328204
32345342
32359580
32384794
32438563
32440731
32466908
32472368
32506882
32507203
32517954
32521765
32524647
32550178
32582075
32592699
32633801
32715136
32742434
32751149
32796662
32804603
32808408
32824480
32846591
32849418
32851584
32858376
32861486
32867967
32901954
32903884
32945079
32948579
32960889
32969200
32978757
33066107
33087796
33094788
33103385
33123141
33135616
33135866
33139757
33143755
33161737
33178152
33183666
33219444
33222846
33228450
33232637
33233058
33233128
33308038
33324384
33333101
33346437
33375174
33388937
33393445
33393951
33403899
33448546
33487082
33503222
33513820
33514774
33519585
33520570
33562225
33562392
33584665
33593462
33620143
33648165
33648284
33663840
33668177
33669303
33670419
33672035
33746986
33754306
33761872
33801321
33808003
33808862
33809517
33810192
33811784
33814153
33908058
33911705
33921166
33923532
33925633
33950614
33976389
33992391
34009021
34024601
34052844
34062085
34064899
34065822
34066341
34129232
34132282
34166387
34189508
34194106
34200306
34204263
34211003
34227455
34232082
34236222
34264791
34264803
34273720
34283392
34335493
34345965
34374081
34391819
34391865
34431764
34444974
34445849
34496737
34511049
34530516
34532019
34550055
34589064
34612663
34613640
34629508
34681423
34683415
34721319
34761733
34793277
34795651
34796583
34815112
34824745
34827188
34828828
34835488
34847296
34855861
34861464
34887435
34909846
34918142
34927036
34935171
34955247
34960094
34970580
34978141
35003031
35056536
35056907
35069576
35083265
35086715
35102968
35114943
35157139
35163930
35202009
35208690
35209838
35236257
35260963
35267392
35276956
35295488
35299968
35305152
35318524
35327299
35337850
35343796
35344737
35347713
35365862
35453752
35458754
35459889
35464990
35465165
35474569
35498283
35501641
35565930
35572671
35610236
35616024
35623529
35631266
35634695
35670877
35690993
35718910
35737740
35758165
35761615
35794639
35804654
35807801
35807812
35807868
35833120
35840239
35840243
35846768
35876099
35927504
35931487
35954089
35972279
35976494
35987480
35990345
35993118
35995910
36004715
36012597
36014377
36071965
36076451
36076859
36076883
36076885
36098362
36136951
36138790
36149331
36159940
36162004
36165644
36168203
36173590
36192796
36218158
36219101
36238281
36245273
36245482
36266398
36296591
36300953
36305963
36307244
36319710
36334119
36334231
36348390
36358518
36359999
36360056
36364717
36370934
36397441
36397706
36407506
36419187
36422363
36444081
36446515
36496561
36501115
36509312
36532450
36535806
36542391
36545730
36557596
36562464
36573161
36578663
36594489
36615804
36615827
36662412
36673428
36674840
36697840
36698458
36705702
36709420
36723265
36723741
36737953
36746921
36765968
36766139
36766140
36768650
36769356
36778877
36788674
36789079
36802222
36812033
36815217
36869469
36869512
36876774
36899145
36913356
36925479
36950165
36986084
37007499
37020105
37022212
37022264
37027929
37057371
37068726
37077903
37078654
37093514
37107386
37108555
37110429
37172455
37212697
37227688
37237157
37278952
37297495
37333632
37333640
37346910
37374905
37374969
37375614
37393707
37432710
37460831
37482954
37496309
37500535
37512817
37513648
37533204
37571365
37594378
37622257
37630731
37632683
37639222
37639812
37641239
37642166
37675996
37721866
37764689
37764787
37778980
37780309
37804865
37823160
37831331
37836458
37838684
37849220
37853813
37869252
37894240
37938745
37959009
37960207
37962097
37970935
37985749
38001399
38004665
38022530
38025274
38029238
38034649
38045645
38046823
38046906
38054625
38054827
38079198
38099054
38099679
38108654
38136226
38138183
38140284
38140308
38151924
38172093
38176500
38219862
38231849
38242846
38259373
38273734
38278974
38285537
38299790
38328839
38337627
38337685
38338593
38339084
38352209
38370297
38374797
38381349
38409641
38422245
38456847
38467857
38467925
38479903
38523836
38540068
38540916
38542701
38543492
38543544
38556221
38561808
38578010
38585649
38603764
38637087
38659979
38674783
38677716
38699835
38719180
38739239
38791112
38796989
38812412
38825144
38830472
38852301
38892624
38933029
38937374
38938120
38947385
38947460
38967303
38967470
38998605
39038499
39055336
39060403
39060737
39064788
39081678
39102225
39115430
39139967
39147472
39163291
39189385
39195805
39218543
39235395
39244201
39247959
39265837
39277216
39320367
39335894
39356506
39382739
39384734
39410056
39414243
39417900
39419885
39422648
39455466
39461594
39504831
39527605
39590108
39593967
39595538
39595910
39602306
39602817
