59520
500798
1155231
1310671
1323575
1338041
1339343
1368081
1390112
1396779
1424507
1433905
1447059
1479687
1490917
1494227
1495193
1510436
1522669
1526673
1612735
1618364
1646779
1664418
1685175
1689714
1701835
1702760
1711754
1726210
1748126
1759827
1778852
1778870
1797457
1798067
1800377
1800379
1825484
1854174
1864765
1906261
1929344
1960118
1960855
1960856
1987043
2033044
2039196
2041153
2041155
2044935
2050717
2081717
2112378
2127928
2128340
2158496
2161820
2166077
2193701
2209168
2209737
2212071
2246146
2250286
2259834
2262968
2285571
2287060
2288248
2291754
2318539
2327752
2329100
2345135
2387776
2456934
2462333
2490681
2500012
2507683
2508543
2509416
2552030
2552904
2560422
2589366
2606817
2621779
2632214
2637602
2640511
2656259
2659799
2663406
2664255
2668659
2676939
2681128
2684275
2749877
2791722
2808208
2809699
2810762
2967119
3015950
3034144
3042871
3054490
3058021
3060268
3088346
3093528
3106306
3114230
3135170
3142012
3157551
3163383
3164987
3181832
3191100
3194711
3197461
3210297
3216475
3216764
3263354
3277991
3292493
3293818
3305367
3310868
3320089
3325434
3327965
3360968
3361156
3382380
3410954
3436856
3468319
3480886
3485092
3485506
3496845
3497792
3498702
3503133
3517057
3529797
3534712
3540110
3549692
3593440
3606872
3623698
3654953
3696836
3729343
3729361
3733745
3802298
3816354
3838637
3849423
3865923
3869265
3879464
3881949
3886639
3886721
3888544
3890729
3897168
3901215
3903165
3909335
3928497
3958148
3988854
3997848
4064609
4083013
4860403
6048149
6048150
6086214
6097357
6222024
6229216
6291454
6294779
6294785
6305973
6312395
6330649
6331296
6350354
6456884
6511707
6561180
6563980
6602587
6605393
6610539
6642676
6749890
6756905
6775010
6859842
6999020
7047556
7049076
7051807
7097001
7309851
7510229
7558298
7559198
7567110
7567314
7625799
7625810
7752452
7752899
7765982
7811005
7811097
7813503
7844396
7851087
7863869
7867295
7894706
7911351
7928783
7933534
7939052
7940580
7956454
8040111
8051793
8081499
8112047
8113596
8140244
8190478
8244902
8253998
8254888
8254900
8320467
8354306
8360981
8364525
8367967
8449836
8486569
8515560
8529525
8550472
8593307
8643019
8645811
8652349
8669160
8701578
8708743
8722027
8748284
8755883
8765991
8771156
8771935
8786624
8786626
8827738
8828073
8838200
8840619
8932305
8986558
9029830
9032594
9044026
9044634
9066104
9069535
9145861
9182394
9185413
9222068
9223696
9316913
9338493
9382169
9447906
9502663
9548775
9571462
9572021
9593145
9603633
9635237
9687421
9693967
9732032
9736562
9752693
9759315
9763741
9767304
9829958
9832268
9852647
9865561
9865988
9877376
10036375
10049251
10085047
10103179
10231302
10378134
10404338
10418178
10428909
10441793
10449462
10467641
10492478
10498727
10513845
10519322
10539994
10559178
10567770
10576704
10581683
10584905
10602756
10651802
10678431
10678437
10685307
10720807
10747172
10749541
10785554
10824027
10877772
10906409
10952610
11020851
11055901
11101600
11129226
11137648
11157909
11158751
11306784
11344150
11355667
11393129
11423460
11428574
11448564
11456189
11460206
11482772
11515771
11568743
11601705
11666790
11696580
11770632
11807053
11838216
11844071
11852813
11864106
11899055
11901251
11931166
11977920
11984521
12007850
12019092
12037047
12071094
12088622
12195880
12199446
12200535
12380794
12423973
12445926
12517861
12621736
12664382
12682131
12693558
12707334
12781291
12929824
12959684
14506014
14567255
14569285
14576109
14594250
14649681
14652784
14692381
14700759
14717362
14720498
14982773
15007873
15014062
15033270
15047535
15049096
15115453
15122392
15141271
15170108
15180816
15221039
15283864
15336414
15471997
15521620
15528723
15528892
15583342
15591668
15613007
15637989
15673770
15743901
15765758
15893850
15925710
16081971
16137849
16161756
16232546
16233057
16261305
16339844
16415665
16420989
16436717
16466890
16483664
16495258
16567997
16569434
16629036
16636463
16690260
16926980
17007934
17012582
17074796
17125975
17180585
17182756
17220267
17255456
17287329
17341470
17365707
17380089
17385143
17399737
17460900
17487947
17523471
17548456
17578420
17587073
17613069
17664798
17717992
17724160
17766079
17867488
17889144
17938414
17939629
17965358
18033780
18086837
18086839
18087627
18157401
18162728
18172374
18176006
18194912
18203087
18211016
18283240
18293921
18296438
18327547
18389719
18437840
18467244
18611726
18661161
18683661
18845350
19024645
19057104
19069027
19112401
19120920
19219283
19228109
19263248
19344096
19459471
19467313
19469274
19477252
19494373
19502368
19556373
19617474
19687197
19739000
19803730
19941755
19949761
20011962
20132689
20151397
20162076
20219514
20300397
20345467
20352211
20392504
20414871
20431984
20510505
20561579
20714310
20723125
20723254
20813849
20835958
20848811
20885345
21061987
21123527
21253351
21321054
21342342
21356438
21504249
21521414
21700517
21713008
21812229
21839377
21852287
21874606
21924697
21925757
22062111
22176761
22184894
22184910
22192340
22200744
22200745
22200801
22220506
22251187
22251367
22265286
22267858
22346377
22409779
22410503
22542894
22683657
22700549
22708292
22824371
22827568
23118301
23183469
23198187
23199817
23206280
23223802
23262033
23273045
23282187
23316189
23330509
23405333
23428772
23472034
23486147
23498179
23505701
23507415
23579192
23587958
23625419
23631594
23643129
23684720
23710696
23742831
23746343
23827823
23877897
23897522
23965814
23979759
23992506
24031236
24059431
24106621
24198833
24241330
24383854
24394193
24572887
24798249
24818128
24818487
24853875
24857802
25020163
25049913
25081858
25106550
25107625
25168469
25170941
25239052
25356341
25371693
25447717
25449248
25477930
25483576
25498024
25551428
25673765
25715871
25733218
25748553
25791250
25870058
25889261
25895364
25915607
25973507
25999571
25999942
26029910
26136735
26143056
26197285
26219671
26280518
26333395
26450735
26498988
26503189
26553186
26574995
26607682
26675021
26781017
26781242
26787946
26787983
26798544
26829846
26939657
26976881
27005459
27046739
27066799
27169941
27220322
27236395
27352077
27363583
27416146
27418912
27421818
27459019
27495005
27516567
27679611
27720545
27818649
27826290
27873675
27873695
27927090
27984803
28110033
28154285
28182124
28191865
28245252
28271652
28360373
28367029
28387353
28395682
28404984
28435889
28458670
28555403
28559163
28561169
28600633
28600898
28619802
28658333
28659135
28696146
28698604
28705499
28733908
28805537
28811229
28838340
28877672
28911410
28919283
28946332
29037910
29183746
29254478
29256426
29288840
29435240
29471688
29472795
29546004
29566147
29571292
29579836
29616001
29628289
29718423
29718820
29942700
30025967
30047567
30059332
30094360
30181439
30185679
30261677
30262096
30306353
30353002
30373806
30461351
30508103
30552634
30589936
30621864
30629184
30633189
30675330
30701233
30805633
30814316
30915952
30925643
30936726
31049501
31049859
31069724
31113133
31118300
31121803
31128286
31185845
31191484
31231616
31283769
31327898
31329445
31329523
31364524
31368325
31372160
31398983
31417290
31447809
31449965
31466935
31493078
31524539
31606242
31611275
31628740
31630429
31679328
31682902
31707976
31709943
31732029
31732057
31802379
31816558
31841674
31874851
31883415
31897663
31901487
31921015
31935467
31971235
31974073
31994472
32044965
32055744
32100711
32129839
32144223
32156029
32169625
32186146
32221566
32236865
32311502
32335010
32368107
32424607
32427286
32483155
32638150
32638685
32690600
32692646
32700154
32714282
32724607
32740783
32749130
32784594
32831012
32871134
32904280
32906845
32928820
33038258
33059423
33134581
33135916
33171912
33203354
33224119
33386625
33459786
33547790
33661134
33757586
33774979
33801318
33849512
33857127
33888139
33920102
33920372
34091094
34151148
34163458
34193353
34199546
34201226
34202799
34269096
34319973
34356802
34363151
34395716
34408452
34455153
34461516
34483221
34494541
34502482
34633134
34650543
34680820
34682706
34709509
34730375
34745077
34802374
34840223
34867855
34887844
35000812
35153244
35155809
35193457
35202455
35228348
35254123
35303817
35325574
35349730
35359715
35376988
35392611
35429756
35467403
35504169
35510850
35625430
35734305
35794501
35815675
35822812
35858795
35858814
35949468
36067984
36104720
36110038
36125305
36182895
36195129
36226152
36268225
36302024
36367550
36449645
36461386
36506741
36509030
36668897
36683151
36689436
36696565
36732295
36764658
36877732
36879495
36900094
36977789
37029177
37107092
37174640
37196810
37199652
37283918
37310253
37326931
37372459
37391975
37431354
37437842
37467211
37479959
37480259
37482939
37484407
37508302
37627688
37635942
37705142
37786852
37806847
37824354
37835277
37848069
37859304
37882042
37882541
37893481
37893611
37950172
38021780
38038266
38081996
38109772
38143052
38146295
38191876
38249471
38250289
38262080
38265220
38367844
38399667
38399800
38486350
38507793
38526224
38535596
38543523
38583079
38597910
38677305
38786183
38883037
38884495
38891605
38922457
38962187
39029335
39035040
39040254
39069586
39070266
39088478
39135186
39178936
39200009
39311133
39335068
39354382
39407654
39427451
39436839
39446283
39493848
39559337
39579549
39582881
