2630
7875
20840
100933
582898
711959
811030
1429293
1429561
1495487
1518910
1526450
1526977
1577752
1580532
1694527
1705929
1721851
1764502
1813017
1854195
1901904
1903136
1906985
1907199
1907300
1957819
2004352
2043280
2054383
2066342
2095920
2099363
2114530
2165858
2249458
2271225
2323549
2495315
2501366
2536744
2600217
2644191
2884242
3002269
3015026
3058777
3097092
3098812
3100589
3106442
3110233
3122654
3139074
3139075
3141041
3144641
3231712
3405204
3584599
3805441
3805442
3930584
3933276
3989067
4083879
4083880
4422872
4451671
4624215
4677725
4749719
4771753
4882415
4985226
5171829
5444287
5537328
5537582
5559613
6231318
6250686
6427170
6446658
6457643
6669478
6726177
6841747
6894934
7344536
7472904
7547149
7571433
7576258
7580797
7590202
7608829
7612246
7612252
7616879
7622733
7651138
7651347
7662296
7746954
7753911
7763729
7764136
7764262
7765475
7768891
7811089
7840074
7846050
7859355
7885375
7925365
7934445
7958782
8002562
8005834
8108275
8178472
8229319
8248631
8331064
8378446
8385993
8525054
8550537
8554764
8579994
8586221
8586230
8596226
8597542
8620186
8623559
8626297
8633855
8653724
8662938
8675749
8675780
8700966
8703007
8786251
8827459
8830272
8861346
8871529
8879406
8887349
8899517
8910918
8921853
8921885
8930919
8969524
8987531
9011046
9030681
9058540
9081225
9084166
9098049
9141697
9142744
9162062
9168610
9172440
9175562
9201223
9201571
9202436
9228738
9236302
9249016
9251202
9251212
9268169
9293002
9293026
9305765
9327543
9344917
9361445
9387220
9406066
9436092
9454717
9473048
9499809
9504985
9519481
9532774
9562894
9588806
9602283
9603827
9621224
9633654
9636317
9656994
9657932
9657935
9678170
9678176
9682492
9717291
9721653
9721662
9728685
9731293
9763687
9767713
9792848
9819233
9821263
9835031
9839222
9841662
9841781
9851032
9874336
9882680
9919668
9925584
9927000
9932854
10049822
10063627
10090251
10206690
10212452
10234652
10319500
10342225
10375631
10383768
10388677
10388695
10406960
10417258
10417259
10417626
10423241
10427734
10468688
10480088
10482618
10489440
10496009
10508072
10515924
10515925
10518747
10525839
10543777
10545259
10555300
10559170
10559198
10563999
10583686
10587630
10601871
10606148
10612746
10620678
10623722
10629797
10651931
10653718
10679053
10693169
10714858
10725140
10730517
10733280
10735251
10736005
10742276
10745279
10750093
10768781
10772217
10791745
10795811
10816556
10820052
10821566
10828399
10828403
10831407
10840680
10842177
10842178
10852570
10914660
10915203
10919816
10920009
10921919
10933256
10945277
10996900
10998327
10998330
11003217
11003223
11004403
11029416
11055922
11065358
11097879
11097906
11097915
11101474
11111038
11114681
11118276
11123479
11131401
11136134
11157356
11157930
11160885
11179301
11201658
11204766
11210049
11229902
11244182
11251229
11252486
11252504
11281786
11282600
11286405
11286406
11295192
11319095
11320122
11322731
11336549
11338840
11375188
11389862
11398983
11407913
11410354
11412358
11430411
11442724
11442814
11489121
11501678
11504394
11515226
11525994
11526016
11576311
11577730
11589564
11589707
11593127
11602017
11602593
11642428
11686387
11722674
11768074
11772639
11773948
11787706
11790749
11823195
11823219
11823240
11849358
11851809
11864249
11876368
11888213
11895863
11910358
11916708
11930950
11934033
11938463
11961338
11962255
11972683
11976312
12007820
12018415
12018416
12036318
12039785
12047103
12054262
12059250
12067374
12074086
12086036
12109889
12120707
12146469
12147076
12201520
12206901
12209372
12224561
12242004
12351242
12355538
12358474
12371651
12374837
12380745
12383726
12390494
12406739
12406744
12406762
12416799
12416800
12423358
12423750
12423923
12427933
12429513
12440716
12450864
12456275
12471447
12482661
12485746
12487437
12487442
12494920
12526204
12540416
12549799
12556943
12556949
12568755
12571059
12634348
12647947
12657203
12684515
12753249
12778573
12784617
12788729
12801012
12801956
12810267
12819958
12826058
12839752
12848525
12866624
12868278
12882274
12884477
12902223
12902240
12906045
12906063
12913674
12916828
12949701
12957931
12970070
13174501
13327882
14280837
14280838
14280840
14283245
14391996
14499618
14500002
14532023
14592770
14594223
14596990
14597007
14617640
14617641
14622980
14623388
14659553
14672169
14678176
14705802
14709006
14711526
14724157
14749232
14766570
14888370
14962128
14997360
15006799
15006818
15016546
15018061
15018103
15048591
15053316
15066816
15068074
15073287
15105036
15109791
15135959
15138208
15144735
15163587
15180351
15202638
15225596
15240255
15240331
15244065
15252717
15269618
15281931
15294791
15294805
15294848
15297081
15313661
15328209
15364470
15378231
15453475
15453477
15462565
15486704
15493732
15541806
15543133
15546417
15586693
15606767
15617797
15638510
15640233
15660169
15672222
15678724
15698689
15707158
15726349
15746324
15746339
15748980
15805520
15815206
15836487
15869967
15871631
15893395
15909691
15919090
15933046
15942005
15956297
16000774
16000821
16018220
16019312
16022746
16024230
16043205
16049660
16079334
16091941
16099606
16125007
16126048
16192262
16204526
16204566
16211856
16213050
16214764
16246902
16281183
16291610
16291613
16297479
16300065
16313191
16332852
16345167
16345294
16345572
16345654
16345703
16346160
16346586
16347053
16347303
16347729
16348117
16348472
16348841
16350006
16420603
16421858
16445749
16478638
16480499
16530515
16535064
16535280
16553844
16560144
16566582
16569914
16598014
16616965
16627985
16643978
16696684
16701913
16702308
16754859
16820518
16834816
16840603
16840604
16841872
16847652
16869990
16870007
16875752
16887565
16892266
16902754
16919915
16932907
16942996
16943081
16943097
16960053
16972988
16980450
16987640
16989319
16996629
17021227
17033001
17033519
17061533
17066336
17074390
17108865
17110984
17112712
17114247
17150273
17151954
17172342
17186668
17198739
17218032
17257163
17260332
17265887
17275906
17293972
17307855
17311971
17318330
17381740
17407180
17418311
17451511
17476540
17477279
17490609
17505659
17507093
17513475
17515847
17526779
17530857
17532491
17604300
17604862
17632754
17633553
17640978
17650892
17660309
17690340
17693498
17699021
17711456
17714400
17720831
17822381
17822794
17854216
17878180
17899807
17906129
17921293
17932625
17942208
17953562
17953584
17957106
17957108
17961648
17975071
17992983
17993384
17995644
18001380
18004511
18044442
18065539
18065545
18065633
18077039
18092458
18156339
18173109
18175741
18211357
18218736
18223503
18226309
18263725
18281116
18292243
18292244
18298456
18298740
18300344
18336739
18355669
18384024
18387114
18425680
18427990
18455822
18456357
18520336
18538430
18539261
18539804
18539806
18541173
18555407
18555408
18555409
18555410
18555549
18600702
18604576
18615427
18615746
18618465
18620618
18620769
18633675
18650271
18656532
18658288
18665934
18671775
18778294
18803720
18803721
18814336
18832202
18838819
18842314
18843790
18997432
19000641
19007054
19036465
19038920
19038923
19054234
19074601
19077307
19100174
19114510
19128851
19164657
19170887
19172230
19181800
19187995
19191960
19217548
19232767
19233782
19243999
19246744
19291238
19302299
19305160
19321579
19346354
19349088
19351042
19361876
19361877
19372152
19389943
19395564
19395571
19411126
19440514
19447907
19447974
19459963
19469286
19469473
19473252
19482050
19484304
19486386
19490338
19504616
19527829
19527841
19552712
19583797
19622076
19628371
19647766
19659926
19666198
19700672
19700676
19700926
19703719
19709335
19720515
19768702
19799669
19810037
19819037
19822375
19838618
19844751
19878555
19915034
19924455
19929951
19998380
20023010
20041021
20060612
20070507
20141947
20162236
20163065
20163626
20165946
20173067
20178773
20220129
20226377
20227601
20233332
20305033
20339214
20355009
20355240
20412904
20412906
20472057
20474086
20482938
20483186
20491536
20492126
20495044
20583192
20610797
20615342
20629865
20630204
20630608
20656875
20659602
20673062
20688240
20705353
20723955
20724225
20726237
20822875
20854981
20889781
20935129
20965316
20980266
21009572
21038480
21046392
21048484
21048762
21056778
21081959
21111612
21131489
21131517
21144608
21152088
21175746
21175792
21178092
21182576
21196060
21205103
21208300
21212956
21234750
21239485
21244240
21257030
21262359
21264216
21296446
21343909
21371932
21377750
21378060
21413818
21426607
21435032
21436217
21457552
21461068
21508671
21524508
21545585
21631119
21636155
21658908
21664388
21681946
21683099
21692832
21697819
21700007
21700016
21722203
21739193
21745695
21804004
21807435
21813460
21816056
21839384
21849217
21854910
21858085
21887477
21905631
21914889
21925037
21967334
21968347
21978656
21981946
21984788
21992955
21995282
21995822
22004606
22013382
22013734
22019399
22022447
22024428
22029927
22030749
22039501
22088919
22098090
22101824
22103626
22105555
22107596
22118078
22132899
22133745
22139154
22141454
22146692
22154239
22157240
22188589
22216112
22236005
22241050
22281315
22287009
22287513
22305888
22313760
22336342
22336514
22350500
22351775
22361199
22365190
22409500
22416681
22417438
22417598
22427071
22429258
22452835
22475940
22475947
22493155
22493306
22502809
22612919
22612927
22659829
22666452
22688240
22753072
22790540
22809296
22818434
22841576
22843572
22853653
22888666
22895082
22911717
22916878
22916881
22916891
22930839
22939784
22949671
22950663
22963659
22968410
22980792
22996620
23033471
23050452
23057534
23089252
23106104
23121623
23122501
23122510
23170165
23183916
23187955
23188579
23200466
23204467
23216305
23224222
23265537
23290237
23290992
23323845
23330597
23334296
23359690
23385575
23396911
23429555
23455640
23474651
23484117
23488684
23492433
23516369
23521820
23530723
23535272
23541206
23567307
23568199
23617813
23619643
23628611
23649523
23664933
23692331
23750953
23764225
23769954
23829297
23830222
23840152
23842540
23863210
23865592
23865733
23899653
23905016
23940360
23952962
23954859
23965638
23999014
24010601
24013960
24020254
24031780
24031784
24031940
24037813
24053819
24061001
24077683
24101246
24114597
24131584
24183686
24242245
24249817
24250681
24256225
24256227
24265226
24279757
24290642
24294233
24319442
24321601
24341282
24387849
24387858
24406013
24414651
24426006
24435859
24441167
24463156
24464238
24478767
24485676
24495115
24526643
24561828
24598513
24598514
24603094
24607862
24625867
24634220
24649829
24657864
24659988
24695892
24706360
24713045
24731340
24745665
24757790
24766488
24795796
24803518
24811454
24827399
24834065
24837292
24883178
24902482
24903816
24916316
24936359
24936380
24962875
25000306
25003019
25022690
25028153
25038675
25038777
25048214
25050006
25063295
25084655
25085486
25095898
25105253
25151879
25151880
25172766
25173915
25190646
25190881
25216109
25217720
25244414
25291127
25291130
25291140
25295914
25311532
25344083
25362524
25380795
25380799
25391267
25423449
25457052
25458266
25458845
25465632
25465993
25477657
25535496
25547308
25547312
25582584
25584532
25589547
25596033
25597646
25611820
25616791
25622877
25630032
25637305
25639677
25650127
25657101
25659110
25691466
25694691
25713570
25726107
25743155
25747830
25748774
25777482
25802859
25829629
25841013
25841539
25846139
25846922
25871498
25884980
25892776
25900652
25981475
25981480
25999573
26018501
26019249
26019575
26019593
26035177
26043863
26057126
26059517
26080436
26082116
26085541
26092460
26093989
26098369
26104437
26119359
26139885
26143229
26167176
26193375
26193959
26224708
26245488
26280324
26302702
26304391
26317391
26337884
26338114
26338123
26341209
26364109
26370847
26378237
26384211
26388670
26409971
26445629
26490650
26497818
26551888
26572373
26576927
26577209
26585795
26586402
26594607
26601583
26607891
26608679
26611164
26611166
26616962
26635094
26643044
26658966
26678135
26681350
26686726
26689226
26723116
26733960
26735798
26761877
26761898
26766747
26787986
26805985
26820354
26820650
26826763
26874417
26875092
26919457
26919818
26930796
26956372
26989840
26995125
26996628
27010963
27041224
27105119
27107115
27112886
27148224
27157575
27175184
27190835
27236762
27255973
27266631
27289195
27294135
27316953
27318086
27341191
27342241
27376279
27377190
27378131
27380420
27413225
27433113
27433115
27442847
27469354
27497152
27499669
27500310
27501401
27507970
27515777
27554146
27554150
27565144
27577090
27588327
27592433
27600976
27621698
27630115
27638255
27684196
27697162
27754312
27754427
27771088
27787997
27790333
27795256
27799925
27807623
27821208
27835774
27885320
27889146
27894009
27907189
27920772
28008786
28025548
28039135
28040166
28040181
28062463
28066332
28068902
28146356
28159787
28161169
28165460
28166850
28178767
28193422
28207002
28215898
28221890
28231187
28251668
28262818
28264013
28265371
28297748
28299944
28318581
28321825
28326004
28326449
28342608
28357474
28384336
28392985
28399997
28403558
28413453
28432093
28444596
28450504
28457550
28476884
28477627
28504579
28529928
28531168
28535609
28536022
28559620
28578054
28578060
28590548
28599175
28608319
28618865
28643623
28663439
28681177
28696506
28711270
28744258
28745749
28762193
28778888
28783535
28785032
28815181
28842539
28843694
28856907
28873711
28888432
28888762
28936671
28941892
28955321
28961194
28968208
28979247
29045472
29048784
29055533
29065708
29065710
29068389
29080295
29104563
29110293
29115413
29122477
29122869
29147103
29148175
29152703
29163538
29180373
29192628
29209903
29216305
29234047
29236144
29247061
29274972
29275942
29290088
29312272
29319527
29329859
29358798
29368243
29411201
29414731
29429879
29439051
29451876
29487437
29501333
29515542
29519819
29523549
29580012
29580492
29582651
29593689
29614042
29637171
29641460
29644510
29651179
29651635
29682906
29717857
29725213
29737394
29737805
29740421
29767727
29772827
29779560
29803415
29805874
29805879
29868306
29876777
29881427
29891635
29916034
29960771
29983969
29995577
30008595
30042747
30046034
30087622
30101732
30127376
30131781
30177148
30177921
30194725
30196594
30233560
30242010
30263258
30263599
30283428
30291917
30292548
30343915
30360457
30391182
30399205
30404213
30420851
30424728
30439760
30450609
30452699
30459729
30473689
30481059
30506248
30533920
30562882
30564999
30574800
30583530
30592890
30594386
30597427
30599933
30621867
30639018
30645869
30669251
30673820
30675108
30687239
30689371
30691002
30701281
30708992
30715626
30716903
30731625
30772579
30796765
30801058
30812198
30812306
30813348
30814980
30814988
30822877
30836467
30840895
30857537
30866190
30866295
30882084
30889821
30902288
30905283
30905285
30913593
30913644
30917472
30921880
30921898
30921907
30928267
30934434
30934502
30934509
30955609
30956300
30965407
30965431
30978784
30978788
30978923
30989627
30991481
30991604
31000688
31003311
31018347
31024693
31027784
31051548
31052192
31057507
31057603
31073337
31077282
31080012
31084099
31090220
31091619
31117359
31122043
31133999
31137290
31137423
31139155
31142793
31155253
31159050
31160947
31187395
31201725
31206178
31211650
31223540
31226221
31238873
31256543
31271420
31275266
31279547
31284424
31294202
31294241
31297307
31334849
31370220
31392984
31404779
31425789
31437497
31438455
31446476
31453191
31465625
31495625
31507577
31533038
31537973
31546211
31554834
31604602
31617160
31618866
31629514
31654510
31668446
31671118
31677843
31704010
31719961
31759585
31774558
31775029
31781808
31817820
31832842
31834968
31846719
31864732
31881744
31882117
31900288
31928753
31937638
31945498
31948624
31955749
31956321
31963736
31963902
31964939
31976133
31993153
32008319
32036349
32038577
32045425
32049080
32059863
32073719
32084256
32092908
32095353
32102262
32138276
32156075
32160695
32172839
32184766
32196339
32198205
32219478
32221689
32226414
32227697
32240882
32248282
32275307
32290916
32303549
32307174
32323334
32332478
32361998
32365951
32389473
32397874
32419046
32422963
32431360
32433763
32441210
32451391
32462242
32475665
32482940
32504708
32508770
32513044
32524873
32525270
32527479
32531907
32539956
32544231
32547529
32552809
32559396
32584987
32600759
32624862
32626267
32629887
32647845
32671253
32684454
32708008
32708991
32710182
32734268
32759770
32765607
32766806
32769193
32775136
32825783
32829077
32831571
32833532
32845143
32865712
32871253
32893049
32896392
32901954
32907945
32912585
32912918
32920015
32926401
32950140
32953642
32961685
32977125
32981107
33016324
33027936
33035853
33065381
33067198
33076224
33083738
33088960
33096692
33108438
33123103
33131816
33158240
33162095
33182355
33198830
33226501
33233218
33266168
33281773
33282276
33309355
33309375
33312528
33350129
33371533
33375942
33384671
33390424
33398402
33411927
33455775
33459814
33473271
33517000
33534660
33584624
33589257
33603831
33608630
33613913
33628770
33639187
33641970
33642002
33652763
33663820
33666270
33670305
33694058
33716620
33727084
33747465
33747484
33747485
33762639
33776975
33800873
33800983
33801804
33804420
33805597
33808742
33809515
33814147
33816557
33842774
33866380
33877250
33932443
33937994
33965495
33967339
33992370
34021387
34024601
34024608
34064045
34068998
34083853
34086864
34093462
34099292
34111242
34141131
34152341
34173230
34198860
34201694
34201949
34208094
34208735
34231753
34253606
34310611
34354463
34354691
34359405
34363005
34364292
34376109
34402647
34424716
34431764
34439526
34441473
34441603
34489046
34491541
34550764
34568500
34576718
34587358
34629508
34641607
34643425
34655584
34669424
34673108
34680016
34681443
34707577
34742415
34802736
34812718
34828979
34829130
34835505
34865746
34865761
34893878
34900128
34905100
34925796
34926554
34955252
34974440
35010151
35029787
35033347
35035386
35036250
35047354
35052696
35063245
35068675
35080838
35089064
35102136
35102396
35114943
35115563
35115599
35118108
35148983
35159575
35169197
35173702
35221058
35229301
35235577
35250052
35258495
35272220
35291951
35295488
35300420
35310604
35318677
35333592
35343770
35384667
35442186
35454744
35456786
35458540
35458754
35467410
35498622
35498973
35505783
35531404
35574378
35589712
35599030
35599106
35602422
35609378
35630516
35633687
35675376
35679945
35681410
35681935
35685888
35690436
35691747
35691751
35730569
35757245
35761577
35761707
35793979
35837177
35840244
35840409
35844909
35848985
35851207
35885256
35898707
35918353
35924931
35931476
35940323
35940918
35953189
35953192
35953547
35978641
36054839
36055856
36057098
36060267
36087781
36111385
36138790
36140878
36142909
36144373
36160254
36182984
36204159
36245508
36250371
36267184
36275453
36334759
36339503
36350137
36384718
36417612
36429170
36432464
36432815
36449899
36460506
36461338
36468613
36496607
36499168
36515890
36536411
36558516
36578511
36598236
36602047
36606510
36613403
36623615
36645771
36670385
36671675
36675631
36690762
36691758
36700587
36708131
36714504
36724563
36740644
36756573
36765697
36765971
36766125
36778050
36791666
36813058
36823014
36825640
36838243
36845478
36852963
36879297
36902124
36903370
36904230
36914312
36959516
36967171
36970073
36975809
36985185
36989928
36995244
37019866
37022212
37039875
37047594
37062689
37063313
37080788
37087270
37110307
37110316
37174413
37191512
37211485
37237157
37237746
37238040
37246923
37255445
37258475
37258543
37263983
37274889
37278952
37299451
37308592
37333632
37333640
37335622
37339909
37364321
37372583
37372627
37378733
37396379
37411001
37416641
37427487
37428554
37430979
37431038
37438382
37446903
37502424
37512914
37512959
37513943
37538123
37572793
37606751
37615996
37628118
37634211
37641256
37641316
37660760
37663930
37732743
37747760
37761092
37761162
37761191
37764135
37773075
37778080
37787808
37796426
37801459
37814322
37820823
37824476
37835343
37840711
37841999
37872351
37893711
37893721
37893752
37893760
37913948
37917277
37942279
37944810
37948026
37956906
37966600
37983125
37985845
37994543
37999230
38001399
38001827
38002186
38004159
38008224
38024383
38046906
38060843
38072206
38075912
38088025
38089066
38090133
38095705
38112332
38113583
38129392
38130501
38134579
38148140
38157636
38169048
38173974
38176482
38192710
38212847
38216036
38218225
38231606
38235344
38246535
38246550
38262834
38274192
38275696
38276185
38293552
38294545
38301119
38312657
38319107
38319218
38328736
38331185
38340341
38348305
38350463
38368751
38370056
38386624
38397005
38399752
38400998
38404539
38454630
38462069
38463789
38467925
38472752
38472921
38487210
38489607
38513545
38525085
38542758
38542894
38548070
38557102
38558739
38561518
38567075
38574931
38575495
38578136
38578148
38610034
38611312
38611328
38611432
38611811
38611831
38613010
38637064
38637083
38649359
38667045
38670341
38675187
38687069
38731697
38754828
38765682
38771159
38784135
38785045
38828862
38850988
38858019
38863747
38910927
38927150
38931322
38958657
38981802
39049791
39049910
39065074
39068860
39081891
39083115
39088165
39098218
39098498
39108626
39122808
39123605
39139979
39147499
39167949
39180199
39189643
39204302
39222566
39222940
39242786
39261326
39273666
39290650
39302176
39305781
39315705
39343235
39347194
39349978
39360614
39363216
39382740
39410033
39410056
39414527
39417929
39431140
39437223
39563157
39593339
39593380
39594127
39597723
39599506
