7606186
9809419
10355116
10449509
10676973
10681709
10843070
10856652
11021584
11053389
11073938
11079707
11124903
11133381
11200668
11264753
11384025
11442725
11709785
11823190
11872114
11876368
11957119
12081551
12149323
12237628
12321962
12365511
12377803
12406216
12438404
12441230
12548193
12588421
12636285
12734221
12801672
12838085
14602636
14657145
14660363
14761083
15212784
15215693
15289553
15357724
15681150
15995952
16041251
16085812
16108811
16121226
16403862
16476016
16535065
16595310
16701545
16844349
16859900
16871423
16887711
16965352
16965354
17051081
17059467
17070251
17113730
17125424
17227215
17289201
17379720
17381754
17428304
17449624
17544232
17634514
17877778
17892475
18078834
18093311
18288237
18358215
18403235
18418885
18502927
18523288
18579722
18680631
18722375
18761100
18999913
19053926
19133609
19199538
19282975
19301977
19331578
19469537
19515236
19543144
19590072
19648335
19670079
19749057
19884777
19912342
19920869
20209377
20305015
20419168
20423083
20429596
20435723
20457059
20559445
20605703
20644497
20693442
20799085
21030503
21048705
21058059
21075881
21108691
21390569
21422714
21441326
21498386
21513795
21609500
21704704
21736940
21742925
21845850
21887650
21912459
21992977
22021225
22035337
22064744
22227318
22240292
22316585
22335941
22383775
22389474
22412914
22448002
22494381
22516222
22517004
22526799
22535982
22539000
22542524
22563647
22629342
22654425
22693410
22700493
22702827
22719852
23016308
23028904
23056520
23113619
23168754
23181509
23185346
23273817
23274788
23618799
23739678
23894682
23916636
23919998
24009546
24012790
24052059
24080849
24120511
24343770
24356836
24390919
24403560
24441167
24464823
24488312
24558253
24599071
24805362
24816815
24835828
24884965
24896831
24905338
24919535
24935380
24992533
25006228
25028263
25053998
25148517
25215504
25239531
25480015
25524398
25529420
25609012
25641594
25658087
25661498
25670773
25693845
25733514
25752224
25761460
25839996
25859220
25869222
25869280
25873373
25879811
25887567
25993616
26053410
26092452
26143346
26222747
26269625
26349657
26372530
26385347
26387596
26416871
26433150
26443453
26443461
26506713
26565086
26572459
26577657
26588075
26652855
26679653
26727418
26747455
26807926
26818677
26862519
26863255
26914908
26963809
26968525
27075319
27081134
27092529
27107092
27107961
27199748
27214047
27245496
27246046
27354249
27470660
27470959
27492695
27521363
27527701
27540529
27551673
27562422
27567124
27570236
27663381
27694231
27703648
27756178
27811103
27890610
27908986
28004153
28052997
28074388
28087240
28103952
28139509
28219862
28223974
28234976
28242337
28277350
28286717
28301987
28325944
28421058
28456518
28504576
28505248
28522362
28574626
28608654
28618863
28624570
28640154
28700747
28712023
28779076
28807017
28830144
28846702
28847941
28860491
28878691
28903767
28915448
28954451
29037754
29038128
29065710
29071554
29101192
29141016
29142211
29188665
29196153
29253227
29260626
29269494
29349568
29358524
29427630
29434069
29492333
29505773
29609764
29633644
29643849
29674608
29718358
29767136
29772525
29791775
29954448
29997295
30038262
30144195
30166700
30203607
30240699
30318873
30341386
30349508
30358729
30404568
30404694
30410487
30459737
30510706
30545223
30546437
30595144
30597027
30625157
30682384
30696752
30714033
30761844
30837959
30848142
30882241
30882242
30925932
30938710
31012733
31026271
31064055
31111902
31119299
31123296
31129518
31134711
31139166
31142849
31237400
31242505
31289304
31300207
31327470
31341082
31345159
31367983
31370796
31388693
31484739
31493730
31525453
31537667
31564082
31567164
31581600
31641087
31654610
31660406
31684185
31749298
31784950
31791041
31826833
31832841
31838792
31844576
31874964
31915713
31919178
31921075
31937680
31955954
31971984
31978143
31990804
32004804
32019222
32036466
32038579
32041107
32044865
32045605
32046375
32057732
32091443
32185187
32193689
32209355
32230824
32279277
32293557
32311120
32320981
32345639
32376907
32380174
32402161
32414287
32497109
32499346
32527048
32552788
32556932
32583131
32637420
32656571
32670894
32677667
32687341
32723796
32726445
32753501
32768529
32796264
32801180
32817455
32842049
32843557
32861687
32892671
32941440
32944879
32972926
33008028
33051228
33119797
33130269
33160356
33181534
33184260
33233191
33259953
33329424
33330916
33339061
33346587
33367735
33368417
33396617
33401413
33434677
33505838
33521838
33575551
33579685
33632119
33656436
33681877
33747983
33785829
33787640
33854845
33876901
33903897
33919838
33940282
33946391
33947805
33967963
33978602
34049596
34063526
34070335
34073138
34075148
34096840
34118463
34120819
34139060
34175522
34255744
34258813
34280003
34311774
34315695
34354222
34361691
34374560
34382824
34414130
34417721
34418027
34437917
34485291
34485489
34500080
34518588
34557562
34568084
34604101
34621315
34621690
34628621
34683449
34724180
34736529
34756073
34761471
34777300
34793277
34795385
34812468
34830161
34845288
34852968
34854711
34865071
34903740
34910558
34919692
34930922
34946178
34948426
35008605
35038957
35074009
35086915
35118412
35144524
35160131
35163545
35208739
35234986
35266820
35273580
35297656
35352345
35357057
35426787
35456131
35501321
35513786
35525353
35553675
35562576
35579443
35582911
35612627
35628398
35632454
35645010
35646732
35647888
35659905
35679790
35680942
35686637
35719334
35734171
35745728
35759916
35794639
35800388
35801409
35841645
35871770
35909180
35916526
35922830
35928673
35934639
35939684
35983325
36004326
36102507
36139927
36145412
36148688
36160242
36168933
36171447
36182683
36190400
36271433
36280323
36296367
36304005
36333643
36357861
36376912
36383025
36387363
36411691
36504254
36555661
36591150
36602371
36604120
36629413
36645984
36678256
36701339
36726132
36729966
36745880
36802215
36815494
36856121
36859567
36888802
36890519
36897755
36934289
36949381
36975801
36985125
36985210
36985236
37017519
37026365
37032888
37043165
37043391
37065197
37068351
37076014
37078410
37086869
37107373
37108333
37152587
37201113
37207618
37221898
37228662
37258658
37275169
37305412
37343926
37358650
37366621
37392226
37392285
37399714
37417287
37442975
37490459
37491404
37491806
37491927
37513730
37526510
37560239
37563289
37568379
37575226
37583971
37630595
37659215
37664974
37721699
37726587
37740204
37788422
37818748
37840729
37843556
37881119
37882794
37884815
37958862
37986475
38022520
38029074
38064523
38085804
38092132
38101145
38136611
38140286
38149008
38156321
38168754
38178569
38194142
38302693
38308067
38358269
38364107
38397477
38407720
38415591
38454476
38465235
38514622
38525049
38543492
38550866
38644962
38713593
38732618
38733973
38735876
38755259
38765070
38792850
38796988
38809048
38811586
38829566
38831406
38854063
38854974
38898981
38907268
38909505
38912205
38912808
38991218
38999442
39006741
39011013
39027438
39058300
39067179
39080993
39101559
39116654
39118871
39120153
39120306
39158008
39163861
39172215
39178354
39203401
39203483
39208497
39208866
39227641
39242555
39245884
39265423
39274237
39275312
39289685
39302529
39345132
39345194
39373018
39403199
39423813
39479902
39487440
39519065
39527509
39537205
39544282
39582101
39598558
39604824
