7574633
8987495
9087486
9178532
9226915
9237384
9369233
9665298
9699144
9933935
10099542
10347063
10357050
10504385
10514262
10949688
11229898
11234924
11307956
11425226
11592407
11668456
11741856
11747736
11900265
12005442
12030851
12172629
12603101
12604516
12653998
12675588
12752444
12833532
14510851
14643408
15079887
15464729
15630518
15689112
15836494
16445894
16689723
16958762
17272830
17483933
17492720
17610839
17803776
18062427
18195058
18359613
18450312
18567687
18594288
19672496
20120776
20869471
20953507
21984271
22128805
22247213
22588221
22862894
22917036
23224984
23913024
24185349
24571591
25333431
25425282
25732573
25940676
25994261
26459905
26472823
27236714
27344049
27436395
28254978
28347768
28408095
28408304
28580011
29672134
29694709
29748546
29860459
30071133
30081953
30182832
30228424
30533885
30567464
30574124
30739074
30878955
31006387
31240217
31306924
31416868
31473254
31608244
31627338
31822982
31889104
31929055
32916332
32921470
32922376
33131824
33760222
34384434
34452516
34628573
35736761
36144369
36288213
37321643
37331064
37789686
37858800
38132765
38483509
38581100
39162506
39557683
7574633
8987495
9087486
9178532
9226915
9237384
9369233
9665298
9699144
9933935
10099542
10347063
10357050
10504385
10514262
10949688
11229898
11234924
11307956
11425226
11592407
11668456
11741856
11747736
11900265
12005442
12030851
12172629
12603101
12604516
12653998
12675588
12752444
12833532
14510851
14643408
15079887
15464729
15630518
15689112
15836494
16445894
16689723
16958762
17272830
17483933
17492720
17610839
17803776
18062427
18195058
18359613
18450312
18567687
18594288
19672496
20120776
20869471
20953507
21984271
22128805
22247213
22588221
22862894
22917036
23224984
23913024
24185349
24571591
25333431
25425282
25732573
25940676
25994261
26459905
26472823
27236714
27344049
27436395
28254978
28347768
28408095
28408304
28580011
29672134
29694709
29748546
29860459
30071133
30081953
30182832
30228424
30533885
30567464
30574124
30739074
30878955
31006387
31240217
31306924
31416868
31473254
31608244
31627338
31822982
31889104
31929055
32916332
32921470
32922376
33131824
33760222
34384434
34452516
34628573
35736761
36144369
36288213
37321643
37331064
37789686
37858800
38132765
38483509
38581100
39162506
39557683
