641525
1385780
1571172
1706732
1995030
2370231
2687313
2775349
2803754
3213315
3565014
3936335
4088406
4089343
6086584
6565709
6789609
6874624
7124404
7173185
7424234
7768782
7890376
7935060
7938001
8042273
8068539
8681979
8690885
8806995
8816597
9023202
9171409
9209049
9661953
9793849
10175151
10217971
10425778
10455099
10471564
10589914
10843049
10968640
11107206
11417826
11518337
11552069
11561567
12089273
12169893
12238371
12410712
12700009
12898065
15381974
15501749
15541798
15629919
15715714
16085441
16598472
16780553
16804442
16965378
17126372
17475456
17625191
17805342
17887985
17893164
17893169
17893172
18065673
18596138
18790338
18807142
18977613
19426919
19484239
19572866
19663592
19729456
19802475
19803088
19896248
19930163
20058088
20132252
20525989
20528174
20555421
20598860
20813851
20858687
20963723
20963727
21164574
21359622
21411150
21920817
21978659
22061941
22348102
22428747
22468090
22591797
22685668
22830638
22843597
22899781
23052315
23072691
23414707
23425780
23428762
23429561
23449871
23548256
23558135
23608105
23887612
23896085
24002789
24022640
24025671
24060879
24066512
24889094
25060224
25131294
25197487
25218891
25277436
25326704
25381168
25390609
25420718
25477024
25649186
25813821
25888130
25976604
26203181
26248114
26251481
26404028
26441910
26581090
26840519
26845141
26971182
27000656
27002262
27281990
27284154
27309482
27375578
27424947
27555916
27680718
27865985
27902368
27999045
28018320
28088766
28153968
28156000
28221122
28283006
28330709
28373147
28456402
28461023
28527793
28631328
28874737
28927452
28929959
29157953
29279472
29369234
29407274
29521121
29684012
29695923
29880073
29882122
29985866
29997036
30068554
30099486
30115980
30150477
30182141
30193229
30409159
30417993
30523630
30533344
30544442
30548758
30617095
30706301
30710249
30755843
30915059
30928561
30962919
31044070
31050178
31057623
31079347
31105654
31121305
31189397
31231110
31264992
31396832
31543653
31549905
31608457
31618225
31636900
31740495
31750778
31882601
31936690
31981578
32131391
32245640
32341568
32354049
32389116
32455878
32477314
32519215
32596166
32636655
32718033
32729813
32811181
33007795
33014383
33055006
33086964
33115842
33247899
33262382
33279086
33285311
33363523
33372186
33414288
33432933
33463771
33554833
33555012
33669791
33692763
33804878
33805651
33807318
33836178
33876507
33947342
34046106
34201417
34289774
34368703
34489919
34498042
34523979
34791307
34829120
34871598
34898472
35041999
35071067
35073343
35210149
35364796
35655997
35668788
35792781
35841227
35869070
35955814
35960241
35985807
35987607
35999775
36014970
36074251
36230171
36246238
36358171
36363796
36406458
36409142
36413029
36465119
36467721
36546696
36563106
36714062
36724854
36851370
36916991
37073093
37107031
37222764
37374138
37394013
37443079
37487793
37561186
37657232
37751992
37760724
37791541
37840735
37850940
37937535
38021178
38051004
38133330
38196163
38323246
38334402
38376633
38391533
38535577
38561093
38601789
38667771
38823523
38863524
38898391
38899876
39009015
39021724
39037041
39098394
39131516
39200319
39208663
39252208
39436239
39611142
641525
1385780
1571172
1706732
1995030
2370231
2687313
2775349
2803754
3213315
3565014
3936335
4051289
4088406
4089343
6086584
6565709
6789609
6874624
7124404
7173185
7424234
7768782
7890376
7935060
7938001
8042273
8068539
8681979
8690885
8806995
8816597
9023202
9171409
9209049
9661953
9793849
10175151
10217971
10381660
10425778
10455099
10471564
10589914
10843049
10968640
11107206
11417826
11518337
11552069
11561567
12089273
12169893
12238371
12410712
12700009
12898065
15381974
15501749
15541798
15629919
15715714
16085441
16598472
16780553
16804442
16965378
17126372
17475456
17625191
17805342
17887985
17893164
17893169
17893172
18065673
18596138
18790338
18807142
18977613
19426919
19484239
19572866
19663592
19729456
19802475
19803088
19896248
19930163
20058088
20132252
20525989
20528174
20555421
20598860
20813851
20858687
20963723
20963727
21164574
21359622
21411150
21853673
21920817
21978659
22061941
22348102
22428747
22468090
22591797
22685668
22830638
22843597
22899781
23052315
23072691
23414707
23425780
23428762
23429561
23449871
23548256
23558135
23608105
23887612
23896085
24002789
24022640
24025671
24060879
24066512
24889094
25060224
25131294
25197487
25218891
25277436
25326704
25381168
25390609
25420718
25477024
25649186
25813821
25888130
25976604
26203181
26248114
26251481
26404028
26441910
26581090
26840519
26845141
26971182
27000656
27002262
27141635
27281990
27284154
27309482
27375578
27424947
27555916
27680718
27865985
27902368
27999045
28018320
28088766
28153968
28156000
28221122
28283006
28330709
28373147
28456402
28461023
28527793
28631328
28874737
28927452
28929959
29157953
29279472
29369234
29407274
29521121
29684012
29695923
29880073
29882122
29985866
29997036
30068554
30099486
30115980
30150477
30182141
30193229
30409159
30417993
30523630
30533344
30544442
30548758
30617095
30706301
30710249
30755843
30915059
30928561
30962919
31044070
31050178
31057623
31079347
31105654
31121305
31189397
31231110
31264992
31396832
31532954
31543653
31549905
31608457
31618225
31636900
31740495
31750778
31882601
31936690
31981578
32131391
32245640
32341568
32354049
32389116
32455878
32477314
32519215
32596166
32636655
32718033
32729813
32811181
33007795
33014383
33039480
33055006
33086964
33115842
33247899
33262382
33279086
33285311
33363523
33372186
33414288
33432933
33463771
33554833
33555012
33669791
33692763
33804878
33805651
33807318
33836178
33876507
33947342
34046106
34201417
34289774
34368703
34489919
34498042
34523979
34791307
34829120
34871598
34898472
35041999
35071067
35073343
35210149
35364796
35405379
35655997
35668788
35792781
35841227
35869070
35955814
35960241
35985807
35987607
35999775
36014970
36074251
36230171
36246238
36358171
36363796
36406458
36409142
36413029
36465119
36467721
36546696
36563106
36714062
36724854
36851370
36916991
37073093
37107031
37222764
37374138
37394013
37443079
37487793
37561186
37657232
37751992
37760724
37791541
37840735
37850940
37937535
38021178
38051004
38133330
38196163
38229273
38323246
38334402
38376633
38391533
38535577
38561093
38601789
38667771
38823523
38863524
38898391
38899876
39009015
39021724
39037041
39098394
39131516
39200319
39208663
39252208
39436239
39611142
