14135
1359838
1368107
1429311
1539976
1785939
1828763
1911084
1915894
1957819
2227453
2504294
2719480
2922296
3693627
3939582
4159112
4736791
5927037
6654764
6775435
7424228
7456812
7496530
7504432
7514146
7528082
7551031
7565604
7574552
7590202
7616879
7699132
7702618
7737150
7763707
7770058
7811085
7814704
7828907
7836291
7851736
7922887
7925358
7958762
7979997
7986029
8012575
8012576
8025678
8046062
8061236
8108275
8128807
8161167
8285694
8379853
8408870
8497043
8526515
8572946
8574400
8579994
8633887
8655480
8657181
8675749
8717402
8755908
8795211
8861346
8879406
8897421
8899517
8917075
8919457
8934911
9004508
9039561
9043129
9063465
9063466
9068626
9080696
9081225
9098049
9353214
9356140
9356699
9361203
9361445
9399516
9406066
9421914
9436092
9464404
9499809
9504985
9532774
9541562
9579064
9600614
9603827
9611263
9620124
9728685
9750290
9761336
9765828
9826919
9830129
9849780
9874336
9915879
9989236
9990731
10028266
10075426
10223997
10227134
10376249
10439409
10480088
10486106
10508059
10517333
10532376
10543777
10543778
10572145
10587630
10589722
10613874
10618234
10717853
10725140
10750093
10791776
10791781
10820052
10821566
10831407
10840678
10843070
10849812
10852570
10856652
10860625
10919802
10930078
10931898
10932746
10939472
10946835
10949143
10950192
10966406
10996900
10998330
11037234
11055389
11097906
11097915
11131401
11142402
11169042
11200229
11205944
11246902
11250542
11252504
11286405
11322732
11328505
11411722
11412321
11412358
11417694
11442724
11473598
11510428
11526016
11577730
11589564
11694064
11772607
11772639
11777575
11807052
11808787
11851815
11864249
11872450
11876356
11876368
11888213
11916708
11934049
11938463
11948159
11958563
11972683
11982337
11999117
12002399
12018415
12018416
12028429
12029391
12030291
12101291
12111142
12126902
12146469
12176387
12189423
12201520
12205068
12353877
12380745
12382690
12390495
12406734
12416800
12423923
12427933
12440716
12480101
12487437
12487442
12501362
12504382
12512592
12519911
12556943
12568755
12568756
12584763
12613853
12636294
12636302
12647948
12656203
12657203
12721443
12725940
12749837
12777490
12781954
12788739
12801002
12810267
12810281
12866624
12868278
12884477
12906045
12906063
12910546
12949118
12953954
13061477
13061478
13117815
13210467
13319252
13641215
13927577
14066451
14333972
14456513
14467904
14553929
14571975
14594221
14594223
14596990
14618406
14632992
14633006
14634797
14657145
14672417
14672834
14678176
14723695
14742494
14763849
14968979
14996456
15006818
15019204
15063058
15068075
15078208
15109792
15128544
15240255
15292157
15421995
15453471
15476976
15480631
15486708
15529396
15541806
15625727
15629355
15640233
15650688
15653856
15653908
15669111
15715882
15722232
15748979
15778300
15778302
15797126
15870374
15893395
15925000
15953698
15993833
16022746
16025495
16086257
16091941
16099606
16125381
16171677
16213052
16232555
16232753
16244855
16272697
16277403
16285731
16346469
16347129
16347822
16348233
16348239
16348513
16349044
16349230
16349540
16355840
16362802
16403862
16412257
16453122
16458963
16463162
16478638
16516307
16597930
16648901
16696684
16701913
16716423
16720905
16754859
16820518
16834721
16834816
16840603
16842876
16884802
16892266
16900327
16928406
16943097
16960284
16962986
16965352
16987435
17021195
17021202
17061533
17098542
17112712
17127382
17142402
17194497
17198739
17217568
17241339
17242484
17257163
17260332
17265886
17292991
17304614
17307269
17309635
17311634
17349085
17412387
17416656
17434219
17462770
17484385
17526779
17537423
17541505
17557849
17577587
17616007
17628513
17660309
17700998
17706899
17708761
17714391
17714400
17714484
17718840
17720831
17849162
17850309
17854216
17869363
17890341
17897178
17897218
17936738
17953562
17953584
17969628
17981933
17985843
17995644
18045426
18045432
18054448
18077039
18123538
18155517
18175741
18188553
18211357
18272246
18273656
18292243
18292244
18298740
18303633
18306038
18343337
18355669
18366808
18384524
18388993
18422938
18424544
18442923
18455822
18482834
18498349
18524408
18538430
18541173
18576101
18600642
18600667
18604576
18615427
18618542
18620618
18620769
18623312
18644655
18680940
18685501
18686111
18713281
18783432
18798489
18800182
18800595
18803720
18803721
18814336
18842314
18843790
18954733
18973963
18976830
18987176
18992953
18996487
19003106
19005684
19038923
19053137
19063635
19100174
19109672
19114510
19146574
19187995
19191975
19200334
19205469
19233777
19233782
19243442
19243999
19246906
19281634
19291217
19292038
19330264
19344359
19361877
19376912
19388262
19397787
19411126
19416451
19445184
19456355
19473252
19490338
19552789
19602836
19622076
19627475
19640327
19646036
19648335
19659926
19700672
19703719
19754175
19786095
19844751
19903951
19923031
19924455
19948798
20002187
20077035
20088979
20127423
20163646
20165946
20339214
20412894
20417401
20483186
20487575
20536722
20550748
20560621
20579593
20605373
20607374
20621375
20660995
20714292
20723955
20838807
20889781
20972788
21144745
21165615
21178164
21182878
21214965
21219557
21244240
21251174
21264216
21272570
21272950
21296446
21340675
21377750
21465086
21515763
21518884
21524508
21592857
21602611
21631119
21700007
21718486
21723344
21745695
21762471
21763730
21774862
21787909
21807435
21820507
21837773
21849217
21968347
21978656
21986360
21986509
21995282
22024502
22030749
22074989
22093977
22146692
22177749
22188589
22199209
22240292
22281315
22283494
22289691
22308738
22348906
22362186
22365190
22365194
22410267
22417598
22429007
22452835
22476320
22491987
22493155
22502809
22594449
22612927
22645023
22750517
22782266
22809296
22835703
22841576
22849353
22895746
22905671
22916878
22916891
22923109
22940088
22950663
22955351
22962525
22968410
22968411
22980792
22986815
23056967
23100814
23106104
23110853
23140691
23181077
23194812
23216386
23229571
23290237
23293832
23330741
23335775
23498002
23544119
23548305
23565809
23587394
23639072
23645015
23656797
23663754
23670636
23685374
23702939
23712891
23764225
23810590
23832109
23866586
23872557
23889646
23929489
23932744
23974370
23987441
24010599
24013960
24031232
24037813
24082895
24114597
24131507
24131686
24159278
24167959
24242245
24250681
24294229
24297313
24311319
24341282
24393172
24400001
24414651
24441167
24450180
24459842
24463156
24465791
24495115
24506286
24579075
24598513
24598514
24652065
24711354
24731340
24745665
24757790
24765211
24819414
24884896
24936359
24936375
24936380
24944337
24974856
24984220
24995380
24998211
25002431
25003019
25022690
25035318
25036875
25046742
25084655
25095898
25098896
25110891
25117002
25128611
25134419
25186082
25190646
25190881
25217009
25306364
25339828
25379361
25423449
25487890
25501478
25529728
25597646
25622877
25625033
25650127
25652656
25653154
25666370
25808520
25809214
25829629
25839333
25892776
25961031
26004836
26028739
26082116
26110044
26112792
26117227
26117825
26143229
26163609
26167176
26221629
26243834
26245488
26280324
26287529
26314910
26384211
26461081
26471401
26490650
26509553
26547656
26581248
26585479
26594607
26601583
26608679
26613000
26621799
26640113
26675359
26686726
26689226
26742619
26754255
26787986
26826763
26829853
26831651
26874417
26919457
26922415
26940047
26941141
26975338
26995125
26995135
27003449
27026363
27052697
27107115
27107125
27109778
27148224
27170325
27174287
27175184
27236762
27268053
27294135
27299670
27323046
27375240
27433115
27459335
27469967
27499669
27540085
27554146
27554150
27577090
27602554
27621698
27697162
27741153
27741158
27771082
27795256
27796440
27799925
27815133
27821208
27862685
27960296
27974228
28003427
28068902
28161169
28176201
28215898
28231187
28276495
28281695
28342608
28399997
28413453
28434721
28444596
28457550
28558331
28558854
28578054
28664378
28691028
28695230
28698125
28702021
28702431
28732910
28748131
28769917
28780605
28783048
28783535
28786945
28800975
28836348
28839034
28865863
28929049
28951887
28952425
28961194
28964516
28975642
28986980
29065710
29178877
29195879
29210695
29241319
29274957
29274972
29282609
29290088
29310858
29319527
29385463
29481051
29504209
29523944
29530530
29537703
29564117
29580012
29608253
29614042
29627251
29651438
29669618
29725229
29737805
29767727
29782468
29799089
29808292
29809140
29915515
29923077
29933559
29939709
29943843
30011689
30022229
30064740
30078223
30117800
30263254
30263699
30264211
30291917
30309034
30319634
30324487
30370554
30439760
30452699
30453487
30463989
30506248
30510706
30527985
30594386
30638397
30639018
30666364
30687239
30706219
30795068
30795076
30796765
30814988
30839857
30852020
30878358
30882084
30911787
30919101
30944695
30978923
31010728
31018295
31018319
31024693
31030932
31071902
31094267
31103296
31108781
31115633
31121762
31137423
31139166
31142012
31159064
31159086
31160947
31195458
31206178
31238873
31255619
31284674
31285191
31292420
31292421
31292422
31302724
31334849
31352303
31388525
31438455
31446476
31479995
31495632
31525416
31540399
31595189
31617160
31620117
31677001
31686674
31694208
31707847
31730879
31738351
31750489
31794327
31817820
31826833
31837787
31862717
31882105
31887873
31896647
31904439
31916515
31931839
31935402
31945498
31948624
31951193
31993153
32008592
32026796
32047483
32059401
32089582
32092413
32092908
32095046
32097827
32100163
32104535
32122848
32123412
32156075
32162630
32180973
32240882
32255978
32275307
32290916
32293557
32307174
32308036
32365911
32382546
32382549
32388762
32415207
32418689
32419046
32425905
32448120
32462507
32527479
32573485
32578654
32603099
32624834
32626267
32671253
32683263
32705453
32715364
32734268
32746904
32755264
32759770
32815723
32825249
32862395
32874180
32899438
32901954
33013810
33066358
33072056
33083455
33096692
33123103
33131411
33131816
33144553
33154002
33226501
33282440
33309355
33333392
33336098
33350937
33356615
33363199
33363209
33397607
33426860
33426861
33426862
33426863
33426864
33455775
33459814
33466324
33472489
33477716
33488553
33493835
33513782
33571152
33573975
33579683
33584624
33613913
33639187
33663820
33663860
33694058
33740512
33751602
33807455
33809627
33842587
33842774
33891284
33906706
33919849
33923082
33942158
33947162
33987475
33992348
33992370
34002192
34021387
34030638
34086864
34099292
34112373
34129182
34200435
34201694
34249992
34253372
34328568
34359405
34362962
34363005
34387638
34403080
34441603
34474235
34485926
34490392
34509932
34516347
34554489
34588899
34629508
34641607
34643412
34671338
34680016
34681370
34681373
34681443
34714436
34726986
34753077
34802736
34808252
34809950
34829130
34912498
34925796
34926554
34945579
34945696
34946051
34955252
34955279
34967915
34986871
35020196
35033347
35036250
35047354
35094856
35098908
35155665
35166282
35180303
35185206
35221058
35246204
35247008
35250052
35257375
35317107
35337633
35430540
35430601
35432966
35434937
35502902
35505783
35522324
35547125
35550538
35558121
35630516
35631223
35633687
35635173
35679945
35690436
35739324
35743414
35761217
35761592
35761615
35804691
35817259
35821704
35840844
35841532
35848985
35883325
35889136
35916052
35924931
35940918
35944619
36014890
36055844
36060645
36061408
36066817
36076456
36091951
36118358
36138790
36140878
36144373
36160254
36191584
36204159
36211740
36233108
36241315
36243881
36246311
36290309
36304288
36320527
36329261
36334759
36341783
36343775
36345438
36384718
36426081
36429297
36430784
36449899
36460506
36468613
36526462
36537006
36558516
36565853
36623464
36634792
36639125
36655700
36660594
36671675
36673475
36678256
36683675
36694578
36700587
36714504
36737987
36765971
36766155
36769177
36786888
36812879
36823299
36823482
36825640
36832862
36845478
36846685
36852963
36879297
36902124
36903370
36908354
36914312
36932870
36959635
36981109
36981134
36994573
37010620
37022212
37063313
37070210
37076070
37080788
37120212
37154976
37191780
37194317
37208000
37211485
37213505
37237157
37237746
37238040
37293927
37309281
37321439
37333640
37344615
37355999
37364321
37365380
37367356
37377794
37378733
37397469
37411001
37416641
37427487
37428554
37433826
37444290
37511069
37512959
37558015
37572793
37591132
37628118
37641256
37641316
37657059
37718237
37737617
37761162
37764135
37791768
37840711
37886953
37893734
37893752
37893760
37899432
37939838
37948026
37983125
37985798
38077171
38108957
38113583
38125063
38134579
38144080
38157636
38176482
38216036
38231606
38242412
38246550
38276185
38327859
38331185
38338054
38348194
38351428
38362628
38370056
38376234
38393021
38472752
38509733
38521981
38522032
38536635
38540763
38540864
38543563
38567075
38575495
38578275
38611811
38637083
38647939
38678043
38678973
38687069
38705589
38710644
38712867
38717566
38729712
38742436
38753173
38759436
38771133
38794703
38818860
38837050
38839237
38850338
38857726
38929420
38930476
38931322
38939910
38941263
38971787
38981802
38988367
39039903
39069058
39098498
39122808
39123605
39147300
39147499
39194747
39198294
39210169
39250170
39273301
39316924
39334809
39343235
39363216
39407487
39410056
39417929
39417972
39458486
39473025
39483357
39563157
39571449
39593339
39594127
