1854798
8590686
10439419
11526013
11741840
12089024
12147521
15138208
15274432
15626901
16000722
16858139
20466941
20603221
20626454
20648002
20816835
21177896
21209126
21239485
21586310
21931163
22020785
22036918
22092178
22923411
23363832
23455335
23638368
23729502
23768552
24188502
24204617
24246060
24643531
24952588
25312827
25519299
25631802
25653214
26084032
26154892
26192599
26218241
26330184
26366730
26423113
26486646
26577141
26628508
26631554
26716747
26868655
26878790
26912898
27223845
27313996
27694811
27812181
27924137
27979436
28119466
28398347
28487606
28522363
28556772
28606969
28786749
28851488
28912020
29183332
29259165
29330424
29339259
29411528
29537705
29855844
30005082
30029052
30075206
30088332
30093894
30267233
30427836
30455672
30631318
30652422
30658055
30696850
30774408
30782585
30864270
30897248
30913025
31078831
31094471
31132641
31182571
31249397
31275292
31326684
31337708
31398339
31444937
31462512
31464184
31550982
31572338
31575045
31579822
31597568
31601034
31605691
31632351
31636419
31639130
31658898
31671639
31676481
31726978
31754633
31754744
31781116
31807552
31843589
31953445
31961432
31995569
32038493
32105467
32121179
32132899
32143645
32333083
32530501
32669363
32691669
32719135
32754917
32814028
32857289
32938282
32972973
33101701
33105702
33198235
33267614
33271361
33277072
33281771
33407128
33482223
33512312
33549142
33556916
33609630
33628840
33632307
33637880
33653942
33669045
33765061
33806791
33850270
33938391
33947329
33972416
34012007
34030623
34041041
34146566
34215348
34229203
34270519
34303710
34359193
34364884
34368009
34369335
34480169
34483850
34548394
34633714
34645820
34660333
34697783
34713626
34750528
34827611
34841763
34844104
34867859
34871345
34887444
34888258
34890843
34910727
34926318
34936658
34939244
34967874
34970503
35002754
35045114
35082169
35100347
35127566
35147057
35224830
35232303
35237276
35250450
35251295
35275769
35280887
35298505
35302159
35308380
35334900
35361684
35380248
35421233
35424013
35426398
35429147
35579971
35592677
35692191
35693832
35696554
35705557
35818337
35820909
35847080
35863023
35943155
36008760
36032126
36060669
36077904
36090029
36095141
36118043
36139237
36139326
36217238
36255300
36281578
36294773
36349343
36377581
36406074
36410648
36423084
36424438
36455385
36483309
36495868
36560955
36581836
36596562
36601399
36627678
36632746
36639555
36644995
36651735
36695274
36699448
36704910
36717704
36719226
36758734
36769543
36814316
36814443
36841667
36842654
36879442
36893736
36910196
36910527
36927469
36938237
36943156
36944396
36945116
36958817
36969249
36994608
37015876
37016727
37032862
37063923
37065129
37073724
37120327
37138170
37147692
37158960
37254223
37278206
37305974
37341590
37344396
37357437
37402619
37426026
37434131
37448956
37452065
37481231
37486746
37571264
37572540
37577375
37577378
37591886
37611587
37622435
37632305
37652126
37655344
37662924
37664601
37667968
37696986
37734909
37750965
37784030
37809388
37842919
37894412
37900993
37925571
37940266
37954254
37954611
37973815
37980332
37985845
37994423
38006691
38022552
38057705
38073491
38090578
38092311
38094924
38108351
38125641
38134274
38136701
38138026
38157274
38163068
38183473
38211774
38212581
38214586
38242234
38243335
38297265
38332014
38346799
38410824
38452948
38474822
38493690
38495787
38496006
38532703
38580930
38585649
38613066
38646157
38680911
38684664
38684759
38703912
38711505
38729534
38758808
38764854
38825783
38908272
38924930
38932522
38935618
38942886
38960102
38961767
39023095
39048520
39069270
39073916
39080594
39089585
39125429
39126385
39131668
39135625
39182062
39182247
39208963
39221110
39252830
39275313
39303691
39330818
39360281
39386092
39436103
39442743
39453737
39462312
39469535
39486983
39487752
39497320
39515130
39533360
39544149
39547281
39547409
39568692
39570663
39584815
39588509
39589934
39596084
