2471
182902
736541
885818
916910
1106054
1310503
1312527
1314807
1314808
1333438
1351245
1366693
1367453
1367537
1368646
1368986
1381663
1400238
1445291
1445325
1464303
1472714
1476434
1477552
1479894
1501591
1514792
1515668
1519356
1521185
1522066
1532617
1537802
1548225
1548231
1556553
1592805
1599240
1622209
1622252
1646375
1646377
1648077
1657255
1663150
1666524
1681544
1688434
1693273
1720346
1720347
1720348
1727482
1738155
1746327
1748876
1760850
1770346
1779908
1787798
1791440
1805313
1814865
1824334
1824335
1846144
1847347
1848220
1885550
1898924
1898935
1902648
1905782
1917876
1917877
1924351
1932815
1936237
1987121
1987131
1987141
1991709
2001843
2006172
2067421
2102015
2117695
2120185
2132025
2132028
2152895
2158972
2172444
2174544
2177682
2211508
2219699
2254253
2259339
2260113
2268156
2268157
2274044
2294094
2336364
2339884
2352502
2352506
2368185
2401362
2408719
2454625
2454626
2454627
2454629
2457580
2515997
2520825
2536682
2540959
2548841
2600779
2615669
2621286
2635268
2644217
2658805
2676599
2741342
2764576
2768197
2778648
2778649
2781284
2824447
2836363
2848010
2848011
2853829
2865329
2870053
2879840
2881927
2907755
2907769
2979910
2982785
2992375
2995307
3003029
3011734
3020542
3023280
3023282
3027030
3027035
3032911
3035336
3043894
3049552
3049605
3084452
3113949
3116367
3123461
3125547
3129408
3139635
3153166
3169005
3192509
3236222
3290199
3372485
3379073
3508945
3515320
3525514
3530326
3571155
3584077
3592910
3608985
3624204
3625474
3625476
3628554
3759643
3774551
3900043
3957873
3980301
3996404
3997822
4015624
4087158
4371331
4392089
4556096
4779956
4971306
5646844
5817186
5954295
6066054
6092867
6290453
6304006
6321436
6351553
6358197
6394959
6428075
6475109
6497859
6848483
6886676
6991475
7116232
7141716
7296409
7380807
7402101
7432211
7487022
7492106
7506426
7525536
7539639
7546603
7557311
7574636
7579614
7579616
7579617
7579625
7580250
7582033
7590314
7592132
7592381
7592386
7592389
7592431
7608074
7638602
7640359
7655064
7655660
7669032
7670202
7670505
7679566
7704049
7734960
7743815
7751294
7752891
7753782
7761146
7763449
7764866
7765223
7765795
7771767
7772803
7781327
7793938
7811082
7827490
7843081
7859513
7866028
7873779
7881543
7883180
7896694
7902614
7904440
7909458
7909615
7911348
7912500
7916181
7917425
7934824
7934901
7949326
7949327
7952184
7957970
7961191
7961404
8002569
8002582
8021194
8021210
8052622
8058820
8069104
8075421
8075800
8078459
8090752
8091210
8105024
8106313
8113177
8125171
8126435
8138554
8162227
8167364
8167365
8181760
8188613
8194607
8220454
8220484
8224892
8226668
8229668
8229675
8231810
8234334
8253684
8274770
8274772
8274775
8275100
8282189
8282694
8288110
8320222
8324762
8324821
8326870
8331076
8335641
8364801
8376338
8380801
8385786
8400373
8400375
8400380
8400869
8407821
8412697
8423001
8434910
8434924
8434925
8449873
8464060
8464061
8476279
8476284
8510645
8510663
8526492
8526495
8529898
8550460
8559801
8563943
8563945
8575431
8589416
8589418
8589423
8590414
8594334
8601497
8621091
8626280
8633080
8634477
8643534
8660289
8666247
8689679
8700971
8704658
8723347
8725243
8742358
8742710
8758979
8766712
8768370
8774716
8776893
8779574
8804389
8810071
8810079
8820642
8868422
8870270
8870273
8892851
8893538
8921848
8932301
8936313
8953034
8953768
8956493
8962166
8979356
8986840
8989877
8990304
8996103
9003582
9009065
9014365
9023928
9045830
9049302
9057331
9061952
9061956
9079910
9087505
9090877
9096416
9100379
9100381
9100386
9113726
9124827
9136026
9141667
9157238
9177164
9190801
9200222
9202151
9204563
9204571
9212424
9214637
9226254
9226871
9230099
9237401
9245833
9294453
9297819
9297822
9323042
9326365
9338960
9351251
9353931
9353942
9395289
9415894
9426142
9448330
9449843
9450337
9480014
9501111
9515901
9529253
9542107
9548982
9549104
9555912
9561727
9565678
9571135
9571136
9571137
9574509
9594652
9601001
9606835
9611172
9612954
9612955
9618447
9624691
9628020
9634589
9636234
9637014
9642184
9652390
9663679
9674113
9680198
9698431
9701811
9707120
9707531
9707625
9707642
9709009
9721288
9721291
9721292
9726857
9741084
9747803
9748456
9758805
9758824
9766466
9785483
9786192
9805392
9808752
9809422
9826192
9827554
9829934
9839466
9847125
9860992
9861058
9861059
9869427
9870703
9872969
9874231
9874239
9874813
9878629
9881167
9887527
9891003
9922244
9922464
9927638
9973349
10047897
10050028
10069066
10069832
10072402
10075415
10094714
10103233
10191036
10198104
10206691
10223977
10224270
10226372
10226373
10227168
10319466
10336869
10347004
10347868
10348861
10357851
10360577
10361296
10364404
10369664
10377997
10383988
10384007
10391850
10405167
10413571
10424899
10430949
10432637
10437829
10438740
10438746
10444081
10444097
10447881
10449575
10449783
10463163
10475689
10476063
10478477
10480269
10485919
10488236
10494634
10517031
10517320
10533199
10536009
10545263
10550898
10552044
10555985
10557364
10559159
10564513
10571865
10571880
10571887
10572118
10580109
10590168
10592037
10606139
10607299
10608663
10618243
10639460
10653764
10664856
10664968
10677553
10681465
10682345
10707353
10707360
10725560
10747936
10758491
10758892
10759863
10781092
10787049
10790512
10794141
10796016
10796022
10796023
10805596
10810149
10811617
10830163
10830258
10835603
10845459
10849351
10852883
10852884
10880434
10890883
10898976
10900264
10922033
10922043
10922463
10929114
10933828
10939257
10949374
10959854
10960731
10968626
10972870
10972887
10974129
10975652
10978297
10991796
10998053
11004187
11021574
11021914
11021920
11021921
11021922
11024350
11029435
11029455
11030422
11038525
11041878
11043468
11052195
11059492
11059493
11069647
11069695
11078519
11080282
11080289
11090213
11094272
11097885
11098822
11106023
11106029
11113378
11115128
11117264
11118627
11119152
11123473
11123796
11129239
11134504
11136126
11136235
11141171
11148281
11148296
11149948
11152069
11155968
11158536
11166101
11166806
11169191
11170483
11172075
11194877
11204777
11204781
11204785
11204787
11207720
11217981
11222281
11226196
11229911
11229941
11234925
11247339
11264746
11269402
11277431
11277437
11282583
11282626
11297801
11299350
11299395
11309143
11309146
11310732
11310739
11310742
11312513
11320120
11333251
11340183
11344135
11346953
11347253
11359614
11386061
11392485
11401717
11403642
11404016
11409968
11439127
11439137
11455656
11458335
11468413
11472957
11472958
11489189
11500556
11500562
11513659
11532166
11544221
11555282
11556905
11558277
11561727
11580833
11595798
11605952
11605961
11607554
11650712
11679318
11679746
11679759
11682198
11688804
11696374
11697147
11706168
11706189
11711068
11722923
11724369
11728403
11728871
11743122
11748215
11752577
11756663
11758412
11758413
11761711
11768538
11768541
11772602
11785263
11788750
11823181
11826312
11843302
11844763
11854524
11855728
11862491
11862946
11872493
11872842
11882723
11884685
11884688
11891259
11899466
11913796
11914360
11916110
11919711
11920448
11922760
11931546
11950980
11952131
11952132
11953310
11955429
11956683
11967070
11967093
11971137
11973319
11990489
12000683
12003960
12009406
12018854
12023087
12024826
12026170
12028576
12029473
12032338
12032618
12039714
12039729
12059102
12059104
12059109
12059776
12060223
12060224
12060305
12061844
12062092
12062102
12067337
12068100
12068113
12072475
12094768
12100485
12118881
12118887
12119368
12123452
12172004
12177127
12181614
12182333
12182338
12184393
12200291
12200319
12206751
12207690
12213493
12223611
12223792
12223807
12226215
12226257
12226492
12228385
12228480
12228488
12228500
12228548
12231661
12232016
12237390
12239384
12242354
12244227
12244231
12244256
12271015
12271016
12353036
12354923
12355160
12365459
12376624
12377116
12377556
12381270
12403830
12410809
12423950
12425044
12425045
12426366
12437297
12437299
12437300
12445806
12462348
12469302
12481991
12481992
12483615
12488047
12492471
12492854
12502316
12504387
12505984
12520360
12527305
12548796
12557185
12566575
12566578
12571041
12571050
12571060
12580281
12581526
12581527
12602888
12609030
12609040
12609045
12615215
12615947
12618410
12622811
12626746
12644674
12651950
12668781
12670984
12694277
12694440
12701444
12702022
12706443
12712338
12715150
12721807
12724374
12726764
12728993
12730176
12730390
12732569
12734178
12744455
12746539
12767910
12770317
12777051
12788754
12795376
12797793
12805591
12805614
12817082
12825696
12828636
12828637
12835914
12839745
12848424
12848826
12857819
12874387
12881503
12882571
12900412
12902295
12913147
12913158
12928499
12940984
12943547
12945188
12947197
12950919
12960373
12970499
12971605
13099311
13680135
14455905
14504384
14507997
14507999
14511827
14519981
14522973
14523121
14526114
14527329
14532027
14536025
14553932
14555693
14556746
14566392
14576290
14586656
14592967
14592968
14594840
14601664
14614626
14617079
14617091
14629009
14630974
14634868
14645268
14651344
14660376
14660384
14665692
14673031
14675454
14679222
14679234
14680709
14684153
14684838
14685856
14687626
14694194
14694203
14698898
14702323
14705004
14711662
14714868
14714872
14717447
14729910
14742423
14742871
14756307
14756766
14756767
14756769
14765119
14766926
14768551
14964527
14964529
14964530
14976236
14981249
15000392
15000398
15012539
15013414
15014997
15016364
15016565
15020743
15026087
15052319
15058987
15060056
15064386
15066790
15077666
15077668
15085136
15098125
15122498
15123694
15125764
15133157
15141066
15141948
15141955
15141956
15146069
15150250
15150254
15151327
15181110
15181213
15183870
15184545
15195947
15210989
15215512
15241470
15241658
15242602
15261583
15262506
15262947
15269331
15269426
15272302
15276439
15279038
15280045
15280247
15287078
15289568
15289569
15293050
15297928
15300439
15315639
15322128
15341731
15344309
15345390
15347795
15347797
15361584
15367716
15371431
15379558
15447647
15447648
15447649
15451096
15467198
15469432
15469494
15469508
15469717
15473911
15476972
15497402
15497409
15498873
15500471
15516596
15530390
15540590
15546361
15553246
15553250
15570470
15584958
15584961
15597738
15599761
15601717
15604654
15604665
15604704
15604723
15606785
15612933
15619565
15629936
15632444
15635461
15650697
15654638
15657122
15661015
15664465
15670760
15672219
15672817
15672819
15684089
15688937
15688938
15691931
15701698
15703055
15705581
15711971
15715905
15719238
15720080
15722464
15722472
15733862
15742387
15743960
15746386
15747056
15749757
15755957
15756820
15756824
15756848
15759001
15765881
15770233
15772285
15790558
15795287
15796972
15797867
15799997
15805535
15807783
15807789
15808932
15808947
15828174
15828679
15828684
15828688
15841357
15842625
15845764
15898494
15908609
15910748
15915637
15918028
15923348
15932242
15935761
15936244
15937188
15937273
15944360
15956672
15970273
15971093
15978082
15978583
15980200
15986928
15988566
15993368
15998309
16000789
16002467
16003469
16005163
16009999
16018214
16022515
16041724
16042008
16042014
16043691
16104861
16109959
16121186
16123135
16125997
16126865
16134900
16151087
16151103
16151141
16151200
16151843
16159782
16167763
16167769
16167902
16168582
16179797
16180818
16190620
16192274
16204544
16204558
16211859
16212604
16212605
16212612
16233410
16240180
16244149
16245857
16255244
16257528
16267304
16291682
16297072
16304170
16306146
16321949
16331468
16332814
16336791
16339801
16339855
16346318
16346319
16346333
16346445
16346597
16346988
16347102
16347150
16347294
16347352
16347409
16347468
16347469
16347574
16347644
16347666
16347741
16347862
16347871
16347963
16348058
16348085
16348118
16348215
16348241
16348415
16348419
16348468
16348476
16348546
16348565
16348627
16348749
16348764
16348938
16348939
16348941
16348942
16348944
16349074
16349283
16349313
16349342
16349356
16349371
16349417
16349418
16349462
16349482
16349533
16352832
16353551
16355819
16358711
16360643
16360685
16362044
16367952
16373536
16377744
16378946
16387658
16387834
16391110
16395580
16396109
16399801
16406143
16415066
16423321
16453811
16453893
16456648
16461584
16477026
16478045
16482435
16506699
16529372
16529375
16529378
16529382
16531496
16534909
16534934
16535040
16535140
16535362
16535405
16535480
16535727
16544138
16553893
16553894
16563168
16565218
16570656
16570660
16578820
16578838
16581205
16593517
16593537
16593610
16593778
16593875
16593912
16594025
16603654
16603663
16614819
16616142
16621822
16627744
16630008
16631828
16637653
16652950
16653190
16662618
16662928
16663826
16664039
16664173
16664433
16664502
16664981
16665104
16665133
16665211
16665788
16666304
16666404
16666545
16666744
16667014
16667156
16667249
16667541
16668105
16668313
16668554
16668792
16668924
16672470
16677306
16678099
16681835
16706157
16709192
16718483
16720608
16724743
16729895
16730857
16750581
16751485
16753033
16754964
16762457
16769150
16776291
16776298
16778014
16785235
16786294
16786302
16792692
16799767
16805738
16807133
16809858
16819302
16824099
16824181
16829136
16829584
16838789
16838791
16840699
16845481
16847572
16850419
16854235
16854938
16856982
16889647
16899973
16900319
16903358
16923817
16923873
16925603
16927007
16927203
16935989
16941219
16941902
16942603
16950758
16950863
16951068
16951551
16963526
16968222
16989308
16997987
17005972
17007961
17012388
17012600
17013749
17014498
17022178
17022830
17028151
17028203
17028280
17059405
17059410
17071740
17073298
17073299
17073300
17073301
17073302
17083738
17085977
17086982
17092294
17109642
17114278
17114318
17114354
17114357
17125870
17138624
17142480
17143616
17144898
17147762
17148606
17149585
17149652
17158583
17160455
17163880
17179076
17179144
17181774
17194219
17205127
17211582
17214894
17215350
17215893
17215896
17217460
17227459
17229739
17237165
17241198
17241452
17243363
17263852
17273821
17286833
17289034
17293566
17295910
17304219
17314101
17321073
17322196
17324226
17335507
17350264
17355437
17364223
17378425
17380429
17397263
17400767
17405875
17409090
17418552
17419843
17419849
17427805
17434232
17434992
17442015
17450127
17451517
17468220
17476814
17477524
17506328
17506336
17521413
17526708
17530419
17530782
17555276
17559511
17559512
17573535
17573690
17573803
17576564
17578087
17587074
17600051
17601168
17601782
17601783
17609134
17617397
17635766
17637671
17644592
17654544
17656566
17660277
17660289
17660350
17694048
17704230
17711844
17712601
17717187
17720828
17722699
17759892
17764515
17827286
17873033
17877704
17890374
17897407
17899171
17905842
17905862
17906125
17908155
17913417
17916112
17918621
17929052
17932459
17933903
17936742
17956859
17960074
17971037
17971244
17977145
17977154
17977155
17980935
17988222
17988883
17993520
17993621
17997525
17998535
18000760
18003861
18005228
18005697
18023417
18024523
18026206
18036626
18048411
18050277
18051364
18051759
18056646
18058161
18064450
18064575
18065554
18069941
18080141
18083910
18085513
18088304
18088307
18092830
18156257
18158241
18165328
18171591
18182423
18184068
18184070
18185595
18191794
18198274
18217350
18218967
18219494
18226820
18227245
18240101
18247350
18247394
18248597
18251883
18254494
18257685
18263728
18263729
18266921
18287070
18297868
18298954
18321184
18321194
18327607
18336576
18363647
18363796
18370170
18375657
18378665
18390672
18393624
18400936
18401409
18421485
18422426
18422900
18424557
18429999
18430079
18434604
18434605
18441339
18443905
18450451
18458331
18483469
18496756
18522033
18533839
18535860
18547396
18562275
18570649
18571878
18573188
18573559
18575855
18577754
18583180
18599583
18599651
18617142
18618525
18621005
18621007
18624633
18633122
18635546
18640286
18643971
18643983
18643994
18650934
18655083
18656958
18657186
18657213
18657215
18667849
18669024
18676663
18700134
18700821
18700822
18702674
18703740
18705851
18705854
18705881
18716313
18753285
18757803
18758894
18762878
18766372
18776063
18785824
18789127
18798871
18799663
18820082
18823314
18824107
18826255
18836182
18842091
18842097
18936963
18942971
18943178
18943325
18943363
18943412
18943414
18943490
18943492
18943596
18943619
18943767
18943839
18943882
18943928
18944027
18944091
18944194
18944218
18944290
18944318
18944382
18944423
18944500
18944544
18944586
18944598
18944610
18944640
18944742
18944747
18944822
18944847
18944848
18944855
18944892
18944926
18944933
18944942
18945017
18945103
18950524
18955815
18980650
18980653
18985660
18997027
18997422
19015323
19018993
19034536
19036031
19053141
19054367
19055731
19060141
19060162
19061402
19061405
19061406
19062288
19065152
19077061
19077166
19079584
19089429
19091877
19098222
19121106
19121118
19121119
19131332
19132870
19144133
19148671
19159313
19161354
19168384
19189963
19190986
19193976
19199050
19200155
19201955
19213807
19214217
19214516
19215775
19218362
19218414
19229489
19233904
19236577
19245217
19245322
19251849
19257856
19270091
19270129
19271954
19271961
19278552
19279805
19283005
19286794
19286969
19292825
19304739
19304930
19305599
19329558
19329656
19332544
19337979
19340082
19342588
19346252
19346440
19348568
19358981
19364319
19374021
19374128
19381254
19390620
19392690
19412603
19413686
19419967
19423671
19423826
19429554
19445590
19445595
19453434
19457984
19466566
19468651
19470657
19482931
19486391
19488684
19507234
19509331
19513222
19513247
19519800
19522568
19525323
19542326
19564897
19571312
19574254
19576777
19589072
19594709
19598157
19649196
19653105
19656042
19656407
19659661
19665501
19665594
19669626
19671880
19674971
19682294
19682297
19682768
19686343
19686535
19694953
19703286
19704476
19704549
19704693
19704740
19717619
19721761
19727406
19732380
19737096
19747826
19754836
19765792
19766989
19771475
19784795
19784928
19787374
19789277
19793077
19794843
19794847
19810804
19810808
19810814
19812184
19815579
19818736
19820144
19825553
19825555
19825634
19826224
19840927
19841665
19843314
19849779
19849780
19849783
19849784
19849789
19849791
19854904
19855048
19863557
19863801
19866456
19886659
19888829
19889874
19895400
19915014
19918071
19919571
19919675
19924318
19938599
19938603
19939946
19944148
19953673
19958141
20003402
20007686
20011122
20022231
20023372
20027311
20034598
20037470
20040062
20050698
20053798
20061552
20064060
20064063
20064065
20069890
20075858
20078778
20081042
20088897
20097407
20118275
20121455
20122130
20122221
20126459
20128693
20132277
20133879
20138320
20140739
20142437
20147202
20150979
20159621
20167625
20169167
20170499
20179141
20190049
20190091
20192829
20192963
20195537
20198919
20208028
20214999
20227217
20231437
20233307
20332379
20339321
20348432
20352420
20359727
20360018
20363790
20367464
20367474
20367475
20368970
20369310
20370821
20371603
20374532
20399645
20409007
20411661
20413097
20419105
20427561
20434432
20444228
20447426
20455565
20457804
20459312
20462121
20467243
20470837
20472560
20472799
20478270
20484023
20485808
20497374
20498336
20505348
20507452
20507471
20507472
20507480
20507485
20507490
20507497
20507512
20507517
20507534
20507535
20512647
20512733
20521955
20521956
20530195
20543046
20543050
20552170
20553555
20561214
20562275
20565590
20565618
20565620
20565636
20565638
20565640
20565643
20565644
20565648
20565685
20566705
20569328
20569341
20569352
20569411
20571112
20572960
20572966
20572969
20572970
20572973
20573705
20581190
20585504
20599727
20601478
20602017
20603380
20615948
20621018
20624999
20626281
20636102
20636323
20653411
20657618
20661428
20672876
20687808
20693672
20695894
20695999
20700582
20704660
20705057
20708590
20709733
20713980
20732322
20738724
20802828
20812509
20813909
20824102
20830594
20831408
20833735
20838462
20854394
20854841
20863393
20876109
20881012
20921156
20923364
20935126
20955180
20967449
20971913
20976052
21029320
21029323
21030388
21039274
21044058
21045122
21048868
21049563
21051954
21060253
21070411
21073583
21078185
21091602
21104271
21112235
21117867
21153682
21165649
21187143
21192820
21198360
21198361
21199565
21199566
21199889
21203436
21205619
21205632
21227738
21233007
21234598
21236723
21237629
21241656
21261469
21265899
21282655
21285955
21296177
21299658
21306444
21311034
21320695
21320696
21323469
21332848
21335377
21335383
21342714
21359804
21361996
21372094
21378171
21378190
21380629
21388379
21394206
21395887
21397014
21398259
21402353
21402357
21414016
21421777
21441525
21447069
21447709
21447757
21462345
21463207
21469936
21478366
21481031
21483484
21490299
21496226
21499030
21505863
21526181
21527255
21527339
21535260
21542767
21542933
21543726
21549312
21554458
21568703
21609343
21614499
21615203
21615571
21628629
21633196
21646430
21649511
21658366
21666030
21670223
21670267
21673513
21674754
21683883
21693696
21710203
21725501
21726364
21726372
21726374
21726380
21726386
21726394
21732326
21735195
21736589
21736648
21742407
21749505
21770816
21784947
21791954
21799664
21802528
21802603
21813654
21820018
21831618
21840980
21852347
21856300
21862480
21862710
21864046
21874349
21880077
21883788
21896186
21898456
21900742
21901088
21904881
21917546
21925757
21926201
21936663
21940998
21941936
21967163
21974727
21978451
21985584
21988475
21994350
21998587
22000049
22004025
22009040
22013065
22016774
22023111
22023696
22026646
22035198
22046175
22048038
22053874
22053875
22066021
22067989
22069758
22072959
22072967
22073286
22079473
22080599
22081398
22084057
22086419
22092678
22101310
22106285
22112219
22128140
22132095
22147519
22147520
22153241
22153254
22154939
22158760
22166197
22169508
22186181
22187939
22188069
22191472
22194459
22196580
22198367
22199234
22204645
22209872
22211396
22216251
22230763
22233353
22237542
22238602
22242006
22244814
22247251
22250583
22251433
22256998
22268572
22285411
22298683
22303207
22319072
22319451
22321246
22325892
22327276
22327576
22331412
22341410
22345509
22345636
22346749
22353039
22353307
22353561
22353573
22367941
22370355
22372664
22375835
22381007
22384098
22389364
22392282
22408526
22409433
22414437
22414441
22415794
22418587
22423965
22424398
22427336
22427491
22451646
22466450
22472559
22481162
22492811
22493521
22494141
22499172
22514699
22529937
22552803
22555880
22558247
22558318
22563431
22563930
22570076
22571419
22573803
22580578
22590555
22595145
22607547
22615277
22615797
22641422
22643121
22646244
22646515
22659411
22660707
22672649
22678032
22694952
22698755
22702175
22704619
22709376
22712510
22713076
22719742
22730426
22740663
22744984
22753062
22788523
22797762
22800299
22805238
22808044
22812426
22822212
22826500
22827948
22830194
22851214
22852810
22862801
22865330
22870224
22876961
22877312
22880057
22892320
22892352
22898498
22899059
22899085
22902796
22910813
22911741
22913752
22928751
22937899
22942251
22944041
22961128
22961639
22961663
22968829
22972705
22974487
22977090
22978428
22986789
22988101
22991498
22994681
22995910
22997537
23012277
23025743
23043909
23053081
23055805
23056459
23056465
23061987
23062058
23064320
23067202
23071821
23072280
23073694
23079192
23088098
23088618
23099348
23102875
23107228
23118736
23118859
23124242
23142764
23144138
23144243
23144618
23144763
23145783
23160124
23167462
23170230
23183969
23185630
23194342
23204405
23204470
23209558
23215808
23221776
23226333
23230025
23233458
23240728
23242916
23252461
23258266
23261264
23272006
23278373
23279078
23279965
23297052
23301854
23319638
23333384
23333960
23335630
23353019
23353577
23370715
23372747
23382672
23384857
23395902
23396834
23417089
23423893
23435660
23437017
23438746
23441575
23451734
23452126
23463782
23468636
23470736
23506362
23507306
23510309
23513712
23515898
23516366
23516563
23517029
23518587
23521356
23524610
23527067
23527276
23528138
23532072
23533086
23536844
23543751
23555272
23555547
23555744
23575141
23577648
23581479
23582764
23593000
23594295
23597256
23603940
23607369
23615986
23615988
23617415
23617639
23617694
23630530
23632856
23638363
23638370
23644883
23653630
23656333
23656869
23656893
23663005
23692644
23694710
23695255
23696664
23703326
23721085
23721858
23722504
23724899
23725335
23725467
23725468
23727430
23728333
23734779
23748675
23754942
23757363
23758201
23760465
23760822
23761797
23763788
23766110
23770908
23782466
23784464
23788547
23794026
23806843
23811504
23815470
23815755
23820081
23820824
23828547
23842113
23852863
23858715
23865633
23865782
23866590
23868262
23886927
23890153
23895800
23897923
23903322
23905547
23906045
23913035
23933804
23935484
23945001
23950121
23951222
23951354
23952213
23955010
23956091
23961939
23995956
23997333
24006783
24006883
24025239
24026925
24033935
24047240
24055159
24076975
24083346
24085708
24086622
24086773
24095800
24098120
24098335
24098739
24102210
24104185
24118699
24118878
24122768
24124900
24131360
24131731
24132196
24134885
24135942
24137169
24141028
24146667
24155748
24156768
24170858
24178099
24192368
24193209
24193769
24198820
24201719
24204266
24215930
24216222
24221170
24224664
24225654
24237140
24241135
24242253
24249293
24261870
24263918
24285750
24285796
24291188
24299018
24301193
24304389
24310121
24313955
24314063
24317082
24319082
24321061
24324742
24329173
24329768
24331433
24349286
24349460
24349466
24350783
24359686
24367018
24372399
24372490
24383417
24391493
24398509
24398681
24398910
24399753
24416306
24434682
24437924
24440291
24443525
24444998
24449384
24449689
24450185
24453975
24459267
24465948
24475190
24487530
24494231
24496608
24498215
24501001
24501627
24505423
24516535
24528504
24530627
24552622
24555804
24557893
24558350
24571678
24571722
24586161
24591714
24594657
24600027
24600054
24601980
24612372
24612849
24618221
24625030
24625928
24642849
24643562
24645496
24654978
24670199
24675749
24684604
24686205
24689742
24699527
24704846
24706550
24710214
24710292
24710295
24710886
24722630
24723725
24727227
24727275
24734036
24753604
24755512
24758581
24770871
24785741
24792058
24792221
24801140
24801337
24810619
24835253
24846383
24871330
24872380
24875383
24877673
24889055
24894684
24895758
24910636
24912659
24913050
24914891
24923323
24923677
24928200
24930584
24936863
24941328
24955639
24963057
24966862
24968226
24968323
24974385
24980080
24986268
24989777
24997606
25005917
25008976
25008981
25009546
25010425
25010573
25014592
25017161
25017162
25023120
25030903
25034017
25036661
25036993
25040056
25043057
25054409
25058029
25063782
25070640
25071788
25076533
25081907
25082411
25083911
25088536
25096754
25099383
25100224
25101956
25108263
25108744
25113043
25113543
25114016
25132953
25146567
25155081
25156488
25170934
25180693
25182327
25184292
25187129
25191331
25193694
25195797
25199342
25211078
25212010
25217020
25219316
25227923
25237129
25243954
25244054
25244125
25249629
25251325
25267732
25278273
25278943
25288936
25288945
25288991
25289005
25289010
25293871
25301638
25303634
25310651
25323444
25329965
25332505
25335438
25336683
25340333
25348251
25348703
25350354
25350368
25355464
25359697
25362058
25366180
25369289
25372120
25375163
25376907
25385023
25387755
25393892
25394275
25400650
25403155
25422896
25423263
25431578
25436909
25437611
25460872
25472590
25487118
25491154
25494882
25502017
25503437
25513776
25521759
25546415
25551177
25557512
25565273
25574580
25607985
25609555
25610446
25613865
25619405
25620972
25625821
25626964
25627252
25628332
25634105
25640726
25644638
25650829
25656450
25657213
25658943
25661819
25662975
25675257
25680774
25681297
25708873
25711411
25713173
25715324
25727690
25729922
25732741
25738319
25740148
25743192
25744164
25755658
25760815
25763618
25764562
25765075
25774162
25775269
25782920
25790492
25792750
25797691
25805316
25809535
25829441
25830533
25841017
25849639
25858831
25870275
25873668
25876441
25884328
25886911
25906995
25912102
25913773
25917599
25918875
25931602
25938194
25940918
25943548
25944825
25946888
25950582
25955697
25958775
25969135
25988123
25989254
25997443
26004581
26029224
26032221
26034671
26039486
26044420
26044440
26063389
26065719
26067603
26070456
26074905
26077901
26089433
26103463
26109133
26113855
26114474
26123657
26140260
26147514
26149110
26149579
26157450
26198069
26198070
26198412
26202381
26205072
26206852
26208688
26209667
26209677
26217317
26222830
26233534
26246613
26248667
26256666
26259197
26262683
26265717
26265775
26268962
26268984
26269546
26270176
26284090
26285820
26296726
26300891
26305156
26306312
26307771
26310916
26313942
26325299
26345745
26347991
26352477
26355215
26361095
26376742
26378098
26383666
26388886
26390211
26404238
26413080
26417008
26418593
26428397
26428924
26431786
26432875
26433201
26438421
26442031
26451844
26454882
26482478
26484202
26484750
26485301
26490733
26492405
26494731
26499893
26499972
26500665
26504582
26505534
26513401
26514830
26520101
26526683
26527659
26548995
26554736
26561564
26564578
26566919
26569197
26572404
26577792
26578782
26581656
26586425
26590277
26610434
26616055
26617631
26628254
26638129
26638486
26654914
26661140
26670219
26672068
26697034
26697041
26697049
26705407
26706081
26713670
26733964
26734506
26750751
26751786
26753535
26764591
26764598
26768357
26795143
26795461
26798024
26802249
26809089
26810453
26811180
26813622
26828402
26829841
26830104
26836214
26840951
26867635
26868403
26880144
26883489
26883568
26891997
26896849
26926998
26931169
26941133
26943946
26946374
26947794
26954255
26966221
26976140
26983577
26984671
26991928
26993968
26998321
26999596
27007362
27014204
27014286
27017332
27019084
27050746
27054585
27060745
27061875
27085087
27094421
27095107
27102826
27108563
27116193
27118426
27120694
27145446
27147936
27147937
27148319
27148334
27152346
27159137
27160854
27168965
27173012
27181943
27191168
27208232
27208255
27208279
27208280
27208290
27217495
27237113
27239727
27241588
27243217
27247081
27250009
27252028
27252712
27274076
27288495
27289014
27301421
27301792
27303387
27306148
27317676
27325679
27337039
27359370
27375661
27389269
27392555
27398933
27399963
27403651
27411159
27412712
27445230
27446113
27446127
27446132
27482822
27489497
27491006
27493612
27495973
27503371
27516206
27525589
27526663
27528015
27529660
27536870
27540389
27552324
27555496
27558694
27596822
27603016
27613851
27618493
27621425
27621689
27626430
27632992
27637152
27657922
27660794
27664099
27676607
27695466
27702563
27702841
27709637
27716048
27721457
27734909
27736646
27743891
27749027
27749150
27756102
27756215
27773839
27778280
27798954
27812402
27826309
27830985
27837092
27837097
27837488
27852951
27862280
27862864
27864298
27864860
27868319
27868335
27882964
27892924
27895701
27898102
27898286
27900506
27904461
27909045
27917181
27918080
27924121
27934909
27977135
27996374
28001093
28004865
28005270
28018388
28026016
28026146
28027024
28039858
28045124
28062592
28063194
28071978
28073812
28079932
28083004
28092850
28103254
28105943
28112597
28117509
28117830
28118091
28119474
28120374
28121482
28131063
28131895
28132837
28133926
28134437
28152090
28163703
28164315
28167885
28197166
28207043
28207977
28220426
28220427
28220431
28220432
28231787
28243228
28249011
28254779
28255785
28265987
28265989
28277970
28277972
28279328
28288096
28293035
28293243
28295393
28307296
28315320
28317896
28330936
28337177
28338080
28338727
28348830
28353399
28369338
28384054
28393892
28396678
28397273
28401640
28401908
28403565
28413971
28418070
28420789
28423458
28435841
28440700
28459967
28467855
28471263
28486968
28488468
28499132
28513846
28516126
28517960
28521013
28523008
28523009
28529501
28529516
28535079
28541442
28547690
28552245
28559607
28559899
28567623
28569642
28570637
28573169
28575933
28588570
28590751
28600390
28601025
28611764
28611808
28613977
28619883
28620210
28622438
28631327
28640974
28641564
28649138
28649719
28650521
28652264
28652328
28655869
28656601
28667631
28672817
28677296
28677479
28680437
28683084
28687784
28696275
28699009
28700608
28703028
28710392
28725238
28733420
28736566
28744297
28747902
28751406
28754632
28754703
28755319
28762076
28765536
28766995
28780854
28791907
28792629
28798368
28799700
28808003
28810197
28811287
28811752
28811757
28812948
28815300
28816601
28824659
28824668
28824694
28827453
28831155
28837631
28839137
28840464
28847923
28851870
28855332
28857169
28863350
28866325
28871535
28871536
28876174
28878804
28880925
28883145
28892231
28899963
28901644
28902164
28911019
28926983
28933690
28951265
28951488
28976113
28982964
29022067
29032425
29038252
29039929
29042243
29042673
29044329
29048607
29049366
29066541
29070514
29072606
29076072
29076543
29079899
29087012
29090631
29090851
29091581
29130376
29132716
29144424
29146248
29146259
29152587
29158629
29160935
29163605
29168746
29169324
29174403
29177423
29180698
29199992
29238276
29238278
29239714
29240520
29242227
29242374
29243759
29244864
29247936
29250804
29253504
29253890
29260329
29261011
29263098
29270162
29277959
29288455
29288459
29293681
29300825
29305877
29307013
29307827
29309236
29311280
29312398
29317679
29325990
29326748
29329405
29332284
29332289
29332292
29332293
29352746
29358080
29373527
29375596
29383287
29389030
29389964
29398214
29403524
29403525
29407169
29436925
29438088
29440595
29449432
29460676
29475087
29479077
29479789
29482589
29483147
29494485
29495265
29495267
29499090
29500318
29512896
29519894
29521473
29531038
29532251
29537269
29549432
29557707
29563924
29564892
29576453
29600461
29601603
29603552
29606221
29609176
29628821
29641586
29660188
29661271
29661998
29669886
29675009
29686663
29687602
29690522
29694709
29704401
29716993
29719112
29726587
29728957
29729665
29733155
29742421
29752536
29768484
29775464
29794063
29806182
29842929
29846917
29848783
29856934
29859196
29869942
29870879
29875790
29877004
29877165
29884755
29887775
29887777
29889187
29896205
29922325
29927494
29937581
29937770
29946325
29954867
29958083
29963316
29973916
29975160
29976945
29991670
30008094
30026612
30026748
30033807
30039463
30042777
30057302
30058114
30058771
30062690
30065089
30065743
30076223
30080618
30081820
30086245
30087396
30087688
30102576
30105828
30115841
30117535
30117660
30118566
30124953
30136440
30141589
30141851
30141866
30141880
30143111
30146417
30152900
30154248
30154802
30154809
30156481
30160312
30171255
30172369
30174539
30177945
30177948
30181923
30183125
30186242
30186252
30194343
30199341
30208962
30214673
30226424
30228125
30229267
30233534
30237288
30237790
30238536
30240613
30251365
30254615
30254654
30255355
30259379
30261844
30270181
30270187
30280035
30307072
30312354
30336242
30342327
30344528
30347180
30348325
30358043
30369117
30373239
30384263
30386355
30387369
30393538
30396118
30399495
30408577
30418084
30423108
30427303
30427920
30431399
30442113
30449064
30456348
30461142
30462256
30463962
30464766
30466590
30478175
30480480
30484042
30486794
30500990
30506684
30508598
30509075
30511854
30521563
30524462
30526361
30530199
30533712
30540739
30549878
30552820
30558728
30563086
30563288
30573466
30589365
30590768
30606234
30606781
30617243
30619167
30619420
30619431
30621587
30632760
30637393
30664393
30665361
30670606
30672132
30673405
30673446
30673490
30676230
30676919
30677094
30678591
30679785
30682319
30682952
30686190
30686200
30686827
30688599
30691538
30694115
30699553
30699597
30699688
30699709
30699818
30703981
30708440
30708564
30708815
30709012
30713545
30717655
30720746
30722202
30722225
30722351
30722535
30722585
30727096
30727393
30727617
30728866
30730076
30731677
30731682
30731833
30731983
30732071
30732087
30733821
30735606
30743373
30743564
30753569
30754244
30754416
30754420
30754606
30759524
30764118
30764279
30769462
30769514
30769615
30769691
30779751
30780495
30780780
30780979
30781059
30781086
30781149
30781159
30781201
30781303
30781546
30781829
30782061
30785360
30786421
30786593
30786637
30791262
30795210
30799866
30800336
30807044
30809268
30810363
30812239
30812379
30812531
30812567
30812589
30812972
30818561
30818643
30818655
30823123
30823172
30823288
30823318
30830325
30831800
30831895
30831923
30832001
30832002
30836956
30837979
30838765
30841084
30841147
30841256
30841258
30841321
30843586
30845433
30845488
30845564
30846809
30849798
30849800
30850427
30856784
30856793
30856840
30856863
30856888
30856939
30857064
30857203
30861136
30861938
30866376
30866379
30866398
30867917
30870921
30870935
30901526
30907488
30918968
30921732
30924595
30926656
30934783
30938041
30940686
30945786
30947022
30962291
30967016
30967019
30975858
30989238
30999256
31001913
31009362
31012804
31017672
31024592
31025813
31030456
31041757
31041768
31041769
31041770
31042812
31049793
31051443
31054181
31057347
31057500
31057583
31066346
31069553
31077872
31097222
31116476
31123327
31125159
31126160
31128710
31134123
31134435
31139201
31147429
31148337
31169085
31173640
31177028
31178054
31180659
31186426
31194615
31196526
31212693
31218814
31227619
31231352
31234644
31237890
31241412
31245710
31245744
31250883
31251114
31253808
31261879
31262220
31267255
31269090
31285194
31288496
31293547
31303486
31320662
31337712
31352630
31359073
31362467
31367772
31371749
31379894
31385540
31388828
31408268
31412238
31418445
31421711
31433508
31437216
31437321
31440429
31443158
31445309
31450735
31456814
31461454
31478866
31481860
31484768
31488058
31515446
31521273
31522888
31526105
31529017
31543889
31548257
31555308
31557357
31557372
31559681
31572307
31575658
31575767
31584108
31588661
31595472
31595473
31596690
31600319
31601061
31606926
31611861
31618412
31630460
31632222
31632627
31636648
31639305
31642735
31645956
31662463
31665431
31681224
31681362
31681397
31694900
31695715
31698047
31705720
31715302
31727786
31730035
31734918
31740494
31749083
31751505
31757820
31779895
31790346
31795135
31797286
31802493
31806735
31827604
31829102
31829116
31830360
31835291
31844896
31849122
31850004
31851574
31853568
31854585
31859618
31869481
31870879
31876373
31878301
31888479
31888968
31891113
31892116
31897570
31898928
31906487
31909688
31910230
31914927
31922267
31922640
31928670
31931629
31935181
31935341
31956325
31956921
31971868
31978963
31990622
31992205
31994325
31998332
32005378
32005391
32010164
32013272
32034035
32054757
32059380
32059845
32060527
32081269
32090500
32094305
32100164
32101077
32110879
32117334
32120172
32121544
32127794
32128474
32139754
32139792
32146566
32150834
32152212
32155921
32171835
32193605
32194243
32213970
32218796
32220315
32223131
32225144
32225152
32227262
32227587
32234751
32235814
32243812
32248294
32266377
32267815
32272078
32272400
32272893
32286254
32290967
32293239
32296294
32296775
32307848
32312747
32313027
32314411
32331264
32339210
32345768
32371523
32383813
32385090
32388427
32391034
32391580
32407150
32408798
32410332
32412555
32418109
32422878
32422955
32425963
32428700
32429672
32446355
32452750
32453812
32455648
32458527
32467981
32471417
32473606
32481031
32481070
32481109
32495697
32498472
32503903
32515020
32527587
32528493
32528705
32540002
32542115
32547341
32559375
32560676
32567386
32575724
32579057
32582082
32587286
32587330
32588501
32600419
32610695
32611364
32619278
32629813
32630201
32633604
32637127
32661871
32662583
32664270
32672422
32673374
32676093
32688652
32688859
32689031
32689332
32689436
32706429
32708324
32714347
32714356
32725118
32727912
32731345
32731357
32732994
32742023
32756392
32765447
32772129
32781924
32786413
32793123
32793252
32795634
32796031
32803061
32806693
32810441
32814181
32815479
32822478
32836021
32846118
32855251
32864217
32865553
32878343
32880963
32883040
32885723
32887449
32889173
32899695
32909182
32910959
32913218
32927152
32943465
32964634
32969167
32973852
32977056
32979085
32983191
32985740
32986776
32987257
32989989
33005858
33007866
33009392
33009592
33029921
33036191
33042179
33044141
33044582
33046713
33049445
33049851
33050569
33055218
33057913
33062444
33063828
33065969
33073913
33077967
33101333
33103794
33103833
33114660
33121126
33124734
33130970
33140649
33154006
33154763
33162464
33167465
33169927
33188427
33193523
33206018
33206385
33210758
33228271
33231502
33233616
33233855
33238213
33253483
33264045
33288010
33288015
33289145
33294136
33302428
33304662
33312096
33312187
33314087
33314494
33315475
33325526
33326244
33329478
33329646
33332533
33344880
33356409
33356826
33361318
33361370
33361767
33373263
33373896
33375454
33375472
33381133
33385167
33386986
33400562
33405806
33406981
33413100
33414289
33419940
33423380
33428471
33428681
33435353
33454976
33463678
33470193
33472073
33484446
33486803
33493201
33498890
33502587
33511445
33512048
33522606
33527621
33531008
33536000
33547690
33547740
33550197
33564884
33571230
33608518
33613599
33619522
33632077
33640683
33640987
33643341
33649224
33654765
33654766
33658492
33659714
33675829
33677085
33679650
33691968
33692545
33711719
33719314
33721671
33729516
33730245
33741612
33741631
33751120
33755508
33757227
33765920
33766680
33766789
33770168
33779260
33789108
33795728
33798552
33800273
33802124
33806795
33807348
33807972
33823457
33832177
33834857
33841374
33849974
33855111
33855856
33856567
33858923
33864400
33866633
33877328
33893115
33894200
33897746
33906598
33917076
33917599
33919557
33922148
33924988
33927031
33927735
33935564
33944603
33955491
33955635
33955671
33959138
33960430
33974134
33982335
33990008
33997916
34007033
34009665
34010013
34064231
34064647
34066356
34068711
34071926
34073325
34074042
34074759
34077226
34093630
34096631
34096711
34109645
34110257
34120569
34130180
34142849
34145454
34190589
34193849
34194459
34197188
34198761
34201937
34204013
34205696
34207283
34208662
34214776
34217131
34227931
34244699
34245888
34255832
34268839
34276735
34281196
34299060
34320833
34329403
34338580
34340534
34361108
34361238
34369556
34374485
34375004
34378986
34391202
34394146
34395787
34416351
34424837
34445186
34445896
34451558
34455803
34458435
34463014
34475857
34485942
34486076
34491091
34504049
34505777
34510462
34515495
34516871
34537002
34543057
34553287
34557212
34558681
34560108
34564419
34564445
34564632
34571797
34577082
34579447
34579478
34580996
34582496
34589300
34593786
34597823
34605647
34620426
34620440
34639149
34645305
34646254
34657283
34659189
34659282
34660568
34662236
34665636
34684253
34696512
34705488
34708407
34718093
34723523
34724007
34733307
34735881
34768971
34769178
34772613
34773419
34775835
34797387
34797591
34799454
34805711
34813299
34818912
34819644
34828980
34830066
34830079
34835081
34839711
34846123
34847635
34847636
34850294
34855354
34858456
34868148
34870857
34880132
34884527
34895552
34899796
34903271
34905021
34906836
34910911
34912312
34917993
34918346
34919778
34921218
34925413
34925416
34931890
34946659
34947935
34948232
34954802
34961295
34968413
34972834
34978118
34981928
35008934
35023773
35032388
35039905
35048129
35049096
35049949
35051786
35054969
35058538
35059625
35060423
35062246
35077670
35087927
35088066
35095819
35102557
35135613
35142039
35147446
35151459
35163190
35166561
35175042
35175898
35178059
35189497
35191984
35192600
35199162
35199374
35202155
35208879
35216122
35233886
35240868
35247330
35247331
35247966
35250942
35251063
35254068
35264479
35277499
35277777
35279087
35282281
35301783
35304874
35323691
35335680
35336234
35340106
35343247
35343250
35344425
35345887
35348763
35348940
35351299
35351382
35354887
35356513
35359130
35360326
35365053
35401617
35409217
35416565
35444223
35453817
35456758
35463421
35467214
35467219
35478665
35494425
35502144
35510806
35525168
35527698
35532867
35537470
35543503
35546550
35547140
35549324
35551271
35562889
35572685
35576228
35583776
35583783
35583787
35592008
35597445
35602047
35606464
35611707
35613985
35615127
35622878
35625266
35625448
35628524
35629883
35638842
35640622
35641838
35642916
35646013
35679321
35684325
35689388
35689895
35697869
35698036
35700743
35707168
35711958
35736292
35736313
35742935
35742967
35749435
35751605
35752937
35760352
35768557
35774826
35774861
35778928
35778946
35780285
35783427
35789001
35791736
35798756
35801102
35805989
35806456
35807582
35807973
35814683
35822262
35837862
35852468
35872316
35874602
35875540
35876538
35877772
35881875
35883537
35884145
35886893
35886990
35887454
35892221
35900211
35908110
35909801
35912527
35926585
35930039
35930961
35939740
35952382
35953060
35960661
35961003
35962419
35968143
35986640
35994371
36008877
36015456
36040229
36048876
36052715
36064743
36066253
36070874
36077140
36077150
36084856
36087170
36088637
36090121
36118317
36130293
36131969
36146756
36147285
36148624
36150565
36172079
36176216
36199305
36200597
36204052
36222129
36224162
36232932
36233021
36235499
36240911
36241731
36247637
36261023
36264272
36266950
36269466
36282037
36282564
36282707
36285389
36287007
36287008
36287527
36292857
36292941
36293158
36293272
36293447
36306441
36318358
36319664
36330243
36336276
36342839
36349569
36360252
36361736
36361938
36363685
36365361
36379371
36388595
36389212
36411421
36414610
36416176
36420163
36422018
36422312
36425046
36430797
36443652
36444141
36449532
36498851
36503189
36508485
36511947
36530164
36533919
36548920
36555422
36559527
36560706
36562188
36564969
36578579
36582183
36590398
36600466
36602318
36603596
36606026
36616218
36616271
36625985
36626407
36640042
36645655
36651263
36653183
36662556
36674996
36692022
36707757
36709377
36715647
36723875
36725967
36731466
36737004
36738234
36753463
36755698
36757218
36759607
36760052
36762404
36768640
36769220
36774573
36779714
36779743
36779745
36782026
36802868
36810950
36815011
36816482
36829863
36830201
36830977
36835053
36835470
36835638
36840143
36840179
36840248
36840266
36840287
36840717
36856338
36856342
36864521
36866975
36872468
36892820
36893064
36898963
36901815
36902028
36902050
36902121
36909430
36912660
36922543
36923502
36924537
36935375
36937290
36947557
36947838
36983515
36985415
37002819
37005505
37009160
37040536
37041748
37051327
37061214
37067445
37068662
37074382
37076705
37077371
37099273
37111950
37123603
37124988
37125164
37129351
37132320
37139845
37141849
37157998
37160448
37166404
37167018
37176823
37184207
37194208
37212714
37220556
37221824
37226022
37237855
37240381
37249424
37255559
37256140
37264342
37269823
37284028
37289240
37295756
37298706
37300539
37310613
37317077
37342910
37346122
37366628
37383635
37392286
37407947
37414416
37417001
37421599
37422439
37429009
37431158
37437195
37439699
37439880
37445627
37446106
37447005
37450840
37450986
37454622
37475167
37476164
37483786
37496362
37511299
37524469
37528061
37532345
37532364
37537398
37554557
37576746
37591928
37601248
37609876
37619867
37620808
37638230
37638673
37638727
37638889
37644724
37645466
37651104
37651604
37653926
37658725
37662158
37673220
37687301
37695906
37704725
37705693
37712879
37716050
37722185
37749804
37753594
37755412
37765372
37789468
37817497
37819512
37821453
37822097
37823590
37841503
37843651
37844152
37847147
37851522
37864805
37868322
37889205
37890268
37895810
37903461
37903719
37905926
37906428
37913751
37919659
37921929
37924805
37928620
37944492
37953153
37953378
37958935
37960074
37963502
37968984
37976211
37976240
37976815
37988240
37990046
38003571
38003698
38003821
38006406
38008764
38014988
38047025
38075927
38079389
38091931
38098678
38099080
38109272
38109831
38112474
38114195
38130461
38132321
38139278
38140446
38140645
38146216
38150474
38170666
38179474
38187997
38199343
38202402
38202418
38203547
38203762
38222821
38228018
38239809
38245840
38254654
38255005
38258639
38265485
38265712
38271178
38273947
38276273
38277222
38279328
38284752
38285392
38299808
38299831
38302779
38319087
38321146
38323825
38326362
38337184
38339209
38344286
38354245
38358510
38363371
38375080
38384768
38393695
38398717
38407316
38415624
38429257
38445983
38452014
38453959
38457521
38463563
38470039
38486453
38493119
38500380
38501137
38506511
38507319
38508495
38514763
38516730
38523447
38532596
38533332
38535832
38536743
38542196
38543511
38560111
38576784
38578065
38579538
38582777
38587794
38590135
38592817
38594490
38594527
38596713
38597293
38600908
38603730
38607639
38623075
38640973
38648089
38658149
38674433
38674544
38685232
38695865
38705080
38705728
38707475
38712940
38712949
38715208
38717111
38734623
38743980
38748589
38775141
38780624
38781317
38789631
38794433
38798175
38799354
38822388
38822872
38823093
38828279
38833289
38833485
38853241
38864499
38869289
38869797
38877009
38879341
38883559
38884488
38885452
38887142
38895612
38899426
38899869
38911785
38924321
38927249
38928022
38930531
38949726
38957087
38959312
38979445
38982675
38987328
38992435
38998133
38999578
39004723
39032095
39033650
39041927
39052478
39059490
39065068
39072778
39074178
39075467
39078375
39084312
39086918
39091312
39102501
39108586
39111320
39119206
39124897
39127720
39131268
39135651
39141726
39146000
39146356
39147739
39165012
39189381
39210007
39225473
39226125
39235143
39251105
39253952
39254851
39255299
39271247
39282316
39301162
39326976
39327679
39334858
39339906
39354614
39354771
39364588
39377848
39381642
39387490
39394507
39396688
39397299
39400369
39406004
39407547
39409562
39409636
39412292
39425695
39433573
39436065
39437643
39442419
39445108
39445803
39450088
39456384
39467766
39469748
39471318
39474762
39494058
39500548
39501917
39507355
39507700
39509450
39511396
39512477
39519067
39519192
39523337
39549244
39561607
39568298
39573924
39589656
39611011
2471
182902
736541
885818
916910
1106054
1310503
1312527
1314807
1314808
1333438
1351245
1366693
1367453
1367537
1368646
1368986
1381663
1400238
1445291
1445325
1464303
1472714
1476434
1477552
1479894
1501591
1514792
1515668
1519356
1521185
1522066
1532617
1537802
1548225
1548231
1556553
1592805
1599240
1622209
1622252
1646375
1646377
1648077
1657255
1663150
1666524
1681544
1688434
1693273
1720346
1720347
1720348
1727482
1738155
1746327
1748876
1760850
1770346
1779908
1787798
1791440
1805313
1814865
1824334
1824335
1846144
1847347
1848220
1885550
1898924
1898935
1902648
1905782
1917876
1917877
1924351
1932815
1936237
1987121
1987131
1987141
1991709
2001843
2006172
2067421
2102015
2117695
2120185
2132025
2132028
2152895
2158972
2172444
2174544
2177682
2211508
2219699
2254253
2259339
2260113
2268156
2268157
2274044
2294094
2336364
2339884
2352502
2352506
2368185
2401362
2408719
2454625
2454626
2454627
2454629
2457580
2515997
2520825
2536682
2540959
2548841
2600779
2615669
2621286
2635268
2644217
2658805
2676599
2741342
2764576
2768197
2778648
2778649
2781284
2824447
2836363
2848010
2848011
2853829
2865329
2870053
2879840
2881927
2907755
2907769
2979910
2982785
2992375
2995307
3003029
3011734
3020542
3023280
3023282
3027030
3027035
3032911
3035336
3043894
3049552
3049605
3084452
3113949
3116367
3123461
3125547
3129408
3139635
3153166
3169005
3192509
3236222
3290199
3372485
3379073
3508945
3515320
3525514
3530326
3571155
3584077
3592910
3608985
3624204
3625474
3625476
3628554
3759643
3774551
3900043
3957873
3980301
3996404
3997822
4015624
4087158
4371331
4392089
4556096
4779956
4971306
5646844
5817186
5954295
6066054
6092867
6290453
6304006
6321436
6351553
6358197
6394959
6428075
6475109
6497859
6848483
6886676
6991475
7116232
7141716
7296409
7380807
7402101
7432211
7487022
7492106
7506426
7525536
7539639
7546603
7557311
7574636
7579614
7579616
7579617
7579625
7580250
7582033
7590314
7592132
7592381
7592386
7592389
7592431
7608074
7638602
7640359
7655064
7655660
7669032
7670202
7670505
7679566
7704049
7734960
7743815
7751294
7752891
7753782
7761146
7763449
7764866
7765223
7765795
7771767
7772803
7781327
7793938
7811082
7827490
7843081
7859513
7866028
7873779
7881543
7883180
7896694
7902614
7904440
7909458
7909615
7911348
7912500
7916181
7917425
7934824
7934901
7949326
7949327
7952184
7957970
7961191
7961404
8002569
8002582
8021194
8021210
8052622
8058820
8069104
8075421
8075800
8078459
8090752
8091210
8105024
8106313
8113177
8125171
8126435
8138554
8162227
8167364
8167365
8181760
8188613
8194607
8220454
8220484
8224892
8226668
8229668
8229675
8231810
8234334
8253684
8274770
8274772
8274775
8275100
8282189
8282694
8288110
8320222
8324762
8324821
8326870
8331076
8335641
8364801
8376338
8380801
8385786
8400373
8400375
8400380
8400869
8407821
8412697
8423001
8434910
8434924
8434925
8449873
8464060
8464061
8476279
8476284
8510645
8510663
8526492
8526495
8529898
8550460
8559801
8563943
8563945
8575431
8589416
8589418
8589423
8590414
8594334
8601497
8621091
8626280
8633080
8634477
8643534
8660289
8666247
8689679
8700971
8704658
8723347
8725243
8742358
8742710
8758979
8766712
8768370
8774716
8776893
8779574
8804389
8810071
8810079
8820642
8868422
8870270
8870273
8892851
8893538
8921848
8932301
8936313
8953034
8953768
8956493
8962166
8979356
8986840
8989877
8990304
8996103
9003582
9009065
9014365
9023928
9045830
9049302
9057331
9061952
9061956
9079910
9087505
9090877
9096416
9100379
9100381
9100386
9113726
9124827
9136026
9141667
9157238
9177164
9190801
9200222
9202151
9204563
9204571
9212424
9214637
9226254
9226871
9230099
9237401
9245833
9294453
9297819
9297822
9323042
9326365
9338960
9351251
9353931
9353942
9395289
9415894
9426142
9448330
9449843
9450337
9480014
9501111
9515901
9529253
9542107
9548982
9549104
9555912
9561727
9565678
9571135
9571136
9571137
9574509
9594652
9601001
9606835
9611172
9612954
9612955
9618447
9624691
9628020
9634589
9636234
9637014
9642184
9652390
9663679
9674113
9680198
9698431
9701811
9707120
9707531
9707625
9707642
9709009
9721288
9721291
9721292
9726857
9741084
9747803
9748456
9758805
9758824
9766466
9785483
9786192
9805392
9808752
9809422
9826192
9827554
9829934
9839466
9847125
9860992
9861058
9861059
9869427
9870703
9872969
9874231
9874239
9874813
9878629
9881167
9887527
9891003
9922244
9922464
9927638
9973349
10047897
10050028
10069066
10069832
10072402
10075415
10094714
10103233
10191036
10198104
10206691
10223977
10224270
10226372
10226373
10227168
10319466
10336869
10347004
10347868
10348861
10357851
10360577
10361296
10364404
10369664
10377997
10383988
10384007
10391850
10405167
10413571
10424899
10430949
10432637
10437829
10438740
10438746
10444081
10444097
10447881
10449575
10449783
10463163
10475689
10476063
10478477
10480269
10485919
10488236
10494634
10517031
10517320
10533199
10536009
10545263
10550898
10552044
10555985
10557364
10559159
10564513
10571865
10571880
10571887
10572118
10580109
10590168
10592037
10606139
10607299
10608663
10618243
10639460
10653764
10664856
10664968
10677553
10681465
10682345
10707353
10707360
10725560
10747936
10758491
10758892
10759863
10781092
10787049
10790512
10794141
10796016
10796022
10796023
10805596
10810149
10811617
10830163
10830258
10835603
10845459
10849351
10852883
10852884
10880434
10890883
10898976
10900264
10922033
10922043
10922463
10929114
10933828
10939257
10949374
10959854
10960731
10968626
10972870
10972887
10974129
10975652
10978297
10991796
10998053
11004187
11021574
11021914
11021915
11021920
11021921
11021922
11024350
11029435
11029455
11030422
11038525
11041878
11043468
11052195
11059492
11059493
11069647
11069695
11078519
11080282
11080289
11090213
11094272
11097885
11098822
11106023
11106029
11113378
11115128
11117264
11118627
11119152
11123473
11123796
11129239
11134504
11136126
11136235
11141171
11148281
11148296
11149948
11152069
11155968
11158536
11166101
11166806
11169191
11170483
11172075
11194877
11204777
11204781
11204785
11204787
11207720
11217981
11222281
11226196
11229911
11229941
11234925
11247339
11264746
11269402
11277431
11277437
11282583
11282626
11297801
11299350
11299395
11309143
11309146
11310732
11310739
11310742
11312513
11320120
11333251
11340183
11344135
11346953
11347253
11359614
11386061
11392485
11401717
11403642
11404016
11409968
11439127
11439137
11455656
11458335
11468413
11472957
11472958
11489189
11500556
11500562
11513659
11532166
11544221
11555282
11556905
11558277
11561727
11580833
11595798
11605952
11605961
11607554
11650712
11679318
11679746
11679759
11682198
11688804
11696374
11697147
11706168
11706189
11711068
11722923
11724369
11728403
11728871
11743122
11748215
11752577
11756663
11758412
11758413
11761711
11768538
11768541
11772602
11785263
11788750
11823181
11826312
11843302
11844763
11854524
11855728
11862491
11862946
11872493
11872842
11882723
11884685
11884688
11891259
11899466
11913796
11914360
11916110
11919711
11920448
11922760
11931546
11950980
11952131
11952132
11953310
11955429
11956683
11967070
11967093
11971137
11973319
11990489
12000683
12003960
12009406
12018854
12023087
12024826
12026170
12028576
12029473
12032338
12032618
12039714
12039729
12059102
12059104
12059109
12059776
12060223
12060224
12060305
12061844
12062092
12062102
12067337
12068100
12068113
12072475
12094768
12100485
12118881
12118887
12119368
12123452
12172004
12177127
12181614
12182333
12182338
12184393
12200291
12200319
12206751
12207690
12213493
12223611
12223792
12223807
12226215
12226257
12226492
12228385
12228480
12228488
12228500
12228548
12231661
12232016
12237390
12239384
12242354
12244227
12244231
12244256
12271015
12271016
12353036
12354923
12355160
12365459
12376624
12377116
12377556
12381270
12403830
12410809
12423950
12425044
12425045
12426366
12437297
12437299
12437300
12445806
12462348
12469302
12481991
12481992
12483615
12488047
12492471
12492854
12502316
12504387
12505984
12520360
12527305
12548796
12557185
12566575
12566578
12571041
12571050
12571060
12580281
12581526
12581527
12602888
12609030
12609040
12609045
12615215
12615947
12618410
12622811
12626746
12644674
12651950
12668781
12670984
12694277
12694440
12701444
12702022
12706443
12712338
12715150
12721807
12724374
12726764
12728993
12730176
12730390
12732569
12734178
12744455
12746539
12767910
12770317
12777051
12788754
12795376
12797793
12805591
12805614
12817082
12825696
12828636
12828637
12835914
12839745
12848424
12848826
12857819
12874387
12881503
12882571
12900412
12902295
12913147
12913158
12928499
12940984
12943547
12945188
12947197
12950919
12960373
12970499
12971605
13099311
13680135
14455905
14504384
14507997
14507999
14511827
14519981
14522973
14523121
14526114
14527329
14532027
14536025
14553932
14555693
14556746
14566392
14576290
14586656
14592967
14592968
14594840
14601664
14614626
14617079
14617091
14629009
14630974
14634868
14645268
14651344
14660376
14660384
14665692
14673031
14675454
14679222
14679234
14680709
14684153
14684838
14685856
14687626
14694194
14694203
14698898
14702323
14705004
14711662
14714868
14714872
14717447
14729910
14742423
14742871
14756307
14756766
14756767
14756769
14765119
14766926
14768551
14964527
14964529
14964530
14976236
14981249
15000392
15000398
15012539
15013414
15014997
15016364
15016565
15020743
15026087
15052319
15058987
15060056
15064386
15066790
15077666
15077668
15085136
15098125
15122498
15123694
15125764
15133157
15141066
15141948
15141955
15141956
15146069
15150250
15150254
15151327
15181110
15181213
15183870
15184545
15195947
15210989
15215512
15241470
15241658
15242602
15261583
15262506
15262947
15269331
15269426
15272302
15276439
15279038
15280045
15280247
15287078
15289568
15289569
15293050
15297928
15300439
15315639
15322128
15341731
15344309
15345390
15347795
15347797
15361584
15367716
15371431
15379558
15447647
15447648
15447649
15451096
15467198
15469432
15469494
15469508
15469717
15473911
15476972
15497402
15497409
15498873
15500471
15516596
15530390
15540590
15546361
15553246
15553250
15570470
15584958
15584961
15597738
15599761
15601717
15604654
15604665
15604704
15604723
15606785
15612933
15619565
15629936
15632444
15635461
15650697
15654638
15657122
15661015
15664465
15670760
15672219
15672817
15672819
15684089
15688937
15688938
15691931
15701698
15703055
15705581
15711971
15715905
15719238
15720080
15722464
15722472
15733862
15742387
15743960
15746386
15747056
15749757
15755957
15756820
15756824
15756848
15759001
15765881
15770233
15772285
15790558
15795287
15796972
15797867
15799997
15805535
15807783
15807789
15808932
15808947
15828174
15828679
15828684
15828688
15841357
15842625
15845764
15898494
15908609
15910748
15915637
15918028
15923348
15932242
15935761
15936244
15937188
15937273
15944360
15956672
15970273
15971093
15978082
15978583
15980200
15986928
15988566
15993368
15998309
16000789
16002467
16003469
16005163
16009999
16018214
16022515
16041724
16042008
16042014
16043691
16104861
16109959
16121186
16123135
16125997
16126865
16134900
16151087
16151103
16151141
16151200
16151843
16159782
16167763
16167769
16167902
16168582
16179797
16180818
16190620
16192274
16204544
16204558
16211859
16212604
16212605
16212612
16233410
16240180
16244149
16245857
16255244
16257528
16267304
16291682
16297072
16304170
16306146
16321949
16331468
16332814
16336791
16339801
16339855
16346318
16346319
16346333
16346445
16346597
16346988
16347102
16347150
16347294
16347352
16347409
16347468
16347469
16347574
16347644
16347666
16347741
16347862
16347871
16347963
16348058
16348085
16348118
16348215
16348241
16348415
16348419
16348468
16348476
16348546
16348565
16348627
16348749
16348764
16348938
16348939
16348941
16348942
16348944
16349074
16349283
16349313
16349342
16349356
16349371
16349417
16349418
16349462
16349482
16349533
16352832
16353551
16355819
16358711
16360643
16360685
16362044
16367952
16373536
16377744
16378946
16387658
16387834
16391110
16395580
16396109
16399801
16406143
16415066
16423321
16453811
16453893
16456648
16461584
16477026
16478045
16482435
16506699
16529372
16529375
16529378
16529382
16531496
16534909
16534934
16535040
16535140
16535362
16535405
16535480
16535727
16544138
16553893
16553894
16563168
16565218
16570656
16570660
16578820
16578838
16581205
16593517
16593537
16593610
16593778
16593875
16593912
16594025
16603654
16603663
16614819
16616142
16621822
16627744
16630008
16631828
16637653
16652950
16653190
16662618
16662928
16663826
16664039
16664173
16664433
16664502
16664981
16665104
16665133
16665211
16665788
16666304
16666404
16666545
16666744
16667014
16667156
16667249
16667541
16668105
16668313
16668554
16668792
16668924
16672470
16677306
16678099
16681835
16706157
16709192
16718483
16720608
16724743
16729895
16730857
16750581
16751485
16753033
16754964
16762457
16769150
16776291
16776298
16778014
16785235
16786294
16786302
16792692
16799767
16805738
16807133
16809858
16819302
16824099
16824181
16829136
16829584
16838789
16838791
16840699
16845481
16847572
16850419
16854235
16854938
16856982
16889647
16899973
16900319
16903358
16923817
16923873
16925603
16927007
16927203
16935989
16941219
16941902
16942603
16950758
16950863
16951068
16951551
16963526
16968222
16989308
16997987
17005972
17007961
17012388
17012600
17013749
17014498
17022178
17022830
17028151
17028203
17028280
17059405
17059410
17071740
17073298
17073299
17073300
17073301
17073302
17083738
17085977
17086982
17092294
17109642
17114278
17114318
17114354
17114357
17125870
17138624
17142480
17143616
17144898
17147762
17148606
17149585
17149652
17158583
17160455
17163880
17179076
17179144
17181774
17194219
17205127
17211582
17214894
17215350
17215893
17215896
17217460
17227459
17229739
17237165
17241198
17241452
17243363
17263852
17273821
17286833
17289034
17293566
17295910
17304219
17314101
17321073
17322196
17324226
17335507
17350264
17355437
17364223
17378425
17380429
17397263
17400767
17405875
17409090
17418552
17419843
17419849
17427805
17434232
17434992
17442015
17450127
17451517
17468220
17476814
17477524
17506328
17506336
17521413
17526708
17530419
17530782
17555276
17559511
17559512
17573535
17573690
17573803
17576564
17578087
17587074
17600051
17601168
17601782
17601783
17609134
17617397
17635766
17637671
17644592
17654544
17656566
17660277
17660289
17660350
17694048
17704230
17711844
17712601
17717187
17720828
17722699
17759892
17764515
17827286
17873033
17877704
17890374
17897407
17899171
17905842
17905862
17906125
17908155
17913417
17916112
17918621
17929052
17932459
17933903
17936742
17956859
17960074
17971037
17971244
17977145
17977154
17977155
17980935
17988222
17988883
17993520
17993621
17997525
17998535
18000760
18003861
18005228
18005697
18023417
18024523
18026206
18036626
18048411
18050277
18051364
18051759
18056646
18058161
18064450
18064575
18065554
18069941
18080141
18083910
18085513
18088304
18088307
18092830
18156257
18158241
18165328
18171591
18182423
18184068
18184070
18185595
18191794
18198274
18217350
18218967
18219494
18226820
18227245
18240101
18247350
18247394
18248597
18251883
18254494
18257685
18263728
18263729
18266921
18287070
18297868
18298954
18321184
18321194
18327607
18336576
18363647
18363796
18370170
18375657
18378665
18390672
18393624
18400936
18401409
18421485
18422426
18422900
18424557
18429999
18430079
18434604
18434605
18441339
18443905
18450451
18458331
18483469
18496756
18522033
18533839
18535860
18547396
18562275
18570649
18571878
18573188
18573559
18575855
18577754
18583180
18599583
18599651
18617142
18618525
18621005
18621007
18624633
18633122
18635546
18640286
18643971
18643983
18643994
18650934
18655083
18656958
18657186
18657213
18657215
18667849
18669024
18676663
18700134
18700821
18700822
18702674
18703740
18705851
18705854
18705881
18716313
18753285
18757803
18758894
18762878
18766372
18776063
18785824
18789127
18798871
18799663
18816395
18820082
18823314
18824107
18826255
18836182
18842091
18842097
18936963
18942971
18943178
18943325
18943363
18943412
18943414
18943490
18943492
18943596
18943619
18943767
18943839
18943882
18943928
18944027
18944091
18944194
18944218
18944290
18944318
18944382
18944423
18944500
18944544
18944586
18944598
18944610
18944640
18944742
18944747
18944822
18944847
18944848
18944855
18944892
18944926
18944933
18944942
18945017
18945103
18950524
18955815
18980650
18980653
18985660
18997027
18997422
19015323
19018993
19034536
19036031
19053141
19054367
19055731
19060141
19060162
19061402
19061405
19061406
19062288
19065152
19077061
19077166
19079584
19089429
19091877
19098222
19121106
19121118
19121119
19131332
19132870
19144133
19148671
19159313
19161354
19168384
19189963
19190986
19193976
19199050
19200155
19201955
19213807
19214217
19214516
19215775
19218362
19218414
19229489
19233904
19236577
19245217
19245322
19251849
19257856
19270091
19270129
19271954
19271961
19278552
19279805
19283005
19286794
19286969
19292825
19304739
19304930
19305599
19329558
19329656
19332544
19337979
19340082
19342588
19346252
19346440
19348568
19358981
19364319
19374021
19374128
19381254
19390620
19392690
19412603
19413686
19419967
19423671
19423826
19429554
19445590
19445595
19453434
19457984
19466566
19468651
19470657
19482931
19486391
19488684
19507234
19509331
19513222
19513247
19519800
19522568
19525323
19542326
19564897
19571312
19574254
19576777
19589072
19594709
19598157
19649196
19653105
19656042
19656407
19659661
19665501
19665594
19669626
19671880
19674971
19682294
19682297
19682768
19686343
19686535
19694953
19703286
19704476
19704549
19704693
19704740
19717619
19721761
19727406
19732380
19737096
19747826
19754836
19765792
19766989
19771475
19784795
19784928
19787374
19789277
19793077
19794843
19794847
19810804
19810808
19810814
19812184
19815579
19818736
19820144
19825553
19825555
19825634
19826224
19840927
19841665
19843314
19849779
19849780
19849783
19849784
19849789
19849791
19854904
19855048
19863557
19863801
19866456
19886659
19888829
19889874
19895400
19915014
19918071
19919571
19919675
19924318
19938599
19938603
19939946
19944148
19953673
19958141
20003402
20007686
20011122
20022231
20023372
20027311
20034598
20037470
20040062
20050698
20053798
20061552
20064060
20064063
20064065
20069890
20075858
20078778
20081042
20088897
20097407
20118275
20121455
20122130
20122221
20126459
20128693
20132277
20133879
20138320
20140739
20142437
20147202
20150979
20159621
20167625
20169167
20170499
20179141
20190049
20190091
20192829
20192963
20195537
20198919
20208028
20214999
20227217
20231437
20233307
20332379
20339321
20348432
20352420
20359727
20360018
20363790
20367464
20367474
20367475
20368970
20369310
20370821
20371603
20374532
20399645
20409007
20411661
20413097
20419105
20427561
20434432
20444228
20447426
20455565
20457804
20459312
20462121
20467243
20470837
20472560
20472799
20478270
20484023
20485808
20497374
20498336
20505348
20507452
20507471
20507472
20507480
20507485
20507490
20507497
20507512
20507517
20507534
20507535
20512647
20512733
20521955
20521956
20530195
20543046
20543050
20552170
20553555
20561214
20562275
20565590
20565618
20565620
20565636
20565638
20565640
20565643
20565644
20565648
20565685
20566705
20569328
20569341
20569352
20569411
20571112
20572960
20572966
20572969
20572970
20572973
20573705
20581190
20585504
20599727
20601478
20602017
20603380
20615948
20621018
20624999
20626281
20636102
20636323
20653411
20657618
20661428
20672876
20687808
20693672
20695894
20695999
20700582
20704660
20705057
20708590
20709733
20713980
20732322
20738724
20802828
20812509
20813909
20824102
20830594
20831408
20833735
20838462
20854394
20854841
20863393
20876109
20881012
20921156
20923364
20935126
20955180
20967449
20971913
20976052
21029320
21029323
21030388
21039274
21044058
21045122
21048868
21049563
21051954
21060253
21070411
21073583
21078185
21091602
21104271
21112235
21117867
21153682
21165649
21187143
21192820
21198360
21198361
21199565
21199566
21199889
21203436
21205619
21205632
21227738
21233007
21234598
21236723
21237629
21241656
21261469
21265899
21282655
21285955
21296177
21299658
21306444
21311034
21320695
21320696
21323469
21332848
21335377
21335383
21342714
21359804
21361996
21372094
21378171
21378190
21380629
21388379
21394206
21395887
21397014
21398259
21402353
21402357
21414016
21421777
21441525
21447069
21447709
21447757
21462345
21463207
21469936
21478366
21481031
21483484
21490299
21496226
21499030
21505863
21526181
21527255
21527339
21535260
21542767
21542933
21543726
21549312
21554458
21568703
21609343
21614499
21615203
21615571
21628629
21633196
21646430
21649511
21658366
21666030
21670223
21670267
21673513
21674754
21683883
21693696
21710203
21725501
21726364
21726372
21726374
21726380
21726386
21726394
21732326
21735195
21736589
21736648
21742407
21749505
21770816
21784947
21791954
21799664
21802528
21802603
21813654
21820018
21831618
21840980
21852347
21856300
21862480
21862710
21864046
21874349
21880077
21883788
21896186
21898456
21900742
21901088
21904881
21917546
21925757
21926201
21936663
21940998
21941936
21967163
21974727
21978451
21985584
21988475
21994350
21998587
22000049
22004025
22009040
22013065
22016774
22023111
22023696
22026646
22035198
22046175
22048038
22053874
22053875
22066021
22067989
22069758
22072959
22072967
22073286
22079473
22080599
22081398
22084057
22086419
22092678
22101310
22106285
22112219
22128140
22132095
22147519
22147520
22153241
22153254
22154939
22158760
22166197
22169508
22186181
22187939
22188069
22191472
22194459
22196580
22198367
22199234
22204645
22209872
22211396
22216251
22230763
22233353
22237542
22238602
22242006
22244814
22247251
22250583
22251433
22256998
22268572
22285411
22298683
22303207
22319072
22319451
22321246
22325892
22327276
22327576
22331412
22341410
22345509
22345636
22346749
22353039
22353307
22353561
22353573
22367941
22370355
22372664
22375835
22381007
22384098
22389364
22392282
22408526
22409433
22414437
22414441
22415794
22418587
22423965
22424398
22427336
22427491
22451646
22466450
22472559
22481162
22492811
22493521
22494141
22499172
22514699
22529937
22552803
22555880
22558247
22558318
22563431
22563930
22570076
22571419
22573803
22580578
22590555
22595145
22607547
22615277
22615797
22641422
22643121
22646244
22646515
22659411
22660707
22672649
22678032
22694952
22698755
22702175
22704619
22709376
22712510
22713076
22719742
22730426
22740663
22744984
22753062
22788523
22797762
22800299
22805238
22808044
22812426
22822212
22826500
22827948
22830194
22851214
22852810
22862801
22865330
22870224
22876961
22877312
22880057
22892320
22892352
22898498
22899059
22899085
22902796
22910813
22911741
22913752
22928751
22937899
22942251
22944041
22961128
22961639
22961663
22968829
22972705
22974487
22977090
22978428
22986789
22988101
22991498
22994681
22995910
22997537
23012277
23025743
23043909
23053081
23055805
23056459
23056465
23061987
23062058
23064320
23067202
23071821
23072280
23073694
23079192
23088098
23088618
23099348
23102875
23107228
23118736
23118859
23124242
23142764
23144138
23144243
23144618
23144763
23145783
23160124
23167462
23170230
23183969
23185630
23194342
23204405
23204470
23209558
23215808
23221776
23226333
23230025
23233458
23240728
23242916
23252461
23258266
23261264
23272006
23278373
23279078
23279965
23297052
23301854
23319638
23333384
23333960
23335630
23353019
23353577
23370715
23372747
23382672
23384857
23395902
23396834
23417089
23423893
23435660
23437017
23438746
23441575
23451734
23452126
23463782
23468636
23470736
23506362
23507306
23510309
23513712
23515898
23516366
23516563
23517029
23518587
23521356
23524610
23527067
23527276
23528138
23532072
23533086
23536844
23543751
23555272
23555547
23555744
23575141
23577648
23581479
23582764
23593000
23594295
23597256
23603940
23607369
23615986
23615988
23617415
23617639
23617694
23630530
23632856
23638363
23638370
23644883
23653630
23656333
23656869
23656893
23663005
23692644
23694710
23695255
23696664
23703326
23721085
23721858
23722504
23724899
23725335
23725467
23725468
23727430
23728333
23734779
23748675
23754942
23757363
23758201
23760465
23760822
23761797
23763788
23766110
23770908
23782466
23784464
23788547
23794026
23806843
23811504
23815470
23815755
23820081
23820824
23828547
23842113
23852863
23858715
23865633
23865782
23866590
23868262
23886927
23890153
23895800
23897923
23903322
23905547
23906045
23913035
23933804
23935484
23945001
23950121
23951222
23951354
23952213
23955010
23956091
23961939
23995956
23997333
24006783
24006883
24025239
24026925
24033935
24047240
24055159
24076975
24083346
24085708
24086622
24086773
24095800
24098120
24098335
24098739
24102210
24104185
24118699
24118878
24122768
24124900
24131360
24131731
24132196
24134885
24135942
24137169
24141028
24146667
24155748
24156768
24170858
24178099
24192368
24193209
24193769
24198820
24201719
24204266
24215930
24216222
24221170
24224664
24225654
24237140
24241135
24242253
24249293
24261870
24263918
24285750
24285796
24291188
24299018
24301193
24304389
24310121
24313955
24314063
24317082
24319082
24321061
24324742
24329173
24329768
24331433
24349286
24349460
24349466
24350783
24359686
24367018
24372399
24372490
24383417
24391493
24398509
24398681
24398910
24399753
24416306
24434682
24437924
24440291
24443525
24444998
24449384
24449689
24450185
24453975
24459267
24465948
24475190
24487530
24494231
24496608
24498215
24501001
24501627
24505423
24516535
24528504
24530627
24552622
24555804
24557893
24558350
24571678
24571722
24586161
24591714
24594657
24600027
24600054
24601980
24612372
24612849
24618221
24625030
24625928
24642849
24643562
24645496
24654978
24670199
24675749
24684604
24686205
24689742
24699527
24704846
24706550
24710214
24710292
24710295
24710886
24722630
24723725
24727227
24727275
24734036
24753604
24755512
24758581
24770871
24785741
24792058
24792221
24801140
24801337
24810619
24835253
24846383
24871330
24872380
24875383
24877673
24889055
24894684
24895758
24910636
24912659
24913050
24914891
24923323
24923677
24928200
24930584
24936863
24941328
24955639
24963057
24966862
24968226
24968323
24974385
24980080
24986268
24989777
24997606
25005917
25008976
25008981
25009546
25010425
25010573
25014592
25017161
25017162
25023120
25030903
25034017
25036661
25036993
25040056
25043057
25054409
25058029
25063782
25070640
25071788
25076533
25081907
25082411
25083911
25088536
25096754
25099383
25100224
25101956
25108263
25108744
25113043
25113543
25114016
25132953
25146567
25155081
25156488
25170934
25180693
25182327
25184292
25187129
25191331
25193694
25195797
25199342
25211078
25212010
25217020
25219316
25227923
25237129
25243954
25244054
25244125
25249629
25251325
25267732
25278273
25278943
25288936
25288945
25288991
25289005
25289010
25293871
25301638
25303634
25310651
25323444
25329965
25332505
25335438
25336683
25340333
25348251
25348703
25350354
25350368
25355464
25359697
25362058
25366180
25369289
25372120
25375163
25376907
25385023
25387755
25393892
25394275
25400650
25403155
25422896
25423263
25431578
25436909
25437611
25460872
25472590
25487118
25491154
25494882
25502017
25503437
25513776
25521759
25546415
25551177
25557512
25565273
25574580
25607985
25609555
25610446
25613865
25619405
25620972
25625821
25626964
25627252
25628332
25634105
25640726
25644638
25650829
25656450
25657213
25658943
25661819
25662975
25675257
25680774
25681297
25708873
25711411
25713173
25715324
25727690
25729922
25732741
25738319
25740148
25743192
25744164
25755658
25760815
25763618
25764562
25765075
25774162
25775269
25782920
25790492
25792750
25797691
25805316
25809535
25829441
25830533
25841017
25849639
25858831
25870275
25873668
25876441
25884328
25886911
25906995
25912102
25913773
25917599
25918875
25931602
25938194
25940918
25943548
25944825
25946888
25950582
25955697
25958775
25969135
25988123
25989254
25997443
26004581
26029224
26032221
26034671
26039486
26044420
26044440
26063389
26065719
26067603
26070456
26074905
26077901
26089433
26103463
26109133
26113855
26114474
26123657
26140260
26147514
26149110
26149579
26157450
26198069
26198070
26198412
26202381
26205072
26206852
26208688
26209667
26209677
26217317
26222830
26233534
26246613
26248667
26256666
26259197
26262683
26265717
26265775
26268962
26268984
26269546
26270176
26284090
26285820
26296726
26300891
26305156
26306312
26307771
26310916
26313942
26325299
26345745
26347991
26352477
26355215
26361095
26376742
26378098
26383666
26388886
26390211
26404238
26413080
26417008
26418593
26428397
26428924
26431786
26432875
26433201
26438421
26442031
26451844
26454882
26482478
26484202
26484750
26485301
26490733
26492405
26494731
26499893
26499972
26500665
26504582
26505534
26513401
26514830
26520101
26526683
26527659
26548995
26554736
26561564
26564578
26566919
26569197
26572404
26577792
26578782
26581656
26586425
26590277
26610434
26616055
26617631
26628254
26638129
26638486
26654914
26661140
26670219
26672068
26697034
26697041
26697049
26705407
26706081
26713670
26733964
26734506
26750751
26751786
26753535
26764591
26764598
26768357
26795143
26795461
26798024
26802249
26809089
26810453
26811180
26813622
26828402
26829841
26830104
26836214
26840951
26867635
26868403
26880144
26883489
26883568
26891997
26896849
26926998
26931169
26941133
26943946
26946374
26947794
26954255
26966221
26976140
26983577
26984671
26991928
26993968
26998321
26999596
27007362
27014204
27014286
27017332
27019084
27050746
27054585
27060745
27061875
27085087
27094421
27095107
27102826
27108563
27116193
27118426
27120694
27145446
27147936
27147937
27148319
27148334
27152346
27159137
27160854
27168965
27173012
27181943
27191168
27208232
27208255
27208279
27208280
27208290
27217495
27237113
27239727
27241588
27243217
27247081
27250009
27252028
27252712
27274076
27288495
27289014
27301421
27301792
27303387
27306148
27317676
27325679
27337039
27359370
27375661
27389269
27392555
27398933
27399963
27403651
27411159
27412712
27445230
27446113
27446127
27446132
27482822
27489497
27491006
27493612
27495973
27503371
27516206
27525589
27526663
27528015
27529660
27536870
27540389
27552324
27555496
27558694
27596822
27603016
27613851
27618493
27621425
27621684
27621689
27626430
27632992
27637152
27657922
27660794
27664099
27676607
27695466
27702563
27702841
27709637
27716048
27721457
27734909
27736646
27743891
27749027
27749150
27756102
27756215
27773839
27778280
27798954
27812402
27826309
27830985
27837092
27837097
27837488
27852951
27862280
27862864
27864298
27864860
27868319
27868335
27882964
27892924
27895701
27898102
27898286
27900506
27904461
27909045
27917181
27918080
27924121
27934909
27977135
27996374
28001093
28004865
28005270
28018388
28026016
28026146
28027024
28039858
28045124
28062592
28063194
28071978
28073812
28079932
28083004
28092850
28103254
28105943
28112597
28117509
28117830
28118091
28119474
28120374
28121482
28131063
28131895
28132837
28133926
28134437
28152090
28163703
28164315
28167885
28197166
28207043
28207977
28220426
28220427
28220431
28220432
28231787
28243228
28249011
28254779
28255785
28265987
28265989
28277970
28277972
28279328
28288096
28293035
28293243
28295393
28307296
28315320
28317896
28330936
28337177
28338080
28338727
28348830
28353399
28369338
28384054
28393892
28396678
28397273
28401640
28401908
28403565
28413971
28418070
28420789
28423458
28435841
28440700
28459967
28467855
28471263
28486968
28488468
28499132
28513846
28516126
28517960
28521013
28523008
28523009
28529501
28529516
28535079
28541442
28547690
28552245
28559607
28559899
28567623
28569642
28570637
28573169
28575933
28588570
28590751
28600390
28601025
28611764
28611808
28613977
28619883
28620210
28622438
28631327
28640974
28641564
28649138
28649719
28650521
28652264
28652328
28655869
28656601
28667631
28672817
28677296
28677479
28680437
28683084
28687784
28696275
28699009
28700608
28703028
28710392
28725238
28733420
28736566
28744297
28747902
28751406
28754632
28754703
28755319
28762076
28765536
28766995
28780854
28791907
28792629
28798368
28799700
28808003
28810197
28811287
28811752
28811757
28812948
28815300
28816601
28824659
28824668
28824694
28827453
28831155
28837631
28839137
28840464
28847923
28851870
28855332
28857169
28863350
28866325
28871535
28871536
28876174
28878804
28880925
28883145
28892231
28899963
28901644
28902164
28911019
28926983
28933690
28951265
28951488
28976113
28982964
29022067
29032425
29038252
29039929
29042243
29042673
29044329
29048607
29049366
29066541
29070514
29072606
29076072
29076543
29079899
29087012
29090631
29090851
29091581
29130376
29132716
29144424
29146248
29146259
29152587
29158629
29160935
29163605
29168746
29169324
29174403
29177423
29180698
29199992
29238276
29238278
29239714
29240520
29242227
29242374
29243759
29244864
29247936
29250804
29253504
29253890
29260329
29261011
29263098
29270162
29277959
29288455
29288459
29293681
29300825
29305877
29307013
29307827
29309236
29311280
29312398
29317679
29325990
29326748
29329405
29332284
29332289
29332292
29332293
29352746
29358080
29373527
29375596
29383287
29389030
29389964
29398214
29403524
29403525
29407169
29436925
29438088
29440595
29449432
29460676
29475087
29479077
29479789
29482589
29483147
29494485
29495265
29495267
29499090
29500318
29512896
29519894
29521473
29531038
29532251
29537269
29549432
29557707
29563924
29564892
29576453
29600461
29601603
29603552
29606221
29609176
29628821
29641586
29660188
29661271
29661998
29669886
29675009
29686663
29687602
29690522
29694709
29704401
29716993
29719112
29726587
29728957
29729665
29733155
29742421
29752536
29768484
29775464
29794063
29806182
29842929
29846917
29848783
29856934
29859196
29869942
29870879
29875790
29877004
29877165
29884755
29887775
29887777
29889187
29896205
29922325
29927494
29937581
29937770
29946325
29954867
29958083
29963316
29973916
29975160
29976945
29991670
30008094
30026612
30026748
30033807
30039463
30042777
30057302
30058114
30058771
30062690
30065089
30065743
30076223
30080618
30081820
30086245
30087396
30087688
30102576
30105828
30115841
30117535
30117660
30118566
30124953
30136440
30141589
30141851
30141866
30141880
30143111
30146417
30152900
30154248
30154802
30154809
30156481
30160312
30171255
30172369
30174539
30177945
30177948
30181923
30183125
30186242
30186252
30194343
30199341
30208962
30214673
30226424
30228125
30229267
30233534
30237288
30237790
30238536
30240613
30251365
30254615
30254654
30255355
30259379
30261844
30270181
30270187
30280035
30307072
30312354
30336242
30342327
30344528
30347180
30348325
30358043
30369117
30373239
30384263
30386355
30387369
30393538
30396118
30399495
30408577
30418084
30423108
30427303
30427920
30431399
30442113
30449064
30456348
30461142
30462256
30463962
30464766
30466590
30478175
30480480
30484042
30486794
30500990
30506684
30508598
30509075
30511854
30521563
30524462
30526361
30530199
30533712
30540739
30549878
30552820
30558728
30563086
30563288
30573466
30589365
30590768
30606234
30606781
30617243
30619167
30619420
30619431
30621587
30632760
30637393
30664393
30665361
30670606
30672132
30673405
30673446
30673490
30676230
30676919
30677094
30678591
30679785
30682319
30682952
30686190
30686200
30686827
30688599
30691538
30694115
30699553
30699597
30699688
30699709
30699818
30703981
30708440
30708564
30708815
30709012
30713545
30717655
30720746
30722202
30722225
30722351
30722535
30722585
30727096
30727393
30727617
30728866
30730076
30731677
30731682
30731833
30731983
30732071
30732087
30733821
30735606
30743373
30743564
30753569
30754244
30754416
30754420
30754606
30759524
30764118
30764279
30769462
30769514
30769615
30769691
30779751
30780495
30780780
30780979
30781059
30781086
30781149
30781159
30781201
30781303
30781546
30781829
30782061
30785360
30786421
30786593
30786637
30791262
30795210
30799866
30800336
30807044
30809268
30810363
30812239
30812379
30812531
30812567
30812589
30812972
30818561
30818643
30818655
30823123
30823172
30823288
30823318
30830325
30831800
30831895
30831923
30832001
30832002
30836956
30837979
30838765
30841084
30841147
30841256
30841258
30841321
30843586
30845433
30845488
30845564
30846809
30849798
30849800
30850427
30856784
30856793
30856840
30856863
30856888
30856939
30857064
30857203
30861136
30861938
30866376
30866379
30866398
30867917
30870921
30870935
30901526
30907488
30918968
30921732
30924595
30926656
30934783
30938041
30940686
30945786
30947022
30962291
30967016
30967019
30975858
30989238
30999256
31001913
31009362
31012804
31017672
31024592
31025813
31030456
31041757
31041768
31041769
31041770
31042812
31049793
31051443
31054181
31057347
31057500
31057583
31066346
31069553
31077872
31097222
31116476
31123327
31125159
31126160
31128710
31134123
31134435
31139201
31147429
31148337
31169085
31173640
31177028
31178054
31180659
31186426
31194615
31196526
31212693
31218814
31227619
31231352
31234644
31237890
31241412
31245710
31245744
31250883
31251114
31253808
31261879
31262220
31267255
31269090
31285194
31288496
31293547
31303486
31320662
31337712
31352630
31359073
31362467
31367772
31371749
31379894
31385540
31388828
31408268
31412238
31418445
31421711
31433508
31437216
31437321
31440429
31443158
31445309
31450735
31456814
31461454
31478866
31481860
31484768
31488058
31515446
31521273
31522888
31526105
31529017
31543889
31548257
31555308
31557357
31557372
31559681
31572307
31575658
31575767
31584108
31588661
31595472
31595473
31596690
31600319
31601061
31606926
31611861
31618412
31630460
31632222
31632627
31636648
31639305
31642735
31645956
31662463
31665431
31681224
31681362
31681397
31694900
31695715
31698047
31705720
31715302
31727786
31730035
31734918
31740494
31749083
31751505
31757820
31779895
31790346
31795135
31797286
31802493
31806735
31827604
31829102
31829116
31830360
31835291
31844896
31849122
31850004
31851574
31853568
31854585
31859618
31869481
31870879
31876373
31878301
31888479
31888968
31891113
31892116
31897570
31898928
31906487
31909688
31910230
31914927
31922267
31922640
31928670
31931629
31935181
31935341
31956325
31956921
31971868
31978963
31990622
31992205
31994325
31998332
32005378
32005391
32010164
32013272
32034035
32054757
32059380
32059845
32060527
32081269
32090500
32094305
32100164
32101077
32110879
32117334
32120172
32121544
32127794
32128474
32139754
32139792
32146566
32150834
32152212
32155921
32171835
32193605
32194243
32213970
32218796
32220315
32223131
32225144
32225152
32227262
32227587
32234751
32235814
32243812
32248294
32266377
32267815
32272078
32272400
32272893
32286254
32290967
32293239
32296294
32296775
32307848
32312747
32313027
32314411
32331264
32339210
32345768
32371523
32383813
32385090
32388427
32391034
32391580
32407150
32408798
32410332
32412555
32418109
32422878
32422955
32425963
32428700
32429672
32446355
32452750
32453812
32455648
32458527
32467981
32471417
32473606
32481031
32481070
32481109
32495697
32498472
32503903
32515020
32527587
32528493
32528705
32540002
32542115
32547341
32559375
32560676
32567386
32575724
32579057
32582082
32587286
32587330
32588501
32600419
32610695
32611364
32619278
32629813
32630201
32633604
32637127
32661871
32662583
32664270
32672422
32673374
32676093
32688652
32688859
32689031
32689332
32689436
32706429
32708324
32714347
32714356
32725118
32727912
32731345
32731357
32732994
32742023
32756392
32765447
32772129
32781924
32786413
32793123
32793252
32795634
32796031
32803061
32806693
32810441
32814181
32815479
32822478
32836021
32846118
32855251
32864217
32865553
32878343
32880963
32883040
32885723
32887449
32889173
32899695
32909182
32910959
32913218
32927152
32943465
32964634
32969167
32973852
32977056
32979085
32983191
32985740
32986776
32987257
32989989
33005858
33007866
33009392
33009592
33029921
33036191
33042179
33044141
33044582
33046713
33049445
33049851
33050569
33055218
33057913
33062444
33063828
33065969
33073913
33077967
33101333
33103794
33103833
33114660
33121126
33124734
33130970
33140649
33154006
33154763
33162464
33167465
33169927
33188427
33193523
33206018
33206385
33210758
33228271
33231502
33233616
33233855
33238213
33253483
33264045
33288010
33288015
33289145
33294136
33302428
33304662
33312096
33312187
33314087
33314494
33315475
33325526
33326244
33329478
33329646
33332533
33344880
33356409
33356826
33361318
33361370
33361767
33373263
33373896
33375454
33375472
33381133
33385167
33386986
33400562
33405806
33406981
33413100
33414289
33419940
33423380
33428471
33428681
33435353
33454976
33463678
33470193
33472073
33484446
33486803
33493201
33498890
33502587
33511445
33512048
33522606
33527621
33531008
33536000
33547690
33547740
33550197
33564884
33571230
33608518
33613599
33619522
33632077
33640683
33640987
33643341
33649224
33654765
33654766
33658492
33659714
33675829
33677085
33679650
33691968
33692545
33711719
33719314
33721671
33729516
33730245
33741612
33741631
33751120
33755508
33757227
33765920
33766680
33766789
33770168
33779260
33789108
33795728
33798552
33800273
33802124
33806795
33807348
33807972
33823457
33832177
33834857
33841374
33849974
33855111
33855856
33856567
33858923
33864400
33866633
33877328
33893115
33894200
33897746
33906598
33917076
33917599
33919557
33922148
33924988
33927031
33927735
33935564
33944603
33955491
33955635
33955671
33959138
33960430
33974134
33982335
33990008
33997916
34007033
34009665
34010013
34064231
34064647
34066356
34068711
34071926
34073325
34074042
34074759
34077226
34093630
34096631
34096711
34109645
34110257
34120569
34130180
34142849
34145454
34190589
34193849
34194459
34197188
34198761
34201937
34204013
34205696
34207283
34208662
34214776
34217131
34227931
34244699
34245888
34255832
34268839
34276735
34281196
34299060
34320833
34329403
34338580
34340534
34361108
34361238
34369556
34374485
34375004
34378986
34391202
34394146
34395787
34416351
34424837
34445186
34445896
34451558
34455803
34458435
34463014
34475857
34485942
34486076
34491091
34504049
34505777
34510462
34515495
34516871
34537002
34543057
34553287
34557212
34558681
34560108
34564419
34564445
34564632
34571797
34575487
34577082
34579447
34579478
34580996
34582496
34589300
34593786
34597823
34605647
34620426
34620440
34639149
34645305
34646254
34657283
34659189
34659282
34660568
34662236
34665636
34684253
34696512
34705488
34708407
34718093
34723523
34724007
34733307
34735881
34768971
34769178
34772613
34773419
34775835
34797387
34797591
34799454
34805711
34813299
34818912
34819644
34828980
34830066
34830079
34835081
34839711
34846123
34847635
34847636
34850294
34855354
34858456
34868148
34870857
34880132
34884527
34895552
34899796
34903271
34905021
34906836
34910911
34912312
34917993
34918346
34919778
34921218
34925413
34925416
34931890
34946659
34947935
34948232
34954802
34961295
34968413
34972834
34978118
34981928
35008934
35023773
35032388
35039905
35048129
35049096
35049949
35051786
35054969
35058538
35059625
35060423
35062246
35077670
35087927
35088066
35095819
35102557
35135613
35142039
35147446
35151459
35163190
35166561
35175042
35175898
35178059
35189497
35191984
35192600
35199162
35199374
35202155
35208879
35216122
35233886
35240868
35247330
35247331
35247966
35250942
35251063
35254068
35264479
35277499
35277777
35279087
35282281
35301783
35304874
35323691
35335680
35336234
35340106
35343247
35343250
35344425
35345887
35348763
35348940
35351299
35351382
35354887
35356513
35359130
35360326
35365053
35401617
35409217
35416565
35444223
35453817
35456758
35463421
35467214
35467219
35478665
35494425
35502144
35510806
35525168
35527698
35532867
35537470
35543503
35546550
35547140
35549324
35551271
35562889
35572685
35576228
35583776
35583783
35583787
35592008
35597445
35602047
35606464
35611707
35613985
35615127
35622878
35625266
35625448
35628524
35629883
35638842
35640622
35641838
35642916
35646013
35679321
35684325
35689388
35689895
35697869
35698036
35700743
35707168
35711958
35736292
35736313
35742935
35742967
35749435
35751605
35752937
35760352
35768557
35774826
35774861
35778928
35778946
35780285
35783427
35789001
35791736
35798756
35801102
35805989
35806456
35807582
35807973
35814683
35822262
35837862
35852468
35872316
35874602
35875540
35876538
35877772
35881875
35883537
35884145
35886893
35886990
35887454
35892221
35900211
35908110
35909801
35912527
35926585
35930039
35930961
35939740
35952382
35953060
35960661
35961003
35962419
35968143
35986640
35994371
36008877
36015456
36040229
36048876
36052715
36064743
36066253
36070874
36077140
36077150
36084856
36087170
36088637
36090121
36118317
36130293
36131969
36146756
36147285
36148624
36150565
36172079
36176216
36199305
36200597
36204052
36222129
36224162
36232932
36233021
36235499
36240911
36241731
36247637
36261023
36264272
36266950
36269466
36282037
36282564
36282707
36285389
36287007
36287008
36287527
36292857
36292941
36293158
36293272
36293447
36306441
36318358
36319664
36330243
36336276
36342839
36349569
36360252
36361736
36361938
36363685
36365361
36379371
36388595
36389212
36411421
36414610
36416176
36420163
36422018
36422312
36425046
36430797
36443652
36444141
36449532
36498851
36503189
36508485
36511947
36530164
36533919
36548920
36555422
36559527
36560706
36562188
36564969
36578579
36582183
36590398
36600466
36602318
36603596
36606026
36616218
36616271
36625985
36626407
36640042
36645655
36651263
36653183
36662556
36674996
36692022
36707757
36709377
36715647
36723875
36725967
36731466
36737004
36738234
36753463
36755698
36757218
36759607
36760052
36762404
36768640
36769220
36774573
36779714
36779743
36779745
36782026
36802868
36810950
36815011
36816482
36829863
36830201
36830977
36835053
36835470
36835638
36840143
36840179
36840248
36840266
36840287
36840717
36856338
36856342
36864521
36866975
36872468
36892820
36893064
36898963
36901815
36902028
36902050
36902121
36909430
36912660
36922543
36923502
36924537
36935375
36937290
36947557
36947838
36983515
36985415
37002819
37005505
37009160
37040536
37041748
37051327
37061214
37067445
37068662
37074382
37076705
37077371
37099273
37111950
37123603
37124988
37125164
37129351
37132320
37139845
37141849
37157998
37160448
37166404
37167018
37176823
37184207
37194208
37212714
37220556
37221824
37226022
37237855
37240381
37249424
37255559
37256140
37264342
37269823
37284028
37289240
37295756
37298706
37300539
37310613
37317077
37342910
37346122
37366628
37383635
37392286
37407947
37414416
37417001
37421599
37422439
37429009
37431158
37437195
37439699
37439880
37445627
37446106
37447005
37450840
37450986
37454622
37475167
37476164
37483786
37496362
37511299
37524469
37528061
37532345
37532364
37537398
37554557
37576746
37591928
37601248
37609876
37619867
37620808
37638230
37638673
37638727
37638889
37644724
37645466
37651104
37651604
37653926
37658725
37662158
37673220
37687301
37695906
37704725
37705693
37712879
37716050
37722185
37749804
37753594
37755412
37765372
37789468
37817497
37819512
37821453
37822097
37823590
37841503
37843651
37844152
37847147
37851522
37864805
37868322
37889205
37890268
37895810
37903461
37903719
37905926
37906428
37913751
37919659
37921929
37924805
37928620
37944492
37953153
37953378
37958935
37960074
37963502
37968984
37976211
37976240
37976815
37988240
37990046
38003571
38003698
38003821
38006406
38008764
38014988
38047025
38075927
38079389
38091931
38098678
38099080
38109272
38109831
38112474
38114195
38130461
38132321
38139278
38140446
38140645
38146216
38150474
38170666
38179474
38187997
38199343
38202402
38202418
38203547
38203762
38222821
38228018
38239809
38245840
38254654
38255005
38258639
38265485
38265712
38271178
38273947
38276273
38277222
38279328
38284752
38285392
38299808
38299831
38302779
38319087
38321146
38323825
38326362
38337184
38339209
38344286
38354245
38358510
38363371
38375080
38384768
38393695
38398717
38407316
38415624
38429257
38445983
38452014
38453959
38457521
38463563
38470039
38486453
38493119
38500380
38501137
38506511
38507319
38508495
38514763
38516730
38523447
38532596
38533332
38535832
38536743
38542196
38543511
38560111
38576784
38578065
38579538
38582777
38587794
38590135
38592817
38594490
38594527
38596713
38597293
38600908
38603730
38607639
38623075
38640973
38648089
38658149
38674433
38674544
38685232
38695865
38705080
38705728
38707475
38712940
38712949
38715208
38717111
38734623
38743980
38748589
38775141
38780624
38781317
38789631
38794433
38798175
38799354
38822388
38822872
38823093
38828279
38833289
38833485
38853241
38864499
38869289
38869797
38877009
38879341
38883559
38884488
38885452
38887142
38895612
38899426
38899869
38911785
38924321
38927249
38928022
38930531
38949726
38957087
38959312
38979445
38982675
38987328
38992435
38998133
38999578
39004723
39032095
39033650
39041927
39052478
39059490
39065068
39072778
39074178
39075467
39078375
39084312
39086918
39091312
39102501
39108586
39111320
39119206
39124897
39127720
39131268
39135651
39141726
39146000
39146356
39147739
39165012
39189381
39210007
39225473
39226125
39235143
39251105
39253952
39254851
39255299
39271247
39282316
39301162
39326976
39327679
39334858
39339906
39354614
39354771
39364588
39377848
39381642
39387490
39394507
39396688
39397299
39400369
39406004
39407547
39409562
39409636
39412292
39425695
39433573
39436065
39437643
39442419
39445108
39445803
39450088
39456384
39467766
39469748
39471318
39474762
39494058
39500548
39501917
39507355
39507700
39509450
39511396
39512477
39519067
39519192
39523337
39549244
39561607
39568298
39573924
39589656
39611011
