1399913
1445756
1501594
1583145
1618720
1619237
1622269
1768120
1917727
1920082
1930556
1940478
2044694
2056050
2068383
2073902
2209629
2209733
2312678
2327752
2351730
2387294
2389929
2394803
2496995
2778077
2826405
2913025
2930167
3026671
3186340
3188376
3216131
3218392
3264129
3340460
3366862
3394446
3517061
3566266
3569253
3611325
3635534
3697841
3735390
3743554
3800356
3934208
3958147
4004196
4037775
4056003
4066046
6520231
6690467
7473065
7537217
7608101
7873101
7932108
7984811
7984818
7989335
8054435
8150003
8264423
8268055
8515113
8793406
8857271
8864229
8880301
8889718
8935655
8940472
8958248
9003598
9134769
9147724
9192016
9241799
9244271
9301981
9311838
9333666
9347960
9358657
9457873
9497926
9566493
9575026
9581296
9633637
9750281
9757562
9768204
9805080
9813480
9854886
9879972
9919653
9919673
10340665
10377241
10416652
10418145
10446382
10500996
10528715
10581795
10584028
10605516
10618213
10687289
10713420
10737201
10794597
10849276
10888351
10933657
10957708
10997832
11053737
11061632
11119490
11131903
11134939
11289515
11289516
11302179
11330658
11348001
11357514
11401962
11403391
11497085
11533066
11578764
11749166
11751834
11765602
11789938
11796341
11811891
11830944
11934040
11976116
11983417
11985716
12005535
12040103
12109714
12147230
12174040
12380740
12409309
12514065
12586395
12589825
12611264
12644237
12684708
12694916
12752817
12757951
12795407
12855171
12867570
12902277
14635132
14660338
14743980
14761709
14766582
15004096
15019388
15039313
15091004
15150333
15268947
15341329
15345460
15387132
15451119
15567276
15574953
15747443
15819138
15925007
16004454
16215858
16233373
16233445
16233547
16269803
16276907
16316188
16348410
16349182
16349363
16391663
16420989
16535010
16535171
16699653
16715811
16716402
17021193
17061509
17125975
17270238
17298899
17309514
17309612
17379726
17496975
17522269
17541931
17554439
17571798
17897383
17898843
17934695
17938180
17966577
18024054
18067224
18068695
18289845
18355233
18391461
18545840
18675788
18843597
18939759
19005723
19055626
19089411
19123303
19168030
19218387
19226108
19234325
19287850
19343339
19459063
19819994
19863591
19900538
19960373
20059617
20130691
20339022
20441146
20453908
20471929
20541932
20699558
20890847
21091724
21118278
21181145
21183677
21279348
21419572
21436367
21478057
21519288
21550680
21720696
21771453
21824136
21968366
22054430
22065896
22081565
22088761
22322339
22371127
22529000
22806009
22905388
22950021
22967097
23043466
23132753
23163893
23474615
23499189
23759598
23761256
23973842
23999062
24031204
24031516
24031613
24031887
24055254
24131294
24192933
24390932
24398262
24430207
24484910
24527847
24579246
24584238
24680738
24759107
25380369
25447712
25455376
25515520
25583334
25745006
25805434
25832540
25865277
25999559
26018503
26027900
26042992
26103449
26223267
26280543
26422161
26494682
26525784
26546762
26597300
26668761
26728018
26781242
26971520
26971634
26987764
27005546
27046480
27059479
27075453
27333573
27385570
27393999
27394162
27569886
27708621
27737605
27856589
27908996
28032485
28089378
28246446
28363079
28735082
28743647
28743649
28886559
29042304
29080074
29136598
29193157
29204058
29205196
29253595
29265378
29332216
29548295
29886086
29931635
30112591
30308293
30357893
30477243
30511262
30528016
30614207
30614490
30753583
30814894
30965438
30965537
31084036
31106978
31195517
31248693
31332537
31420346
31425831
31571949
31600552
31635918
31703147
31922468
31935185
31963469
31973764
31990611
32193579
32207876
32219114
32247957
32381622
32547122
32552456
32656059
32723292
32749660
32802568
33004446
33356559
33418059
33533674
33637817
33640019
33664135
33704055
33748082
33891720
34004475
34307285
34361876
34371496
34424988
34486151
34582943
34683427
34841329
34846266
34991313
35122641
35223199
35228362
35355377
35369605
35421107
35430779
35460911
35646727
35663877
35677527
35768966
35781004
35870745
35874671
35880869
36031959
36040120
36150625
36278577
36350180
36354336
36368971
36386612
36532495
36610831
36657578
36721629
36726560
36896015
36909720
36948016
36978380
36985338
37007502
37033477
37077245
37106618
37110345
37179529
37451347
37576756
37610567
37639167
37732778
37752375
37768056
37773219
37811969
37848137
37859968
37881027
37889006
38012120
38021480
38184574
38355890
38389104
38399800
38451244
38511954
38543516
38564672
38660286
38700743
38721607
38781750
38794369
38814176
38912216
38935454
38972876
39005844
39011456
39028533
39050833
39067608
39144207
39217937
39357157
39393361
39437925
39545233
39579197
1399913
1445756
1452789
1479034
1501594
1583145
1618720
1619237
1622269
1768120
1917727
1920082
1930556
1940478
2044694
2056050
2068383
2073902
2209629
2209733
2312678
2327752
2351730
2387294
2389929
2394803
2496995
2778077
2826405
2913025
2930167
3026671
3186340
3188376
3216131
3218392
3264129
3340460
3366862
3394446
3517061
3566266
3569253
3611325
3635534
3697841
3735390
3743554
3800356
3934208
3958147
4004196
4037775
4056003
4066046
6520231
6690467
7473065
7537217
7608101
7873101
7932108
7984811
7984818
7989335
8054435
8089222
8150003
8214815
8264423
8268055
8456569
8472772
8515113
8793406
8857271
8864229
8880301
8889718
8935655
8940472
8958248
9003598
9074783
9134769
9147724
9192016
9241799
9244271
9301981
9311838
9333666
9347960
9358657
9380898
9457873
9497926
9566493
9575026
9581296
9633637
9750281
9757562
9768204
9805080
9813480
9854886
9854887
9879972
9919653
9919673
10234831
10340665
10377241
10416652
10418145
10446382
10500996
10528715
10581795
10584028
10605516
10618213
10687289
10713420
10737201
10794597
10849276
10888351
10933657
10957708
10997832
11053737
11061632
11119490
11131903
11134939
11289515
11289516
11302179
11330658
11348001
11357514
11401962
11403391
11497085
11533066
11578764
11749166
11751834
11765602
11789938
11796341
11811891
11830944
11934040
11976116
11983417
11985716
12005535
12040103
12109714
12147230
12174040
12380740
12409309
12514065
12586395
12589825
12611264
12644237
12684708
12694916
12752817
12757951
12795407
12855171
12867570
12902277
14635132
14660338
14743980
14761709
14766582
15004096
15019388
15039313
15091004
15150333
15268947
15341329
15345460
15387132
15451119
15567276
15574953
15747443
15819138
15925007
16004454
16215858
16233373
16233445
16233547
16269803
16276907
16316188
16348410
16349182
16349363
16391663
16420989
16535010
16535171
16699653
16715811
16716402
17021193
17061509
17125975
17270238
17298899
17309514
17309612
17379726
17496975
17522269
17541931
17554439
17571798
17657045
17897383
17898843
17934695
17938180
17966577
18024054
18067224
18068695
18289845
18355233
18391461
18545840
18675788
18843597
18939759
19005723
19055626
19089411
19123303
19168030
19218387
19226108
19234325
19287850
19343339
19459063
19819994
19863591
19900538
19960373
20059617
20130691
20339022
20441146
20453908
20471929
20541932
20699558
20890847
21091724
21118278
21181145
21183677
21279348
21419572
21436367
21478057
21519288
21550680
21720696
21771453
21824136
21968366
22054430
22065896
22081565
22088761
22322339
22371127
22529000
22806009
22905388
22950021
22967097
23043466
23132753
23163893
23474615
23499189
23759598
23761256
23973842
23999062
24031204
24031516
24031613
24031887
24055254
24131294
24192933
24390932
24398262
24430207
24484910
24527847
24579246
24584238
24680738
24759107
25380369
25447712
25455376
25515520
25583334
25745006
25805434
25832540
25865277
25999559
26018503
26027900
26042992
26103449
26223267
26280543
26422161
26494682
26525784
26546762
26597300
26668761
26728018
26781242
26971520
26971634
26987764
27005546
27046480
27059479
27075453
27333573
27385570
27393999
27394162
27569886
27708621
27737605
27856589
27908996
28032485
28089378
28246446
28363079
28735082
28743647
28743649
28886559
29042304
29080074
29136598
29193157
29204058
29205196
29253595
29265378
29332216
29548295
29886086
29931635
30112591
30308293
30357893
30477243
30511262
30528016
30614207
30614490
30753583
30814894
30965438
30965537
31084036
31106978
31195517
31248693
31332537
31420346
31425831
31571949
31600552
31635918
31703147
31922468
31935185
31963469
31973764
31990611
32193579
32207876
32219114
32247957
32381622
32547122
32552456
32656059
32723292
32749660
32802568
33004446
33356559
33418059
33533674
33637817
33640019
33664135
33704055
33748082
33891720
34004475
34307285
34361876
34371496
34424988
34486151
34582943
34683427
34841329
34846266
34991313
35122641
35223199
35228362
35355377
35369605
35421107
35430779
35460911
35646727
35663877
35677527
35768966
35781004
35870745
35874671
35880869
36031959
36040120
36150625
36278577
36350180
36354336
36368971
36386612
36532495
36610831
36657578
36721629
36726560
36896015
36909720
36948016
36978380
36985338
37007502
37033477
37077245
37106618
37110345
37179529
37451347
37576756
37610567
37639167
37732778
37752375
37768056
37773219
37811969
37848137
37859968
37881027
37889006
38012120
38021480
38156048
38184574
38355890
38389104
38399800
38451244
38511954
38543516
38564672
38660286
38700743
38721607
38781750
38794369
38814176
38912216
38935454
38972876
39005844
39011456
39028533
39050833
39067608
39144207
39217937
39357157
39393361
39437925
39545233
39579197
