29009
56895
66082
80462
85440
90436
93574
130804
132888
134971
143456
153334
156696
156697
156698
157977
159264
165724
172450
197010
203634
218739
225130
232617
300359
303968
321350
321698
323491
324985
326678
326728
326729
328394
328449
330771
331404
331739
332632
332639
333032
336548
338221
338485
338492
338508
338577
340389
342068
342155
343396
343742
344209
344269
346485
346486
346531
348667
350202
350348
350349
351056
354749
354751
355581
356704
359381
359455
360668
361526
361561
361893
363746
365114
365745
365765
365767
367523
367524
367525
369223
369568
370016
370722
372219
375869
375871
376061
378845
378851
378901
379811
379958
381199
383612
384079
384745
385012
385013
386532
386711
387887
389350
391712
391819
392268
393360
393361
393362
396354
397934
398361
400311
401511
402976
445120
466381
520657
525018
589422
589423
589866
591110
594859
606331
633682
636170
639350
644357
704941
716919
735769
742853
746303
767301
767359
769912
769915
773102
773103
773821
773833
776839
778261
778262
778756
779294
780277
781147
782070
782077
782946
786437
786879
788217
788382
789395
789927
790797
791454
794984
795383
795798
795799
802487
803177
804444
804508
804955
807840
809355
814879
817564
826114
826115
831621
879114
899077
923286
929349
997703
1010772
1089007
1090263
1091562
1092423
1093394
1093636
1095145
1095485
1096485
1096803
1097616
1098302
1098306
1098730
1099288
1104074
1104203
1104482
1104483
1106115
1106283
1155111
1213738
1280042
1284776
1300274
1307628
1312505
1321971
1325846
1326994
1327090
1330921
1341649
1347056
1350139
1350899
1351244
1362002
1370277
1372297
1374079
1374831
1390455
1398746
1400983
1404477
1415044
1431264
1431551
1454437
1464969
1472340
1475520
1475523
1477221
1485494
1500193
1524840
1527421
1530106
1537923
1538364
1541522
1551970
1561581
1582654
1583134
1583318
1597198
1607332
1612759
1616655
1622168
1626576
1629318
1634324
1634564
1635600
1639492
1641712
1659128
1662829
1667364
1689624
1693218
1697003
1709944
1713299
1727898
1728852
1729190
1734042
1740512
1743714
1761693
1763614
1763791
1772589
1774324
1775399
1791755
1812655
1815343
1820661
1848530
1850960
1855985
1862461
1862640
1863413
1863472
1885536
1890174
1890308
1894352
1894360
1894368
1899127
1901894
1905405
1907721
1917844
1922115
1923218
1928848
1932199
1935467
1937775
1937794
1955849
1971618
1973697
1976130
1987026
1987059
1987070
1992106
1993770
2004816
2004817
2004832
2009873
2010635
2010636
2016526
2019448
2029095
2032707
2036006
2043701
2043703
2050412
2058269
2059363
2059384
2060782
2061457
2062631
2064829
2066582
2069338
2073859
2085371
2095259
2098104
2120915
2122581
2123166
2124396
2143709
2144534
2150843
2154429
2154443
2155389
2179261
2180985
2181331
2182536
2183519
2187739
2187747
2187793
2187794
2187804
2187805
2187816
2188947
2189236
2193408
2194955
2196214
2196215
2199521
2200828
2201648
2202167
2202411
2203809
2206393
2210866
2213728
2240901
2253111
2255939
2256379
2263899
2264004
2265840
2273163
2280116
2280259
2280688
2285317
2307512
2349627
2349635
2351732
2358390
2360965
2372987
2404869
2406710
2407657
2407784
2416157
2418114
2418598
2420111
2426904
2428519
2430886
2431581
2435754
2444669
2445145
2445650
2447018
2450921
2453987
2461990
2471912
2472690
2474485
2490169
2506039
2515214
2515882
2526098
2526161
2528801
2529271
2546423
2578717
2624418
2629645
2642466
2643579
2643617
2644069
2644381
2647634
2648388
2649960
2651144
2655344
2658407
2659537
2662676
2666302
2668179
2668191
2668192
2668194
2668197
2668423
2670347
2670902
2671064
2673265
2676323
2676703
2680970
2680972
2680978
2682225
2682963
2684008
2684841
2685682
2687044
2688687
2693885
2694650
2696762
2697744
2697804
2699329
2738156
2771355
2786531
2788660
2807281
2807540
2816017
2816020
2829566
2833442
2836878
2878907
2921247
2931353
2931380
2935483
2958405
2962394
2962928
2963023
2963840
2964810
2976206
2983051
3011852
3021631
3029523
3033613
3043060
3043344
3045083
3048959
3049242
3051768
3053568
3053929
3055208
3056164
3056914
3063209
3063658
3066739
3069864
3072936
3091504
3124803
3140667
3140831
3152775
3156205
3163720
3169760
3177562
3188914
3203929
3219237
3225622
3251630
3258387
3275588
3275725
3276627
3276631
3283261
3284454
3285346
3286521
3286675
3289277
3290110
3290493
3294256
3294569
3294884
3295048
3298452
3300092
3300093
3302263
3305006
3305362
3305368
3307838
3308224
3308709
3309162
3310278
3312170
3312473
3312482
3315959
3318087
3320095
3323169
3325066
3326133
3326549
3328924
3331295
3332790
3491705
3494322
3500110
3510168
3510176
3510250
3512417
3512444
3512456
3512520
3513344
3514451
3514656
3516880
3517184
3517185
3517186
3519458
3519659
3519850
3522410
3522427
3522429
3525025
3525408
3528292
3531014
3531229
3531343
3531382
3532370
3533780
3533984
3535728
3536339
3538316
3543214
3543905
3544252
3544253
3544255
3544256
3544257
3544258
3546079
3546103
3546520
3549552
3549683
3551828
3552662
3552982
3552988
3563830
3578236
3587290
3609249
3616853
3617182
3665636
3688101
3699896
3713391
3722824
3724737
3740214
3755414
3760911
3764623
3770753
3770754
3775590
3810383
3826490
3862729
3876576
3880576
3881473
3881539
3881974
3882569
3882572
3884485
3884491
3884654
3884657
3886112
3891582
3891591
3892633
3892635
3894212
3894413
3897065
3897267
3897379
3897975
3898048
3898367
3898419
3899905
3901125
3901126
3901129
3901131
3901616
3903025
3904667
3905398
3905972
3906041
3910207
3910538
3910539
3910543
3911575
3913494
3913495
3914616
3915823
3920844
3922944
3932191
3936770
3949349
3965397
3970624
3994516
3996044
4002085
4012175
4012814
4013719
4020042
4036302
4097393
4101049
4101550
4102125
4103292
4103293
4105834
4112039
4115889
4117272
4122367
4124169
4128709
4129528
4145632
4157549
4162973
4164026
4166941
4166978
4169376
4169456
4173311
4175962
4176245
4176782
4177869
4179196
4180458
4181069
4182050
4184086
4186653
4188043
4189973
4190042
4193893
4194912
4195302
4195303
4195304
4195306
4195308
4196071
4207188
4234988
4235328
4237444
4241065
4319991
4366918
4508568
4550825
4551885
4552293
4552294
4552578
4553249
4554013
4554739
4555054
4555055
4556085
4556687
4556955
4557905
4560472
4560557
4561662
4561826
4563418
4563580
4564088
4566597
4566601
4566711
4566712
4568030
4568153
4568467
4568468
4568469
4568470
4570277
4572631
4573788
4574403
4574910
4575612
4577988
4579468
4579902
4582814
4583900
4583971
4584052
4588431
4592867
4593836
4600082
4600152
4603961
4604004
4605161
4605521
4609563
4611355
4611927
4614883
4614884
4615655
4615955
4617563
4619623
4622671
4622979
4625661
4655336
4706566
4860419
4860783
4860785
4860787
4861771
4863354
4863764
4864653
4864905
4865728
4865954
4868827
4869194
4870437
4877179
4877832
4878940
4879353
4879389
4880300
4880411
4882485
4882495
4882584
4882625
4883487
4884720
4884894
4886301
4886611
4886857
4887287
4887466
4887528
4889260
4892121
4892124
4894137
4894457
4895841
4896270
4898170
4898583
4899054
4901529
4901582
4902285
4902286
4904649
4906309
4906969
4906970
4906971
4906975
4907009
4908530
4908531
4908687
4908862
4909102
4911682
4913227
4914515
4914903
4917175
4919016
4920369
4920415
4922300
4922738
4923972
4923973
4923982
4924240
4926034
4930129
4930145
4930147
4931195
4936862
4936875
4938950
4941480
4941756
4942541
4945743
4949494
4949758
4950275
4967370
4967556
4972004
4983520
5133470
5136758
5200341
5294591
5302297
5326762
5327359
5328461
5328812
5331711
5331995
5332330
5332527
5333369
5333565
5333890
5333899
5335242
5335514
5335570
5336648
5339034
5340664
5341437
5342700
5342701
5343166
5343284
5426802
5459408
5508418
5564070
5574738
5603699
5611835
5620493
5738074
5738075
5844542
5846026
5859152
5874056
5881685
5908299
5954212
5961937
5973010
6000232
6011301
6031374
6071148
6083697
6090763
6091843
6098033
6135467
6153102
6153103
6155406
6159324
6171017
6172213
6175580
6177375
6177786
6183890
6184774
6187161
6191490
6191721
6192086
6198484
6207241
6207797
6208218
6208310
6217096
6222079
6226700
6230135
6237153
6240784
6262923
6264606
6266031
6277015
6287932
6293639
6295025
6304227
6308444
6309049
6310347
6311744
6332593
6334574
6336055
6337225
6337678
6337679
6337680
6337682
6337963
6339000
6339001
6340889
6341249
6342706
6342707
6343268
6347332
6347470
6347894
6347899
6348288
6352464
6352502
6352809
6353562
6356134
6357348
6358023
6358026
6358027
6358028
6359492
6360891
6361368
6363033
6363355
6364400
6364401
6364907
6365238
6366017
6366321
6367261
6367914
6368389
6368830
6369574
6371156
6372275
6372309
6372330
6375144
6379571
6380106
6381307
6381311
6383257
6384040
6384371
6386096
6386097
6387609
6387610
6389353
6389370
6389591
6390112
6392104
6392830
6393609
6394096
6394097
6394470
6394613
6394822
6395950
6396126
6410591
6416606
6421449
6423249
6424296
6448663
6457553
6475259
6475260
6488601
6500721
6505920
6508267
6547806
6614994
6648746
6665664
6673412
6698686
6702243
6704698
6724696
6749684
6750701
6751462
6751463
6752188
6752295
6754616
6755563
6756541
6756542
6756904
6757272
6758046
6759337
6761509
6762960
6764330
6765562
6777885
6795688
6824906
6825591
6834361
6836444
6845870
6891184
6893380
6893808
6966960
6986367
6986563
6986723
6987170
6987172
6987173
6987326
6989133
6989443
6990648
6991432
6992939
6993066
6993587
6994260
6994261
6994263
6995327
6996378
6996838
6996979
6999790
7000301
7000304
7000307
7001397
7001910
7003026
7003773
7003774
7004567
7005971
7006120
7008895
7008896
7011945
7012020
7013115
7013117
7014451
7014454
7014470
7015484
7016247
7018381
7019081
7019083
7020355
7023241
7023601
7023602
7024127
7026610
7028206
7028207
7029658
7029945
7030863
7030961
7032735
7034856
7034857
7035363
7035366
7036568
7036846
7038039
7039222
7040442
7040460
7040799
7041257
7041465
7042017
7042552
7042569
7042575
7044469
7044470
7044850
7045042
7046077
7046681
7047388
7047395
7047746
7048509
7049315
7049316
7049954
7050242
7052010
7054121
7060402
7086174
7137147
7152063
7157668
7214126
7293468
7322506
7345564
7373850
7375654
7378438
7394695
7418620
7427695
7444709
7447643
7448577
7448578
7470830
7490041
7496914
7496918
7504314
7506980
7509022
7510561
7521643
7524547
7535311
7584762
7590195
7591054
7593626
7594681
7600111
7605524
7623668
7628852
7649889
7665663
7672047
7689444
7692672
7704889
7705854
7709319
7709323
7712238
7721289
7735469
7751351
7759801
7768866
7779920
7788421
7789285
7790053
7804501
7811868
7812164
7812663
7819347
7819350
7825674
7826278
7834712
7839257
7848005
7849121
7855925
7863456
7871444
7876555
7883175
7888531
7890417
7890932
7896703
7896704
7897026
7899223
7904101
7907163
7911093
7927721
7927729
7928971
7934885
7938048
7942400
7959875
7968624
7969296
7972112
7973925
7987468
7988902
7996026
8002196
8002336
8002691
8010866
8011805
8012126
8027594
8038318
8042111
8042124
8048468
8050720
8051730
8053087
8055557
8075274
8085526
8091796
8105544
8112835
8132345
8132453
8132874
8133088
8142528
8153701
8157583
8167426
8167436
8182207
8191323
8192559
8195370
8206841
8211535
8231988
8238115
8243346
8246847
8249280
8262639
8263552
8266868
8275056
8282294
8282698
8314322
8320228
8321733
8324136
8329759
8335390
8339920
8341501
8345837
8353960
8357572
8370324
8384628
8399502
8408787
8409586
8416647
8418161
8423106
8425377
8447290
8454190
8454324
8457979
8468743
8486942
8486943
8490288
8494384
8499892
8503061
8515119
8515986
8529894
8539079
8550517
8556444
8556488
8567889
8568320
8572905
8575181
8576575
8577243
8580897
8598278
8600553
8604510
8605899
8606088
8615063
8617480
8655496
8655999
8665736
8667130
8673850
8675022
8677381
8683637
8683638
8698467
8712268
8724507
8744370
8745085
8748271
8749573
8751937
8752922
8755894
8757850
8760007
8762639
8763705
8779808
8780457
8799008
8801646
8808427
8818882
8822333
8822661
8837477
8854592
8861867
8876358
8885066
8885502
8890687
8915734
8921855
8955283
8974693
8976721
8976849
8978201
8983895
8988365
8990312
8994127
8994751
8995804
8999725
9015465
9017148
9023206
9034734
9037839
9041329
9041384
9045823
9061759
9063647
9064008
9077020
9079909
9085536
9095663
9101629
9110078
9114396
9116702
9119485
9125550
9126440
9132977
9145331
9147445
9150213
9153730
9153735
9163442
9168127
9205499
9208612
9212222
9217833
9224186
9230359
9235493
9252582
9255517
9255518
9260949
9271872
9289822
9299819
9304316
9306900
9311129
9317025
9322642
9332349
9345771
9347656
9359747
9368539
9396560
9399651
9401243
9402077
9406049
9412707
9433950
9435362
9440441
9466741
9467407
9471032
9480148
9511815
9518012
9518015
9522123
9534966
9534979
9542908
9573194
9582474
9582484
9586363
9587174
9588801
9593487
9596709
9596781
9598745
9605148
9611052
9619092
9623935
9636751
9637186
9639980
9643501
9646459
9650979
9652447
9652721
9665876
9692149
9696195
9718549
9737068
9738997
9749630
9764941
9767739
9773432
9778870
9781512
9806035
9815237
9824482
9826350
9826352
9826373
9826772
9841817
9847411
9851047
9861756
9862125
9863586
9918318
9918324
9922478
9950167
9989979
10023349
10023362
10025978
10029987
10048174
10063657
10065201
10068990
10073052
10074732
10075995
10085011
10100421
10148587
10149033
10191224
10194456
10195025
10198437
10203386
10203650
10214412
10219257
10225883
10328016
10331270
10333522
10338539
10344115
10349151
10357060
10359999
10360313
10377149
10377154
10390290
10397565
10400603
10404217
10412134
10413359
10413959
10415447
10417176
10428110
10437273
10438785
10438943
10441968
10448361
10452639
10453016
10454185
10456928
10463174
10478137
10479178
10481082
10485921
10488183
10492429
10494932
10499788
10523573
10524242
10531294
10535571
10558971
10559223
10569401
10570992
10572117
10584901
10589219
10608777
10618090
10620683
10624396
10632481
10639452
10639679
10643014
10654864
10667099
10676975
10678983
10683619
10695789
10699032
10699042
10716508
10721554
10721721
10729677
10735882
10762571
10767602
10772085
10774259
10779705
10799455
10813489
10816466
10824936
10834976
10863372
10867007
10874033
10878040
10881115
10882092
10889212
10895694
10904187
10913652
10937300
10968624
10973566
10987446
10996719
10998379
11014025
11025269
11026892
11035751
11035764
11045874
11052549
11075910
11075911
11075914
11075920
11079623
11081944
11095783
11095835
11119545
11127338
11158114
11164318
11173185
11192872
11200228
11238663
11243093
11254661
11263547
11286573
11287690
11289023
11296143
11298286
11301698
11320119
11326018
11328650
11329453
11342586
11343208
11368802
11377434
11382227
11384701
11393490
11394975
11422242
11427439
11438902
11441098
11444711
11466272
11475164
11482891
11488014
11527817
11528000
11545276
11576788
11579969
11586039
11588283
11589815
11605611
11624203
11624865
11677383
11715135
11717283
11719573
11734683
11735068
11760596
11773125
11814235
11825779
11875041
11875344
11875379
11880425
11886609
11895426
11896319
11900580
11914363
11928859
11929572
11964770
11979114
12046311
12048563
12050339
12064687
12072976
12078490
12097401
12121373
12131041
12131574
12149381
12162752
12170155
12171666
12196546
12202610
12216451
12224620
12232834
12232835
12235572
12241783
12242011
12283075
12284869
12284874
12286183
12318405
12318983
12319649
12324682
12353706
12355703
12361913
12365355
12388942
12403041
12414778
12421113
12438357
12461010
12471754
12517856
12524558
12537725
12544218
12566185
12588121
12597587
12608185
12612839
12616144
12616149
12635329
12645192
12665446
12668673
12690445
12697345
12704124
12712204
12719029
12744789
12751676
12789178
12794202
12799949
12805273
12816159
12833573
12834846
12864856
12886631
12900405
12902610
12904373
12966808
12975011
12976772
12976773
12986376
12988210
12988608
12996730
12998135
12998136
13010642
13016902
13016904
13017147
13019545
13020115
13020116
13029236
13029908
13030982
13030983
13030984
13065609
13065610
13065615
13074457
13080550
13080551
13080729
13084116
13084508
13092056
13104796
13108156
13118856
13122270
13138814
13138977
13142533
13150815
13158748
13158749
13159189
13163012
13179392
13182586
13187399
13189037
13194617
13196890
13197698
13197699
13199600
13211670
13214336
13215605
13217283
13219340
13234306
13247670
13249474
13255675
13271756
13274283
13275944
13276645
13276647
13278092
13283168
13285712
13285724
13291722
13296924
13296925
13298488
13302180
13305247
13305865
13306562
13306563
13306749
13310620
13312441
13325831
13329848
13329849
13329850
13329851
13339799
13343001
13343934
13350415
13355787
13355999
13356000
13357850
13368511
13370630
13375992
13377646
13380113
13383007
13385119
13385543
13389400
13393793
13405765
13417850
13418979
13419952
13422678
13422732
13424285
13427443
13431157
13437505
13438362
13453578
13453780
13456128
13458130
13458181
13460645
13461552
13467919
13470478
13470779
13470847
13474402
13478545
13483227
13483746
13486489
13486500
13486918
13486919
13490151
13491214
13492008
13507229
13511030
13521494
13523398
13523922
13528250
13528679
13534007
13535794
13537020
13558305
13563211
13565488
13576074
13582135
13582136
13602994
13606866
13617702
13618569
13631250
13637041
13641191
13648570
13650279
13650280
13651668
13653844
13656628
13660114
13664662
13668901
13676977
13693402
13695104
13696783
13697508
13698582
13699223
13699404
13702373
13721406
13726035
13726036
13731752
13731754
13733465
13735770
13739954
13741195
13741576
13744600
13746453
13756001
13756475
13756518
13766055
13769072
13779633
13784985
13793444
13799556
13802266
13817036
13819625
13820287
13821893
13826811
13840719
13840720
13843317
13854430
13861681
13870969
13876228
13879700
13880292
13880520
13880521
13882939
13886729
13889280
13896379
13901825
13904666
13905876
13905877
13924227
13929872
13938504
13939610
13940788
13940789
13942046
13995553
13995554
14012049
14016217
14021137
14021138
14022305
14022307
14024511
14024512
14031992
14033247
14039267
14062227
14066175
14066176
14070672
14070675
14073361
14081706
14088767
14095981
14103069
14112945
14114324
14114937
14116075
14121981
14140208
14140328
14145246
14150149
14150626
14151604
14157676
14163960
14166620
14166983
14168458
14169946
14169947
14191493
14192754
14208528
14210490
14215191
14217178
14219387
14232647
14237500
14243820
14243850
14243934
14249830
14259055
14262274
14272094
14273782
14273783
14275506
14285919
14287656
14289435
14303894
14304261
14310313
14310421
14311902
14315646
14315709
14319942
14329438
14333930
14335820
14336784
14346568
14348061
14349373
14349915
14354107
14358374
14364406
14365320
14366482
14366789
14371927
14372121
14374852
14374920
14387153
14387858
14394231
14396166
14396167
14397348
14398660
14404476
14404549
14409268
14409269
14409272
14409548
14411240
14421280
14427083
14433005
14436499
14437236
14439220
14441402
14446457
14456006
14471451
14478799
14482838
14497145
14497736
14500480
14500529
14511497
14533489
14563860
14601304
14658845
14663125
14671754
14678898
14683600
14687734
14715552
14743076
14747460
14749871
14756787
14762631
14766825
14767654
14771375
14778101
14779381
14784474
14816526
14821580
14829890
14834230
14838242
14850442
14850721
14855563
14856578
14867176
14867177
14874322
14874949
14877661
14879563
14885619
14885626
14888379
14891700
14892557
14900361
14901681
14920596
14921171
14921181
14924075
14930168
14933679
14935216
14944675
14949165
14949166
14952204
14952205
14955521
14960193
14974272
14974283
14977936
14979590
15019205
15028935
15039093
15054167
15056995
15060032
15064399
15076935
15093791
15107742
15173146
15184485
15186410
15207819
15216474
15227740
15227878
15233799
15239675
15247355
15264000
15280279
15286824
15301382
15306757
15318266
15322052
15328557
15330990
15339370
15346951
15355770
15357252
15365019
15368514
15373045
15383024
15387490
15394076
15398702
15398703
15410535
15410960
15419394
15425917
15426853
15431682
15436436
15436455
15436933
15436934
15446113
15463077
15466055
15489229
15501788
15509443
15511391
15524270
15550139
15550210
15571499
15580469
15586737
15593006
15608207
15623949
15638024
15641785
15653780
15653827
15657727
15662533
15665404
15675242
15698722
15700672
15716460
15729151
15773162
15788921
15793359
15845516
15849912
15857191
15891256
15899082
15899083
15908421
15928939
15972547
16000244
16081904
16084640
16085913
16109950
16113312
16118533
16145212
16159783
16170212
16176623
16177249
16182699
16184890
16199101
16210105
16239550
16240693
16251783
16282150
16282755
16303064
16314773
16326843
16337718
16342773
16345079
16350253
16362988
16377788
16385121
16388577
16392078
16418175
16418521
16422103
16422259
16425549
16432997
16438424
16451109
16488818
16495565
16501726
16507433
16511209
16517872
16529868
16540880
16543861
16544159
16553657
16557775
16557884
16558017
16558045
16558046
16558090
16559997
16560674
16561465
16561628
16569377
16581731
16585647
16597859
16599107
16603105
16608682
16615610
16619156
16649151
16692928
16716532
16733442
16734969
16749489
16778468
16783243
16791639
16792081
16836564
16837827
16843116
16850676
16888612
16899427
16921701
16923793
16926243
16936039
16938742
16945042
16954278
16954728
16960546
16968934
16970074
16971402
16974057
17018827
17030565
17040431
17054077
17061098
17061502
17062183
17065262
17069675
17089143
17090908
17108014
17108850
17109351
17115423
17116642
17118953
17121633
17121762
17127826
17139234
17151205
17152219
17172039
17179617
17192261
17207233
17215274
17220323
17244664
17270378
17299719
17300910
17307712
17328752
17328851
17342666
17343188
17350208
17403876
17409609
17432288
17437470
17438037
17442795
17443443
17457240
17460119
17461716
17485794
17493980
17509177
17510254
17524197
17554371
17557863
17562761
17569069
17580538
17581125
17589329
17591664
17598041
17615978
17620374
17628376
17631463
17642529
17643014
17647033
17662551
17667950
17682528
17682717
17682762
17683506
17693449
17707328
17822178
17825160
17828382
17854473
17868688
17882038
17890130
17893135
17925038
17934887
17935172
17938216
17961330
17987888
17992343
17997737
18008255
18014501
18028360
18028581
18028799
18073019
18080352
18080558
18084255
18090966
18094596
18099673
18103611
18113911
18119099
18121293
18124716
18129450
18133280
18133282
18140308
18140309
18159528
18159531
18173613
18175625
18192791
18194132
18201985
18208764
18212261
18216156
18235852
18241329
18246673
18250927
18257467
18263731
18275122
18280907
18300578
18328097
18332212
18334064
18340654
18346551
18356769
18356772
18357339
18360809
18361849
18385226
18399153
18406378
18410333
18434942
18441960
18482458
18482961
18487847
18500257
18509523
18510892
18513451
18544293
18554302
18574125
18580823
18594173
18595877
18600205
18607319
18643805
18663050
18685547
18700170
18725554
18728382
18730020
18730421
18733946
18753355
18761626
18769779
18770607
18785472
18790859
18800002
18817547
18839875
18854635
18866833
18872703
18876790
18884297
18892001
18917624
18921772
18935610
18949905
18997306
19004864
19033867
19039470
19050215
19051024
19066198
19079395
19103900
19127113
19140205
19155240
19157499
19169636
19189464
19195446
19204756
19210884
19229562
19235496
19240620
19254485
19261782
19265730
19271400
19289298
19293012
19321207
19332911
19335601
19339468
19375942
19387420
19406447
19415060
19429763
19432802
19432808
19434010
19451323
19454201
19470078
19494073
19497918
19525398
19537404
19554979
19564286
19583516
19608044
19618844
19621769
19623266
19624968
19632586
19676144
19679959
19684973
19701553
19704397
19709057
19710342
19726896
19733245
19738353
19758208
19758210
19758211
19758214
19765935
19776536
19796098
19801344
19805553
19811260
19811765
19820083
19834901
19837729
19838440
19842387
19843691
19867464
19867465
19867497
19867508
19867516
19867539
19867567
19867623
19867628
19867640
19867681
19867864
19867892
19867990
19867991
19867992
19868045
19868060
19868093
19868095
19868108
19868122
19868372
19868411
19868423
19868424
19868455
19868456
19868457
19868512
19868516
19868546
19868547
19868586
19868615
19868728
19868743
19868834
19868875
19869004
19869032
19869141
19869162
19869268
19869335
19869434
19869466
19870098
19870247
19870710
19870883
19870935
19880558
19901863
19901864
19907410
19910747
19911251
19938456
19940043
19965800
19970250
19970756
19971740
19974144
19977777
19999305
20001281
20003903
20007388
20009282
20011362
20011640
20027520
20042617
20052268
20077823
20080408
20081558
20089996
20104113
20111813
20132081
20136531
20163035
20189863
20190145
20191023
20191198
20191200
20218038
20244557
20266944
20269381
20270537
20272643
20277710
20285099
20291305
20292512
20304799
20308299
20310271
20336337
20344588
20348263
20370334
20385758
20412535
20424308
20427627
20450550
20455397
20455407
20456292
20502522
20504989
20509563
20516524
20527605
20528915
20531031
20539263
20596832
20596972
20601928
20604150
20604307
20604347
20614403
20616699
20626434
20643660
20644500
20656720
20672123
20687840
20693149
20702475
20739911
20797514
20802364
20844087
20846810
20850455
20852208
20868271
20871491
20873233
20875326
20876295
20876750
20881177
20889558
20921795
20927278
20954363
20961669
20964658
20984454
20988357
20992502
20996102
21005579
21016274
21023217
21040511
21040549
21099096
21133996
21139150
21149586
21160459
21187358
21209953
21210290
21229335
21233789
21291519
21305258
21307823
21311155
21313918
21326980
21330196
21339760
21341164
21346050
21369683
21388769
21390725
21390728
21390729
21410678
21411354
21411621
21413302
21413343
21422316
21428753
21485767
21488980
21492406
21498006
21498167
21505957
21527361
21569319
21571984
21572111
21607150
21619473
21655244
21680676
21686508
21694502
21702916
21709157
21716796
21733042
21734134
21736426
21742530
21743160
21750592
21752804
21763087
21780150
21786613
21789353
21798683
21808869
21813389
21816039
21839011
21842293
21863268
21865431
21866323
21890554
21890555
21896173
21899981
21908669
21917695
21918034
21930610
21941092
21964751
21965687
21970074
21992974
21994137
21998411
22033205
22046811
22052394
22079225
22087340
22096049
22110154
22116330
22124688
22126195
22128817
22133883
22143105
22143116
22164418
22171605
22175441
22183844
22183845
22198325
22198645
22212019
22219306
22247369
22252171
22260167
22266621
22292095
22306465
22321121
22324170
22335265
22340627
22343746
22356034
22363023
22389487
22422335
22422857
22434073
22449174
22454816
22472320
22504226
22518868
22540070
22540107
22545395
22558266
22563554
22581899
22592837
22594866
22605698
22607395
22611234
22623840
22624823
22627222
22628664
22648888
22648894
22661689
22670010
22689612
22696367
22699950
22717470
22720110
22726280
22737724
22748894
22782816
22782821
22782827
22800630
22801339
22807537
22816000
22818535
22829778
22869911
22884008
22884054
22889800
22910436
22924047
22930303
22942884
22958291
22958508
22970011
22972832
22994205
22994551
23001265
23001266
23001267
23007214
23016470
23024223
23029591
23042995
23057281
23064538
23064541
23082031
23085448
23094758
23095509
23100335
23114380
23128373
23132172
23146405
23149640
23157136
23169330
23182864
23188934
23191949
23198117
23214254
23220782
23231450
23235782
23241398
23243302
23245714
23248862
23258823
23280032
23282504
23284026
23284649
23294141
23315098
23317526
23320318
23324264
23330059
23330152
23334700
23346260
23347648
23379917
23395216
23403606
23404400
23407469
23415015
23428457
23430600
23442198
23447540
23449808
23454393
23457251
23467288
23468842
23469584
23472697
23476094
23486005
23509699
23514833
23526483
23541533
23542782
23545658
23550092
23563515
23578183
23588730
23605850
23609837
23610532
23615173
23620862
23638193
23661656
23689695
23696912
23697575
23704961
23732753
23735054
23746302
23790068
23803565
23817647
23829121
23841845
23843402
23849061
23855137
23859911
23865350
23876687
23883715
23884862
23885957
23890167
23900772
23912660
23914292
23916557
23919017
23940747
23942022
23945159
23945957
23970589
23970593
23970621
23970626
23970630
23970631
23970637
23970652
23970701
23970712
23979072
23981220
23999937
24007871
24009673
24023922
24026794
24042102
24045192
24048540
24056483
24058545
24060550
24066175
24073783
24080632
24087779
24088852
24090892
24106125
24114074
24116696
24122688
24134407
24135571
24150466
24165211
24172279
24206432
24206645
24220351
24220352
24225578
24240041
24244772
24268139
24275265
24275730
24275734
24285598
24285600
24291114
24303899
24314778
24317097
24326578
24330048
24334293
24335464
24335955
24350785
24352128
24352129
24352133
24362829
24365430
24386329
24395488
24396138
24438059
24447075
24459685
24474889
24478062
24508691
24513542
24516077
24517107
24535692
24544797
24550376
24552413
24559556
24588778
24592640
24595610
24612218
24614720
24653750
24655791
24662060
24672684
24690532
24700957
24711869
24713227
24724458
24733152
24744342
24746008
24762640
24771307
24772130
24811564
24814157
24818991
24828556
24831378
24834453
24840601
24841252
24850356
24854914
24860686
24877236
24878586
24892437
24909546
24909596
24912537
24921247
24921640
24934985
24968685
24968686
24986642
25013972
25013977
25015934
25022566
25023463
25025338
25071771
25073035
25080350
25083768
25100316
25100820
25103064
25103395
25121345
25142195
25161350
25161759
25172338
25174641
25193247
25193248
25203547
25209699
25211018
25258394
25260425
25264397
25265092
25277551
25287511
25297332
25299416
25305698
25311145
25330794
25339379
25343680
25347827
25348878
25351544
25355799
25358292
25375138
25375929
25383001
25385043
25386238
25394158
25404075
25422395
25435331
25444048
25444510
25485649
25492382
25505040
25514584
25520453
25525055
25525120
25531672
25532465
25552608
25567012
25567228
25605310
25605970
25610000
25614523
25632942
25634568
25635276
25637233
25651740
25663247
25668642
25677998
25683888
25684293
25691394
25693010
25700164
25703276
25707998
25708895
25716172
25720837
25722576
25734088
25736987
25739793
25744604
25769888
25776279
25779614
25779998
25793702
25798160
25798161
25798165
25802057
25803295
25805501
25818349
25825429
25829004
25829517
25844928
25861399
25866106
25870417
25872989
25877026
25884178
25887081
25887811
25894582
25904252
25905049
25908677
25927024
25932012
25939121
25944861
25948433
25963907
25964151
25972403
25994097
26023809
26030326
26036101
26038763
26045520
26058628
26060467
26063719
26064828
26068964
26069511
26080629
26082663
26086162
26113517
26113890
26119266
26122912
26124780
26125585
26141516
26147869
26166431
26179306
26185887
26187433
26192780
26195002
26213693
26217043
26255040
26255887
26267527
26267880
26280325
26283341
26304920
26311859
26312720
26313112
26316957
26317454
26320992
26353867
26364122
26365167
26365824
26370737
26378262
26392654
26396445
26409743
26427677
26429894
26436423
26445822
26448460
26474815
26486830
26495292
26502175
26521909
26522755
26524876
26538551
26543391
26555244
26568393
26580999
26588087
26604241
26607421
26621404
26626129
26637236
26650998
26655298
26659215
26667603
26670914
26678367
26680646
26685199
26692604
26692606
26692609
26692624
26693768
26705119
26708458
26711310
26721608
26728351
26733496
26747418
26762155
26808978
26832901
26853900
26871538
26892231
26897108
26923891
26952892
26961856
26964840
26982990
26992411
27013811
27020501
27020963
27030921
27037391
27071977
27088540
27100768
27100771
27102715
27105564
27138664
27147725
27154184
27156997
27161310
27183031
27192520
27194693
27208390
27215069
27222772
27231125
27249890
27268712
27307072
27307174
27322048
27322050
27328030
27344187
27346117
27358468
27376011
27400713
27404938
27411696
27419816
27419819
27429850
27456194
27465246
27467164
27488881
27495107
27498082
27512795
27513385
27522711
27536942
27551787
27558164
27559553
27567281
27581381
27582306
27585981
27599076
27606153
27606673
27625376
27631046
27683203
27696564
27707942
27716251
27721440
27748767
27749107
27751728
27773873
27779299
27800128
27810982
27811837
27832149
27835625
27835630
27852877
27873284
27875039
27876463
27881812
27882070
27888719
27894194
27903355
27918528
27922851
27928093
27928366
27938337
27982548
27983500
27993382
27998453
28019101
28029229
28033297
28058468
28093460
28125925
28126049
28126263
28129372
28143443
28145405
28158226
28161356
28163288
28164598
28168761
28193743
28196838
28216574
28217702
28220718
28222792
28235102
28245406
28256292
28263990
28266263
28282487
28282646
28291299
28291970
28293699
28357375
28381602
28398683
28399709
28399798
28410389
28414665
28418297
28418316
28428838
28446129
28456488
28484042
28484210
28484511
28489855
28499289
28499290
28499407
28507905
28523273
28525592
28544669
28559923
28580832
28586013
28590237
28604483
28614210
28614239
28653418
28660379
28661232
28661234
28668606
28674374
28712183
28712508
28714113
28727773
28738852
28739269
28741188
28768983
28787460
28792374
28820345
28820347
28820706
28821219
28840989
28842664
28844341
28845266
28849315
28855625
28875956
28876292
28878003
28879115
28883964
28886021
28889773
28931218
28950764
28953787
28960028
28963103
28980302
28982539
29016285
29020152
29020192
29020212
29021433
29022569
29045605
29046410
29050149
29051759
29053737
29073145
29077095
29090453
29099372
29107621
29117430
29124540
29133803
29135519
29136161
29136744
29150724
29167762
29168582
29184321
29194668
29196305
29198180
29199801
29200767
29201173
29223963
29228176
29229275
29236656
29240636
29277436
29281641
29282916
29304083
29309603
29318719
29325576
29378606
29381995
29406973
29420441
29421962
29428183
29444835
29452838
29454847
29456191
29456657
29460228
29463465
29465666
29465692
29465698
29476680
29479917
29482701
29488587
29489672
29490620
29502129
29505766
29508609
29510664
29511628
29528992
29553314
29558910
29560291
29566044
29578082
29594126
29602529
29604973
29606088
29617372
29621949
29624562
29629652
29649256
29650059
29656208
29664391
29676865
29701397
29701849
29706150
29721241
29737273
29739928
29758067
29767349
29769048
29774840
29775498
29781128
29788937
29794319
29798749
29808269
29815275
29862601
29863099
29868249
29876142
29895642
29897409
29917039
29926499
29926944
29927932
29942761
29946052
29947802
29950241
29952481
29970355
29986091
29989871
29989879
30002834
30020089
30024965
30032631
30040912
30045704
30049254
30053759
30054230
30059541
30059969
30066818
30069486
30073493
30089647
30101068
30102681
30108417
30111076
30116352
30116697
30126946
30130365
30135229
30138611
30167051
30170530
30171709
30176838
30187020
30187651
30197093
30202933
30207805
30208094
30212095
30212544
30217146
30223307
30242931
30247262
30249224
30249387
30253732
30255340
30274488
30277371
30286790
30293320
30293678
30303576
30303967
30304043
30311792
30325448
30326217
30328249
30335766
30341234
30343296
30343380
30348065
30350130
30350534
30353336
30355761
30363029
30365462
30373754
30381419
30394857
30400890
30405111
30406142
30419249
30461599
30472926
30482099
30504976
30504982
30510656
30519456
30520715
30522233
30534908
30538059
30541237
30549974
30554960
30555861
30561941
30569652
30570479
30578519
30580325
30595174
30596396
30601824
30606108
30613571
30622992
30626283
30628946
30634041
30642721
30643682
30657796
30665481
30666470
30672757
30696640
30701122
30704517
30704779
30711012
30712088
30719964
30736765
30738716
30755969
30758895
30761904
30765286
30766863
30775155
30789907
30796068
30797635
30803039
30810592
30835745
30836112
30839394
30839908
30842346
30861169
30863278
30863622
30868001
30869456
30870407
30892396
30929971
30938474
30978941
30986474
30986477
30994442
31007828
31008842
31020874
31024549
31029716
31035371
31035953
31035990
31049433
31071095
31075255
31095105
31112488
31132142
31137149
31137965
31139835
31150464
31157398
31163477
31166625
31177585
31180047
31181033
31182617
31185990
31186010
31189578
31201641
31212076
31216284
31236392
31267496
31270342
31272070
31279583
31282868
31286879
31287148
31288744
31293985
31294847
31307183
31310214
31310223
31319358
31321646
31322756
31329597
31332179
31339283
31345262
31358689
31360448
31361406
31369000
31370018
31380117
31383781
31384636
31392211
31407659
31408592
31414635
31417035
31417509
31420018
31420644
31420649
31427238
31470384
31493340
31512516
31529858
31533185
31536507
31536976
31543554
31558132
31558291
31560366
31578447
31580177
31580558
31603731
31608961
31617243
31625831
31627750
31629021
31650814
31655225
31656468
31660400
31664945
31678932
31695443
31702628
31718355
31739773
31743797
31744461
31785234
31791265
31795587
31813414
31823386
31823567
31831159
31837130
31839781
31840059
31851086
31855531
31856347
31871011
31902016
31905408
31909495
31910464
31924165
31926946
31929602
31930972
31935208
31939991
31941739
31955971
31956996
31961303
31981241
31992144
31996251
32008664
32011725
32043652
32046662
32066637
32073549
32075535
32087699
32093931
32102805
32104041
32110402
32111369
32124253
32133205
32133697
32142774
32144538
32151957
32160272
32160927
32163252
32166672
32173267
32178940
32186817
32196988
32197326
32197740
32213195
32218425
32236138
32236386
32238570
32246772
32246944
32248327
32251462
32265212
32272157
32282444
32291912
32294266
32294540
32314703
32315810
32319409
32324601
32331231
32333247
32334844
32339705
32342229
32342844
32345631
32359431
32361735
32362198
32368345
32376729
32384963
32394208
32408379
32410628
32423945
32434244
32441635
32441638
32463429
32467532
32486870
32487047
32493291
32497029
32502432
32522244
32528126
32528847
32530859
32538043
32542715
32545465
32550236
32552964
32555593
32568824
32576149
32578862
32578863
32578864
32578865
32578866
32578867
32579011
32589508
32600274
32606288
32616037
32618352
32624340
32626718
32637904
32693735
32705996
32710788
32718967
32727677
32731796
32732543
32753004
32761255
32795443
32810868
32817658
32823408
32829675
32855750
32859835
32913606
32914687
32924365
32925597
32928054
32930821
32935779
32936831
32963009
32981425
32996869
33002081
33016812
33019420
33022266
33036234
33059539
33062981
33076608
33077622
33078640
33079046
33091812
33093286
33099614
33109767
33119668
33121618
33124529
33125317
33128333
33135465
33137962
33143735
33145937
33176262
33177120
33180016
33183229
33210137
33216161
33225223
33228858
33268187
33268755
33276749
33279534
33282751
33298143
33298710
33331441
33376363
33382076
33382077
33406131
33408711
33413152
33431607
33433108
33436440
33436504
33448490
33459991
33480044
33488577
33489929
33492091
33496202
33497377
33503149
33503569
33512899
33533807
33534407
33542273
33547108
33549544
33550909
33553703
33553841
33579057
33591973
33596133
33599121
33607303
33608114
33622474
33622721
33626825
33636805
33640982
33646066
33676773
33680984
33692048
33717675
33721817
33723617
33728759
33729402
33729411
33729413
33754988
33782148
33782149
33783414
33786101
33791870
33793630
33811833
33817178
33823769
33831337
33850722
33869906
33890852
33891652
33894904
33913769
33922782
33939630
33942164
33958492
33967236
33968792
33972353
33980644
33980645
33999990
34008719
34008728
34008730
34009081
34029326
34030158
34034668
34052138
34057249
34067165
34078297
34087923
34110749
34124256
34136617
34193456
34193666
34228757
34233535
34254848
34263964
34265386
34278696
34297303
34328411
34337017
34342809
34346717
34354688
34374901
34377686
34378872
34379615
34382410
34389284
34414771
34427565
34446151
34451387
34459298
34471079
34475233
34492041
34493087
34497776
34506577
34534364
34538874
34548414
34552793
34570834
34572612
34585031
34592307
34618786
34623102
34647402
34649493
34658692
34665270
34670182
34671693
34732343
34736813
34743474
34749803
34755815
34780379
34785619
34791386
34795711
34796232
34796555
34803955
34814570
34817512
34818844
34818951
34819643
34820493
34826521
34832520
34836779
34854615
34866637
34873027
34880455
34887350
34899710
34908934
34909613
34912410
34918682
34936652
34949547
34963243
34975080
34980709
34986286
34988907
35013084
35027140
35027857
35034049
35051197
35056505
35072256
35075989
35079776
35109919
35120035
35122676
35123638
35138118
35142533
35168629
35182406
35210171
35239907
35240382
35255564
35274369
35281239
35291446
35296084
35307682
35312664
35312686
35313939
35315702
35320874
35337225
35342368
35342371
35346384
35351731
35358795
35364661
35366922
35368000
35384775
35387497
35393933
35395693
35396807
35400316
35403844
35422800
35444649
35447230
35459752
35474757
35491834
35506855
35526849
35544222
35546445
35551170
35584858
35591749
35597181
35600700
35608350
35613083
35618414
35623581
35638776
35648234
35648735
35658597
35659903
35666816
35677763
35687593
35710444
35712312
35722306
35732476
35736242
35745563
35747471
35757611
35761766
35762371
35775125
35783686
35794656
35797306
35813094
35830766
35833787
35842215
35859321
35860869
35862766
35868971
35869970
35889972
35891183
35895406
35908795
35913147
35945210
35949800
35967432
35974924
35976045
35979517
35990229
36017039
36032456
36042411
36047113
36049344
36067281
36094429
36094511
36106509
36113438
36123886
36131541
36145487
36156517
36160273
36175452
36200507
36203756
36204625
36208268
36217269
36217361
36242512
36245423
36250835
36260281
36283073
36283270
36291681
36330841
36337357
36337605
36346888
36352984
36365029
36373343
36376214
36376519
36379372
36383897
36434126
36452956
36453925
36454341
36454606
36457685
36473345
36476916
36480422
36480449
36498280
36508716
36530424
36534698
36550723
36554342
36560615
36561703
36568332
36572006
36581899
36583308
36583465
36585274
36591923
36598263
36600952
36625252
36633032
36636853
36641134
36649527
36654977
36669636
36679917
36680167
36689103
36699377
36702577
36706010
36712768
36717139
36730573
36743121
36747166
36749853
36767946
36795919
36804603
36805081
36821515
36841722
36845231
36878691
36891379
36893095
36906465
36908571
36910345
36917571
36920282
36927340
36929714
36940224
36974013
36974569
36992554
36993963
37005164
37010823
37025798
37033177
37036342
37037444
37042677
37071576
37081834
37082541
37090699
37093863
37095461
37097740
37101664
37137650
37144018
37147588
37151273
37157863
37158235
37161601
37165832
37172529
37192527
37198568
37200262
37222624
37222630
37230902
37231355
37243256
37247195
37255260
37258290
37270546
37307579
37332341
37346161
37347187
37351522
37351772
37354670
37365906
37381052
37382360
37382544
37406062
37414065
37432077
37433168
37438105
37439491
37440462
37442966
37452127
37457516
37457540
37458733
37464586
37468070
37471666
37481272
37487001
37516425
37535664
37536265
37538024
37546086
37558642
37562586
37585871
37591267
37593890
37611054
37611864
37623959
37624371
37628309
37630520
37633659
37646070
37663112
37668986
37671885
37675118
37691357
37703251
37703891
37708918
37718557
37722404
37735714
37756291
37769216
37770241
37773472
37795301
37797201
37802159
37804809
37814742
37824787
37824788
37827185
37839882
37843010
37844988
37850496
37852552
37855609
37868301
37869408
37873860
37880309
37889847
37894040
37901207
37916720
37920596
37934903
37937275
37940459
37948399
37951699
37967472
37982491
37983134
37983269
37991986
37996885
38004673
38013501
38016343
38021536
38022871
38039859
38055447
38071543
38074241
38082318
38091829
38095465
38095473
38105236
38117715
38117716
38117717
38118022
38124508
38129918
38150487
38155769
38158934
38166151
38166231
38166680
38174681
38187347
38200989
38201292
38211601
38223155
38225809
38253515
38258964
38267579
38274871
38279792
38289395
38305089
38316362
38319302
38319847
38328514
38352810
38360847
38367986
38372541
38372543
38376088
38376245
38380496
38380602
38390016
38418941
38418989
38428259
38429196
38430842
38454820
38476951
38478741
38486194
38509173
38523794
38536197
38536221
38561779
38566025
38583824
38585600
38633399
38635616
38636938
38637892
38640174
38642546
38650744
38661035
38661428
38663730
38671340
38673412
38677407
38680788
38686211
38694502
38694926
38703532
38714714
38715887
38716940
38725703
38728874
38739120
38744439
38745370
38748394
38748684
38752914
38759832
38761835
38776332
38782949
38785248
38787868
38793665
38809884
38815665
38826626
38829929
38846122
38846191
38851401
38853483
38854070
38857309
38881623
38882653
38883209
38884588
38885995
38892397
38896421
38900827
38905249
38906808
38908301
38909686
38912217
38914204
38915997
38916363
38916588
38919834
38920894
38926415
38932740
38946160
38957199
38965961
38966907
38974881
38979216
38984233
38989081
39006335
39007562
39010964
39012000
39017656
39028747
39033301
39037061
39038264
39043612
39045730
39046152
39048113
39049468
39057786
39067061
39075238
39078793
39079016
39087657
39099895
39100049
39109153
39111574
39115038
39115231
39128473
39130078
39130792
39131275
39137269
39137971
39140192
39141747
39144389
39154666
39155473
39156921
39162489
39167417
39175401
39181152
39193406
39193963
39198032
39203989
39204286
39206117
39224445
39226326
39240843
39240879
39242507
39251676
39252220
39255545
39258662
39262177
39262771
39263009
39266217
39266688
39268262
39268312
39270129
39292018
39295869
39302442
39308221
39312755
39313283
39316078
39321510
39344309
39365015
39367791
39379557
39380581
39382915
39385133
39392025
39403610
39415268
39424100
39424576
39425823
39427935
39435206
39449915
39451646
39457256
39466544
39474163
39476167
39484466
39494226
39503502
39505127
39506662
39509430
39512493
39531321
39537062
39540599
39547659
39569307
39574316
39574550
39576996
39578093
39581401
39584350
39599503
39599512
39601414
39605378
39605820
39609019
39611839
29009
56895
66082
80462
85440
90436
93574
130804
132888
134971
143456
153334
156696
156697
156698
157977
159264
165724
172450
197010
203634
218739
225130
232617
300359
303968
321350
321698
323491
324985
326678
326728
326729
328394
328449
330771
331404
331739
332632
332639
333032
336548
338221
338485
338492
338508
338577
340389
342068
342155
343396
343742
344209
344269
346485
346486
346531
348667
350202
350348
350349
351056
354749
354751
355581
356704
359381
359455
360668
361526
361561
361893
363746
365114
365745
365765
365767
367523
367524
367525
369223
369568
370016
370722
372219
375869
375871
376061
378845
378851
378901
379811
379958
381199
383612
384079
384745
385012
385013
386532
386711
387887
389350
391712
391819
392268
393360
393361
393362
396354
397934
398361
400311
401511
402976
445120
466381
520657
525018
589422
589423
589866
591110
594859
606331
633682
636170
639350
644357
704941
716919
735769
742853
746303
767301
767359
769912
769915
773102
773103
773821
773833
776839
778261
778262
778756
779294
780277
781147
782070
782077
782946
786437
786879
788217
788382
789395
789927
790797
791454
794984
795383
795798
795799
802487
803177
804444
804508
804955
807840
809355
814879
817564
826114
826115
831621
879114
899077
923286
929349
997703
1010772
1089007
1090263
1091562
1092423
1093394
1093636
1095145
1095485
1096485
1096803
1097616
1098302
1098306
1098730
1099288
1104074
1104203
1104482
1104483
1106115
1106283
1155111
1213738
1280042
1284776
1300274
1307628
1312505
1321971
1325846
1326994
1327090
1330921
1341649
1347056
1350139
1350899
1351244
1362002
1370277
1372297
1374079
1374831
1390455
1398746
1400983
1404477
1415044
1431264
1431551
1454437
1464969
1472340
1475520
1475523
1477221
1485494
1500193
1524840
1527421
1530106
1537923
1538364
1541522
1551970
1561581
1582654
1583134
1583318
1597198
1607332
1612759
1616655
1622168
1626576
1629318
1634324
1634564
1635600
1639492
1641712
1659128
1662829
1667364
1689624
1693218
1697003
1709944
1713299
1727898
1728852
1729190
1734042
1740512
1743714
1761693
1763614
1763791
1772589
1774324
1775399
1791755
1812655
1815343
1820661
1848530
1850960
1855985
1862461
1862640
1863413
1863472
1885536
1890174
1890308
1894352
1894360
1894368
1899127
1901894
1905405
1907721
1917844
1922115
1923218
1928848
1932199
1935467
1937775
1937794
1955849
1971618
1973697
1976130
1987026
1987059
1987070
1992106
1993770
2004816
2004817
2004832
2009873
2010635
2010636
2016526
2019448
2029095
2032707
2036006
2043701
2043703
2050412
2058269
2059363
2059384
2060782
2061457
2062631
2064829
2066582
2069338
2073859
2085371
2095259
2098104
2120915
2122581
2123166
2124396
2143709
2144534
2150843
2154429
2154443
2155389
2179261
2180985
2181331
2182536
2183519
2187739
2187747
2187793
2187794
2187804
2187805
2187816
2188947
2189236
2193408
2194955
2196214
2196215
2199521
2200828
2201648
2202167
2202411
2203809
2206393
2210866
2213728
2240901
2253111
2255939
2256379
2263899
2264004
2265840
2273163
2280116
2280259
2280688
2285317
2307512
2349627
2349635
2351732
2358390
2360965
2372987
2404869
2406710
2407657
2407784
2416157
2418114
2418598
2420111
2426904
2428519
2430886
2431581
2435754
2444669
2445145
2445650
2447018
2450921
2453987
2461990
2471912
2472690
2474485
2490169
2506039
2515214
2515882
2526098
2526161
2528801
2529271
2546423
2578717
2624418
2629645
2642466
2643579
2643617
2644069
2644381
2647634
2648388
2649960
2651144
2655344
2658407
2659537
2662676
2666302
2668179
2668191
2668192
2668194
2668197
2668423
2670347
2670902
2671064
2673265
2676323
2676703
2680970
2680972
2680978
2682225
2682963
2684008
2684841
2685682
2687044
2688687
2693885
2694650
2696762
2697744
2697804
2699329
2738156
2771355
2786531
2788660
2807281
2807540
2816017
2816020
2829566
2833442
2836878
2878907
2921247
2931353
2931380
2935483
2958405
2962394
2962928
2963023
2963840
2964810
2976206
2983051
3011852
3021631
3029523
3033613
3043060
3043344
3045083
3048959
3049242
3051768
3053568
3053929
3055208
3056164
3056914
3063209
3063658
3066739
3069864
3072936
3091504
3124803
3140667
3140831
3152775
3156205
3163720
3169760
3177562
3188914
3203929
3219237
3225622
3251630
3258387
3275588
3275725
3276627
3276631
3283261
3284454
3285346
3286521
3286675
3289277
3290110
3290493
3294256
3294569
3294884
3295048
3298452
3300092
3300093
3302263
3305006
3305362
3305368
3307838
3308224
3308709
3309162
3310278
3312170
3312473
3312482
3315959
3318087
3320095
3323169
3325066
3326133
3326549
3328924
3331295
3332790
3491705
3494322
3500110
3510168
3510176
3510250
3512417
3512444
3512456
3512520
3513344
3514069
3514451
3514656
3516880
3517184
3517185
3517186
3519458
3519659
3519850
3522410
3522427
3522429
3525025
3525408
3528292
3531014
3531229
3531343
3531382
3532370
3533780
3533984
3535728
3536339
3538316
3543214
3543905
3544252
3544253
3544255
3544256
3544257
3544258
3546079
3546103
3546520
3549552
3549683
3551828
3552662
3552982
3552988
3563830
3578236
3587290
3609249
3616853
3617182
3665636
3688101
3699896
3713391
3722824
3724737
3740214
3755414
3760911
3764623
3770753
3770754
3775590
3810383
3826490
3862729
3876576
3880576
3881473
3881539
3881974
3882569
3882572
3884485
3884491
3884654
3884657
3886112
3891582
3891591
3892633
3892635
3894212
3894413
3897065
3897267
3897379
3897975
3898048
3898367
3898419
3899905
3901125
3901126
3901129
3901131
3901616
3903025
3904667
3905398
3905972
3906041
3910207
3910538
3910539
3910543
3911575
3913494
3913495
3914616
3915823
3918739
3920844
3922944
3932191
3936770
3949349
3965397
3970624
3994516
3996044
4002085
4012175
4012814
4013719
4020042
4036302
4097393
4101049
4101550
4102125
4103292
4103293
4105834
4112039
4115889
4117272
4122367
4124169
4128709
4129528
4145632
4157549
4162973
4164026
4166941
4166978
4169376
4169456
4173311
4175962
4176245
4176782
4177869
4179196
4180458
4181069
4182050
4184086
4186653
4188043
4189973
4190042
4193893
4194912
4195302
4195303
4195304
4195306
4195308
4196071
4207188
4234988
4235328
4237444
4241065
4319991
4366918
4508568
4550825
4551885
4552293
4552294
4552578
4553249
4554013
4554739
4555054
4555055
4556085
4556687
4556955
4557905
4560472
4560557
4561662
4561826
4563418
4563580
4564088
4566597
4566601
4566711
4566712
4568030
4568153
4568467
4568468
4568469
4568470
4570277
4572631
4573788
4574403
4574910
4575612
4577988
4579468
4579902
4582814
4583900
4583971
4584052
4588431
4592867
4593836
4600082
4600152
4603961
4604004
4605161
4605521
4609563
4611355
4611927
4614883
4614884
4615655
4615955
4617563
4619623
4622671
4622979
4625661
4655336
4706566
4860419
4860783
4860785
4860787
4861771
4863354
4863764
4864653
4864905
4865728
4865954
4868827
4869194
4870437
4877179
4877832
4878940
4879353
4879389
4880300
4880411
4882485
4882495
4882584
4882625
4883487
4884720
4884894
4886301
4886611
4886857
4887287
4887466
4887528
4889260
4892121
4892124
4894137
4894457
4895841
4896270
4898170
4898583
4899054
4901529
4901582
4902285
4902286
4904649
4906309
4906969
4906970
4906971
4906975
4907009
4908530
4908531
4908687
4908862
4909102
4911682
4913227
4914515
4914903
4917175
4919016
4920369
4920415
4922300
4922738
4923972
4923973
4923982
4924240
4926034
4930129
4930145
4930147
4931195
4936862
4936875
4938950
4941480
4941756
4942541
4945743
4949494
4949758
4950275
4967370
4967556
4972004
4983520
5133470
5136758
5200341
5294591
5302297
5326762
5327359
5328461
5328812
5331711
5331995
5332330
5332527
5333369
5333565
5333890
5333899
5335242
5335514
5335570
5336648
5339034
5340664
5341437
5342700
5342701
5343166
5343284
5426802
5459408
5508418
5564070
5574738
5603699
5611835
5620493
5738074
5738075
5844542
5846026
5859152
5874056
5881685
5908299
5954212
5961937
5973010
6000232
6011301
6031374
6071148
6083697
6090763
6091843
6098033
6135467
6153102
6153103
6155406
6159324
6171017
6172213
6175580
6177375
6177786
6183890
6184774
6187161
6191490
6191721
6192086
6198484
6207241
6207797
6208218
6208310
6217096
6222079
6226700
6230135
6237153
6240784
6262923
6264606
6266031
6277015
6287932
6293639
6295025
6304227
6308444
6309049
6310347
6311744
6332593
6334574
6336055
6337225
6337678
6337679
6337680
6337682
6337963
6339000
6339001
6340889
6341249
6342706
6342707
6343268
6347332
6347470
6347894
6347899
6348288
6352464
6352502
6352809
6353562
6356134
6357348
6358023
6358026
6358027
6358028
6359492
6360891
6361368
6363033
6363355
6364400
6364401
6364907
6365238
6366017
6366321
6367225
6367261
6367914
6368389
6368830
6369574
6371156
6372275
6372309
6372330
6375144
6379571
6380106
6381307
6381311
6383257
6384040
6384371
6386096
6386097
6387609
6387610
6389353
6389370
6389591
6390112
6392104
6392830
6393609
6394096
6394097
6394470
6394613
6394822
6395950
6396126
6410591
6416606
6421449
6423249
6424296
6448663
6457553
6475259
6475260
6488601
6500721
6505920
6508267
6547806
6614994
6648746
6665664
6673412
6698686
6702243
6704698
6724696
6749684
6750701
6751462
6751463
6752188
6752295
6754616
6755563
6756541
6756542
6756904
6757272
6758046
6759337
6761509
6762960
6764330
6765562
6777885
6795688
6824906
6825591
6834361
6836444
6845870
6891184
6893380
6893808
6966960
6986367
6986563
6986723
6987170
6987172
6987173
6987326
6989133
6989443
6990648
6991432
6992939
6993066
6993587
6994260
6994261
6994263
6995327
6996378
6996838
6996979
6999790
7000301
7000304
7000307
7001397
7001910
7003026
7003773
7003774
7004567
7005971
7006120
7008895
7008896
7011945
7012020
7013115
7013117
7014451
7014454
7014470
7015484
7016247
7018381
7019081
7019083
7020355
7023241
7023601
7023602
7024127
7026610
7028206
7028207
7029658
7029945
7030863
7030961
7032735
7034856
7034857
7035363
7035366
7036568
7036846
7038039
7039222
7040442
7040460
7040799
7041257
7041465
7042017
7042552
7042569
7042575
7044469
7044470
7044850
7045042
7046077
7046681
7047388
7047395
7047746
7048509
7049315
7049316
7049954
7050242
7052010
7054121
7060402
7086174
7137147
7152063
7157668
7214126
7293468
7322506
7345564
7373850
7375654
7378438
7394695
7418620
7427695
7444709
7447643
7448577
7448578
7470830
7470837
7490041
7496914
7496918
7504314
7506980
7509022
7510561
7521643
7524547
7535311
7584762
7590195
7591054
7593626
7594681
7600111
7605524
7623668
7628852
7649889
7665663
7672047
7689444
7692672
7704889
7705854
7709319
7709323
7712238
7721289
7735469
7751351
7759801
7768866
7779920
7788421
7789285
7790053
7804501
7811868
7812164
7812663
7819347
7819350
7825674
7826278
7834712
7839257
7848005
7849121
7855925
7863456
7871444
7876555
7883175
7888531
7890417
7890932
7896703
7896704
7897026
7899223
7904101
7907163
7911093
7927721
7927729
7928971
7934885
7938048
7942400
7959875
7968624
7969296
7972112
7973925
7987468
7988902
7996026
8002196
8002336
8002691
8010866
8011805
8012126
8027594
8038318
8042111
8042124
8048468
8050720
8051730
8053087
8055557
8075274
8085526
8091796
8105544
8112835
8132345
8132453
8132874
8133088
8142528
8153701
8157583
8167425
8167426
8167436
8182207
8191323
8192559
8195370
8206841
8211535
8231988
8238115
8243346
8246847
8249280
8262639
8263552
8266868
8275056
8282294
8282698
8314322
8320228
8321733
8324136
8329759
8335390
8339920
8341501
8345837
8353960
8357572
8370324
8384628
8399502
8408787
8409586
8416647
8418161
8423106
8425377
8447290
8454190
8454324
8457979
8468743
8486942
8486943
8490288
8494384
8499892
8503061
8509101
8515119
8515986
8529894
8539079
8550517
8556444
8556488
8567889
8568320
8572905
8575181
8576575
8577243
8580897
8598278
8599064
8600553
8604510
8605899
8606088
8615063
8617480
8655496
8655999
8665736
8667130
8673850
8675022
8677381
8683637
8683638
8698467
8712268
8724507
8744370
8745085
8748271
8749573
8751937
8752922
8755894
8757850
8760007
8762639
8763705
8779808
8780457
8799008
8801646
8808427
8818882
8822333
8822661
8837477
8854592
8861867
8876358
8885066
8885502
8890687
8915734
8921855
8955283
8974693
8976721
8976849
8978201
8983895
8988365
8990312
8994127
8994751
8995804
8999725
9015465
9017148
9023206
9034734
9037839
9041329
9041384
9045823
9061759
9063647
9064008
9077020
9079909
9085536
9095663
9101629
9110078
9114396
9116702
9119485
9125550
9126440
9132977
9145331
9147445
9150213
9153730
9153735
9163442
9168127
9205499
9208612
9212222
9217833
9224186
9230359
9235493
9252582
9255517
9255518
9260949
9271872
9289822
9299819
9304316
9306900
9311129
9317025
9322642
9332349
9345771
9347656
9359747
9368539
9396560
9399651
9401243
9402077
9406049
9412707
9433950
9435362
9440441
9466741
9467407
9471032
9480148
9511815
9518012
9518015
9522123
9534966
9534979
9542908
9573194
9582474
9582484
9586363
9587174
9588801
9593487
9596709
9596781
9598745
9605148
9611052
9619092
9623935
9636751
9637186
9639980
9643501
9646459
9650979
9652447
9652721
9665876
9692149
9696195
9718549
9737068
9738997
9749630
9764941
9767739
9773432
9778870
9781512
9806035
9815237
9824482
9826350
9826352
9826373
9826772
9841817
9847411
9851047
9861756
9862125
9863586
9918318
9918324
9922478
9950167
9989979
10023349
10023362
10025978
10029987
10048174
10063657
10065201
10068990
10073052
10074732
10075995
10085011
10100421
10148587
10149033
10191224
10194456
10195025
10198437
10203386
10203650
10214412
10219257
10225883
10328016
10331270
10333522
10338539
10344115
10349151
10357060
10359999
10360313
10377149
10377154
10390290
10397565
10400603
10404217
10412134
10413359
10413959
10415447
10417176
10428110
10437273
10438785
10438943
10441968
10448361
10452639
10453016
10454185
10456928
10463174
10478137
10479178
10481082
10485921
10488183
10492429
10494932
10499788
10523573
10524242
10531294
10535571
10558971
10559223
10569401
10570992
10572117
10584901
10589219
10608777
10618090
10620683
10624396
10632481
10639452
10639679
10643014
10654864
10667099
10676975
10678983
10683619
10695789
10699032
10699042
10716508
10721554
10721721
10729677
10735882
10762571
10767602
10772085
10774259
10779705
10799455
10813489
10816466
10824936
10834976
10863372
10867007
10874033
10878040
10881115
10882092
10889212
10895694
10904187
10913652
10920426
10937300
10968624
10973566
10987446
10996719
10998379
11014025
11025269
11026892
11035751
11035764
11045874
11052549
11075910
11075911
11075914
11075920
11079623
11081944
11095783
11095835
11119545
11127338
11158114
11164318
11173185
11192872
11200228
11238663
11243093
11254661
11263547
11286573
11287690
11289023
11296143
11298286
11301698
11320119
11326018
11328650
11329453
11342586
11343208
11368802
11377434
11382227
11384701
11393490
11394975
11422242
11427439
11438902
11441098
11444711
11466272
11475164
11482891
11488014
11527817
11528000
11545276
11576788
11579969
11586039
11588283
11589815
11605611
11624203
11624865
11677383
11715135
11717283
11719573
11734683
11735068
11760596
11773125
11814235
11825779
11875041
11875344
11875379
11880425
11886609
11895426
11896319
11900580
11914363
11928859
11929572
11964770
11979114
12046311
12048563
12050339
12064687
12072976
12078490
12097401
12121373
12131041
12131574
12149381
12162752
12170155
12171666
12196546
12202610
12216451
12224620
12232834
12232835
12235572
12241783
12242011
12283075
12284869
12284874
12286183
12318405
12318983
12319649
12324682
12353706
12355703
12361913
12365355
12388942
12403041
12414778
12421113
12438357
12461010
12471754
12517856
12524558
12537725
12544218
12566185
12588121
12597587
12608185
12612839
12616144
12616149
12635329
12645192
12665446
12668673
12690445
12697345
12704124
12712204
12719029
12744789
12751676
12789178
12794202
12799949
12805273
12816159
12833573
12834846
12864856
12886631
12900405
12902610
12904373
12966808
12975011
12976772
12976773
12986376
12988210
12988608
12996730
12998135
12998136
13010642
13016902
13016904
13017147
13019545
13020115
13020116
13029236
13029908
13030982
13030983
13030984
13065609
13065610
13065615
13074457
13080550
13080551
13080729
13084116
13084508
13092056
13104796
13108156
13118856
13122270
13138814
13138977
13142533
13150815
13158748
13158749
13159189
13163012
13179392
13182586
13187399
13189037
13194617
13196890
13197698
13197699
13199600
13211670
13214336
13215605
13217283
13219340
13234306
13247670
13249474
13255675
13271756
13274283
13275944
13276645
13276647
13278092
13283168
13285712
13285724
13291722
13296924
13296925
13298488
13302180
13305247
13305865
13306562
13306563
13306749
13310620
13312441
13325831
13329848
13329849
13329850
13329851
13339799
13343001
13343934
13350415
13355787
13355999
13356000
13357850
13368511
13370630
13375992
13377646
13380113
13383007
13385119
13385543
13389400
13393793
13405765
13417850
13418979
13419952
13422678
13422732
13424285
13427443
13431157
13437505
13438362
13453578
13453780
13456128
13458130
13458181
13460645
13461552
13467919
13470478
13470779
13470847
13474402
13478545
13483227
13483746
13486489
13486500
13486918
13486919
13490151
13491214
13492008
13507229
13511030
13521494
13523398
13523922
13528250
13528679
13534007
13535794
13537020
13558305
13563211
13565488
13576074
13582135
13582136
13602994
13606866
13617702
13618569
13631250
13637041
13641191
13648570
13650279
13650280
13651668
13653844
13656628
13660114
13664662
13668901
13676977
13693402
13695104
13696783
13697508
13698582
13699223
13699404
13702373
13721406
13726035
13726036
13731752
13731754
13733465
13735770
13739954
13741195
13741576
13744600
13746453
13756001
13756475
13756518
13766055
13769072
13779633
13784985
13793444
13799556
13802266
13817036
13819625
13820287
13821893
13826811
13840719
13840720
13843317
13854430
13861681
13870969
13876228
13879700
13880292
13880520
13880521
13882939
13886729
13889280
13896379
13901825
13904666
13905876
13905877
13924227
13929872
13938504
13939610
13940788
13940789
13942046
13995553
13995554
14012049
14016217
14021137
14021138
14022305
14022307
14024511
14024512
14031992
14033247
14039267
14062227
14066175
14066176
14070672
14070675
14073361
14081706
14088767
14095981
14103069
14112945
14114324
14114937
14116075
14121981
14140208
14140328
14145246
14150149
14150626
14151604
14157676
14163960
14166620
14166983
14168458
14169946
14169947
14191493
14192754
14208528
14210490
14215191
14217178
14219387
14232647
14237500
14243820
14243850
14243934
14249830
14259055
14262274
14272094
14273782
14273783
14275506
14285919
14287656
14289435
14303894
14304261
14310313
14310421
14311902
14315646
14315709
14319942
14329438
14333930
14335820
14336784
14346568
14348061
14349373
14349915
14354107
14358374
14364406
14365320
14366482
14366789
14371927
14372121
14374852
14374920
14387153
14387858
14394231
14396166
14396167
14397348
14398660
14404476
14404549
14409268
14409269
14409272
14409548
14411240
14421280
14427083
14433005
14436499
14437236
14439220
14441402
14446457
14456006
14471451
14478799
14482838
14497145
14497736
14500480
14500529
14511497
14533489
14563860
14601304
14658845
14663125
14671754
14678898
14683600
14687734
14715552
14743076
14747460
14749871
14756787
14762631
14766825
14767654
14771375
14778101
14779381
14784474
14816526
14821580
14829890
14834230
14838242
14850442
14850721
14855563
14856578
14867176
14867177
14874322
14874949
14877661
14879563
14885619
14885626
14888379
14891700
14892557
14900361
14901681
14920596
14921171
14921181
14924075
14930168
14933679
14935216
14944675
14949165
14949166
14952204
14952205
14955521
14960193
14974272
14974283
14977936
14979590
15019205
15028935
15039093
15054167
15056995
15060032
15064399
15076935
15093791
15107742
15173146
15184485
15186410
15207819
15216474
15227740
15227878
15233799
15239675
15247355
15264000
15280279
15286824
15301382
15306757
15318266
15322052
15325535
15328557
15330990
15339370
15346951
15355770
15357252
15365019
15368514
15373045
15383024
15387490
15394076
15398702
15398703
15410535
15410960
15419394
15425917
15426853
15431682
15436436
15436455
15436933
15436934
15446113
15463077
15466055
15489229
15501788
15509443
15511391
15524270
15550139
15550210
15571499
15580469
15586737
15593006
15608207
15623949
15638024
15641785
15653780
15653827
15657727
15662533
15665404
15675242
15698722
15700672
15716460
15729151
15773162
15788921
15793359
15845516
15849912
15857191
15891256
15899082
15899083
15908421
15928939
15972547
16000244
16081904
16084640
16085913
16109950
16113312
16118533
16145212
16159783
16170212
16176623
16177249
16182699
16184890
16199101
16210105
16239550
16240693
16251783
16282150
16282755
16303064
16314773
16326843
16337718
16342773
16345079
16350253
16362988
16377788
16385121
16388577
16392078
16418175
16418521
16422103
16422259
16425549
16432997
16433305
16438424
16451109
16488818
16495565
16501726
16507433
16511209
16517872
16529868
16540880
16543861
16544159
16553657
16557775
16557884
16558017
16558045
16558046
16558090
16559997
16560674
16561465
16561628
16569377
16581731
16585647
16597859
16599107
16603105
16608682
16615610
16619156
16649151
16692928
16716532
16733442
16734969
16749489
16778468
16783243
16791639
16792081
16836564
16837827
16843116
16850676
16888612
16899427
16921701
16923793
16926243
16936039
16938742
16945042
16954278
16954728
16960546
16968934
16970074
16971402
16974057
17018827
17030565
17040431
17054077
17061098
17061502
17062183
17065262
17069675
17089143
17090908
17108014
17108850
17109351
17115423
17116642
17118953
17121633
17121762
17127826
17139234
17151205
17152219
17172039
17179617
17192261
17207233
17215274
17220323
17244664
17270378
17299719
17300910
17307712
17328752
17328851
17342666
17343188
17350208
17403876
17409609
17432288
17437470
17438037
17442795
17443443
17457240
17460119
17461716
17485794
17493980
17509177
17510254
17524197
17554371
17557863
17562761
17569069
17580538
17581125
17589329
17591664
17598041
17615978
17620374
17628376
17631463
17642529
17643014
17647033
17662551
17667950
17682528
17682717
17682762
17683506
17693449
17707328
17822178
17825160
17828382
17854473
17868688
17882038
17890130
17893135
17925038
17934887
17935172
17938216
17961330
17987888
17992343
17997737
18008255
18014501
18028360
18028581
18028799
18073019
18080352
18080558
18084255
18090966
18094596
18099673
18103611
18113911
18119099
18121293
18124716
18129450
18133280
18133282
18140308
18140309
18159528
18159531
18173613
18175625
18192791
18194132
18201985
18208764
18212261
18216156
18235852
18241329
18246673
18250927
18257467
18263731
18275122
18280907
18300578
18328097
18332212
18334064
18340654
18346551
18356769
18356772
18357339
18360809
18361849
18385226
18399153
18406378
18410333
18434942
18441960
18482458
18482961
18487847
18500257
18509523
18510892
18513451
18544293
18554302
18574125
18580823
18594173
18595877
18600205
18607319
18643805
18663050
18685547
18700170
18725554
18728382
18730020
18730421
18733946
18753355
18761626
18769779
18770607
18785472
18790859
18800002
18817547
18839875
18854635
18866833
18872703
18876790
18884297
18892001
18917624
18921772
18935610
18949905
18997306
19004864
19033867
19039470
19050215
19051024
19066198
19079395
19103900
19127113
19140205
19155240
19157499
19169636
19189464
19195446
19204756
19210884
19229562
19235496
19240620
19254485
19261782
19265730
19271400
19289298
19293012
19321207
19332911
19335601
19339468
19375942
19387420
19406447
19415060
19429763
19432802
19432808
19434010
19451323
19454201
19470078
19494073
19497918
19525398
19537404
19554979
19564286
19583516
19608044
19618844
19621769
19623266
19624968
19632586
19676144
19679959
19684973
19701553
19704397
19709057
19710342
19726896
19733245
19738353
19758208
19758210
19758211
19758214
19765935
19776536
19796098
19801344
19805553
19811260
19811765
19820083
19834901
19837729
19838440
19842387
19843691
19867464
19867465
19867497
19867508
19867516
19867539
19867567
19867623
19867628
19867640
19867681
19867864
19867892
19867990
19867991
19867992
19868045
19868060
19868093
19868095
19868108
19868122
19868372
19868411
19868423
19868424
19868455
19868456
19868457
19868512
19868516
19868546
19868547
19868586
19868615
19868728
19868743
19868834
19868875
19869004
19869032
19869141
19869162
19869268
19869335
19869434
19869466
19870098
19870247
19870710
19870883
19870935
19880558
19901863
19901864
19907410
19910747
19911251
19938456
19940043
19965800
19970250
19970756
19971740
19974144
19977777
19999305
20001281
20003903
20007388
20009282
20011362
20011640
20027520
20042617
20052268
20077823
20080408
20081558
20089996
20104113
20111813
20132081
20136531
20163035
20189863
20190145
20191023
20191198
20191200
20218038
20244557
20266944
20269381
20270537
20272643
20277710
20285099
20291305
20292512
20304799
20308299
20310271
20336337
20344588
20348263
20370334
20385758
20412535
20424308
20427627
20450550
20455397
20455407
20456292
20502522
20504989
20509563
20516524
20527605
20528915
20531031
20539263
20596832
20596972
20601928
20604150
20604307
20604347
20614403
20616699
20626434
20643660
20644500
20656720
20672123
20687840
20693149
20702475
20739911
20797514
20802364
20844087
20846810
20850455
20852208
20868271
20871491
20873233
20875326
20876295
20876750
20881177
20889558
20921795
20927278
20954363
20961669
20964658
20984454
20988357
20992502
20996102
21005579
21016274
21023217
21040511
21040549
21099096
21133996
21139150
21149586
21160459
21187358
21209953
21210290
21229335
21233789
21291519
21305258
21307823
21311155
21313918
21326980
21330196
21339760
21341164
21346050
21369683
21375183
21388769
21390725
21390728
21390729
21410678
21411354
21411621
21413263
21413302
21413343
21422316
21428753
21485767
21488980
21492406
21498006
21498167
21505957
21527361
21569319
21571984
21572111
21607150
21619473
21655244
21680676
21686508
21694502
21702916
21709157
21716796
21733042
21734134
21736426
21742530
21743160
21750592
21752804
21763087
21780150
21786613
21789353
21798683
21808869
21813389
21816039
21839011
21842293
21863268
21865431
21866323
21890554
21890555
21896173
21899981
21908669
21917695
21918034
21930610
21941092
21964751
21965687
21970074
21992974
21994137
21998411
22033205
22046811
22052394
22079225
22087340
22096049
22110154
22116330
22124688
22126195
22128817
22133883
22143105
22143116
22164418
22171605
22175441
22183844
22183845
22198325
22198645
22212019
22219306
22247369
22252171
22260167
22266621
22292095
22306465
22321121
22324170
22335265
22340627
22343746
22356034
22363023
22389487
22422335
22422857
22434073
22449174
22454816
22472320
22504226
22518868
22540070
22540107
22545395
22558266
22563554
22581899
22592837
22594866
22605698
22607395
22611234
22623840
22624823
22627222
22628664
22648888
22648894
22661689
22670010
22689612
22696367
22699950
22717470
22720110
22726280
22737724
22748894
22782816
22782821
22782827
22800630
22801339
22807537
22816000
22818535
22829778
22869911
22884008
22884054
22889800
22910436
22924047
22930303
22942884
22958291
22958508
22970011
22972832
22994205
22994551
23001265
23001266
23001267
23007214
23016470
23024223
23029591
23042995
23057281
23064538
23064541
23082031
23085448
23094758
23095509
23100335
23114380
23128373
23132172
23146405
23149640
23157136
23169330
23182864
23188934
23191949
23198117
23214254
23220782
23231450
23235782
23241398
23243302
23245714
23248862
23258823
23280032
23282504
23284026
23284649
23294141
23315098
23317526
23320318
23324264
23330059
23330152
23334700
23346260
23347648
23379917
23395216
23403606
23404400
23407469
23415015
23428457
23430600
23442198
23447540
23449808
23454393
23457251
23467288
23468842
23469584
23472697
23476094
23486005
23509699
23514833
23526483
23541533
23542782
23545658
23550092
23563515
23578183
23588730
23605850
23609837
23610532
23615173
23620862
23638193
23661656
23689695
23696912
23697575
23704961
23732753
23735054
23746302
23790068
23803565
23817647
23829121
23841845
23843402
23849061
23855137
23859911
23865350
23876687
23883715
23884862
23885957
23890167
23900772
23912660
23914292
23916557
23919017
23940747
23942022
23945159
23945957
23970589
23970593
23970621
23970626
23970630
23970631
23970637
23970652
23970701
23970712
23979072
23981220
23999937
24007871
24009673
24023922
24026794
24042102
24045192
24048540
24056483
24058545
24060550
24066175
24073783
24080632
24087779
24088852
24090892
24106125
24114074
24116696
24122688
24134407
24135571
24150466
24165211
24172279
24206432
24206645
24220351
24220352
24225578
24240041
24244772
24268139
24275265
24275730
24275734
24285598
24285600
24291114
24303899
24314778
24317097
24326578
24330048
24334293
24335464
24335955
24350785
24352128
24352129
24352133
24362829
24365430
24386329
24395488
24396138
24438059
24447075
24459685
24474889
24478062
24508691
24513542
24516077
24517107
24535692
24544797
24550376
24552413
24559556
24588778
24592640
24595610
24612218
24614720
24653750
24655791
24662060
24672684
24690532
24700957
24711869
24713227
24724458
24733152
24744342
24746008
24762640
24771307
24772130
24811564
24814157
24818991
24828556
24831378
24834453
24840601
24841252
24850356
24854914
24860686
24877236
24878586
24892437
24909546
24909596
24912537
24921247
24921640
24934985
24968685
24968686
24986642
25013972
25013977
25015934
25022566
25023463
25025338
25071771
25073035
25080350
25083768
25100316
25100820
25103064
25103395
25121345
25142195
25161350
25161759
25172338
25174641
25193247
25193248
25203547
25209699
25211018
25258394
25260425
25264397
25265092
25277551
25287511
25297332
25299416
25305698
25311145
25330794
25339379
25343680
25347827
25348878
25351544
25355799
25358292
25375138
25375929
25383001
25385043
25386238
25394158
25404075
25422395
25435331
25444048
25444510
25485649
25492382
25505040
25514584
25520453
25525055
25525120
25531672
25532465
25552608
25567012
25567228
25605310
25605970
25610000
25614523
25632942
25634568
25635276
25637233
25651740
25663247
25668642
25677998
25683888
25684293
25691394
25693010
25700164
25703276
25707998
25708895
25716172
25720837
25722576
25734088
25736987
25739793
25744604
25769888
25776279
25779614
25779998
25793702
25798160
25798161
25798165
25802057
25803295
25805501
25818349
25825429
25829004
25829517
25844928
25861399
25866106
25870417
25872989
25877026
25884178
25887081
25887811
25894582
25904252
25905049
25908677
25927024
25932012
25939121
25944861
25948433
25963907
25964151
25972403
25994097
26023809
26030326
26036101
26038763
26045520
26058628
26060467
26063719
26064828
26068964
26069511
26080629
26082663
26086162
26113517
26113890
26119266
26122912
26124780
26125585
26141516
26147869
26166431
26179306
26185887
26187433
26192780
26195002
26213693
26217043
26255040
26255887
26267527
26267880
26280325
26283341
26304920
26311859
26312720
26313112
26316957
26317454
26320992
26353867
26364122
26365167
26365824
26370737
26378262
26392654
26396445
26409743
26427677
26429894
26436423
26445822
26448460
26474815
26486830
26495292
26502175
26521909
26522755
26524876
26538551
26543391
26555244
26568393
26580999
26588087
26604241
26607421
26621404
26626129
26637236
26650998
26655298
26659215
26667603
26670914
26678367
26680646
26685199
26692604
26692606
26692609
26692624
26693768
26705119
26708458
26711310
26721608
26728351
26733496
26747418
26762155
26808978
26832901
26853900
26871538
26892231
26897108
26920946
26923891
26952892
26961856
26964840
26982990
26992411
27013811
27020501
27020963
27030921
27037391
27071977
27088540
27100768
27100771
27102715
27105564
27138664
27147725
27154184
27156997
27161310
27183031
27192520
27194693
27208390
27215069
27222772
27231125
27249890
27268712
27307072
27307174
27322048
27322050
27328030
27344187
27346117
27358468
27376011
27400713
27404938
27411696
27419816
27419819
27429850
27456194
27465246
27467164
27488881
27495107
27498082
27512795
27513385
27522711
27536942
27551787
27558164
27559553
27567281
27581381
27582306
27585981
27599076
27606153
27606673
27625376
27631046
27683203
27696564
27707942
27716251
27721440
27748767
27749107
27751728
27773873
27779299
27800128
27810982
27811837
27832149
27835625
27835630
27852877
27873284
27875039
27876463
27881812
27882070
27888719
27894194
27903355
27918528
27922851
27928093
27928366
27938337
27982548
27983500
27993382
27998453
28019101
28029229
28033297
28058468
28093460
28120643
28125925
28126049
28126263
28129372
28143443
28145405
28158226
28161356
28163288
28164598
28168761
28193743
28196838
28216574
28217702
28220718
28222792
28235102
28245406
28256292
28263990
28266263
28282487
28282646
28291299
28291970
28293699
28357375
28381602
28398683
28399709
28399798
28410389
28414665
28418297
28418316
28428838
28446129
28456488
28484042
28484210
28484511
28489855
28499289
28499290
28499407
28507905
28523273
28525592
28544669
28559923
28580832
28586013
28590237
28604483
28614210
28614239
28653418
28660379
28661232
28661234
28668606
28674374
28712183
28712508
28714113
28727773
28738852
28739269
28741188
28768983
28787460
28792374
28820345
28820347
28820706
28821219
28840989
28842664
28844341
28845266
28849315
28855625
28875956
28876292
28878003
28879115
28883964
28886021
28889773
28931218
28950764
28953787
28960028
28963103
28980302
28982539
29016285
29020152
29020192
29020212
29021433
29022569
29045605
29046410
29050149
29051759
29053737
29073145
29077095
29090453
29099372
29107621
29117430
29124540
29133803
29135519
29136161
29136744
29150724
29167762
29168582
29184321
29194668
29196305
29198180
29199801
29200767
29201173
29223963
29228176
29229275
29236656
29240636
29277436
29281641
29282916
29304083
29309603
29318719
29325576
29378606
29381995
29406973
29420441
29421962
29428183
29444835
29452838
29454847
29456191
29456657
29460228
29463465
29465666
29465692
29465698
29476680
29479917
29482701
29487468
29488587
29489672
29490620
29502129
29505766
29508609
29510664
29511628
29528992
29553314
29558910
29560291
29566044
29578082
29594126
29602529
29604973
29606088
29617372
29621949
29624562
29629652
29649256
29650059
29656208
29664391
29676865
29701397
29701849
29706150
29721241
29737273
29739928
29758067
29767349
29769048
29774840
29775498
29781128
29788937
29794319
29798749
29808269
29815275
29862601
29863099
29868249
29876142
29895642
29897409
29917039
29926499
29926944
29927932
29942761
29946052
29947802
29950241
29952481
29970355
29986091
29989871
29989879
30002834
30020089
30024965
30032631
30040912
30045704
30049254
30053759
30054230
30059541
30059969
30066818
30069486
30073493
30089647
30101068
30102681
30108417
30111076
30116352
30116697
30126946
30130365
30135229
30138611
30167051
30170530
30171709
30176838
30187020
30187651
30197093
30202933
30207805
30208094
30212095
30212544
30217146
30223307
30242931
30247262
30249224
30249387
30253732
30255340
30274488
30277371
30286790
30293320
30293678
30303576
30303967
30304043
30311792
30325448
30326217
30328249
30335766
30341234
30343296
30343380
30348065
30350130
30350534
30353336
30355761
30363029
30365462
30373754
30381419
30394857
30400890
30405111
30406142
30419249
30461599
30472926
30482099
30504976
30504982
30510656
30519456
30520715
30522233
30534908
30538059
30541237
30549974
30554960
30555861
30561941
30569652
30570479
30578519
30580325
30595174
30596396
30601824
30606108
30613571
30622992
30626283
30628946
30634041
30642721
30643682
30657796
30665481
30666470
30672757
30696640
30701122
30704517
30704779
30711012
30712088
30719964
30736765
30738716
30755969
30758895
30761904
30765286
30766863
30775155
30789907
30796068
30797635
30803039
30810592
30835745
30836112
30839394
30839908
30842346
30861169
30863278
30863622
30868001
30869043
30869456
30870407
30892396
30929971
30938474
30978941
30986474
30986477
30994442
31007828
31008842
31020874
31024549
31029716
31035371
31035953
31035990
31049433
31071095
31075255
31095105
31112488
31132142
31137149
31137965
31139835
31150464
31157398
31163477
31166625
31177585
31180047
31181033
31182617
31185990
31186010
31189578
31201641
31212076
31216284
31236392
31267496
31270342
31272070
31279583
31282868
31286879
31287148
31288744
31293985
31294847
31307183
31310214
31310223
31319358
31321646
31322756
31329597
31332179
31339283
31345262
31358689
31360448
31361406
31369000
31370018
31380117
31383781
31384636
31392211
31407659
31408592
31414635
31417035
31417509
31420018
31420644
31420649
31427238
31470384
31493340
31512516
31529858
31533185
31536507
31536976
31543554
31558132
31558291
31560366
31578447
31580177
31580558
31603731
31608961
31610107
31617243
31625831
31627750
31629021
31650814
31655225
31656468
31660400
31664945
31678932
31695443
31702628
31718355
31739773
31743797
31744461
31785234
31791265
31795587
31813414
31823386
31823567
31831159
31837130
31839781
31840059
31851086
31855531
31856347
31871011
31902016
31905408
31909495
31910464
31924165
31926946
31929602
31930972
31935208
31939991
31941739
31955971
31956996
31961303
31981241
31992144
31996251
32008664
32011725
32043652
32046662
32066637
32073549
32075535
32087699
32093931
32102805
32104041
32110402
32111369
32124253
32133205
32133697
32142774
32144538
32151957
32155002
32160272
32160927
32163252
32166672
32173267
32178940
32186817
32196988
32197326
32197740
32213195
32217461
32218425
32236138
32236386
32238570
32246772
32246944
32248327
32251462
32265212
32272157
32282444
32291912
32294266
32294540
32314703
32315810
32319409
32324601
32331231
32333247
32334844
32339705
32342229
32342844
32345631
32359431
32361735
32362198
32368345
32376729
32384963
32394208
32408379
32410628
32423945
32434244
32441635
32441638
32463429
32467532
32486870
32487047
32493291
32497029
32502432
32522244
32528126
32528847
32530859
32538043
32542715
32545465
32550236
32552964
32555593
32568824
32576149
32578862
32578863
32578864
32578865
32578866
32578867
32579011
32589508
32600274
32606288
32616037
32618352
32624340
32626718
32637904
32693735
32705996
32710788
32718967
32727677
32731796
32732543
32753004
32761255
32795443
32810868
32817658
32823408
32829675
32855750
32859835
32910381
32913606
32914687
32924365
32925597
32928054
32930821
32935779
32936831
32963009
32981425
32996869
33002081
33016812
33019420
33022266
33036234
33059539
33062981
33076608
33077622
33078640
33079046
33091812
33093286
33099614
33109767
33119668
33121618
33124529
33125317
33128333
33135465
33137962
33143735
33145937
33176262
33177120
33180016
33183229
33210137
33216161
33225223
33228858
33268187
33268755
33276749
33279534
33282751
33298143
33298710
33331441
33376363
33382076
33382077
33406131
33408711
33413152
33431607
33433108
33436440
33436504
33448490
33459991
33480044
33488577
33489929
33492091
33496202
33497377
33503149
33503569
33512899
33533807
33534407
33542273
33547108
33549544
33550909
33553703
33553841
33579057
33591973
33596133
33599121
33607303
33608114
33622474
33622721
33626825
33636805
33640982
33646066
33676773
33680984
33692048
33717675
33721817
33723617
33728759
33729402
33729411
33729413
33754988
33782148
33782149
33783414
33786101
33791870
33793630
33811833
33817178
33823769
33831337
33850722
33869906
33890852
33891652
33894904
33913769
33922782
33939630
33942164
33958492
33967236
33968792
33972353
33980644
33980645
33999990
34008719
34008728
34008730
34009081
34029326
34030158
34034668
34052138
34057249
34067165
34078297
34087923
34110749
34124256
34136617
34193456
34193666
34228757
34233535
34254848
34263964
34265386
34278696
34297303
34328411
34337017
34342809
34346717
34354688
34374901
34377686
34378872
34379615
34382410
34389284
34414771
34427565
34446151
34451387
34459298
34471079
34475233
34492041
34493087
34497776
34506577
34534364
34538874
34548414
34552793
34570834
34572612
34585031
34592307
34618786
34623102
34647402
34649493
34658692
34665270
34670182
34671693
34732343
34736813
34743474
34749803
34755815
34780379
34785619
34791386
34795711
34796232
34796555
34803955
34814570
34817512
34818844
34818951
34819643
34820493
34822361
34826521
34832520
34836779
34854615
34866637
34873027
34880455
34887350
34899710
34908934
34909613
34912410
34918682
34936652
34949547
34963243
34975080
34980709
34986286
34988907
35013084
35027140
35027857
35034049
35051197
35056505
35072256
35075989
35079776
35109919
35120035
35122676
35123638
35138118
35142533
35168629
35182406
35210171
35239907
35240382
35255564
35274369
35281239
35291446
35296084
35307682
35312664
35312686
35313939
35315702
35320874
35337225
35342368
35342371
35346384
35351731
35358217
35358795
35364661
35366922
35368000
35384775
35387497
35393933
35395693
35396807
35400316
35403844
35422800
35444649
35447230
35459752
35474757
35491834
35506855
35526849
35544222
35546445
35551170
35584858
35591749
35597181
35600700
35608350
35613083
35618414
35623581
35638776
35648234
35648735
35658597
35659903
35666816
35677763
35687593
35710444
35712312
35722306
35732476
35736242
35745563
35747471
35757611
35758191
35761766
35762371
35775125
35783686
35794656
35797306
35813094
35830766
35833787
35842215
35859321
35860869
35862766
35868971
35869970
35889972
35891183
35895406
35908795
35913147
35926293
35945210
35949800
35967432
35974924
35976045
35979517
35990229
36017039
36032456
36042411
36047113
36049344
36067281
36094429
36094511
36106509
36113438
36123886
36131541
36145487
36156517
36160273
36175452
36200507
36203756
36204625
36208268
36217269
36217361
36242512
36245423
36250835
36260281
36283073
36283270
36291681
36330841
36337357
36337605
36346888
36352984
36365029
36373343
36376214
36376519
36379372
36383897
36434126
36452956
36453925
36454341
36454606
36457685
36473345
36476916
36480422
36480449
36498280
36508716
36530424
36534698
36550723
36554342
36560615
36561703
36568332
36572006
36581899
36583308
36583465
36585274
36591923
36598263
36600952
36625252
36633032
36636853
36641134
36649527
36654977
36669636
36679917
36680167
36689103
36699377
36702577
36706010
36712768
36717139
36730573
36743121
36747166
36749853
36767946
36795919
36804603
36805081
36821515
36841722
36845231
36859517
36878691
36891379
36893095
36906465
36908571
36910345
36917571
36920282
36927340
36929714
36940224
36974013
36974569
36992554
36993963
37005164
37010823
37025798
37033177
37036342
37037444
37042677
37071576
37081834
37082541
37090699
37093863
37095461
37097740
37101664
37137650
37144018
37147588
37151273
37157863
37158235
37161601
37165832
37172529
37192527
37198568
37200262
37222624
37222630
37230902
37231355
37243256
37247195
37255260
37258290
37270546
37307579
37332341
37346161
37347187
37351522
37351772
37354670
37365906
37381052
37382360
37382544
37406062
37414065
37432077
37433168
37438105
37439491
37440462
37442966
37452127
37457516
37457540
37458733
37464586
37468070
37471666
37481272
37487001
37516425
37535664
37536265
37538024
37546086
37558642
37562586
37585871
37591267
37593890
37611054
37611864
37623959
37624371
37628309
37630520
37633659
37646070
37663112
37668986
37671885
37675118
37691357
37703251
37703891
37708918
37718557
37722404
37735714
37756291
37769216
37770241
37773472
37795301
37797201
37802159
37804809
37814742
37824787
37824788
37827185
37839882
37843010
37844988
37850496
37852552
37855609
37868301
37869408
37873860
37880309
37889847
37894040
37901207
37916720
37920596
37927541
37934903
37937275
37940459
37948399
37951699
37965724
37967472
37982491
37983134
37983269
37991986
37996885
38004673
38013501
38016343
38021536
38022871
38039859
38055447
38071543
38074241
38082318
38091829
38095465
38095473
38105236
38117715
38117716
38117717
38118022
38124508
38129918
38150487
38155769
38158934
38166151
38166231
38166680
38174681
38187347
38200989
38201292
38211601
38223155
38225809
38253515
38258964
38267579
38274871
38279792
38289395
38305089
38316362
38319302
38319847
38328514
38352810
38360847
38367986
38372541
38372543
38376088
38376245
38380496
38380602
38390016
38418941
38418989
38428259
38429196
38430842
38454820
38476951
38478741
38486194
38509173
38523794
38536197
38536221
38561779
38566025
38583824
38585600
38633399
38635616
38636938
38637892
38640174
38642546
38650744
38661035
38661428
38663730
38671340
38673412
38677407
38680788
38686211
38694502
38694926
38703532
38714714
38715887
38716940
38725703
38728874
38739120
38744439
38745370
38748394
38748684
38752914
38759832
38761835
38776332
38782949
38785248
38787868
38793665
38809884
38815665
38826626
38829929
38846122
38846191
38851401
38853483
38854070
38857309
38881623
38882653
38883209
38884588
38885995
38892397
38896421
38900827
38905249
38906808
38908301
38909686
38912217
38914204
38915997
38916363
38916588
38919834
38920894
38926415
38932740
38946160
38957199
38965961
38966907
38974881
38979216
38984233
38989081
39006335
39007562
39010964
39012000
39017656
39028747
39033301
39037061
39038264
39043612
39045730
39046152
39048113
39049468
39057786
39067061
39075238
39078793
39079016
39087657
39099895
39100049
39109153
39111574
39115038
39115231
39128473
39130078
39130792
39131275
39137269
39137971
39140192
39141747
39144389
39154666
39155473
39156921
39162489
39167417
39175401
39181152
39193406
39193963
39198032
39203989
39204286
39206117
39224445
39226326
39240843
39240879
39242507
39251676
39252220
39255545
39258662
39262177
39262771
39263009
39266217
39266688
39268262
39268312
39270129
39292018
39295869
39302442
39308221
39312755
39313283
39316078
39321510
39344309
39365015
39367791
39379557
39380581
39382915
39385133
39392025
39403610
39415268
39424100
39424576
39425823
39427935
39435206
39449915
39451646
39457256
39466544
39474163
39476167
39484466
39494226
39503502
39505127
39506662
39509430
39512493
39531321
39537062
39540599
39547659
39569307
39574316
39574550
39576996
39578093
39581401
39584350
39599503
39599512
39601414
39605378
39605820
39609019
39611839
