5056
5836
9898
10844
18990
19355
19360
20527
29566
36843
39257
39368
44175
44443
47673
51110
53340
54335
61735
62070
62164
74236
77604
78045
79664
119079
169734
175248
205174
207051
211934
235882
238468
240052
242295
319166
319167
320672
320751
321825
323214
323216
326365
326664
327214
327524
329760
329766
330814
332296
332309
333132
333150
333383
334062
335018
335970
337901
339839
340019
341810
342740
344224
345520
345598
345971
347685
349077
350155
350156
351242
351243
351507
352045
354284
355208
355684
355685
358687
359055
361570
362423
363675
364767
365921
366076
368301
368526
369547
370136
370763
372229
373623
379206
382097
383010
383721
383896
384903
384904
384908
385130
385765
386051
387601
388562
391151
391153
393168
394694
396393
396394
396395
396397
396580
398207
399370
399371
399372
399375
399377
399719
403861
405926
406437
412790
459044
539867
541872
548837
551512
551514
573988
575566
682374
765542
765543
765571
766180
773828
775646
776085
778448
782828
786888
788323
788487
788635
788871
790202
790905
792871
793522
793913
793915
794649
794943
799279
800280
803403
804447
807160
812423
818020
848403
875240
888798
892912
906033
911250
924832
965092
970375
984838
1089706
1090253
1091253
1091567
1097074
1099282
1099283
1100888
1104711
1104932
1106320
1106323
1107289
1107486
1107487
1108623
1108793
1180550
1228237
1228240
1228241
1255907
1285831
1294669
1295006
1295126
1298641
1309748
1311751
1313544
1315854
1327767
1334435
1339427
1376392
1391178
1397058
1398040
1409249
1420572
1443578
1445375
1445754
1459420
1474153
1479882
1485344
1499546
1505088
1505874
1514783
1520974
1522809
1539990
1541280
1543481
1551445
1562366
1566870
1567404
1567406
1574023
1577256
1577714
1584070
1587816
1597193
1601841
1602997
1607129
1628497
1632782
1634527
1637170
1645335
1659402
1660696
1679519
1684235
1701041
1703270
1707941
1711989
1713856
1723713
1729198
1730484
1733958
1762156
1774288
1781887
1785919
1785933
1808463
1827595
1836387
1838457
1855405
1864927
1901221
1905655
1905658
1908039
1908779
1908860
1910014
1917659
1917836
1918048
1918143
1926683
1936284
1955364
1959672
1964461
1981953
1987060
1993048
2013205
2023331
2031240
2043084
2048142
2059039
2060767
2075704
2079111
2079662
2079664
2083835
2093130
2098632
2101138
2101149
2106317
2108433
2110536
2114115
2118140
2118901
2124127
2124497
2124543
2126206
2126444
2127805
2129272
2129273
2132538
2145159
2149278
2168896
2174426
2180370
2180373
2182605
2185020
2185224
2188647
2200362
2203922
2204031
2205268
2205574
2216736
2236000
2240308
2244373
2245777
2252552
2253618
2256780
2283966
2292514
2311761
2319270
2341376
2346826
2347382
2349549
2349764
2392912
2405071
2423459
2431667
2432159
2441987
2450068
2474453
2492019
2501082
2504715
2515641
2517479
2521214
2535834
2537199
2581939
2594595
2600812
2648051
2648988
2648990
2655181
2655574
2661255
2663793
2667520
2668181
2668193
2669631
2673055
2679382
2690736
2694218
2728029
2750062
2761152
2807675
2812105
2824382
2843093
2843629
2844595
2857317
2866023
2867740
2876620
2880164
2901570
2972554
2992374
3023308
3029090
3037766
3041951
3046109
3046489
3049499
3050380
3050452
3051126
3056454
3057266
3057986
3058437
3061371
3069865
3079172
3082278
3086490
3095433
3100333
3108037
3116935
3118808
3121511
3122025
3122724
3124843
3126148
3127209
3137166
3137228
3139097
3141419
3178218
3201486
3230088
3249377
3278690
3288120
3288491
3290178
3290234
3290563
3291196
3293334
3297745
3300545
3301378
3301895
3305458
3306852
3307234
3314259
3316418
3317514
3318091
3323154
3323228
3326865
3326866
3329217
3329425
3332909
3373631
3398838
3401212
3410136
3411704
3433299
3435146
3453424
3506173
3512502
3513703
3518631
3518719
3523248
3528110
3529934
3531017
3531139
3538716
3539066
3542554
3546742
3546890
3548589
3548590
3549339
3555332
3566763
3570475
3610033
3610782
3616149
3709810
3722863
3736664
3741778
3753681
3759936
3778479
3789680
3792644
3798437
3882748
3882751
3884243
3885476
3887319
3888113
3888843
3891773
3894236
3895579
3896784
3908743
3909964
3913846
3927840
3931549
3936834
3946586
3968852
3980194
3985512
3988338
3988908
3994369
4030755
4032169
4047991
4049682
4107815
4110830
4111814
4132521
4134872
4202008
4204386
4206867
4208636
4212113
4214781
4250723
4273827
4288828
4291671
4301045
4309920
4311194
4312998
4318575
4323294
4324194
4359093
4365698
4368631
4369776
4467856
4490302
4551615
4551616
4551752
4552895
4553143
4553163
4553461
4556099
4556256
4556539
4560464
4561099
4562412
4562483
4563855
4564288
4564408
4565051
4565544
4566748
4566875
4568886
4570334
4572891
4572899
4573702
4575273
4576316
4577180
4578516
4578517
4580194
4580952
4580953
4580956
4583258
4584277
4584656
4584921
4585531
4586739
4587761
4587762
4587764
4588425
4589127
4589131
4591091
4594379
4595493
4595959
4595963
4596392
4596393
4596746
4596753
4598684
4601038
4601039
4601357
4601358
4602641
4604281
4605953
4606682
4606876
4607590
4607823
4609265
4613878
4614331
4615300
4615636
4616287
4616624
4619406
4621931
4628910
4630684
4633199
4633477
4663524
4712571
4860531
4860536
4861156
4864406
4865249
4865469
4865896
4865899
4865980
4866099
4866586
4867941
4868857
4869616
4870165
4870166
4870273
4871089
4872434
4872435
4872995
4872996
4873188
4874195
4876418
4877139
4877496
4877658
4877828
4878708
4879241
4880051
4882877
4883089
4883374
4884615
4884674
4884893
4886298
4886656
4886855
4890185
4890186
4890187
4890746
4890974
4891108
4891254
4891760
4891825
4891925
4893076
4893322
4896102
4896672
4896752
4897578
4898202
4899485
4901228
4902856
4902857
4902858
4905038
4905078
4905218
4905219
4905220
4905221
4905222
4905223
4905224
4905225
4905606
4905610
4905817
4905857
4905874
4905944
4906555
4906558
4908559
4909019
4911549
4912491
4917019
4919745
4919766
4921044
4921764
4921899
4922309
4922316
4922761
4923226
4925383
4926793
4926981
4927406
4927679
4927839
4928608
4930571
4930808
4931210
4931809
4934429
4935316
4936211
4940118
4941891
4944551
4944800
4944801
4944802
4945072
4945183
4946174
4946422
4946465
4948430
4948812
4949136
4949224
4949488
4950122
4950837
4956463
4959143
4960503
4963447
4965663
4965915
4967070
4967772
4972262
4973552
4977983
4980041
4983702
4983961
4985401
4986009
4992024
4993018
4993506
5003807
5041870
5164858
5322203
5322204
5322217
5325415
5325416
5325937
5326029
5326102
5326420
5327476
5327914
5328024
5329438
5330585
5330680
5332083
5332407
5332409
5332600
5333123
5333132
5333360
5334428
5334858
5335387
5335389
5335812
5335894
5335895
5336410
5336412
5337832
5337853
5337904
5339305
5339801
5339838
5339840
5339843
5340164
5340312
5340653
5341951
5342036
5342368
5905949
6008129
6115105
6171518
6183207
6198281
6200089
6204594
6236295
6252433
6273702
6292397
6294275
6305267
6305268
6305269
6305270
6308761
6338033
6338548
6338828
6340386
6341236
6341246
6342535
6347900
6352856
6353671
6355058
6357084
6358539
6359448
6361053
6362566
6364971
6365067
6372028
6372029
6376538
6376703
6380157
6385847
6389360
6389944
6391384
6394316
6394626
6394862
6396048
6396582
6398700
6400580
6400761
6405691
6409167
6414026
6414537
6441338
6468375
6490511
6490825
6492538
6503025
6508309
6530712
6630172
6638233
6690674
6693168
6694738
6729847
6737616
6751229
6751698
6754827
6755549
6758699
6759578
6761472
6761473
6761593
6763023
6763707
6764763
6765625
6768400
6783645
6785231
6785232
6794451
6795866
6797350
6817077
6824325
6842155
6988376
6989924
6990867
6997584
6997693
6997694
6998374
6999992
7000740
7000811
7000821
7004005
7004020
7004433
7005089
7005328
7005856
7006503
7006771
7010999
7011974
7011988
7012244
7013696
7013709
7014465
7016476
7016901
7018401
7031828
7032280
7033132
7033599
7036593
7036898
7037406
7037830
7038077
7039510
7040327
7040328
7041622
7041634
7042567
7043781
7044310
7044312
7046721
7046722
7048008
7049149
7051918
7062683
7153329
7174445
7179292
7241701
7241811
7243509
7271655
7275321
7300037
7311108
7316509
7331607
7346195
7369606
7395518
7399665
7406494
7412022
7421626
7443161
7456297
7476433
7476443
7476448
7478077
7503646
7515883
7525357
7537229
7542668
7546447
7556583
7558302
7558320
7559652
7559755
7570637
7592120
7592646
7592744
7593285
7603360
7616445
7624130
7646016
7654232
7656900
7662337
7664821
7672106
7673348
7682527
7689178
7701075
7713915
7714333
7720569
7729925
7737415
7737992
7745839
7755207
7756853
7761156
7762678
7764370
7764998
7766071
7768618
7779263
7790092
7801345
7802661
7819216
7836913
7865885
7877632
7883950
7887623
7893219
7896849
7898456
7898461
7901002
7925446
7925670
7929302
7938507
7960106
7962205
7975089
7986498
7989542
7989554
8005102
8006928
8011071
8024976
8027003
8028579
8028647
8038201
8045941
8047904
8047905
8053201
8055968
8081830
8085790
8103915
8112664
8126163
8144634
8144660
8150012
8150073
8184151
8192667
8195408
8198524
8199579
8210674
8215372
8223953
8224222
8225604
8226673
8226842
8244901
8251534
8256440
8258850
8268233
8285687
8293813
8302217
8310180
8324113
8331029
8349762
8355622
8357267
8385945
8390032
8398625
8405381
8405847
8408542
8408563
8417362
8418893
8421179
8421855
8427878
8446115
8450310
8458345
8484722
8509697
8515745
8521962
8527126
8527324
8527485
8530380
8531035
8534108
8555186
8555978
8557112
8569530
8576201
8577267
8585092
8592123
8592124
8593068
8598314
8599934
8611666
8613365
8631752
8631890
8637761
8640637
8645211
8645309
8647267
8647863
8649838
8660200
8662799
8662844
8662851
8666781
8678289
8679691
8690250
8698815
8702256
8702303
8702419
8713133
8723765
8726084
8737961
8739191
8747101
8750662
8750674
8752376
8757444
8764477
8772071
8779606
8784806
8795258
8811649
8815101
8815754
8820672
8831524
8834340
8843574
8846059
8852676
8859901
8863443
8863454
8866611
8871522
8876967
8880298
8880323
8885236
8890258
8896190
8900075
8907197
8910218
8920989
8939915
8940118
8942019
8943416
8948442
8954915
8982611
8984963
8999836
8999891
9013718
9014296
9016877
9032247
9041335
9041392
9049714
9055430
9067995
9072681
9076240
9080634
9081311
9083104
9089661
9097417
9108241
9113877
9113882
9135072
9138135
9168314
9169413
9170263
9171353
9193676
9202074
9208232
9230406
9236236
9237123
9241898
9242756
9248000
9252370
9276720
9282385
9290060
9294149
9306659
9310666
9310668
9312471
9327754
9330228
9330571
9339823
9351207
9351261
9353412
9353935
9359417
9361419
9365927
9366597
9388028
9393976
9405068
9411489
9413010
9421908
9434146
9438128
9464411
9465394
9469451
9478920
9488054
9489040
9491928
9494111
9504990
9516001
9516439
9516446
9529054
9532265
9548761
9550305
9553056
9560315
9585323
9588942
9589387
9596697
9596778
9603958
9603980
9606023
9614174
9614180
9620123
9622602
9632313
9642253
9659689
9662335
9670367
9678262
9685862
9692602
9696731
9705325
9705335
9708268
9708283
9708303
9708304
9712688
9712882
9713759
9717316
9717738
9725917
9727051
9732534
9733915
9743442
9746583
9755107
9763600
9766066
9766067
9767569
9767710
9783260
9783262
9784628
9792657
9795391
9795588
9797260
9797300
9802560
9804862
9806860
9812399
9813844
9813858
9820544
9826344
9826987
9834740
9834747
9835559
9843784
9851849
9856731
9862750
9886756
9889606
9889607
9915701
9917367
9925597
9987749
10028279
10037795
10071926
10071933
10085583
10198335
10200530
10208152
10208419
10213513
10224001
10224012
10320588
10320676
10338511
10340671
10346912
10356952
10357280
10359486
10373471
10375531
10376825
10388706
10388729
10397310
10397313
10397323
10397324
10397326
10401547
10411106
10411652
10412322
10419207
10419514
10422600
10427033
10429753
10443537
10456738
10456739
10456752
10456920
10463443
10463450
10473376
10476744
10477071
10487905
10488072
10488092
10489509
10490980
10496881
10497159
10517606
10521411
10528719
10553582
10564088
10574723
10588051
10596931
10598494
10609646
10611996
10618228
10633069
10634801
10644558
10644682
10644975
10648815
10665805
10667206
10669027
10675534
10677499
10678423
10682765
10691185
10694484
10703015
10706874
10708606
10712800
10713089
10716190
10716569
10742222
10746573
10748216
10749859
10749865
10760026
10763320
10768948
10770273
10775445
10777072
10785371
10788802
10812406
10813386
10820714
10839626
10843713
10844487
10852021
10852394
10880044
10885005
10885113
10894957
10899856
10908979
10914670
10930454
10930684
10932256
10935041
10937489
10941734
10942792
10944343
10945456
10945583
10965022
10983792
10995817
11009568
11019785
11021434
11031435
11041133
11044220
11055954
11060289
11079692
11080616
11086225
11097932
11103284
11110282
11114250
11116077
11124969
11126514
11129854
11131892
11132708
11133447
11134137
11153358
11162544
11165945
11171620
11178545
11186457
11188981
11204133
11205953
11207593
11208166
11211103
11233171
11245616
11248053
11265191
11271768
11283277
11320765
11324189
11328498
11336544
11338122
11379243
11379285
11394904
11403135
11406567
11411680
11411712
11425742
11427518
11428574
11453996
11457703
11465119
11473602
11474745
11478959
11501674
11507098
11509562
11512023
11518973
11525787
11533055
11553537
11554495
11557585
11564770
11570169
11571185
11577803
11595628
11595633
11601465
11603862
11624135
11676492
11679763
11680784
11686509
11692065
11696067
11713244
11718726
11720025
11722658
11722924
11735068
11735415
11741886
11752287
11774197
11790300
11808784
11812783
11817867
11829060
11829476
11833636
11843401
11843409
11843412
11847234
11850536
11860302
11874535
11906181
11922901
11923237
11926732
11961343
11966909
11967068
11972980
11976746
11996423
11997258
12009202
12013585
12024621
12029083
12030292
12037104
12076038
12093770
12105193
12121874
12125164
12135553
12146945
12160078
12165316
12170559
12175617
12189948
12195266
12208734
12213594
12214336
12237774
12239094
12350104
12356822
12374399
12381791
12382680
12417130
12432474
12432974
12435059
12444490
12448685
12450805
12452515
12466390
12468322
12485340
12491801
12494451
12501373
12503947
12521561
12525608
12527421
12534505
12565755
12568750
12571003
12577773
12593858
12595486
12608715
12615662
12620816
12631897
12631919
12631920
12632378
12640036
12654632
12696684
12696695
12704175
12723917
12728679
12731878
12732962
12733311
12739902
12747693
12750364
12800994
12803549
12804837
12805360
12817658
12824692
12833680
12839245
12839778
12844496
12853286
12869543
12871943
12883510
12883706
12894679
12911311
12911698
12916691
12926199
12926979
12928147
12929826
12933793
12960655
12968070
12974634
12976796
12997450
13001994
13007684
13012824
13014717
13048125
13048675
13065666
13066383
13070232
13071648
13081146
13109821
13120965
13126838
13129213
13134660
13148706
13148707
13148708
13148799
13152695
13156619
13159305
13198839
13229285
13236153
13257816
13259039
13259195
13259196
13263303
13269088
13285961
13285962
13289310
13315446
13315466
13328541
13328925
13328926
13332602
13353699
13366917
13366946
13376881
13382928
13383365
13398910
13403312
13403941
13405858
13423623
13426860
13427300
13428702
13435921
13446686
13446689
13447352
13448596
13457212
13470253
13470852
13473278
13475277
13509731
13510386
13513574
13513612
13517290
13526798
13526799
13531826
13531833
13546550
13554635
13559976
13570544
13581594
13582138
13594494
13598717
13601908
13617944
13626148
13630862
13636344
13650308
13650513
13661867
13672902
13674775
13677571
13696476
13699727
13701643
13704800
13723728
13742968
13746909
13747256
13750916
13766889
13767602
13780379
13793981
13802633
13802634
13802635
13802636
13802637
13807649
13812890
13813594
13829187
13837723
13846070
13849301
13861547
13871403
13893049
13898102
13909098
13912059
13912138
13912139
13913382
13922872
13926747
13926749
13941136
13941137
13950051
13958800
13965192
13977433
13984692
13986408
13988576
13992169
13998203
14002989
14014034
14014613
14023323
14026576
14026577
14026578
14026579
14038106
14039966
14040043
14040098
14040099
14040100
14044015
14047907
14054890
14072262
14084821
14084832
14090795
14090796
14092461
14097228
14100638
14101015
14107742
14119975
14133890
14137056
14145110
14145682
14147454
14151063
14163720
14163805
14167853
14169958
14171023
14182374
14182401
14187965
14189171
14197891
14198034
14198035
14200106
14208508
14208509
14212482
14215894
14215973
14234813
14237154
14238942
14239819
14245777
14247222
14252827
14256607
14257595
14264846
14273323
14285719
14291587
14292982
14293025
14295822
14296892
14305628
14308985
14317609
14325280
14325298
14325895
14328038
14331817
14339256
14339257
14342601
14344969
14346129
14348360
14350357
14352045
14368542
14392316
14395288
14397761
14398684
14404121
14423425
14429849
14440856
14449432
14449824
14452615
14455088
14461267
14485384
14496146
14496147
14504502
14510181
14511651
14533572
14535050
14550256
14554016
14556742
14557061
14563854
14564656
14572219
14614672
14623391
14660653
14663070
14667014
14687879
14690016
14690438
14700120
14715398
14715812
14717375
14719698
14732022
14744243
14747968
14747969
14766304
14771601
14780226
14793622
14806120
14825230
14829135
14830257
14832034
14837307
14839916
14843148
14850434
14852546
14861162
14869880
14872258
14885154
14897814
14946388
14947518
14955507
14979717
14987759
14996457
15011978
15013655
15027048
15027053
15033232
15037026
15038431
15038434
15071029
15077880
15080907
15096048
15107500
15109306
15109552
15117079
15127359
15128525
15128552
15128553
15133114
15138174
15140914
15142564
15149031
15151246
15157097
15158256
15163234
15163601
15170567
15173202
15178410
15183085
15184362
15187581
15194160
15201215
15203231
15222538
15222539
15225558
15240298
15244052
15244068
15244362
15246242
15269034
15272191
15279944
15294297
15328740
15330547
15331357
15353570
15364442
15364467
15425976
15458407
15465707
15472039
15472332
15492006
15498163
15506048
15514477
15517984
15522586
15528757
15549605
15553637
15574917
15578628
15580431
15598682
15612931
15633672
15635031
15638941
15642170
15649143
15649542
15650094
15659195
15666167
15677843
15680275
15686564
15687495
15701519
15705779
15721769
15721784
15730893
15743890
15746312
15746333
15751583
15781237
15784977
15785142
15791595
15806908
15809419
15812023
15816161
15817444
15827147
15839401
15850274
15850798
15854693
15854717
15870457
15878402
15885835
15895734
15902879
15919183
15920016
15923313
15923637
15938619
15943806
15954719
15956371
15965297
15979637
15988765
15992262
15992287
16000807
16008342
16013391
16014431
16030888
16031313
16031693
16054259
16080379
16083689
16085394
16085839
16094840
16094867
16101445
16115873
16125440
16128577
16145075
16146109
16150054
16151079
16157546
16163636
16172195
16175064
16175065
16177380
16177825
16238914
16242862
16245033
16254444
16256299
16272395
16274824
16280612
16287978
16297638
16308318
16332327
16332765
16335227
16339931
16344510
16346531
16347982
16349757
16349781
16349946
16349965
16349977
16372760
16390928
16391330
16394016
16411778
16411920
16413070
16416909
16420367
16430223
16434781
16452558
16460356
16461671
16472654
16472655
16474961
16478092
16480785
16490362
16504325
16512114
16514155
16535641
16541598
16557441
16557715
16557897
16558033
16558998
16559088
16559111
16559932
16560308
16560665
16561264
16561435
16561436
16561463
16561482
16566125
16566473
16598483
16606997
16614251
16620745
16629029
16638658
16647267
16672387
16672493
16673227
16677313
16679722
16689729
16692840
16701505
16701506
16701534
16715821
16725219
16730044
16751412
16758770
16778447
16804163
16806550
16842364
16887716
16888919
16893985
16907801
16907806
16908123
16917124
16923346
16960103
16960891
16971642
16985657
17027031
17036836
17047355
17066916
17067287
17073457
17076463
17092878
17092879
17112344
17114256
17117983
17119144
17122031
17126044
17141460
17146673
17156748
17156804
17167421
17177750
17183209
17188834
17196748
17200883
17202863
17211835
17215892
17224901
17244800
17249166
17277206
17283073
17294128
17302935
17314986
17333770
17346211
17348288
17350628
17351097
17356188
17363179
17367833
17369349
17370613
17395341
17397186
17418314
17423488
17446685
17458494
17496964
17516104
17519437
17520974
17524984
17525589
17536674
17552543
17563359
17581814
17600487
17649154
17658189
17658467
17659299
17664807
17666075
17674683
17692094
17699099
17710348
17741557
17760691
17763029
17780006
17808402
17836660
17881556
17889852
17894643
17900093
17905976
17910272
17936779
17953564
17956040
17961766
17967862
17982382
18004882
18022294
18032073
18039197
18051857
18060065
18068252
18068839
18069389
18073088
18077455
18083878
18084087
18093612
18095444
18101744
18102220
18156552
18159350
18159458
18174547
18178224
18182847
18234672
18242417
18249520
18251694
18289001
18310434
18323610
18325337
18326685
18355677
18369192
18374440
18383744
18387107
18387756
18388640
18389687
18414733
18434312
18442097
18452945
18457171
18457419
18490658
18495810
18502928
18508597
18515481
18538461
18543757
18550324
18592743
18595978
18606025
18611038
18636745
18658150
18665972
18667438
18667573
18671084
18671733
18698873
18708513
18710868
18725068
18761358
18787690
18801042
18818739
18834318
18845829
18886177
18902255
18909075
18917662
18917663
18932057
18936457
18957182
19011055
19014598
19020965
19047066
19071137
19096517
19103155
19109081
19112017
19118561
19135540
19149501
19151341
19159389
19160335
19164566
19170022
19187148
19200112
19233482
19255476
19256417
19259081
19270093
19270141
19270146
19287483
19290051
19291235
19297256
19298644
19350983
19351433
19351593
19353251
19394306
19428892
19447984
19450643
19469006
19487672
19488551
19517727
19519507
19521332
19528275
19543288
19555205
19571018
19573697
19580947
19602724
19621149
19661202
19673075
19681267
19684163
19684172
19710925
19712336
19715429
19720474
19720757
19726786
19759486
19767403
19767461
19777901
19779029
19786330
19786564
19799678
19804621
19805536
19831311
19834554
19837283
19840027
19843611
19853600
19868755
19868794
19882124
19903408
19906896
19915042
19932180
19933346
19933367
19945003
19945008
19951131
19968785
20003753
20004414
20030334
20038699
20046108
20056143
20085187
20088238
20116183
20141945
20145093
20173718
20178376
20184431
20224073
20251447
20264579
20264580
20264581
20267540
20295512
20300363
20301012
20301016
20343791
20357058
20361474
20363798
20369902
20377957
20406886
20412050
20418969
20435756
20435757
20445271
20453132
20453451
20457762
20462283
20471128
20475633
20475837
20501056
20510779
20511432
20519939
20536728
20537470
20547629
20548779
20552020
20562880
20569065
20569659
20581111
20586014
20629803
20630312
20637220
20663530
20688643
20688692
20688696
20688704
20690924
20693440
20698714
20701867
20703204
20709854
20716188
20720092
20724121
20796299
20809173
20812737
20826036
20846184
20868225
20881188
20889791
20961439
20967241
20975313
20980102
20989469
20989616
21026141
21053906
21054265
21061092
21064682
21078393
21083558
21115703
21120455
21130733
21132207
21136248
21138836
21149997
21153131
21154062
21169446
21171845
21171846
21182778
21183631
21193903
21195107
21203627
21247657
21261862
21284488
21310629
21315972
21315975
21315978
21315990
21317249
21324542
21367479
21378058
21378164
21378191
21388923
21403598
21411727
21412916
21434688
21464088
21466657
21486474
21493446
21515732
21538339
21585406
21592305
21635567
21640703
21649713
21652657
21691580
21696262
21707354
21729079
21747146
21747147
21747148
21748224
21749855
21757754
21791958
21804226
21808132
21811749
21815105
21822292
21833167
21833619
21851698
21856306
21866396
21878700
21887348
21890285
21895897
21908351
21925111
21930699
21933129
21940708
21955441
21975066
21999895
22003031
22008244
22012011
22044259
22048586
22054179
22054200
22060908
22061545
22061614
22063255
22063745
22069543
22075631
22109835
22120198
22139146
22149274
22159905
22172328
22172329
22172330
22172331
22178572
22182409
22186049
22197952
22200452
22203788
22223483
22230973
22237860
22239108
22252869
22257757
22297219
22298006
22344654
22352877
22362805
22363010
22367089
22374960
22385408
22405945
22417729
22420783
22446121
22479689
22488072
22504369
22508614
22512320
22513950
22525749
22529134
22537645
22538818
22543189
22544236
22565346
22616441
22621765
22644106
22660717
22665374
22675300
22681511
22684008
22691489
22706062
22729106
22745637
22761863
22773789
22778374
22801160
22814365
22828508
22837302
22848632
22850380
22869371
22894067
22894077
22935296
22935869
22980023
22993181
22995493
23000406
23009307
23025151
23034585
23035710
23040876
23042179
23047311
23087613
23097586
23113872
23122496
23127718
23136725
23155747
23158693
23160120
23181535
23206412
23224412
23236484
23239346
23239347
23239351
23239355
23246607
23249773
23291807
23301821
23334849
23349915
23362041
23388552
23396042
23396248
23397853
23409268
23421373
23422352
23439504
23453518
23462082
23476731
23499776
23506195
23509303
23516187
23518650
23521641
23523511
23533420
23536982
23555260
23557021
23559271
23563942
23563953
23585097
23585115
23600499
23603687
23623689
23625059
23631259
23637798
23645197
23645598
23669132
23679073
23688392
23695040
23707611
23707631
23716049
23735780
23755946
23763811
23767855
23769754
23810493
23811077
23816139
23818983
23825105
23831724
23838282
23871478
23873138
23884081
23905794
23916708
23918782
23934489
23936080
23947819
23971072
23971804
23971806
23971807
23971808
23971809
23999711
24011515
24018587
24039769
24079939
24088855
24096023
24096734
24106295
24106296
24112568
24130488
24147813
24156787
24162575
24165130
24172031
24185852
24195079
24203571
24206405
24215704
24246230
24252222
24252701
24253240
24333955
24360731
24360760
24369123
24386487
24389585
24394545
24418766
24419620
24420880
24423723
24448274
24459252
24461790
24463972
24468429
24472509
24473660
24475015
24488164
24492304
24502738
24506443
24541795
24542418
24558013
24560879
24580639
24582943
24584800
24584821
24587151
24598930
24605815
24615939
24621137
24631690
24632257
24654570
24673401
24678189
24709046
24724492
24747040
24766494
24768073
24791561
24795377
24837790
24853378
24867833
24892033
24919149
24924163
24928875
24930432
24954629
24961027
24966853
24967582
24984829
24997242
25029374
25031122
25054790
25058685
25060982
25062018
25076398
25079304
25079343
25084657
25084658
25107978
25111022
25149145
25157243
25175400
25188279
25192986
25198129
25210747
25230330
25232998
25239905
25254374
25277214
25281376
25303833
25307949
25311602
25312020
25317383
25335884
25336912
25340348
25356890
25362065
25362862
25377702
25407376
25408485
25417711
25428161
25433276
25440556
25445012
25448333
25466575
25472441
25474050
25475286
25475313
25475316
25489752
25502535
25502671
25518447
25577739
25581189
25592073
25619016
25622940
25636839
25646759
25648844
25652599
25658638
25681191
25706124
25707753
25731972
25753763
25767228
25783606
25805900
25814616
25830246
25836400
25838479
25838491
25862052
25882077
25882532
25888178
25923828
25937262
25937339
25954260
25992183
26012869
26048939
26057109
26068781
26077172
26093992
26094877
26104459
26109442
26116673
26158319
26159405
26176586
26177297
26191048
26198084
26204488
26219364
26221421
26223883
26227598
26235411
26239365
26278641
26287242
26294164
26324071
26341861
26350137
26363288
26368006
26368007
26386202
26393427
26397301
26404376
26404377
26417907
26422376
26430029
26432776
26449577
26449712
26473687
26477500
26485650
26494251
26519392
26524601
26545739
26555524
26574914
26583010
26593441
26613910
26619314
26639353
26640078
26688278
26703727
26729721
26745805
26779170
26812817
26818986
26833574
26865948
26866491
26879873
26885596
26936890
26936913
26939550
26953952
26994073
27016061
27016572
27025362
27030106
27043629
27043630
27060120
27060548
27075026
27076326
27077311
27106023
27108966
27110510
27128942
27169148
27189984
27234263
27234590
27236078
27237978
27240918
27242769
27303710
27307072
27320793
27345277
27353114
27375261
27376330
27380267
27419376
27424794
27432222
27461136
27474721
27496774
27517960
27519746
27527271
27565776
27665447
27686664
27687520
27699192
27771520
27785552
27789246
27795365
27800441
27817176
27825483
27832378
27840626
27853518
27855161
27914002
27915984
27919180
27924350
27958736
27989928
28058209
28076405
28082594
28092605
28106761
28138018
28159584
28163472
28216103
28223858
28260503
28280466
28282915
28299552
28374597
28382496
28384021
28392381
28393685
28398677
28421047
28443085
28450142
28455330
28464023
28500531
28516981
28522038
28522711
28524037
28546483
28612001
28617306
28641445
28655588
28684374
28686492
28686493
28692343
28693684
28701327
28705271
28707196
28733282
28786718
28800062
28800260
28800585
28802703
28805457
28807621
28809452
28816652
28822840
28823519
28839036
28850968
28869522
28874241
28898517
28923072
28937601
28982302
29021156
29042313
29044436
29050666
29073204
29085601
29094676
29114581
29133849
29150513
29166305
29174678
29180028
29183487
29208132
29213311
29222330
29253596
29277396
29287670
29288126
29293923
29293937
29309744
29327957
29332140
29339424
29360398
29364680
29375088
29389024
29389035
29407166
29408357
29420800
29449118
29449580
29458874
29464575
29487314
29495560
29524170
29531192
29562640
29575693
29576992
29580482
29621603
29623844
29644402
29684130
29685279
29728678
29735936
29745121
29751611
29762781
29763729
29804823
29865182
29883627
29900335
29923388
29929360
29933219
29947286
29954889
29957085
29965874
29969482
29973253
29978085
29988463
30000459
30000867
30005374
30013283
30036844
30058996
30071628
30076896
30118893
30128225
30142651
30152475
30168493
30183447
30235058
30241350
30254123
30263596
30275093
30321210
30344967
30355669
30389764
30401636
30408576
30453603
30483129
30485542
30502747
30533938
30539762
30548742
30641949
30642048
30681794
30699302
30701194
30701230
30714030
30731557
30731599
30731631
30739815
30763675
30769001
30790588
30795102
30795105
30795120
30795122
30795140
30795142
30795149
30805378
30812103
30812109
30812119
30812121
30812122
30812165
30812167
30812203
30812286
30812291
30812331
30822850
30822868
30822946
30822950
30822973
30826539
30835736
30836460
30836461
30836477
30836531
30856729
30856746
30856759
30866216
30866230
30866256
30866264
30866266
30866277
30866296
30866305
30866316
30866345
30885380
30893162
30913614
30913620
30913670
30913696
30913718
30921833
30921838
30921841
30921849
30921889
30921938
30921946
30921959
30932710
30934390
30934408
30934431
30934481
30934496
30934499
30934512
30939651
30939652
30939658
30939660
30939664
30939682
30939691
30939694
30939711
30943590
30943613
30943620
30943635
30943639
30943640
30943648
30943649
30943651
30951166
30951182
30959630
30959639
30959677
30959688
30959698
30959703
30965417
30965430
30965436
30965458
30965507
30965509
30965519
30978794
30978864
30991489
30991497
30991563
30993666
30998432
31003321
31003340
31003377
31018272
31018274
31018284
31018291
31018312
31018318
31018337
31022781
31022785
31026888
31051562
31051584
31051585
31051600
31051603
31051604
31051648
31051666
31071773
31071797
31071798
31071807
31071825
31071834
31071855
31071903
31081164
31084043
31084061
31084102
31084135
31084174
31091628
31113041
31113048
31113050
31113058
31113090
31113125
31113132
31113140
31113160
31114283
31121695
31121732
31121759
31121765
31137299
31137323
31137327
31137328
31137368
31137370
31137382
31137397
31137426
31157190
31158955
31158963
31159008
31159088
31159118
31172236
31172914
31181950
31195475
31207733
31207736
31207755
31207766
31207801
31207826
31207839
31247064
31253774
31273059
31280529
31294175
31300115
31321275
31323228
31337022
31359994
31394847
31412583
31413225
31524993
31533008
31547338
31568706
31612604
31614473
31632929
31677435
31694233
31697731
31787706
31850103
31850105
31858953
31868020
31877649
31905908
31936866
31991613
31991691
31998594
31999364
32032587
32037222
32051157
32061395
32065061
32086908
32108007
32116775
32126735
32153532
32242264
32247696
32283925
32306327
32306328
32321011
32336757
32392791
32397147
32429286
32455538
32490395
32509003
32517944
32521963
32539958
32539985
32563133
32565813
32586970
32611700
32623962
32645406
32646271
32652466
32654405
32664513
32688397
32715936
32764511
32777687
32783216
32800814
32806662
32868357
32874299
32883811
32886756
32891179
32899742
32912576
32918927
32932195
32932818
32957706
32959610
32971422
33125074
33139893
33149650
33156710
33186413
33202855
33237680
33240046
33249408
33264329
33284399
33299101
33322848
33337102
33367144
33374240
33374954
33379146
33414295
33435866
33488912
33518376
33544107
33562846
33584620
33613471
33616873
33629143
33673660
33728904
33745511
33776650
33794266
33822982
33824238
33827003
33837264
33852978
33875433
33889847
33918753
33919101
33944905
33944913
33955287
33956128
33956777
33966588
33974975
33992177
34080898
34119114
34122366
34158496
34219270
34259080
34260163
34260169
34276611
34292452
34297282
34299143
34312272
34326824
34335550
34346710
34361086
34367084
34378656
34399549
34421389
34435866
34491388
34502443
34551726
34574922
34584436
34586891
34589070
34600690
34632725
34754033
34788135
34792262
34809957
34835472
34851542
34863492
34930154
34952090
35018289
35050991
35054941
35055088
35092418
35106614
35110559
35141866
35151353
35164473
35185840
35194932
35202162
35208668
35214776
35222028
35222299
35231189
35243127
35311524
35312149
35355901
35385264
35402123
35448890
35488556
35499308
35532617
35583330
35615503
35622602
35630444
35630620
35640100
35644717
35681327
35690448
35705606
35713923
35737025
35758756
35783090
35892106
35900283
35918187
35955526
35977619
35992160
36076392
36077016
36136581
36139945
36156798
36201881
36238585
36257634
36281180
36284604
36287296
36287979
36292800
36296172
36329575
36339146
36347585
36359973
36373002
36377961
36410272
36425077
36443684
36580960
36589392
36598224
36653893
36668823
36684858
36685319
36687640
36692296
36693544
36707052
36740263
36828397
36828407
36828437
36834951
36846039
36865543
36905786
36972858
36976032
36982762
36990353
37019040
37048287
37079454
37106479
37107375
37117240
37157163
37207553
37325016
37336823
37347519
37368691
37375080
37418788
37440610
37453106
37505681
37505863
37509527
37515229
37575412
37586089
37610295
37620089
37628902
37642004
37668956
37675600
37679840
37707681
37720476
37721495
37727978
37750689
37766149
37783297
37798783
37897305
37954779
37970410
37971252
37991627
37997664
37999590
38003443
38004476
38008781
38140671
38144879
38162447
38164940
38167130
38175697
38179913
38230911
38250942
38284533
38301732
38347673
38393175
38395317
38404539
38409723
38422213
38435899
38455166
38465871
38473729
38521935
38525945
38528637
38552896
38561027
38581020
38611721
38623273
38637066
38714267
38721605
38722336
38779676
38787072
38837035
38839615
38853516
38864825
38873139
38881667
38897423
38908515
38988063
38991068
38998532
39002873
39030812
39043421
39050323
39057949
39059624
39093638
39104622
39108685
39130480
39130517
39138824
39169227
39179697
39199825
39239735
39250672
39260571
39261531
39287793
39287892
39289805
39311906
39315101
39328645
39338971
39346565
39378799
39385561
39442427
39453207
39453219
39472099
39480097
39500211
39501395
39502941
39533523
39546182
39598044
39612032
5056
5836
9898
10844
18990
19355
19360
20527
29566
36843
39257
39368
44175
44443
47673
51110
53340
54335
61735
62070
62164
74236
77604
78045
79664
119079
169734
175248
205174
207051
211934
235882
238468
240052
242295
319166
319167
320672
320751
321825
323214
323216
326365
326664
327214
327524
329760
329766
330814
332296
332309
333132
333150
333383
334062
335018
335970
337901
339839
340019
341810
342740
344224
345520
345598
345971
347685
349077
350155
350156
351242
351243
351507
352045
354284
355208
355684
355685
358687
359055
361570
362423
363675
364767
365921
366076
368301
368526
369547
370136
370763
372229
373623
379206
382097
383010
383721
383896
384903
384904
384908
385130
385765
386051
387601
388562
391151
391153
393168
394694
396393
396394
396395
396397
396580
398207
399370
399371
399372
399375
399377
399719
403861
405926
406437
412790
459044
539867
541872
548837
551512
551514
573988
575566
682374
765542
765543
765571
766180
773828
775646
776085
778448
782828
786888
788323
788487
788635
788871
790202
790905
792871
793522
793913
793915
794649
794943
799279
800280
803403
804447
807160
812423
818020
848403
875240
888798
892912
906033
911250
924832
965092
970375
984838
1089706
1090253
1091253
1091567
1097074
1099282
1099283
1100888
1104711
1104932
1106320
1106323
1107289
1107486
1107487
1108623
1108793
1179868
1180550
1228237
1228240
1228241
1255907
1285831
1294669
1295006
1295126
1298641
1309748
1311751
1313544
1315854
1327767
1334435
1339427
1376392
1391178
1397058
1398040
1409249
1420572
1443578
1445375
1445754
1459420
1474153
1479882
1485344
1499546
1505088
1505874
1514783
1520974
1522809
1539990
1541280
1543481
1551445
1562366
1566870
1567404
1567406
1574023
1577256
1577714
1584070
1587816
1597193
1601841
1602997
1607129
1628497
1632782
1634527
1637170
1645335
1659402
1660696
1679519
1684235
1701041
1703270
1707941
1711989
1713856
1723713
1729198
1730484
1733958
1762156
1774288
1781887
1785919
1785933
1808463
1827595
1836387
1838457
1855405
1864927
1901221
1905655
1905658
1908039
1908779
1908860
1910014
1917659
1917836
1918048
1918143
1926683
1936284
1955364
1959672
1964461
1981953
1987060
1993048
2013205
2023331
2031240
2031295
2043084
2048142
2059039
2060767
2075704
2079111
2079662
2079664
2083835
2093130
2098632
2101138
2101149
2106317
2108433
2110536
2114115
2118140
2118901
2124127
2124497
2124543
2126206
2126444
2127805
2129272
2129273
2132538
2145159
2149278
2168896
2174426
2180370
2180373
2182605
2185020
2185224
2188647
2200362
2203922
2204031
2205268
2205574
2216736
2236000
2240308
2244373
2245777
2252552
2253618
2256780
2283966
2292514
2311761
2319270
2341376
2346826
2347382
2349549
2349764
2392912
2405071
2423459
2431667
2432159
2441987
2450068
2474453
2492019
2501082
2504715
2515641
2517479
2521214
2535834
2537199
2545809
2581939
2594595
2600812
2648051
2648988
2648990
2655181
2655574
2661255
2663793
2667520
2668181
2668193
2669631
2673055
2679382
2690736
2694218
2728029
2750062
2761152
2794146
2807675
2812105
2823931
2824382
2843093
2843629
2844595
2857317
2866023
2867740
2876620
2880164
2901570
2972554
2992374
3023308
3029090
3037766
3041951
3046109
3046489
3049499
3050380
3050452
3051126
3056454
3057266
3057986
3058437
3061371
3069865
3079172
3082278
3086490
3095433
3100333
3108037
3108333
3116935
3118808
3121511
3122025
3122724
3124843
3126148
3127209
3137166
3137228
3139097
3141419
3178218
3201486
3230088
3249377
3278690
3288120
3288491
3290178
3290234
3290563
3291196
3293334
3297745
3300545
3301378
3301895
3305458
3306852
3307234
3314259
3316418
3317514
3318091
3323154
3323228
3326865
3326866
3329217
3329425
3332909
3373631
3398838
3401212
3410136
3411704
3433299
3435146
3453424
3506173
3512502
3513703
3518631
3518719
3523248
3528110
3529934
3531017
3531139
3538716
3539066
3542554
3546742
3546890
3548589
3548590
3549339
3555332
3566763
3570475
3610033
3610782
3616149
3709810
3722863
3736664
3741778
3753681
3759936
3778479
3789680
3792644
3798437
3882748
3882751
3884243
3885476
3887319
3888113
3888843
3891773
3894236
3895579
3896784
3908743
3909964
3913846
3927840
3931549
3936834
3946586
3968852
3980194
3985512
3988338
3988908
3994369
4030755
4032169
4047991
4049682
4107815
4110830
4111814
4132521
4134872
4202008
4204386
4206867
4208636
4212113
4214781
4250723
4273827
4288828
4291671
4301045
4309920
4311194
4312998
4318575
4323294
4324194
4359093
4365698
4368631
4369776
4467856
4490302
4551615
4551616
4551752
4552895
4553143
4553163
4553461
4556099
4556256
4556539
4560464
4561099
4562412
4562483
4563855
4564288
4564408
4565051
4565544
4566748
4566875
4568886
4570334
4572891
4572899
4573702
4575273
4576316
4577180
4578516
4578517
4580194
4580952
4580953
4580956
4583258
4584277
4584656
4584921
4585531
4586739
4587761
4587762
4587764
4588425
4589127
4589131
4591091
4594379
4595493
4595959
4595963
4596392
4596393
4596746
4596753
4598684
4601038
4601039
4601357
4601358
4602641
4604281
4605953
4606682
4606876
4607590
4607823
4609265
4613878
4614331
4615300
4615636
4616287
4616624
4619406
4621931
4628910
4630684
4633199
4633477
4663524
4712571
4860531
4860536
4861156
4864406
4865249
4865469
4865896
4865899
4865980
4866099
4866586
4867941
4868857
4869616
4870165
4870166
4870273
4871089
4872434
4872435
4872995
4872996
4873188
4874195
4876418
4877139
4877496
4877658
4877828
4878708
4879241
4880051
4882877
4883089
4883374
4884615
4884674
4884893
4886298
4886656
4886855
4890185
4890186
4890187
4890746
4890974
4891108
4891254
4891760
4891825
4891925
4893076
4893322
4896102
4896672
4896752
4897578
4898202
4899485
4901228
4902856
4902857
4902858
4905038
4905078
4905218
4905219
4905220
4905221
4905222
4905223
4905224
4905225
4905606
4905610
4905817
4905857
4905874
4905944
4906555
4906558
4908559
4909019
4911549
4912491
4917019
4919745
4919766
4921044
4921764
4921899
4922309
4922316
4922761
4923226
4925383
4926793
4926981
4927406
4927679
4927839
4928608
4930571
4930808
4931210
4931809
4934429
4935316
4936211
4940118
4941891
4944551
4944800
4944801
4944802
4945072
4945183
4946174
4946422
4946465
4948430
4948812
4949136
4949224
4949488
4950122
4950837
4956463
4959143
4960503
4963447
4965663
4965915
4967070
4967772
4972262
4973552
4977983
4980041
4983702
4983961
4985401
4986009
4992024
4993018
4993506
5003807
5041870
5164858
5322203
5322204
5322217
5325415
5325416
5325937
5326029
5326102
5326420
5327476
5327914
5328024
5329438
5330585
5330680
5332083
5332407
5332409
5332600
5333123
5333132
5333360
5334428
5334858
5335387
5335389
5335812
5335894
5335895
5336410
5336412
5337832
5337853
5337904
5339305
5339801
5339838
5339840
5339843
5340164
5340312
5340653
5341951
5342036
5342368
5905949
6008129
6115105
6171518
6183207
6198281
6200089
6204594
6236295
6252433
6273702
6292397
6293618
6294275
6305267
6305268
6305269
6305270
6308761
6338033
6338548
6338828
6340386
6341236
6341246
6342535
6347900
6352856
6353671
6355058
6357084
6358539
6359448
6361053
6362566
6364971
6365067
6372028
6372029
6376538
6376703
6380157
6385847
6389360
6389944
6391384
6394316
6394626
6394862
6396048
6396582
6398700
6400580
6400761
6405691
6409167
6414026
6414537
6441338
6468375
6490511
6490825
6492538
6503025
6508309
6530712
6630172
6638233
6690674
6693168
6694738
6729847
6737616
6751229
6751698
6754827
6755549
6758699
6759578
6761472
6761473
6761593
6763023
6763707
6764763
6765625
6768400
6783645
6785231
6785232
6794451
6795866
6797350
6817077
6824325
6842155
6988376
6989924
6990867
6997584
6997693
6997694
6998374
6999992
7000740
7000811
7000821
7004005
7004020
7004433
7005089
7005328
7005856
7006503
7006771
7010999
7011974
7011988
7012244
7013696
7013709
7014465
7016476
7016901
7018401
7031828
7032280
7033132
7033599
7036593
7036898
7037406
7037830
7038077
7039510
7040327
7040328
7041622
7041634
7042567
7043781
7044310
7044312
7046721
7046722
7048008
7049149
7051918
7062683
7153329
7174445
7179292
7241701
7241811
7243509
7271655
7275321
7300037
7311108
7316509
7329453
7331607
7346195
7369606
7395518
7399665
7406494
7412022
7421626
7443161
7456297
7476433
7476443
7476448
7478077
7503646
7515883
7525357
7537229
7542668
7546447
7556583
7558302
7558320
7559652
7559755
7570637
7592120
7592646
7592744
7593285
7603360
7603469
7616445
7624130
7646016
7654232
7656900
7662337
7664821
7672106
7673348
7682527
7689178
7701075
7713915
7714333
7720569
7729925
7737415
7737992
7745839
7755207
7756853
7761156
7762678
7764370
7764998
7766071
7768618
7779263
7790092
7801345
7802661
7819216
7836913
7865885
7877632
7883950
7887623
7893219
7896849
7898456
7898461
7901002
7925446
7925670
7929302
7938507
7960106
7962205
7975089
7986498
7989542
7989554
8005102
8006928
8011071
8011788
8024976
8027003
8028579
8028647
8038201
8045941
8047904
8047905
8053201
8055968
8081830
8085790
8103915
8112664
8126163
8144634
8144660
8150012
8150073
8184151
8192667
8195408
8198524
8199579
8210674
8215372
8223953
8224222
8225604
8226673
8226842
8244901
8251534
8256440
8258850
8268233
8285687
8293813
8302217
8310180
8324113
8331029
8349762
8355622
8357267
8385945
8390032
8398625
8405381
8405847
8408542
8408563
8417362
8418893
8421179
8421855
8427878
8446115
8450310
8458345
8484722
8509697
8515745
8521962
8527126
8527324
8527485
8530380
8531035
8534108
8555186
8555978
8557112
8569530
8576201
8577267
8585092
8592123
8592124
8593068
8598314
8599934
8611666
8613365
8631752
8631890
8637761
8640637
8645211
8645309
8647267
8647863
8649838
8660200
8662799
8662844
8662851
8666781
8678289
8679691
8690250
8698815
8702256
8702303
8702419
8713133
8723765
8726084
8737961
8739191
8747101
8750662
8750674
8752376
8757444
8764477
8772071
8779606
8784806
8795258
8811649
8815101
8815754
8820672
8831524
8834340
8843574
8846059
8852676
8859901
8863443
8863454
8866611
8871522
8876967
8880298
8880323
8885236
8890258
8896190
8900075
8907197
8910218
8919644
8920989
8939915
8940118
8942019
8943416
8948442
8954915
8982611
8984963
8999836
8999891
9013718
9014296
9016877
9032247
9041335
9041392
9049714
9055430
9067995
9072681
9076240
9080634
9081311
9083104
9089661
9097417
9108241
9113877
9113882
9135072
9138135
9168314
9169413
9170263
9171353
9193676
9202074
9208232
9230406
9236236
9237123
9241898
9242756
9248000
9252370
9276720
9282385
9290060
9294149
9306659
9310666
9310668
9312471
9327754
9330228
9330571
9339823
9351207
9351261
9353412
9353935
9359417
9361419
9365927
9366597
9388028
9393976
9405068
9411489
9413010
9421908
9434146
9438128
9464411
9465394
9469451
9478920
9488054
9489040
9491928
9494111
9504990
9516001
9516439
9516446
9529054
9532265
9548761
9550305
9553056
9560315
9585323
9588942
9589387
9596697
9596778
9603958
9603980
9606023
9614174
9614180
9620123
9622602
9632313
9642253
9659689
9662335
9670367
9678262
9685862
9692602
9696731
9705325
9705335
9708268
9708283
9708303
9708304
9712688
9712882
9713759
9717316
9717738
9725917
9727051
9732534
9733915
9743442
9746583
9755107
9763600
9766066
9766067
9767569
9767710
9783260
9783262
9784628
9792657
9795391
9795588
9797260
9797300
9802560
9804862
9806860
9812399
9813844
9813858
9820544
9826344
9826987
9834740
9834747
9835559
9843784
9851849
9856731
9862750
9886756
9889606
9889607
9915701
9917367
9925597
9987749
10028279
10037795
10071926
10071933
10085583
10198335
10200530
10208152
10208419
10213513
10224001
10224012
10320588
10320676
10338511
10340671
10346912
10356952
10357280
10359486
10373471
10375531
10376825
10388706
10388729
10397310
10397313
10397323
10397324
10397326
10401547
10411106
10411652
10412322
10419207
10419514
10422600
10427033
10429753
10443537
10455249
10456738
10456739
10456752
10456920
10463443
10463450
10473376
10476744
10477071
10487905
10488072
10488092
10489509
10490980
10496881
10497159
10517606
10521411
10528719
10553582
10564088
10574530
10574723
10588051
10596931
10598494
10609646
10611996
10618228
10633069
10634801
10644558
10644682
10644975
10648815
10665805
10667206
10669027
10675534
10677499
10678423
10682765
10691185
10694484
10703015
10706874
10708606
10712800
10713089
10716190
10716569
10742222
10746573
10748216
10749859
10749865
10760026
10763320
10768948
10770273
10775445
10777072
10785371
10788802
10812406
10813386
10820714
10826832
10839626
10843713
10844487
10852021
10852394
10880044
10885005
10885113
10894957
10899856
10908979
10914670
10930454
10930684
10932256
10935041
10937489
10941734
10942792
10944343
10945456
10945583
10965022
10983792
10995817
11009568
11019785
11021434
11031435
11041133
11044220
11055954
11060289
11079692
11080616
11086225
11097932
11103284
11110282
11114250
11116077
11124969
11126514
11129854
11131892
11132708
11133447
11134137
11153358
11162544
11165945
11171620
11178545
11186457
11188981
11204133
11205953
11207593
11208166
11211103
11233171
11245616
11248053
11265191
11271768
11283277
11320765
11324189
11328498
11336544
11338122
11379243
11379285
11394904
11403135
11406567
11411680
11411712
11425742
11427518
11428574
11453996
11457703
11465119
11473602
11474745
11478959
11501674
11507098
11509562
11512023
11518973
11525787
11533055
11553537
11554495
11557585
11564770
11570169
11571185
11577803
11595628
11595633
11601465
11603862
11624135
11676492
11679763
11680784
11686509
11692065
11696067
11713244
11718726
11720025
11722658
11722924
11735068
11735415
11741886
11752287
11774197
11790300
11808784
11812783
11817867
11829060
11829476
11833636
11843401
11843409
11843412
11847234
11850536
11860302
11874535
11906181
11922901
11923237
11926732
11961343
11966909
11967068
11972980
11976746
11996423
11997258
12009202
12013585
12024621
12029083
12030292
12037104
12076038
12093770
12105193
12121874
12125164
12135553
12146945
12160078
12165316
12170559
12175617
12189948
12195266
12208734
12213594
12214336
12237774
12239094
12350104
12356822
12374399
12381791
12382680
12417130
12432474
12432974
12435059
12444490
12448685
12450805
12452515
12466390
12468322
12485340
12491801
12494451
12501373
12503947
12521561
12525608
12527421
12534505
12565755
12568750
12571003
12577773
12593858
12595486
12608715
12615662
12620816
12631897
12631919
12631920
12632378
12640036
12654632
12696684
12696695
12704175
12723917
12728679
12731878
12732962
12733311
12739902
12747693
12750364
12800994
12803549
12804837
12805360
12817658
12824692
12833680
12839245
12839778
12844496
12853286
12869543
12871943
12883510
12883706
12894679
12911311
12911698
12916691
12926199
12926979
12928147
12929826
12933793
12960655
12968070
12974634
12976796
12997450
13001994
13007684
13012824
13014717
13048125
13048675
13065666
13066383
13070232
13071648
13081146
13109821
13120965
13126838
13129213
13134660
13148706
13148707
13148708
13148799
13152695
13156619
13159305
13198839
13229285
13236153
13257816
13259039
13259195
13259196
13263303
13269088
13285961
13285962
13289310
13315446
13315466
13328541
13328925
13328926
13332602
13353699
13366917
13366946
13376881
13382928
13383365
13398910
13403312
13403941
13405858
13423623
13426860
13427300
13428702
13435921
13446686
13446689
13447352
13448596
13457212
13470253
13470852
13473278
13475277
13509731
13510386
13513574
13513612
13517290
13526798
13526799
13531826
13531833
13546550
13554635
13559976
13570544
13581594
13582138
13594494
13598717
13601908
13617944
13626148
13630862
13636344
13650308
13650513
13661867
13672902
13674775
13677571
13696476
13699727
13701643
13704800
13723728
13742968
13746909
13747256
13750916
13766889
13767602
13780379
13793981
13802633
13802634
13802635
13802636
13802637
13807649
13812890
13813594
13829187
13837723
13846070
13849301
13861547
13871403
13893049
13898102
13909098
13912059
13912138
13912139
13913382
13922872
13926747
13926749
13941136
13941137
13950051
13958800
13965192
13977433
13984692
13986408
13988576
13992169
13998203
14002989
14014034
14014613
14023323
14026576
14026577
14026578
14026579
14038106
14039966
14040043
14040098
14040099
14040100
14044015
14047907
14054890
14072262
14084821
14084832
14090795
14090796
14092461
14097228
14100638
14101015
14107742
14119975
14133890
14137056
14145110
14145682
14147454
14151063
14163720
14163805
14167853
14169958
14171023
14182374
14182401
14187965
14189171
14197891
14198034
14198035
14200106
14208508
14208509
14212482
14215894
14215973
14234813
14237154
14238942
14239819
14245777
14247222
14252827
14256607
14257595
14264846
14273323
14285719
14291587
14292982
14293025
14295822
14296892
14305628
14308985
14317609
14325280
14325298
14325895
14328038
14331817
14339256
14339257
14342601
14344969
14346129
14348360
14350357
14352045
14368542
14392316
14395288
14397761
14398684
14404121
14423425
14429849
14440856
14449432
14449824
14452615
14455088
14461267
14485384
14496146
14496147
14504502
14510181
14511651
14533572
14535050
14550256
14554016
14556742
14557061
14563854
14564656
14572219
14614672
14623391
14660653
14663070
14667014
14687879
14690016
14690438
14700120
14715398
14715812
14717375
14719698
14732022
14744243
14747968
14747969
14766304
14771601
14780226
14793622
14806120
14825230
14829135
14830257
14832034
14837307
14839916
14843148
14850434
14852546
14861162
14869880
14872258
14885154
14897814
14946388
14947518
14955507
14979717
14987759
14996457
15011978
15013655
15027048
15027053
15033232
15037026
15038431
15038434
15062246
15071029
15077880
15080907
15096048
15107500
15109306
15109552
15117079
15127359
15128525
15128552
15128553
15133114
15138174
15140914
15142564
15149031
15151246
15157097
15158256
15163234
15163601
15170567
15173202
15178410
15183085
15184362
15187581
15194160
15201215
15203231
15222538
15222539
15225558
15240298
15244052
15244068
15244362
15246242
15269034
15272191
15279944
15294297
15328740
15330547
15331357
15353570
15364442
15364467
15425976
15458407
15465707
15472039
15472332
15492006
15498163
15506048
15514477
15517984
15522586
15528757
15549605
15553637
15574917
15578628
15580431
15598682
15612931
15633672
15635031
15638941
15642170
15649143
15649542
15650094
15659195
15666167
15677843
15680275
15686564
15687495
15701519
15705779
15721769
15721784
15730893
15743890
15746312
15746333
15751583
15781237
15784977
15785142
15791595
15806908
15809419
15812023
15816161
15817444
15827147
15839401
15850274
15850798
15854693
15854717
15870457
15878402
15885835
15895734
15902879
15919183
15920016
15923313
15923637
15938619
15943806
15954719
15956371
15965297
15979637
15988765
15992262
15992287
16000807
16008342
16013391
16014431
16030888
16031313
16031693
16054259
16080379
16083689
16085394
16085839
16094840
16094867
16101445
16115873
16125440
16128577
16145075
16146109
16150054
16151079
16157546
16163636
16172195
16175064
16175065
16177380
16177825
16238914
16242862
16245033
16254444
16256299
16272395
16274824
16280612
16287978
16297638
16308318
16332327
16332765
16335227
16339931
16344510
16346531
16347982
16349757
16349781
16349946
16349965
16349977
16372760
16390928
16391330
16394016
16411778
16411920
16413070
16416909
16420367
16430223
16434781
16452558
16460356
16461671
16472654
16472655
16474961
16478092
16480785
16490362
16504325
16512114
16514155
16535641
16541598
16557441
16557715
16557897
16558033
16558998
16559088
16559111
16559932
16560308
16560665
16561264
16561435
16561436
16561463
16561482
16566125
16566473
16598483
16606997
16614251
16620745
16629029
16638658
16647267
16672387
16672493
16673227
16677313
16679722
16689729
16692840
16701505
16701506
16701534
16715821
16725219
16730044
16751412
16758770
16778447
16804163
16806550
16842364
16887716
16888919
16893985
16907801
16907806
16908123
16917124
16923346
16960103
16960891
16971642
16985657
17027031
17036836
17047355
17066916
17067287
17073457
17076463
17092878
17092879
17112344
17114256
17117983
17119144
17122031
17126044
17141460
17146673
17156748
17156804
17167421
17177750
17183209
17188834
17196748
17200883
17202863
17211835
17215892
17224901
17244800
17249166
17277206
17283073
17294128
17302935
17314986
17333770
17346211
17348288
17350628
17351097
17356188
17363179
17367833
17369349
17370613
17395341
17397186
17418314
17423488
17446685
17458494
17496964
17516104
17519437
17520974
17524984
17525589
17536674
17552543
17563359
17581814
17600487
17649154
17658189
17658467
17659299
17664807
17666075
17674683
17692094
17699071
17699099
17710348
17741557
17760691
17763029
17780006
17808402
17836660
17881556
17889852
17894643
17900093
17905976
17910272
17936779
17953564
17956040
17961766
17967862
17982382
18004882
18022294
18032073
18039197
18051857
18060065
18068252
18068839
18069389
18073088
18076008
18077455
18083878
18084087
18093612
18095444
18101744
18102220
18156552
18159350
18159458
18174547
18178224
18182847
18234672
18242417
18249520
18251694
18289001
18310434
18323610
18325337
18326685
18355677
18369192
18374440
18383744
18387107
18387756
18388640
18389687
18414733
18434312
18442097
18452945
18457171
18457419
18490658
18495810
18502928
18508597
18515481
18538461
18543757
18550324
18592743
18595978
18606025
18611038
18636745
18658150
18665972
18667438
18667573
18671084
18671733
18698873
18708513
18710868
18725068
18761358
18787690
18801042
18818739
18834318
18845829
18886177
18902255
18909075
18917662
18917663
18932057
18936457
18957182
19011055
19014598
19020965
19047066
19071137
19096517
19103155
19109081
19112017
19118561
19135540
19149501
19151341
19159389
19160335
19164566
19170022
19187148
19200112
19233482
19255476
19256417
19259081
19270093
19270141
19270146
19287483
19290051
19291235
19297256
19298644
19350983
19351433
19351593
19353251
19394306
19428892
19447984
19450643
19469006
19487672
19488551
19517727
19519507
19521332
19528275
19543288
19555205
19571018
19573697
19580947
19602724
19621149
19661202
19673075
19681267
19684163
19684172
19710925
19712336
19715429
19720474
19720757
19726786
19759486
19767403
19767461
19777901
19779029
19786330
19786564
19799678
19804621
19805536
19831311
19834554
19837283
19840027
19843611
19853600
19868755
19868794
19882124
19903408
19906896
19907349
19915042
19932180
19933346
19933367
19945003
19945008
19951131
19968785
20003753
20004414
20030334
20038699
20046108
20056143
20085187
20088238
20116183
20141945
20145093
20173718
20178376
20184431
20224073
20251447
20264579
20264580
20264581
20267540
20295512
20300363
20301012
20301016
20343791
20357058
20361474
20363798
20369902
20377957
20406886
20412050
20418969
20435756
20435757
20445271
20453132
20453451
20457762
20462283
20471128
20475633
20475837
20501056
20510779
20511432
20519939
20536728
20537470
20547629
20548779
20552020
20562880
20569065
20569659
20581111
20586014
20629803
20630312
20637220
20663530
20688643
20688692
20688696
20688704
20690924
20693440
20698714
20701867
20703204
20709854
20716188
20720092
20724121
20796299
20809173
20812737
20826036
20846184
20868225
20881188
20889791
20961439
20967241
20975313
20980102
20989469
20989616
21026141
21053906
21054265
21061092
21064682
21078393
21083558
21115703
21120455
21130733
21132207
21136248
21138836
21149997
21153131
21154062
21169446
21171845
21171846
21182778
21183631
21193903
21195107
21203627
21247657
21261862
21284488
21310629
21315972
21315975
21315978
21315990
21317249
21324542
21367479
21378058
21378164
21378191
21388923
21403598
21411727
21412916
21434688
21464088
21466657
21486474
21493446
21515732
21538339
21585406
21592305
21635567
21640703
21649713
21652657
21691580
21696262
21707354
21729079
21747146
21747147
21747148
21748224
21749855
21757754
21791958
21804226
21808132
21811749
21815105
21822292
21833167
21833619
21851698
21856306
21866396
21878700
21887348
21890285
21895897
21908351
21925111
21930699
21933129
21940708
21955441
21975066
21999895
22003031
22008244
22012011
22044259
22048586
22054179
22054200
22060908
22061545
22061614
22063255
22063745
22069543
22075631
22109835
22120198
22139146
22149274
22159905
22172328
22172329
22172330
22172331
22178572
22182409
22186049
22197952
22200452
22203788
22223483
22230973
22237860
22239108
22252869
22257757
22297219
22298006
22344654
22352877
22362805
22363010
22367089
22374960
22385408
22405945
22417729
22420783
22446121
22479689
22488072
22504369
22508614
22512320
22513950
22525749
22529134
22537645
22538818
22543189
22544236
22565346
22616441
22621765
22644106
22660717
22665374
22675300
22681511
22684008
22691489
22706062
22729106
22745637
22761863
22773789
22778374
22801160
22814365
22828508
22837302
22848632
22850380
22869371
22894067
22894077
22935296
22935869
22980023
22993181
22995493
23000406
23009307
23025151
23034585
23035710
23040876
23042179
23047311
23087613
23097586
23113872
23122496
23127718
23136725
23155747
23158693
23160120
23181535
23206412
23224412
23236484
23239346
23239347
23239351
23239355
23246607
23249773
23291807
23301821
23334849
23349915
23362041
23388552
23396042
23396248
23397853
23409268
23421373
23422352
23439504
23453518
23462082
23476731
23499776
23506195
23509303
23516187
23518650
23521641
23523511
23533420
23536982
23543344
23555260
23557021
23559271
23563942
23563953
23585097
23585115
23600499
23603687
23623689
23625059
23631259
23637798
23645197
23645598
23669132
23679073
23688392
23695040
23707611
23707631
23716049
23735780
23755946
23763811
23767855
23769754
23810493
23811077
23816139
23818983
23825105
23831724
23838282
23871478
23873138
23884081
23905794
23916708
23918782
23934489
23936080
23947819
23971072
23971804
23971806
23971807
23971808
23971809
23999711
24011515
24018587
24039769
24079939
24088855
24096023
24096734
24106295
24106296
24112568
24130488
24147813
24156787
24162575
24165130
24172031
24185852
24195079
24203571
24206405
24215704
24246230
24252222
24252701
24253240
24333955
24360731
24360760
24369123
24386487
24389585
24394545
24418766
24419620
24420880
24423723
24448274
24459252
24461790
24463972
24468429
24472509
24473660
24475015
24488164
24492304
24502738
24506443
24541795
24542418
24558013
24560879
24580639
24582943
24584800
24584821
24587151
24598930
24605815
24615939
24621137
24631690
24632257
24654570
24673401
24678189
24709046
24724492
24747040
24766494
24768073
24791561
24795377
24837790
24853378
24867833
24892033
24919149
24924163
24928875
24930432
24954629
24961027
24966853
24967582
24984829
24997242
25029374
25031122
25054790
25058685
25060982
25062018
25076398
25079304
25079343
25084657
25084658
25107978
25111022
25149145
25157243
25175400
25188279
25192986
25198129
25210747
25230330
25232998
25239905
25254374
25277214
25281376
25303833
25307949
25311602
25312020
25317383
25335884
25336912
25340348
25356890
25362065
25362862
25377702
25407376
25408485
25417711
25428161
25433276
25440556
25445012
25448333
25466575
25472441
25474050
25475286
25475313
25475316
25489752
25502535
25502671
25518447
25577739
25581189
25592073
25619016
25622940
25636839
25646759
25648844
25652599
25658638
25681191
25706124
25707753
25731972
25753763
25767228
25783606
25805900
25814616
25830246
25836400
25838479
25838491
25862052
25882077
25882532
25888178
25913863
25923828
25937262
25937339
25954260
25992183
26012869
26048939
26057109
26068781
26077172
26093992
26094877
26104459
26109442
26116673
26158319
26159405
26175735
26176586
26177297
26191048
26198084
26204488
26219364
26221421
26223883
26227598
26235411
26239365
26278641
26287242
26294164
26298858
26324071
26341861
26350137
26363288
26368006
26368007
26386202
26393427
26397301
26404376
26404377
26417907
26422376
26430029
26432776
26449577
26449712
26473687
26477500
26485650
26494251
26519392
26524601
26545739
26555524
26574914
26583010
26593441
26613910
26619314
26639353
26640078
26688278
26703727
26729721
26745805
26779170
26812817
26818986
26833574
26865948
26866491
26879873
26885596
26936890
26936913
26939550
26953952
26957069
26994073
27016061
27016572
27025362
27030106
27043629
27043630
27060120
27060548
27075026
27076326
27077311
27106023
27108966
27110510
27121208
27128942
27169148
27189984
27234263
27234590
27236078
27237978
27240918
27242769
27303710
27307072
27320793
27345277
27353114
27375261
27376330
27380267
27419376
27424794
27432222
27461136
27474721
27496774
27517960
27519746
27527271
27565776
27665447
27686664
27687520
27699192
27771520
27785552
27789246
27795365
27800441
27817176
27825483
27832378
27840626
27853518
27855161
27914002
27915984
27919180
27924350
27958736
27989928
28026097
28058209
28076405
28082594
28092605
28106761
28138018
28159584
28163472
28216103
28223858
28260503
28280466
28282915
28299552
28374597
28382496
28384021
28392381
28393685
28398677
28421047
28443085
28450142
28455330
28464023
28500531
28516981
28522038
28522711
28524037
28546483
28578412
28612001
28617306
28641445
28655588
28684374
28686492
28686493
28692343
28693684
28701327
28705271
28707196
28733282
28786718
28800062
28800260
28800585
28802703
28805457
28807621
28809452
28816652
28822840
28823519
28839036
28850968
28869522
28874241
28898517
28923072
28937601
28955942
28982302
29021156
29042313
29044436
29050666
29073204
29085601
29094676
29114581
29133849
29150513
29166305
29174678
29180028
29183487
29208132
29213311
29222330
29253596
29277396
29287670
29288126
29293923
29293937
29309744
29327957
29332140
29339424
29360398
29364680
29375088
29389024
29389035
29407166
29408357
29420800
29449118
29449580
29458874
29464575
29487314
29495560
29524170
29531192
29562640
29575693
29576992
29580482
29621603
29623844
29644402
29684130
29685279
29728678
29735936
29745121
29751611
29762781
29763729
29804823
29865182
29883627
29900335
29923388
29929360
29933219
29947286
29954889
29957085
29965874
29969482
29973253
29978085
29988463
30000459
30000867
30005374
30013283
30036844
30058996
30071628
30076896
30118893
30128225
30142651
30152475
30168493
30183447
30235058
30241350
30254123
30263596
30275093
30321210
30344967
30355669
30389764
30401636
30408576
30453603
30483129
30485542
30502747
30533938
30539762
30548742
30641949
30642048
30681794
30699302
30701194
30701230
30714030
30731557
30731599
30731631
30739815
30763675
30769001
30790588
30793007
30795102
30795105
30795120
30795122
30795140
30795142
30795149
30805378
30812103
30812109
30812119
30812121
30812122
30812165
30812167
30812203
30812286
30812291
30812331
30822850
30822868
30822946
30822950
30822973
30826539
30835736
30836460
30836461
30836477
30836531
30856729
30856746
30856759
30866216
30866230
30866256
30866264
30866266
30866277
30866296
30866305
30866316
30866345
30885380
30893162
30913614
30913620
30913670
30913696
30913718
30921833
30921838
30921841
30921849
30921889
30921938
30921946
30921959
30932710
30934390
30934408
30934431
30934481
30934496
30934499
30934512
30939651
30939652
30939658
30939660
30939664
30939682
30939691
30939694
30939711
30943590
30943613
30943620
30943635
30943639
30943640
30943648
30943649
30943651
30951166
30951182
30959630
30959639
30959677
30959688
30959698
30959703
30965417
30965430
30965436
30965458
30965507
30965509
30965519
30978794
30978864
30991489
30991497
30991563
30993666
30998432
31003321
31003340
31003377
31018272
31018274
31018284
31018291
31018312
31018318
31018337
31022781
31022785
31026888
31051562
31051584
31051585
31051600
31051603
31051604
31051648
31051666
31071773
31071797
31071798
31071807
31071825
31071834
31071855
31071903
31081164
31084043
31084061
31084102
31084135
31084174
31091628
31113041
31113048
31113050
31113058
31113090
31113125
31113132
31113140
31113160
31114283
31121695
31121732
31121759
31121765
31129336
31137299
31137323
31137327
31137328
31137368
31137370
31137382
31137397
31137426
31157190
31158955
31158963
31159008
31159088
31159118
31172236
31172914
31181950
31195475
31207733
31207736
31207755
31207766
31207801
31207826
31207839
31247064
31253774
31273059
31280529
31294175
31300115
31321275
31323228
31337022
31354197
31359994
31394847
31412583
31413225
31524993
31533008
31547338
31568706
31612604
31614473
31632929
31677435
31694233
31697731
31787706
31850103
31850105
31858953
31868020
31877649
31905908
31936866
31991613
31991691
31998594
31999364
32032587
32037222
32051157
32061395
32065061
32086908
32108007
32116775
32126735
32153532
32242264
32247696
32283925
32306327
32306328
32321011
32336757
32392791
32397147
32429286
32455538
32490395
32509003
32517944
32521963
32539958
32539985
32563133
32565813
32586970
32611700
32623962
32645406
32646271
32652466
32654405
32664513
32688397
32715936
32764511
32777687
32783216
32800814
32806662
32868357
32874299
32883045
32883811
32886756
32891179
32899742
32912576
32918927
32932195
32932818
32957706
32959610
32971422
33125074
33139893
33149650
33156710
33186413
33202855
33237680
33240046
33249408
33264329
33284399
33299101
33322848
33337102
33367144
33374240
33374954
33379146
33414295
33435866
33488912
33518376
33544107
33562846
33584620
33613471
33616873
33629143
33673660
33728904
33745511
33776650
33794266
33822982
33824238
33827003
33837264
33852978
33875433
33889847
33918753
33919101
33944905
33944913
33955287
33956128
33956777
33966588
33974975
33992177
34080898
34119114
34122366
34158496
34219270
34259080
34260163
34260169
34276611
34292452
34297282
34299143
34312272
34326824
34335550
34346710
34361086
34367084
34378656
34399549
34421389
34435866
34491388
34502443
34551726
34574922
34584436
34586891
34589070
34600690
34632725
34754033
34788135
34792262
34809957
34835472
34851542
34863492
34930154
34952090
35018289
35050991
35054941
35055088
35092418
35106614
35110559
35141866
35151353
35164473
35185840
35194932
35202162
35208668
35214776
35222028
35222299
35231189
35243127
35311524
35312149
35355901
35385264
35402123
35448890
35488556
35499308
35532617
35583330
35615503
35622602
35630444
35630620
35640100
35644717
35681327
35690448
35705606
35713923
35737025
35758756
35783090
35892106
35900283
35918187
35955526
35977619
35992160
36076392
36077016
36136581
36139945
36156798
36201881
36238585
36257634
36281180
36284604
36287296
36287979
36292800
36296172
36329575
36339146
36347585
36359973
36373002
36377961
36410272
36425077
36443684
36580960
36589392
36598224
36653893
36668823
36684858
36685319
36687640
36692296
36693544
36707052
36740263
36828397
36828407
36828437
36834951
36846039
36865543
36905786
36972858
36976032
36982762
36990353
37019040
37048287
37079454
37106479
37107375
37117240
37157163
37207553
37325016
37336823
37347519
37368691
37375080
37418788
37440610
37453106
37505681
37505863
37509527
37515229
37575412
37586089
37610295
37620089
37628902
37642004
37668956
37675600
37679840
37707681
37720476
37721495
37727978
37750689
37766149
37783297
37798783
37897305
37954779
37970410
37971252
37991627
37997664
37999590
38003443
38004476
38008781
38140671
38144879
38162447
38164940
38167130
38175697
38179913
38230911
38250942
38284533
38301732
38347673
38393175
38395317
38404539
38409723
38422213
38435899
38455166
38465871
38473729
38521935
38525945
38528637
38552896
38561027
38581020
38611721
38623273
38637066
38714267
38721605
38722336
38779676
38787072
38837035
38839615
38853516
38864825
38873139
38881667
38897423
38908515
38988063
38991068
38998532
39002873
39030812
39043421
39050323
39057949
39059624
39093638
39104622
39108685
39130480
39130517
39138824
39169227
39179697
39199825
39200505
39239735
39250672
39260571
39261531
39287793
39287892
39289805
39311906
39315101
39328645
39338971
39346565
39378799
39385561
39442427
39453207
39453219
39472099
39480097
39500211
39501395
39502941
39533523
39546182
39598044
39612032
