8769472
8782626
8791861
8911297
9220590
9228748
9270844
9271480
9532670
9542921
9650992
9705438
9758844
9844254
10329911
10347871
10399040
10401583
10401588
10508058
10994587
11060051
11130351
11131554
11212023
11254550
11472962
11592698
11755675
11985602
12065534
12113301
12228303
12296400
12399207
12459241
12553448
12624022
12691195
12704100
12842330
14535454
14550668
14582795
14667040
15110330
15128589
15158689
15172693
15264722
15315858
15546886
15584412
15648844
15664934
15695711
15962470
16018935
16177373
16336470
16337812
16427243
16546278
16875393
17092328
17098893
17132470
17140864
17194809
17212985
17337536
17394525
17418985
17537179
17573111
17625202
17718161
17761491
17850573
17957117
17991014
18236626
18353022
18406547
18430254
18496731
18604495
18665241
18692141
18692776
18802111
18806000
18840139
19019569
19038556
19059342
19120642
19265122
19270123
19278524
19309483
19412913
19552776
19584561
19591942
19698997
19750806
19762441
19809256
19961667
20096393
20158579
20199577
20206273
20226863
20298447
20394724
20402229
20420911
20430538
20541016
20728538
20816809
20883793
20951726
20955799
21111784
21122131
21130885
21167286
21192545
21294750
21401641
21413510
21504081
21601381
21640389
21641928
21642003
21683091
21683734
21708205
21763772
21767649
21780152
21785929
21840065
21911465
21932531
21945146
21983421
22042302
22056500
22107596
22119576
22129787
22142819
22188170
22281608
22300787
22347573
22354020
22480661
22504166
22510211
22521422
22538352
22550467
22561356
22579550
22677479
22736973
22771964
22796422
22796486
22858580
22885028
22889848
22897319
22898664
22967257
22986588
22989514
23001668
23029244
23030835
23041506
23059376
23063784
23073771
23089138
23090960
23128045
23192319
23218409
23264498
23357024
23376472
23398064
23490045
23499519
23516181
23603298
23623616
23629026
23746201
23790934
23792389
23911652
23968692
23978565
23992037
23994081
24031591
24031866
24041843
24056051
24064381
24078005
24102320
24201192
24215645
24367659
24371547
24371552
24372271
24378589
24394623
24412436
24469064
24495783
24496225
24547653
24583177
24621602
24781647
24830770
24857863
24859594
24874684
24877656
24898800
24903878
24945570
24954661
24956597
24992587
25007657
25038285
25050859
25075726
25090938
25097961
25120218
25123833
25192808
25229484
25240979
25300254
25304547
25345976
25360536
25392797
25445900
25449382
25449707
25457548
25466575
25530581
25542382
25555811
25707597
25758848
25827628
25902698
25908134
25917975
25934185
25938624
25957884
26010409
26048002
26091834
26095827
26099220
26108035
26109009
26117728
26121302
26162478
26182985
26232860
26241508
26308356
26363230
26407038
26449313
26455663
26472617
26549174
26602918
26615008
26618602
26626585
26686572
26713223
26747640
26792759
26872628
26921543
26945103
26997202
27026037
27033910
27189917
27192145
27219014
27226029
27235905
27302864
27311435
27345170
27368539
27373470
27382376
27449269
27461422
27506276
27535839
27540054
27542613
27592048
27599938
27619367
27629917
27633670
27663679
27732898
27790379
27825948
27911873
27984102
27992801
27993974
28082497
28091882
28117298
28124778
28126946
28219342
28235637
28266220
28278674
28286313
28332027
28341456
28357982
28408239
28413047
28415641
28425874
28495564
28499943
28501446
28528707
28546023
28624491
28658259
28684322
28705722
28732765
28732766
28743628
28787246
28818616
28848512
28867209
28875385
28882453
28882806
29017944
29022311
29037949
29107064
29146444
29155258
29196271
29275131
29305992
29315698
29355762
29374514
29625243
29625244
29635710
29659850
29679761
29694393
29696335
29786935
29847601
29859306
29877008
29886139
29960061
29960065
29981472
29981882
30006044
30010014
30044823
30051484
30056210
30064021
30176713
30194054
30237797
30296481
30324910
30336284
30359748
30359749
30359754
30366372
30368025
30374125
30401644
30439496
30458312
30474150
30550739
30584602
30611777
30630049
30644117
30733751
30742322
30797055
30853656
30872030
30917926
30936047
30997880
31004799
31020947
31071462
31082516
31108388
31115073
31176756
31184378
31193988
31200074
31202962
31226419
31252045
31260736
31271838
31276790
31306760
31319206
31323329
31338393
31352119
31419532
31499203
31516920
31521784
31591734
31654082
31667269
31667299
31751630
31756455
31783145
31805413
31811886
31841691
31851413
31880879
31899359
31968265
31984538
31991231
32006686
32046727
32059079
32061872
32087279
32092407
32093601
32100309
32119919
32169665
32224281
32248610
32286628
32388020
32470509
32473358
32544537
32561456
32561457
32569744
32614907
32615969
32619625
32621456
32634523
32634526
32637831
32736161
32738514
32756380
32763336
32781206
32805417
32823237
32845532
32899555
32929781
32940251
32958634
32959452
32998424
33031901
33157200
33217566
33248045
33331287
33333216
33348035
33440635
33466950
33609809
33647308
33713023
33812989
33817937
33857622
33889141
33937328
34044039
34089887
34124228
34130423
34291412
34305652
34450131
34499748
34506883
34537336
34551359
34597813
34803969
34910977
34925332
34944289
34946096
34965443
34990805
35019091
35052439
35054883
35158571
35229712
35238157
35263448
35268115
35309129
35367515
35398160
35430349
35460877
35500875
35529822
35580797
35616379
35630328
35705871
35729615
35733967
35859219
35891737
35903476
36044968
36122732
36138746
36171522
36183838
36191827
36245338
36257553
36420492
36420510
36425608
36470404
36473550
36503055
36529400
36552378
36552431
36788544
36809599
36835242
36851232
36857464
36860433
36866813
36936431
36976213
36992208
37107584
37120045
37175440
37178986
37207886
37399879
37422900
37448875
37513733
37515077
37604267
37660857
37674346
37723600
37766120
37875037
37956799
38043875
38056579
38097934
38104698
38138020
38146734
38151141
38269202
38278004
38338118
38459562
38489116
38491989
38498111
38574830
38582147
38585696
38633195
38640442
38672310
38751408
38798108
38895715
38925448
39021738
39025166
39093558
39122096
39160764
39166362
39207865
39283126
39309031
39390880
8769472
8782626
8791861
8911297
9220590
9228748
9270844
9271480
9532670
9542921
9650992
9705438
9758844
9844254
10329911
10347871
10399040
10401583
10401588
10508058
10994587
11060051
11130351
11131554
11212023
11254550
11472962
11592698
11755675
11985602
12065534
12113301
12228303
12296400
12399207
12459241
12553448
12624022
12691195
12704100
12842330
14535454
14550668
14582795
14667040
15110330
15128589
15158689
15172693
15264722
15315858
15546886
15584412
15648844
15664934
15695711
15962470
16018935
16177373
16336470
16337812
16427243
16546278
16875393
17092328
17098893
17132470
17140864
17194809
17212985
17337536
17394525
17418985
17537179
17573111
17625202
17718161
17761491
17850573
17957117
17991014
18236626
18353022
18406547
18430254
18496731
18604495
18665241
18692141
18692776
18802111
18806000
18840139
19019569
19038556
19059342
19120642
19265122
19270123
19278524
19309483
19412913
19552776
19584561
19591942
19698997
19750806
19762441
19809256
19961667
20096393
20158579
20199577
20206273
20226863
20298447
20394724
20402229
20420911
20430538
20541016
20728538
20816809
20883793
20951726
20955799
21111784
21122131
21130885
21167286
21192545
21294750
21401641
21413510
21504081
21601381
21640389
21641928
21642003
21683091
21683734
21708205
21763772
21767649
21780152
21785929
21840065
21911465
21932531
21945146
21983421
22042302
22056500
22107596
22119576
22129787
22142819
22188170
22281608
22300787
22347573
22354020
22480661
22504166
22510211
22521422
22538352
22550467
22561356
22579550
22677479
22736973
22771964
22796422
22796486
22858580
22885028
22889848
22897319
22898664
22967257
22973472
22986588
22989514
23001668
23029244
23030835
23041506
23059376
23063784
23073771
23089138
23090960
23128045
23192319
23218409
23264498
23357024
23376472
23398064
23490045
23499519
23516181
23603298
23623616
23629026
23746201
23790934
23792389
23911652
23968692
23978565
23992037
23994081
24031591
24031866
24041843
24056051
24064381
24078005
24102320
24201192
24215645
24367659
24371547
24371552
24372271
24378589
24394623
24412436
24469064
24495783
24496225
24547653
24583177
24621602
24781647
24830770
24857863
24859594
24874684
24877656
24898800
24903878
24945570
24954661
24956597
24992587
25007657
25038285
25050859
25075726
25090938
25097961
25120218
25123833
25192808
25229484
25240979
25300254
25304547
25345976
25360536
25392797
25445900
25449382
25449707
25457548
25466575
25530581
25542382
25555811
25707597
25758848
25827628
25902698
25908134
25917975
25934185
25938624
25957884
26010409
26048002
26091834
26095827
26099220
26108035
26109009
26117728
26121302
26162478
26182985
26232860
26241508
26308356
26363230
26407038
26449313
26455663
26472617
26549174
26602918
26615008
26618602
26626585
26686572
26713223
26747640
26792759
26872628
26921543
26945103
26997202
27026037
27033910
27189917
27192145
27219014
27226029
27235905
27302864
27311435
27345170
27368539
27373470
27382376
27449269
27461422
27506276
27535839
27540054
27542613
27592048
27599938
27619367
27629917
27633670
27663679
27732898
27790379
27825948
27911873
27984102
27992801
27993974
28082497
28091882
28117298
28124778
28126946
28219342
28235637
28266220
28278674
28286313
28332027
28341456
28357982
28408239
28413047
28415641
28425874
28495564
28499943
28501446
28528707
28546023
28624491
28658259
28684322
28705722
28732765
28732766
28743628
28787246
28818616
28848512
28867209
28875385
28882453
28882806
29017944
29022311
29037949
29107064
29146444
29155258
29196271
29275131
29305992
29315698
29355762
29374514
29625243
29625244
29635710
29659850
29679761
29694393
29696335
29786935
29847601
29859306
29877008
29886139
29960061
29960065
29981472
29981882
30006044
30010014
30044823
30051484
30056210
30064021
30176713
30194054
30237797
30296481
30324910
30336284
30359748
30359749
30359754
30366372
30368025
30374125
30401644
30439496
30458312
30474150
30550739
30584602
30611777
30630049
30644117
30733751
30742322
30797055
30853656
30872030
30917926
30936047
30997880
31004799
31020947
31071462
31082516
31108388
31115073
31176756
31184378
31193988
31200074
31202962
31226419
31252045
31260736
31271838
31276790
31306760
31319206
31323329
31338393
31352119
31419532
31499203
31516920
31521784
31591734
31654082
31667269
31667299
31751630
31756455
31783145
31805413
31811886
31841691
31851413
31880879
31899359
31968265
31984538
31991231
32006686
32046727
32059079
32061872
32087279
32092407
32093601
32100309
32119919
32169665
32224281
32248610
32286628
32388020
32470509
32473358
32544537
32561456
32561457
32569744
32614907
32615969
32619625
32621456
32634523
32634526
32637831
32736161
32738514
32756380
32763336
32781206
32805417
32823237
32845532
32899555
32929781
32940251
32958634
32959452
32998424
33031901
33157200
33217566
33248045
33331287
33333216
33348035
33440635
33466950
33609809
33647308
33713023
33812989
33817937
33857622
33889141
33937328
34044039
34089887
34124228
34130423
34291412
34305652
34450131
34499748
34506883
34537336
34551359
34597813
34803969
34910977
34925332
34944289
34946096
34965443
34990805
35019091
35052439
35054883
35158571
35229712
35238157
35263448
35268115
35309129
35367515
35398160
35430349
35460877
35500875
35529822
35580797
35616379
35630328
35705871
35729615
35733967
35859219
35891737
35903476
36044968
36122732
36138746
36171522
36183838
36191827
36245338
36257553
36420492
36420510
36425608
36470404
36473550
36503055
36529400
36552378
36552431
36788544
36809599
36835242
36851232
36857464
36860433
36866813
36936431
36976213
36992208
37107584
37120045
37175440
37178986
37207886
37399879
37422900
37448875
37513733
37515077
37604267
37660857
37674346
37723600
37766120
37875037
37956799
38043875
38056579
38097934
38104698
38138020
38146734
38151141
38269202
38278004
38338118
38459562
38489116
38491989
38498111
38574830
38582147
38585696
38633195
38640442
38672310
38751408
38798108
38895715
38925448
39021738
39025166
39093558
39122096
39160764
39166362
39207865
39283126
39309031
39390880
