24944341
26276117
26494208
26876453
27926824
28003195
28743655
28819159
28883150
28955350
29134930
29163615
29352323
29370090
29422791
29653150
30082220
30172302
30192708
30785360
31866979
31921261
31994983
32379020
32391580
32626235
32772129
32915706
32968349
33012743
33029663
33082728
33087626
33245626
33290390
33624770
33720750
33807245
33822646
34144052
34267245
34423519
34463860
34557947
34726495
34897249
35069638
35562488
35670579
35879566
36147778
36399027
36427093
36602304
36647186
36691282
36822630
36912776
37100406
37102724
37129504
37248633
37310613
37313419
37349986
37383731
37452484
37467134
37817490
37968984
38047027
38063495
38125568
38233641
38271178
38273989
38294216
38373891
38383669
38411607
38498445
38616201
38665158
38687570
38690890
38805410
38860138
39157516
39295141
39302959
39312573
39385378
39485571
39497371
39513710
39529754
24944341
26276117
26494208
26876453
27926824
28003195
28743655
28819159
28883150
28955350
29134930
29163615
29352323
29370090
29422791
29653150
30082220
30172302
30192708
30785360
31866979
31921261
31994983
32379020
32391580
32626235
32772129
32915706
32968349
33012743
33029663
33082728
33087626
33245626
33290390
33624770
33720750
33807245
33822646
34144052
34267245
34423519
34463860
34557947
34726495
34897249
35069638
35562488
35670579
35879566
36147778
36399027
36427093
36602304
36647186
36691282
36822630
36912776
37100406
37102724
37129504
37248633
37310613
37313419
37349986
37383731
37452484
37467134
37817490
37968984
38047027
38063495
38125568
38233641
38271178
38273989
38294216
38373891
38383669
38411607
38498445
38616201
38665158
38687570
38690890
38805410
38860138
39157516
39295141
39302959
39312573
39385378
39485571
39497371
39513710
39529754
