6476
14945
15677
16428
20161
26194
26332
39505
44314
53071
71880
77681
96818
99177
108238
109121
120132
134390
149660
163228
163690
164231
164887
167661
172490
179977
180238
188014
192586
202927
204401
230498
232234
234034
264493
266195
276855
293658
296784
300726
313380
321426
330526
330877
335235
338461
347280
357755
376510
381133
389286
390381
392238
407225
411559
420791
422876
450703
467426
480355
482614
486409
488338
507780
528474
540260
542132
560253
572654
590942
593378
594177
596871
629642
632278
652527
658041
658439
672924
673848
677879
680645
710410
719816
730115
739981
764859
766833
773765
800984
809273
810086
811160
811206
821753
822397
823664
826533
862900
879774
884673
889386
889977
893408
893409
931948
932680
963196
987800
991858
1009945
1015478
1052535
1078670
1092334
1093009
1097317
1100114
1100504
1101223
1112817
1121422
1122324
1126626
1172443
1191174
1194248
1201752
1245465
1262312
1268918
1283001
1292477
1295881
1337314
1355454
1373719
1373868
1376434
1394672
1495475
1500175
1501496
1510419
1541535
1545135
1551859
1554696
1563633
1577691
1605835
1619377
1621476
1656852
1672355
1702180
1702204
1702205
1717697
1730876
1748647
1779750
1802985
1803722
1826273
1841480
1841852
1859451
1862670
1862938
1864941
1881691
1883842
1890190
1900984
1905675
1909546
1934012
1934181
1950253
1993665
2011625
2018223
2026727
2045372
2049285
2052010
2109578
2118507
2135412
2154981
2156496
2167040
2172090
2176827
2228971
2245358
2273286
2280726
2317821
2325580
2326195
2328573
2332401
2337910
2342505
2360999
2363492
2367550
2369968
2380384
2394683
2395641
2407000
2412595
2413663
2432055
2434147
2443160
2444878
2448791
2462009
2471512
2476222
2477371
2479819
2490095
2497626
2498485
2500806
2501145
2513877
2515095
2524471
2533272
2534345
2539196
2541701
2549377
2557590
2563161
2619484
2636919
2653957
2676937
2725345
2727081
2738419
2751992
2753885
2768457
2769943
2819603
2821019
2821914
2827736
2831754
2831810
2835349
2851707
2854891
2872785
2887429
2909749
2918865
2925691
2934629
2942100
3004702
3010848
3019417
3019831
3020253
3021483
3025146
3026482
3026740
3027666
3032098
3080255
3098913
3099135
3103215
3106800
3109757
3113953
3118042
3129562
3134045
3149658
3182755
3186935
3216473
3254163
3254970
3262883
3302343
3325502
3329796
3346252
3349527
3350016
3357488
3357787
3360007
3360092
3373012
3375442
3384754
3386657
3412363
3427018
3428808
3431160
3481836
3527288
3529764
3547108
3559269
3587252
3607836
3654584
3657608
3674835
3676327
3702062
3707128
3750350
3753905
3755738
3756172
3770195
3771765
3777441
3799960
3839045
3881404
3889834
3924096
3928467
3935663
3961106
3983367
4015074
4021813
4021814
4021815
4033457
4035986
4044544
4055617
4064797
4077270
4078997
4209992
4212443
4215581
4218459
4260213
4280377
4314477
4314478
4331552
4332252
4334908
4338598
4340168
4343965
4355370
4373712
4433537
4436315
4441985
4473053
4506761
4562747
4573528
4598973
4612037
4628875
4649806
4748980
4823319
4852465
4855739
4906907
4990612
5001197
5025096
5034545
5122809
5125233
5146192
5269226
5316336
5316337
5316338
5350960
5442281
5459126
5472361
5519658
5679983
5723464
5777775
6089257
6155854
6188457
6202675
6204867
6207688
6213836
6219560
6239868
6245038
6245065
6245067
6246340
6248789
6250619
6252338
6253056
6253080
6254991
6257273
6257274
6257383
6260191
6262584
6263361
6263931
6265936
6266458
6267141
6267455
6270392
6277626
6282705
6284400
6287206
6287991
6289879
6291613
6294067
6296827
6300874
6300899
6302203
6317382
6317383
6319345
6326673
6328712
6340727
6351744
6364128
6402500
6403035
6403511
6406361
6413254
6420648
6422676
6427163
6427179
6432784
6438497
6454012
6454013
6468649
6493261
6517607
6539466
6547690
6548563
6604636
6618690
6651855
6652580
6670400
6672006
6677186
6688373
6689227
6693351
6701095
6735981
6758862
6758924
6760893
6768620
6807958
6808918
6809459
6811285
6814521
6817352
6822522
6827128
6848487
6870218
6877378
6889137
6895652
6950932
6965098
6989454
7006630
7012117
7015333
7028738
7030422
7039855
7043953
7054161
7061492
7068531
7077292
7083815
7093193
7093202
7099192
7104349
7110177
7115270
7138867
7138871
7138905
7142160
7146108
7164635
7171286
7174655
7206222
7213736
7214350
7236593
7260075
7275947
7275954
7280045
7287182
7295649
7295888
7329435
7356957
7371916
7380400
7384639
7386872
7397606
7429980
7436416
7443515
7459715
7462588
7479005
7494504
7501365
7516707
7547287
7547308
7557484
7559510
7562015
7568207
7568275
7580807
7592948
7596295
7607252
7622555
7633471
7649184
7687006
7690029
7696430
7706228
7721686
7730158
7738344
7747946
7756878
7771695
7778897
7779986
7798959
7802859
7805843
7814969
7829411
7832808
7846143
7876591
7902527
7916880
7941032
7944371
7945427
7979366
8011668
8016216
8017121
8051015
8075372
8089081
8097222
8098607
8117392
8119859
8144403
8152391
8160184
8178655
8200075
8204640
8208137
8220389
8240961
8267833
8272956
8309098
8359166
8368501
8387285
8396568
8422263
8427810
8450550
8477739
8500778
8514752
8544784
8548693
8554327
8557371
8557681
8565113
8570675
8572682
8576815
8607809
8612803
8615817
8620898
8639670
8639671
8654396
8655504
8657612
8665953
8690322
8690715
8702290
8702978
8706842
8724438
8728719
8761408
8797847
8824740
8839391
8842345
8849648
8858680
8858873
8885835
8902818
8969181
8987883
8992244
8995286
8999924
9012443
9012829
9037882
9041653
9066292
9099220
9102554
9125011
9145392
9163911
9177137
9209778
9226264
9235978
9251204
9257288
9260971
9264024
9267515
9283660
9315081
9353046
9358183
9394339
9418061
9430110
9438346
9443951
9444596
9477562
9487859
9515931
9529466
9549074
9671779
9677282
9677368
9685723
9700531
9717298
9723925
9746601
9756625
9757558
9784354
9791177
9792701
9801768
9810667
9830105
9835565
9852617
9871316
9871352
9916287
9990703
10028666
10049670
10066395
10070741
10209575
10217406
10217761
10222742
10232956
10319155
10321180
10349717
10392756
10398746
10432211
10432213
10443033
10459806
10489461
10505797
10508968
10537220
10545188
10560138
10586494
10602623
10616964
10618261
10618496
10648168
10650088
10656568
10665375
10678426
10679196
10714995
10721724
10722477
10726521
10746764
10758880
10760469
10764783
10768329
10779996
10805567
10830491
10833271
10834950
10856651
10857921
10861970
10907386
10913863
10916070
10933642
10945591
10954082
10954608
11016604
11018272
11027152
11034317
11097940
11098133
11118902
11123475
11137231
11167093
11171619
11179955
11181565
11192503
11199762
11204192
11218632
11226440
11229658
11252480
11254554
11268114
11271812
11280165
11293654
11314647
11345769
11346651
11358180
11371537
11472961
11479030
11672880
11682214
11695883
11706041
11712141
11719071
11739510
11759154
11763780
11771574
11785134
11823479
11855186
11897337
11910805
11918058
11931015
11931177
11985602
11988533
11996595
12009977
12016904
12043159
12061546
12065165
12081151
12093530
12112289
12121903
12141863
12160149
12161151
12174052
12177341
12185681
12188373
12218231
12221608
12234341
12235857
12385884
12396393
12398290
12398291
12403324
12410820
12410821
12411294
12446038
12455902
12457589
12501418
12562023
12564923
12586038
12595728
12625885
12659304
12674346
12676552
12680756
12717721
12740931
12833474
12838409
12872314
12874362
12892116
12902232
12906837
12935696
12962978
12966082
12969495
12969653
13678245
14068465
14499993
14551219
14558764
14642332
14642822
14679721
14679895
14688133
14691661
14740415
14769870
14953317
14963617
14967173
14985331
15012801
15027869
15030933
15094375
15112961
15113073
15116564
15139931
15157228
15164240
15171602
15190055
15207486
15234754
15290324
15315236
15325735
15350609
15359130
15373463
15388417
15472973
15480574
15483271
15502351
15519471
15521179
15555943
15595406
15596358
15606770
15610820
15646377
15680239
15694658
15702549
15707759
15709738
15715869
15716136
15745114
15765490
15765871
15774001
15790072
15797784
15808900
15816270
15825422
15835775
15835779
15845511
15850460
15857207
15881836
15891102
15894405
15928318
15938146
15943106
15971094
16005991
16011760
16011772
16012776
16055003
16079548
16081932
16091772
16114094
16126497
16132735
16132856
16152924
16165382
16169556
16181146
16191451
16211854
16212035
16213054
16213176
16233024
16233264
16233965
16236463
16269673
16273040
16291089
16303095
16305671
16318841
16328508
16329867
16332887
16340189
16345565
16345566
16346275
16347070
16347983
16348370
16348793
16349059
16349381
16349890
16351141
16358754
16359320
16384800
16388916
16414580
16420487
16461344
16461677
16461700
16510152
16535125
16535144
16535295
16535702
16549391
16563712
16564960
16600543
16610214
16615861
16621460
16636539
16675219
16678369
16730859
16777225
16793004
16824717
16834600
16834813
16841887
16850477
16857061
16887355
16900467
16943094
16965817
16980420
16982897
17010869
17028774
17042189
17042191
17062012
17064771
17072001
17116585
17125976
17166233
17167275
17191916
17198371
17220443
17223216
17225083
17240448
17242037
17254731
17255456
17257839
17264993
17271436
17287098
17291615
17300856
17308950
17337053
17365707
17368541
17380356
17381739
17384853
17393659
17406750
17410395
17410877
17427930
17428539
17429181
17434328
17473478
17484057
17499887
17509707
17540520
17550431
17550822
17553595
17561230
17574438
17574467
17589644
17639193
17655191
17657855
17681234
17689229
17710482
17873041
17955339
17966875
17967352
17975509
18026204
18026225
18043665
18053715
18072250
18093005
18095429
18154650
18173718
18193752
18248797
18282767
18294955
18304644
18323637
18326197
18342399
18365722
18380085
18412259
18466709
18488450
18493677
18496687
18512335
18582112
18590737
18602194
18603000
18603337
18611781
18614414
18616912
18621113
18621302
18622759
18633201
18644325
18665989
18669819
18681480
18683168
18760509
18776207
18790035
18790692
18798009
18802318
18811648
18854953
18943701
18950903
18951635
18952871
18977438
19013249
19041095
19041261
19046465
19051585
19055171
19056546
19058565
19061396
19070429
19080603
19139093
19154819
19159807
19162182
19164296
19166331
19169647
19177851
19191946
19223243
19230410
19243860
19277483
19286796
19298834
19323730
19325527
19345383
19361560
19362739
19370887
19376917
19388531
19419067
19428488
19454333
19467260
19471201
19500639
19527748
19540262
19553175
19553186
19554760
19557354
19584529
19586775
19649781
19686773
19712370
19730766
19731613
19731688
19733588
19783614
19798118
19821495
19827710
19828200
19828445
19837158
19850076
19854232
19922760
19924386
19932188
19944171
19948807
19962194
19967339
20012737
20016836
20038703
20045059
20050917
20077210
20088204
20098599
20110133
20118361
20121109
20144896
20159376
20161916
20163896
20208440
20209795
20334149
20346969
20363928
20371367
20376379
20382006
20416376
20422191
20429956
20437392
20473799
20482631
20519517
20522990
20545283
20602175
20618078
20639377
20643490
20645797
20652620
20664606
20670006
20677902
20687790
20698900
20707344
20712258
20713083
20737917
20738066
20795307
20798052
20802040
20810022
20813851
20831530
20833430
20835958
20844949
20883796
20890794
20947197
20957099
20959145
21030755
21038149
21046332
21058055
21062001
21063649
21068379
21071258
21077112
21077836
21091243
21167833
21185386
21188072
21193822
21204573
21208973
21215620
21220028
21237194
21262306
21296155
21333154
21335387
21350671
21366066
21382401
21390224
21391794
21411293
21417963
21419821
21425694
21432381
21437317
21439291
21466046
21488655
21502015
21507457
21510973
21534862
21543140
21549196
21566368
21598096
21614712
21623314
21640562
21645568
21673894
21712093
21714882
21717856
21752697
21764930
21772789
21774179
21780547
21834632
21859126
21868146
21870124
21876042
21882662
21888227
21893172
21906633
21909674
21913924
21920450
21931957
21959814
21963944
21986368
21999633
22006073
22010349
22014741
22019387
22022665
22060908
22061074
22073241
22092765
22099350
22112959
22117164
22130381
22154999
22173333
22198332
22202871
22215070
22224051
22240883
22245590
22247864
22264203
22265749
22270256
22289714
22304453
22342746
22350081
22351490
22360490
22365991
22373408
22405285
22408420
22419228
22439858
22448657
22489463
22490726
22523449
22534651
22557464
22564190
22564783
22592777
22609413
22677773
22682918
22683678
22691582
22693821
22724452
22737982
22752909
22755083
22771964
22779296
22792387
22805811
22807264
22813991
22815578
22821439
22827536
22827926
22850523
22864992
22868144
22869264
22871061
22915832
22934995
22949232
22950879
22971359
22978237
22978670
22993086
22997703
23007105
23019443
23022146
23022427
23035976
23047245
23054688
23073113
23100336
23113815
23119173
23138713
23157017
23167741
23189563
23195081
23213297
23221521
23226255
23240569
23261575
23276881
23296917
23311993
23339322
23353739
23365533
23421779
23428762
23429511
23434464
23439879
23466466
23499934
23516205
23541606
23567587
23570523
23595000
23603688
23609906
23610972
23638029
23651077
23676924
23677392
23681727
23686271
23710121
23711469
23711471
23717543
23729870
23733177
23736224
23781160
23783892
23797988
23816782
23817035
23818393
23818979
23836516
23866063
23867754
23871391
23874555
23884205
23897165
23911814
23925418
23929386
24008017
24031791
24031942
24031962
24039473
24049488
24053648
24056185
24066512
24097053
24098556
24115610
24121533
24136795
24146509
24155672
24176365
24189911
24194200
24231380
24261867
24270893
24278450
24291568
24302834
24303012
24324760
24338952
24341217
24363703
24371569
24373124
24374431
24374769
24377242
24380770
24389272
24412436
24455483
24506024
24507277
24522411
24532297
24578182
24584863
24607288
24616844
24623975
24640148
24661926
24662463
24691882
24716724
24732074
24800513
24820544
24879940
24897384
24904962
24920043
24929684
24965492
24966132
25007437
25014898
25016236
25036645
25038930
25047850
25048212
25071728
25098233
25098388
25100636
25110196
25114180
25114525
25176228
25177730
25191756
25229869
25241926
25285235
25301582
25320585
25382482
25385358
25399433
25438016
25440998
25449372
25462227
25465085
25465871
25527560
25533352
25541078
25545273
25556061
25574154
25579437
25588548
25602977
25616492
25636834
25639721
25641845
25666157
25666682
25667397
25675850
25697801
25700814
25708128
25713572
25720980
25730791
25743472
25749362
25763046
25796407
25817695
25820602
25842178
25845988
25856708
25887638
25897586
25924957
25933362
25958242
25974109
26004499
26004705
26004804
26011247
26023894
26052017
26067168
26100933
26112961
26115632
26132146
26137678
26249603
26257382
26268984
26285030
26302315
26330304
26335056
26337855
26349805
26394265
26399769
26400890
26405525
26405529
26413049
26417335
26434620
26434715
26448987
26460563
26464946
26470418
26474074
26481652
26491310
26514565
26522790
26526332
26537602
26540546
26549814
26555289
26564377
26581816
26586613
26603226
26604378
26606309
26634231
26666740
26671610
26695267
26697318
26700174
26701756
26704163
26747522
26781322
26781576
26782601
26797972
26802465
26804650
26843333
26845141
26886276
26888203
26905205
26920868
26923468
26934642
26954218
26957318
26972521
26976231
26981009
26988286
26990653
27048448
27087095
27095174
27105487
27128176
27137748
27145777
27155450
27159380
27185202
27187861
27237830
27261060
27262810
27268574
27270541
27297450
27300427
27311560
27318662
27344213
27400968
27443817
27446005
27471730
27476999
27492119
27494315
27516491
27541978
27562598
27569578
27578753
27583205
27592049
27641471
27681369
27688040
27693304
27707604
27715467
27717901
27752797
27773636
27788582
27795854
27795886
27813109
27840169
27854041
27884664
27889557
27956862
27981797
27990012
28000507
28032104
28036133
28053891
28082184
28120024
28126944
28134000
28161814
28169531
28179900
28188867
28209374
28214187
28228181
28254569
28263880
28278684
28293229
28327520
28330077
28344168
28352575
28384336
28417187
28436337
28448475
28450520
28452467
28455025
28473821
28475974
28477003
28479344
28484042
28493309
28495632
28526637
28536060
28539723
28545959
28593047
28605980
28612024
28613963
28624621
28684577
28699251
28702643
28713011
28725151
28732967
28748516
28802847
28807724
28842843
28845982
28853887
28859880
28868923
28869797
28872321
28888537
28911620
28917619
28925834
28927905
28938203
28950383
28958897
28969703
28978934
28990290
29022306
29029742
29044438
29051762
29079530
29100917
29101061
29114378
29124220
29128404
29131989
29146448
29165344
29183811
29193252
29193264
29198775
29208495
29229844
29258559
29267257
29268969
29270734
29287337
29289504
29306007
29309999
29322098
29324657
29375031
29378402
29385686
29386148
29476206
29484986
29497981
29518405
29530530
29536669
29538308
29593665
29615987
29627478
29636737
29678793
29678921
29679760
29679907
29680689
29684012
29709686
29734021
29734113
29738808
29764195
29771957
29780759
29803664
29860459
29864727
29865153
29879509
29886558
29894740
29909566
29930546
29936545
29975775
29980730
29982926
29992102
30003919
30010391
30013682
30016739
30021990
30029475
30032477
30051482
30075935
30095429
30099271
30102131
30112146
30127807
30144532
30149134
30182141
30246356
30263437
30299055
30300736
30308015
30311172
30311486
30323791
30336286
30339875
30356080
30374688
30377447
30379824
30385248
30392156
30392955
30395995
30396390
30425969
30448257
30469413
30473012
30474759
30485122
30485312
30510067
30532629
30548758
30576709
30616595
30623906
30633769
30637906
30653875
30671584
30683371
30685803
30701250
30716722
30730149
30731535
30736411
30737848
30775210
30795042
30799112
30800010
30802628
30805346
30806220
30814614
30836458
30840362
30857135
30858096
30864042
30865770
30866290
30868059
30872031
30875400
30885740
30918158
30935079
30946943
30957928
30974220
30978874
30990080
30995049
30995541
31013583
31024503
31028761
31051621
31074356
31074874
31118481
31122419
31137288
31139829
31144066
31147036
31152761
31152769
31159162
31190793
31191483
31198659
31207719
31207830
31207835
31232308
31262460
31279080
31319899
31327898
31340169
31363120
31368325
31371538
31412031
31416174
31444521
31454307
31505941
31508405
31521162
31522164
31546292
31548273
31584891
31599583
31601656
31624574
31640225
31658371
31660943
31716071
31728457
31751630
31763212
31765875
31771116
31794843
31799840
31870969
31872930
31904539
31906026
31909276
31915745
31919422
31920309
31921198
31923433
31927763
31957098
31969302
31982421
32004613
32024613
32037169
32050591
32061713
32062686
32070624
32091654
32092889
32094926
32099550
32107302
32117673
32159577
32161578
32166635
32171995
32176605
32198143
32203125
32210949
32226868
32226914
32227731
32244799
32249356
32288254
32301033
32313552
32325316
32337379
32338340
32339539
32355301
32370699
32387116
32395907
32405962
32436987
32466356
32474053
32478152
32504323
32518323
32525768
32539168
32541669
32554793
32561636
32567254
32570898
32578244
32578426
32598239
32614907
32630152
32630666
32633749
32657145
32664473
32681188
32713197
32715261
32720674
32802305
32822003
32843839
32846580
32887055
32888099
32916574
32921647
32930178
32943555
32945327
32954632
32990771
33008104
33036410
33044619
33062244
33068245
33079312
33083488
33100378
33113975
33119308
33122933
33126447
33163234
33172144
33172187
33172510
33201716
33247427
33297227
33339339
33390116
33412232
33465652
33467428
33477373
33485235
33511414
33516797
33519499
33555983
33590846
33593286
33596501
33597422
33601787
33602135
33604608
33610122
33632337
33636319
33643289
33650800
33660914
33672705
33679639
33679984
33713229
33713551
33719978
33732036
33761096
33765627
33823212
33826047
33867322
33913068
33923598
33930456
33940405
33940441
33946384
33957267
33992922
34000328
34022191
34066980
34068909
34073274
34074410
34080301
34086076
34087653
34087727
34089254
34091094
34097668
34110244
34112373
34125273
34133845
34134435
34174242
34201223
34246666
34267737
34272448
34279789
34287457
34295605
34299613
34327910
34343788
34360963
34361728
34368212
34369734
34378998
34414670
34417666
34438946
34445637
34455153
34468040
34495162
34497647
34540157
34573289
34584526
34604154
34611769
34625509
34635023
34641393
34648918
34702916
34729469
34733268
34765765
34772043
34788824
34792622
34799176
34827277
34841312
34898418
34901660
34914989
34943162
34943715
34944534
34964911
35012189
35041129
35049890
35050978
35056708
35058719
35096315
35120925
35161339
35167935
35169158
35173259
35175116
35207858
35208754
35209141
35215134
35228638
35239335
35250951
35265106
35266855
35268842
35270221
35352236
35355117
35379744
35395518
35408465
35448558
35448757
35472438
35476225
35492492
35492803
35497914
35504546
35525410
35541335
35566243
35567006
35571857
35576457
35587835
35612657
35620329
35624524
35625195
35677864
35684278
35718788
35753559
35810301
35821152
35852191
35852378
35859219
35870663
35887419
35888017
35902452
35907940
35921492
35927931
35930468
35940383
35945171
35946791
35955814
35956496
35990631
35995202
35996816
36009352
36013417
36013937
36042243
36058438
36101364
36106057
36115517
36129961
36142546
36144310
36161364
36204611
36222128
36252180
36261373
36269282
36287741
36296478
36344587
36347390
36361740
36362904
36364185
36376984
36384686
36386565
36422004
36431827
36431873
36431998
36539204
36544377
36558270
36577455
36580133
36615605
36624688
36629425
36639716
36641851
36645679
36677886
36677969
36746312
36748542
36749059
36767220
36770725
36771651
36775183
36779191
36806196
36829802
36830182
36830201
36830276
36838421
36840144
36851428
36879077
36907338
36921701
36922786
36928103
36966174
36973856
36982761
36984670
36985342
36986428
36986824
36992867
37049061
37062456
37122534
37133479
37164391
37172679
37175106
37176799
37188230
37201731
37205004
37213496
37213499
37219035
37226999
37235163
37242803
37244920
37267258
37267633
37299310
37326926
37363964
37389344
37437637
37483312
37488203
37498465
37511410
37513434
37545833
37583871
37623725
37623901
37627704
37630455
37631012
37693001
37730190
37744039
37764026
37775587
37786852
37793251
37802234
37835248
37841103
37864703
37894039
37895890
37898941
37971618
38004275
38022901
38023510
38024690
38032959
38038870
38049269
38055502
38108901
38133025
38137997
38146050
38160432
38163495
38165444
38170152
38182979
38188910
38203484
38219989
38228780
38228935
38229273
38229328
38275337
38305872
38325640
38345152
38378880
38386139
38391497
38422301
38422613
38428133
38456317
38457268
38495380
38526659
38532228
38569268
38575087
38581192
38621514
38631575
38660570
38664572
38666261
38701990
38706712
38721925
38770094
38772748
38792231
38792837
38806526
38828873
38855662
38884462
38898523
38919714
38923658
38937695
38948351
38962395
38962977
38964676
38967683
38972000
38973889
38988132
38999569
39032912
39035677
39037041
39047802
39048065
39119516
39126073
39135299
39144380
39168237
39193502
39194822
39199710
39222219
39223356
39241818
39261928
39279360
39285885
39288896
39289526
39309185
39316163
39318040
39330976
39333327
39355945
39360507
39375686
39377525
39385043
39390034
39397418
39400767
39406173
39406299
39415203
39458408
39459177
39477581
39503056
39509382
39525956
39537077
39542086
39568859
39583709
39591417
39597584
39597672
39603535
