12807204
14532241
15629933
15766600
16418520
16842363
17468283
18422618
18930803
19233952
19519854
20350378
21420142
22068490
22377117
22627300
23260717
23317867
23747448
23748967
23938305
24452425
24482506
24647262
24742173
24849008
24858610
25410570
25548040
25710006
25754935
25851592
25993974
26004066
26537224
26843851
27580579
28178312
28221930
28494314
28597684
28599915
28672166
28939442
29018428
29075617
29249728
29309918
29496827
29503643
29609101
29650574
29724828
29916797
30229714
30240811
30373891
30606690
30657893
30834391
30865776
30878734
31176878
31270186
31272742
31333633
31336143
31338081
31526928
31603704
31622726
31738701
31787737
31845481
32082429
32094012
32111956
32161146
32277976
32441634
32588811
32716209
33115199
33159453
33390428
33392102
33528112
33790068
34292874
34470969
34591074
34735750
34789594
34790177
34882085
34884620
34991704
35219009
35326769
35630320
35803059
35896346
36017363
36047091
36160913
36264103
36322900
36422334
36678357
36815777
36836896
36973246
37014918
37042773
37079522
37208617
37227092
37370227
37510288
37660908
37941936
38004814
38104971
38137987
38325257
38382708
38554502
38737260
39162553
39318426
39343555
39363601
39475924
39597758
