9734060
10584001
11097928
16238737
16542411
16710635
17586563
18287289
18456114
19621637
20827474
21221948
21611767
22203569
23073664
23765791
23893780
24370979
25769830
26336239
26617590
26667574
26822957
26934700
28745820
30326179
31188556
31497388
31916147
32055339
33424814
33968596
34049138
34082027
34263383
34683420
34716980
34841306
35330768
35403921
35460002
35672648
35767195
35834299
35846995
36227100
36352019
36399337
36563813
36585549
37982652
38103666
38228221
38674552
38678421
38854802
39183874
39568994
