308552
396740
459091
495561
663938
865383
1329636
1341984
1347287
1354833
1368769
1396779
1399511
1400238
1402792
1406337
1429334
1429461
1433905
1447059
1472360
1479688
1483555
1489773
1500546
1510436
1519978
1529848
1569033
1574004
1574979
1592683
1599236
1617037
1633193
1637151
1658290
1676385
1685495
1714389
1718235
1738317
1746941
1778425
1783442
1797456
1809811
1853168
1873972
1894369
1902184
1903375
1907453
1909282
1910729
1920813
1930964
1960120
1990453
2024959
2039443
2041158
2047093
2050587
2054170
2080069
2086814
2112467
2129543
2131794
2149435
2184175
2192063
2193625
2195077
2248685
2287060
2291754
2327769
2344169
2345532
2391747
2441900
2487377
2490396
2579445
2593874
2606815
2614380
2615635
2632214
2653216
2664248
2664255
2673713
2676935
2701399
2752713
2789493
2809699
2809703
2818130
2845223
2870129
2888837
2926106
2940188
2949281
2954661
3027503
3034186
3037985
3042078
3055180
3087282
3088346
3096130
3097201
3113937
3117534
3144529
3158071
3172464
3175388
3210297
3223766
3224401
3241328
3263833
3287105
3293638
3300105
3300528
3302877
3310868
3384927
3475482
3488017
3492172
3503133
3518183
3518284
3525497
3531143
3534754
3534798
3595259
3597207
3599883
3602952
3613229
3674542
3735730
3767357
3802298
3849425
3849515
3874598
3875474
3879464
3884679
3890094
3890736
3910388
3951194
4083013
4093345
5023064
5437122
5496170
6085092
6241847
6331296
6333207
6335074
6339808
6362275
6369816
6392324
6472199
6477029
6478469
6530497
6547524
6592498
6601655
6609500
6614114
6685140
6749890
6816862
6857585
6881866
6983340
6999020
7000706
7029966
7036592
7076872
7158125
7160410
7240404
7241797
7321186
7381012
7396489
7498448
7499005
7507683
7574532
7592409
7598886
7607059
7622267
7627090
7629552
7659828
7665512
7665532
7704833
7706251
7710283
7711894
7766231
7772895
7820386
7858976
7865994
7901733
7906688
7909945
7927674
7934833
7961440
7961448
7968543
8010771
8017916
8025724
8043607
8053920
8056689
8057853
8132152
8145487
8167424
8187383
8189800
8192461
8227040
8233633
8244902
8254888
8261779
8262625
8262864
8288501
8309291
8326859
8339664
8370726
8370739
8406031
8412682
8425376
8428585
8444672
8461410
8472775
8521736
8523327
8537285
8565414
8587165
8594196
8599539
8605893
8619581
8621068
8645840
8652349
8655552
8727616
8737143
8771156
8798396
8809775
8812785
8815459
8818891
8824629
8830019
8834897
8834898
8834913
8843288
8878568
8880497
8889716
8892513
8897154
8899703
8904415
8940437
8958855
8960248
8971717
8987650
9023916
9043125
9068632
9161610
9169202
9178550
9195086
9222043
9246760
9257734
9276386
9276417
9276965
9292404
9300809
9333666
9344474
9352910
9362119
9371340
9372423
9405397
9406380
9411296
9418038
9462429
9493391
9495773
9515702
9522290
9524863
9527810
9538468
9558756
9573146
9587518
9593145
9593162
9620125
9641973
9646219
9663704
9687459
9705395
9736532
9739032
9742701
9756773
9769209
9780724
9798020
9798299
9808764
9811390
9835599
9836453
9850270
9861457
9868968
9920879
9925524
10063620
10064219
10089331
10099287
10103190
10145923
10191391
10212408
10222735
10223957
10319155
10348751
10348759
10355118
10361707
10380649
10383968
10390218
10393967
10404338
10418009
10428935
10455198
10455486
10476742
10489326
10489327
10493869
10514255
10537188
10550774
10566543
10572123
10572131
10624595
10646301
10660500
10667501
10675599
10697784
10705053
10706185
10720804
10735856
10737460
10746767
10747132
10803899
10811613
10811614
10824027
10849785
10925800
10931310
10934611
10952563
10979932
10983805
10985746
10996030
11055602
11068081
11101600
11133422
11157944
11222559
11226649
11260470
11310692
11316897
11328723
11328734
11339480
11344150
11346980
11403134
11407022
11411715
11411716
11443073
11446456
11448564
11451521
11451687
11461129
11471826
11474005
11533003
11538303
11544246
11552415
11594009
11598543
11682178
11724978
11740648
11744799
11760606
11773104
11783694
11785258
11815856
11826954
11845118
11856266
11866735
11873883
11931643
11977920
12007656
12007850
12014906
12018260
12039532
12039891
12066850
12071094
12080943
12088382
12089029
12111596
12147032
12184188
12190296
12296821
12379103
12384342
12435706
12454282
12482994
12486852
12522540
12525001
12531712
12541509
12552824
12573548
12574286
12624207
12644498
12682131
12682174
12684496
12730713
12732907
12732949
12734226
12745234
12754241
12761422
12807183
12819107
12885635
12886622
12936995
13680206
14506014
14514272
14515754
14527660
14530123
14532050
14567255
14569285
14582565
14593241
14594340
14600218
14606607
14607414
14638475
14638498
14640415
14644444
14692381
14715768
14736560
14742206
14746547
14747713
14759704
14872265
14996813
15007873
15017655
15026700
15058814
15106080
15123074
15150168
15186446
15199175
15210152
15229449
15257457
15265615
15273090
15297514
15330264
15375121
15465732
15471682
15471997
15472005
15491357
15518028
15518033
15528866
15555882
15585019
15629229
15636750
15639199
15688257
15700124
15729490
15746347
15765758
15784971
15848203
15883781
15936167
15994051
16028975
16048960
16129681
16137772
16154655
16161756
16165001
16184371
16192439
16199575
16209539
16233135
16233915
16260471
16269756
16287642
16312973
16315326
16341641
16344422
16346970
16349155
16349328
16390958
16424520
16436542
16436717
16456762
16533989
16535048
16535614
16545935
16571729
16585754
16630014
16758740
16884173
16897531
16928968
16931374
16960737
16961639
16979483
16995878
16999759
17005752
17005838
17020798
17037078
17045463
17051471
17066333
17133907
17136366
17151365
17158657
17178084
17182756
17244807
17250977
17258288
17277908
17287329
17309620
17315444
17323376
17337566
17376657
17382521
17420911
17422822
17440720
17493687
17533990
17534416
17596369
17613069
17615996
17642966
17665158
17690915
17704639
17715376
17716687
17825422
17827299
17851949
17889664
17897235
17900090
17913435
17913719
17918078
17951873
17963468
17965421
18008166
18051593
18055599
18055811
18059098
18082868
18173077
18175898
18184411
18184647
18192958
18230545
18241884
18260646
18269335
18287293
18297453
18305137
18318145
18363274
18385437
18389708
18417660
18421915
18433338
18435484
18461377
18484014
18495856
18522034
18553303
18553372
18555426
18576076
18576551
18584717
18588099
18588155
18588171
18594169
18597392
18600044
18611714
18612953
18612954
18616949
18618690
18625592
18634342
18634343
18636522
18648066
18669249
18681896
18683661
18689117
18698136
18700685
18712559
18753345
18753453
18760086
18767694
18801186
18808355
18809557
18819979
18822295
18832213
18837364
18926644
18947320
18971102
18978053
19013351
19028622
19036932
19043079
19053992
19060149
19100856
19104021
19108560
19108792
19114284
19155597
19202946
19228113
19240073
19258268
19262076
19269591
19297148
19297149
19303568
19380592
19420996
19504536
19506060
19508299
19527928
19549579
19556373
19560903
19562392
19567109
19617877
19624502
19636523
19641057
19658320
19726597
19733459
19739000
19748427
19756578
19760228
19778301
19789127
19810176
19818817
19844704
19858568
19879293
19879691
19899618
19901094
19921330
19951313
19960675
19967239
19967570
19995930
20001741
20022193
20053860
20061679
20080178
20089541
20112874
20118612
20122320
20129732
20154384
20158656
20194278
20201321
20232222
20309656
20345467
20391378
20473799
20478991
20484215
20496582
20526603
20528091
20539976
20549952
20573877
20576143
20577973
20580756
20595207
20610688
20616068
20656680
20724146
20812830
20817888
20846594
20862506
20883132
20938754
20957355
21074372
21087626
21115127
21119796
21129413
21141471
21145175
21162906
21185326
21187144
21191872
21212145
21256212
21257074
21268690
21271268
21288486
21289149
21315469
21318172
21319738
21330411
21338385
21344146
21400098
21402844
21422214
21425672
21453736
21491175
21493575
21516960
21524507
21555768
21570967
21597443
21612040
21612425
21616180
21623140
21646450
21666025
21684633
21698403
21718486
21742579
21782101
21828966
21835972
21860889
21915590
21917070
21930889
21939472
21954457
22004066
22031052
22045989
22074179
22086069
22096488
22098633
22103536
22104303
22144124
22147129
22150877
22154196
22157749
22173194
22184898
22189391
22191089
22223228
22230777
22257559
22265286
22268620
22290949
22322349
22341844
22357507
22361056
22370984
22433794
22447560
22453994
22462060
22493189
22509035
22555499
22564344
22582383
22585084
22606879
22619969
22623901
22627446
22640729
22668859
22690729
22695801
22700831
22702827
22728200
22754363
22802253
22805936
22808694
22830412
22832986
22833638
22841005
22849904
22882378
22935381
22958880
22965083
22989924
22991975
23006128
23035437
23037005
23043911
23053416
23066386
23078634
23088592
23090395
23132471
23136961
23143289
23161765
23176641
23221186
23253255
23254982
23262033
23290244
23302273
23330509
23360015
23375086
23405358
23432904
23443450
23459213
23472034
23478955
23518519
23524682
23546433
23548478
23557926
23567323
23587958
23620859
23623624
23629998
23639985
23643345
23653946
23667611
23722266
23730637
23735062
23751486
23752512
23752513
23761238
23779220
23785917
23789276
23793864
23818163
23827823
23829434
23835180
23867070
23876273
23877696
23893265
23897461
23950120
23958155
23964038
23979759
23997777
24016768
24031212
24031280
24059120
24059125
24068012
24071635
24096741
24125922
24162251
24223595
24241330
24247134
24252194
24325334
24383052
24389066
24433026
24442075
24475932
24478449
24498522
24506716
24550320
24553025
24582578
24584239
24599976
24657043
24657091
24685147
24685523
24701189
24705449
24759724
24768868
24771547
24777095
24780763
24813688
24884581
24885029
24964661
24965000
24982871
24985578
24996691
25011373
25057966
25068267
25093179
25156426
25157164
25176215
25190354
25222472
25232178
25264127
25278330
25278429
25291385
25312104
25312124
25312166
25328786
25343980
25347329
25348541
25405043
25417012
25419741
25432338
25435632
25444940
25476311
25477913
25500017
25501887
25510650
25549405
25559999
25595832
25630648
25638292
25655572
25658520
25660421
25685397
25724336
25737889
25742265
25747389
25763038
25764982
25779587
25799818
25804335
25813819
25823233
25835102
25845862
25846411
25864510
25881620
25894782
25895450
25895603
25982250
25994165
25995981
26004714
26015567
26015877
26040797
26064954
26086561
26091802
26100713
26110019
26114142
26136735
26147151
26166322
26202372
26205867
26237683
26242530
26245014
26267163
26275527
26289273
26296471
26318191
26368397
26379000
26379778
26400837
26436831
26463896
26481631
26494365
26500905
26503667
26522312
26536808
26539828
26568014
26617250
26643901
26658820
26667651
26704729
26705829
26719295
26724686
26739158
26748982
26762391
26769895
26826814
26840725
26858196
26862431
26886276
26892779
26897628
26897710
26902656
26902770
26913813
26915861
26926635
26930733
26968486
27004323
27005459
27045582
27052863
27053001
27066881
27107615
27140181
27150396
27233126
27263610
27306606
27311511
27314772
27315728
27318267
27322297
27328762
27335905
27344094
27358627
27377440
27393875
27416146
27416150
27423980
27461798
27468282
27478029
27481298
27482804
27492133
27494919
27503894
27504548
27530839
27569886
27573645
27582268
27592073
27603922
27629900
27635410
27667823
27712927
27713559
27717967
27720154
27766357
27771149
27779443
27782086
27782860
27790429
27811101
27812488
27816836
27854061
27859419
27873711
27873727
27897435
27898030
27919513
27921337
27932683
28025221
28028618
28050072
28062648
28081583
28108677
28122677
28124025
28161293
28177070
28182124
28215518
28223386
28247727
28256389
28258547
28273537
28283518
28298454
28324470
28351808
28359666
28380016
28396036
28411005
28419869
28457004
28464581
28480361
28499132
28535747
28553414
28559252
28564213
28570984
28598078
28601394
28619975
28626702
28629971
28671537
28674063
28698604
28701170
28702005
28708308
28725559
28730677
28731690
28742064
28746227
28770446
28775754
28806959
28816966
28817689
28837974
28853274
28867789
28886559
28970173
28972161
28977734
28988698
28992981
28993624
29026658
29036990
29066218
29075113
29091226
29096338
29155011
29157822
29163379
29176971
29180295
29185411
29189902
29198899
29199992
29204354
29205126
29222758
29233035
29234354
29234606
29236574
29250084
29254478
29267766
29269489
29271151
29315769
29320234
29348433
29378260
29378342
29378381
29389112
29405827
29414099
29427764
29430355
29432912
29449883
29483779
29506629
29515763
29522975
29526198
29563908
29596433
29610205
29611117
29632200
29642825
29651277
29654893
29668034
29673319
29707661
29792794
29867078
29872329
29924927
29927155
29939267
29953055
29958976
29963026
29964424
29966927
29986025
30017896
30042758
30061389
30065825
30080122
30082794
30084095
30088458
30090049
30109079
30114442
30120320
30141446
30171482
30173129
30208103
30212876
30216351
30238492
30271396
30294912
30299000
30306353
30308363
30311486
30389210
30403586
30415312
30420852
30444232
30453893
30459840
30482178
30484476
30524415
30528588
30541311
30558858
30568469
30571455
30578264
30581573
30602411
30617092
30635809
30637660
30683034
30703715
30713331
30716339
30718306
30723029
30723617
30733176
30739249
30744051
30761851
30808763
30837980
30840201
30888057
30906323
30917478
30927646
30936106
30949801
30959687
30975748
30998446
31011596
31055618
31057512
31062027
31113133
31117360
31122100
31136296
31136790
31159059
31193030
31207608
31262670
31295583
31327898
31401649
31413825
31455486
31466981
31494305
31545094
31547023
31553991
31562168
31579237
31640545
31659674
31671218
31708881
31717457
31735519
31746994
31752439
31760254
31763545
31807547
31813393
31827778
31842990
31844013
31844298
31856459
31859352
31877398
31908504
31912400
31976857
31988838
32006769
32009294
32015041
32068266
32071045
32089315
32102855
32133055
32139745
32156029
32156620
32158219
32219547
32247080
32263603
32269151
32304431
32314426
32322897
32328946
32375936
32387260
32436034
32436839
32449160
32462243
32462287
32485104
32498015
32499351
32522829
32525754
32553019
32558500
32584852
32601191
32609431
32643019
32660640
32667930
32691184
32710881
32737936
32757849
32778112
32782447
32784678
32799271
32813930
32818413
32848326
32867725
32890840
32919546
33009939
33013970
33061787
33079720
33087003
33088074
33116093
33116675
33140420
33154934
33167283
33203688
33217991
33224119
33245909
33258795
33294483
33299817
33300786
33322196
33367578
33373731
33392050
33398444
33430135
33446433
33488179
33510506
33527392
33536050
33545421
33568035
33580541
33638975
33641676
33645948
33656584
33689469
33704554
33765944
33770124
33781999
33784901
33799747
33802246
33805148
33810151
33823435
33827899
33889142
33915285
33916504
33930475
33953751
33957287
33957459
33995300
34004273
34022417
34026894
34062286
34067596
34088210
34142942
34153614
34156774
34181480
34201226
34223023
34223092
34227240
34244117
34258822
34264754
34276625
34284128
34287658
34288945
34326118
34367092
34390373
34410621
34417236
34428503
34434180
34438944
34451401
34483221
34499216
34513729
34517324
34517886
34520403
34563009
34566545
34582979
34600470
34609628
34610293
34637441
34650615
34659176
34677583
34680815
34704834
34706677
34726170
34775131
34786196
34796095
34807364
34827214
34851134
34879104
34893837
34897914
34903185
34925270
34970231
34983479
34993543
34995748
35007133
35052648
35052897
35052927
35055266
35056865
35073747
35091375
35153139
35161053
35167966
35189952
35215685
35231657
35252302
35264456
35301310
35311539
35317277
35326848
35353289
35388631
35388746
35390565
35397012
35400952
35406936
35411293
35413454
35435002
35506486
35544583
35600002
35610236
35617798
35625125
35631269
35641146
35644291
35668788
35672451
35696727
35708145
35716168
35732262
35740182
35744727
35751714
35760303
35794639
35795464
35817235
35839875
35879766
35881624
35895567
35942202
35945879
36002802
36015608
36066693
36073804
36075400
36087233
36090085
36090175
36099186
36104720
36156193
36168481
36197368
36198745
36237878
36243669
36246266
36260818
36262593
36267171
36268225
36273212
36284979
36289400
36294956
36296166
36310531
36314799
36316591
36332872
36407350
36426060
36428385
36431317
36494020
36525156
36562270
36575027
36615230
36627673
36645843
36650835
36671374
36721446
36736296
36738858
36754958
36758409
36779185
36807351
36810869
36828908
36839755
36853055
36912648
36916277
36916881
36923892
36926996
36937264
36965422
36985361
36994247
37004759
37027245
37036571
37070958
37074231
37092105
37099394
37110287
37110412
37123151
37148737
37160725
37166299
37178499
37193242
37193561
37193703
37204917
37206387
37237760
37249425
37250492
37260684
37269387
37285970
37302863
37323360
37324561
37328344
37331492
37374926
37387372
37431354
37465019
37477511
37512816
37526796
37627688
37660237
37676032
37681832
37684555
37763231
37764028
37765453
37782990
37819119
37836753
37857919
37860070
37877653
37887763
37893481
37907960
37908904
37933318
37937260
37953085
37956668
37959056
37980355
37995292
38006983
38021983
38023952
38036180
38037659
38067008
38076550
38078332
38091137
38100547
38157791
38170073
38197282
38203524
38212383
38232412
38252715
38254036
38259409
38287256
38295958
38328949
38353529
38355621
38391551
38424381
38450261
38494751
38534669
38535596
38537400
38546016
38552871
38576551
38587683
38592977
38599551
38605181
38659354
38678816
38696619
38735146
38750653
38756480
38771043
38780286
38784504
38792837
38801953
38822954
38825127
38862602
38887491
38962977
38975775
38996870
39002874
39036470
39040254
39043278
39043279
39045244
39078784
39079884
39082481
39086508
39122076
39135186
39165849
39169975
39170326
39171260
39184231
39193949
39227167
39286975
39304528
39323709
39335068
39338959
39348498
39367476
39406708
39435552
39435695
39438815
39444155
39449373
39450100
39452310
39456772
39467655
39483120
39498086
39512590
39540757
39551908
39554525
