104972
330120
334794
638897
879740
893341
1116037
1116045
1126916
1206023
1314801
1317549
1322951
1372313
1472716
1482178
1556553
1621099
2117695
2131100
2137121
2270226
2283503
2416717
2643095
2992373
3606872
3691526
3903165
3932358
4105035
4120570
4125539
4199439
4208906
4400187
4436163
4562410
4582635
4591473
4752937
4914085
5034224
5327913
5611662
5729094
5798523
5827066
5848329
6257705
6305973
6989797
7476566
7487022
7507102
7537077
7579625
7580052
7592386
7596293
7618876
7674727
7751294
7778976
7828927
7841213
7841214
7860603
8087253
8253684
8274770
8380801
8389975
8407779
8589405
8626302
8704949
8704950
8744897
8763957
8765060
8818293
8893538
9001408
9023222
9045830
9253645
9336906
9341681
9353281
9361429
9361446
9426142
9435786
9448330
9555912
9572960
9612954
9647845
9654138
9675889
9721291
9721292
9726857
9748455
9783426
9852034
9882673
9920870
10226380
10319516
10347868
10369665
10373365
10395461
10571880
10634042
10659708
10788384
10986236
10997873
11055941
11059492
11085262
11133428
11133457
11166101
11207547
11222584
11277443
11299395
11310739
11377417
11401717
11432417
11605961
11605962
11675735
11700346
11785263
11832521
11851912
11872480
11925071
11972620
11988510
12076820
12147767
12216823
12223848
12231911
12406768
12450843
12455904
12475625
12480905
12481992
12514060
12557554
12606057
12624768
12628591
12655400
12676693
12701444
12740396
12950056
12969500
13679093
13800707
13835843
13835844
14385830
14510856
14714867
14723691
14766544
14982782
15010615
15012499
15049921
15109713
15210989
15289567
15375629
15560368
15574957
15598530
15599761
15619565
15838048
15856158
15936204
16006071
16136336
16172692
16179797
16215640
16245857
16253442
16291682
16295660
16345446
16345638
16346774
16347044
16347316
16347468
16347778
16402550
16404571
16404949
16404953
16475012
16553857
16560865
16630009
16637156
16637157
16661997
16672470
16672494
16699572
16730857
16762457
16776298
16963554
17022173
17029637
17038049
17092294
17114277
17211539
17249426
17314101
17391328
17522823
17531152
17575916
17661291
17697096
17698626
17704235
17726062
17738972
17778289
17918630
17953575
17980935
17990964
18274290
18275458
18297877
18462403
18616404
18645961
18705858
18726504
18820970
18834606
18842089
18943060
18943112
18943376
18943460
18943554
18943684
18943698
18943701
18943756
18943859
18944067
18944076
18944181
18944246
18944291
18944347
18944433
18944458
18944801
18944901
18944920
18970459
19018993
19055721
19061923
19069996
19076232
19159304
19181832
19187512
19218414
19234562
19236575
19298508
19301748
19301751
19320949
19325679
19333425
19351253
19351255
19379502
19396246
19433906
19470164
19496475
19737101
19820144
19821727
19835358
19841656
19850455
19967387
20022617
20034562
20041689
20047654
20049425
20055653
20110301
20116983
20118253
20167485
20192826
20361537
20382791
20465409
20507478
20507497
20546893
20565644
20565991
20569339
20569359
20572979
20583476
20600860
20666990
20813909
20839963
20854109
20889757
20923367
20923369
20924420
20952567
20961041
21040749
21097611
21131493
21255278
21261468
21261861
21335383
21344189
21404214
21421420
21441337
21446634
21460108
21463207
21469934
21534464
21549164
21679036
21725032
21726360
21741998
21764969
21789243
21791029
21814817
21821744
21831138
21936662
21973322
21980417
21986725
21994654
22106508
22111898
22123252
22153235
22158676
22174857
22198367
22229964
22266385
22316300
22377689
22412891
22456518
22471693
22504810
22516094
22525238
22538467
22562215
22579880
22583486
22624335
22672649
22702352
22705381
22860008
22880003
22966191
22970151
23028751
23125119
23163769
23233458
23234799
23275135
23301854
23321023
23378513
23409014
23475975
23493063
23503310
23561298
23570971
23582642
23627651
23634775
23650572
23695580
23720968
23721085
23745678
23757135
23770248
23770912
23773687
23863267
23915008
23937726
23944160
24038828
24077735
24112873
24122768
24156770
24162568
24185519
24192013
24201193
24218204
24226825
24274651
24317070
24317473
24374865
24443882
24449489
24459281
24476337
24479316
24501001
24509928
24550889
24551880
24618178
24704846
24710213
24796857
24801337
24828506
24885615
24912659
24936054
24947806
24957627
25000732
25012600
25145257
25146132
25147712
25165126
25172854
25173868
25178659
25195902
25199342
25331301
25372566
25484228
25577258
25614886
25662737
25666138
25678125
25708938
25714551
25717330
25789570
25790492
25820489
25837473
25849252
25866990
25917599
25978369
25981265
25983395
26004581
26057748
26185096
26208466
26214897
26331624
26368515
26377849
26378562
26413887
26418852
26430039
26432406
26440313
26480911
26525796
26589211
26624292
26732708
26883568
26895335
26902770
26904378
26924300
27002332
27015845
27085087
27200021
27206522
27270917
27345300
27410389
27753193
27845410
27862834
27862864
27917839
28026016
28045342
28212623
28262092
28264910
28270265
28273861
28319994
28360179
28389547
28421913
28426806
28469617
28499132
28509355
28515453
28672817
28675630
28691868
28695265
28756640
28818038
28844747
28952399
28955361
28965178
29063340
29072606
29085749
29123034
29132313
29146842
29178620
29232043
29386527
29428423
29428557
29472907
29474798
29479340
29541881
29605571
29777834
29856934
29862249
29990341
29996678
30065089
30076380
30081953
30141862
30174538
30204065
30248904
30258425
30342147
30366999
30369854
30373239
30468817
30485461
30504898
30533624
30533701
30533868
30541839
30549878
30654014
30660564
30673846
30676925
30682288
30682300
30682301
30686185
30688602
30689407
30695934
30695942
30699688
30708490
30708573
30708596
30715439
30716853
30722367
30722408
30722467
30727288
30727289
30727499
30727540
30743332
30743334
30743395
30743611
30745372
30769402
30769545
30769587
30769680
30780941
30781080
30781352
30786393
30786435
30808981
30812635
30812695
30812821
30812822
30812855
30812949
30818612
30821016
30823165
30823238
30831782
30831919
30841222
30845429
30845433
30845466
30845483
30856793
30857015
30868174
30885930
30901526
30928616
30930874
30959879
31041773
31101613
31105734
31126937
31138749
31140921
31152019
31183516
31214675
31368647
31385540
31395913
31428059
31478866
31495052
31550400
31570749
31581574
31635046
31781986
31791233
31849909
31870310
31878301
31938805
31947931
31952282
31971868
31979031
32027566
32033956
32062363
32070541
32117187
32175827
32228459
32246284
32259573
32268888
32319510
32416447
32506499
32559375
32582795
32615243
32637127
32645104
32738986
32804041
32808873
32839177
32878343
32893528
32904534
32931384
32971807
33004843
33005026
33024293
33038244
33044145
33048592
33102848
33152083
33152175
33182526
33190613
33266226
33281804
33290563
33291381
33314618
33322547
33405501
33410747
33482720
33498890
33518709
33599513
33650322
33671812
33711864
33776977
33784308
33861806
33862864
33888770
33918933
33938181
33945696
33959143
33974427
34081536
34145331
34180603
34198776
34202208
34232052
34351232
34365751
34365752
34382308
34465763
34480830
34528814
34554430
34561493
34579293
34579362
34579385
34579407
34579419
34633232
34698527
34774705
34804236
34904175
34913716
34947626
34953258
34961108
35021859
35108090
35214882
35222304
35246928
35283206
35285239
35285707
35289468
35301783
35385991
35396793
35403335
35406937
35412199
35415924
35416685
35456755
35457046
35484918
35540798
35596247
35625188
35678052
35678058
35735861
35774585
35812926
35819608
35877652
35891645
35900343
35913221
35914003
35929143
35953055
35953061
35979490
35994732
36054324
36147614
36207555
36221918
36221920
36329850
36342839
36358221
36366553
36422018
36538710
36551141
36557734
36559527
36609772
36616240
36618616
36643755
36760049
36794987
36829459
36907559
36935375
36935376
36970697
36978848
37008467
37047209
37101683
37102150
37129715
37187571
37287124
37314334
37342543
37344783
37399041
37421612
37430478
37435872
37440885
37504099
37505073
37512967
37530490
37544439
37550985
37565835
37581441
37606320
37626946
37639371
37649496
37649796
37674507
37687855
37704725
37733156
37834112
37856693
37857695
37901690
37953153
38067503
38068703
38105454
38131794
38144596
38147406
38183485
38247141
38376185
38399780
38400033
38450169
38476321
38526096
38534446
38606446
38611509
38650871
38675852
38731531
38786360
38792726
38831133
38835299
38910873
38928843
38967467
39029627
39031531
39084312
39085039
39109731
39215500
39257690
39323531
39329350
39359492
39359493
39363195
39375611
39383903
39389580
39396688
39397306
39412852
39459951
39574563
39587722
39601883
104972
330120
334794
638897
879740
893341
1116037
1116045
1126916
1206023
1314801
1317549
1322951
1372313
1472716
1482178
1556553
1621099
2117695
2131100
2137121
2270226
2283503
2416717
2643095
2992373
3606872
3691526
3903165
3932358
4105035
4120570
4125539
4199439
4208906
4400187
4436163
4562410
4582635
4591473
4752937
4914085
5034224
5327913
5611662
5729094
5798523
5827066
5848329
6257705
6305973
6989797
7476566
7487022
7507102
7537077
7579625
7580052
7592386
7596293
7618876
7674727
7751294
7778976
7828927
7841213
7841214
7860603
8087253
8253684
8274770
8380801
8389975
8407779
8589405
8626302
8704949
8704950
8744897
8763957
8765060
8818293
8893538
9001408
9023222
9045830
9253645
9336906
9341681
9353281
9361429
9361446
9426142
9435786
9448330
9555912
9572960
9612954
9647845
9654138
9675889
9721291
9721292
9726857
9748455
9783426
9852034
9882673
9920870
10226380
10319516
10347868
10369665
10373365
10395461
10571880
10634042
10659708
10788384
10986236
10997873
11055941
11059492
11085262
11133428
11133457
11166101
11207547
11222584
11277443
11299395
11310739
11377417
11401717
11432417
11605961
11605962
11675735
11700346
11785263
11832521
11851912
11872480
11925071
11972620
11988510
12076820
12147767
12216823
12223848
12231911
12406768
12450843
12455904
12475625
12480905
12481992
12514060
12557554
12606057
12624768
12628591
12655400
12676693
12701444
12740396
12950056
12969500
13679093
13800707
13835843
13835844
14385830
14510856
14714867
14723691
14766544
14982782
15010615
15012499
15049921
15109713
15210989
15289567
15375629
15560368
15574957
15598530
15599761
15619565
15838048
15856158
15936204
16006071
16136336
16172692
16179797
16215640
16245857
16253442
16291682
16295660
16345446
16345638
16346774
16347044
16347316
16347468
16347778
16402550
16404571
16404949
16404953
16475012
16553857
16560865
16630009
16637156
16637157
16661997
16672470
16672494
16699572
16730857
16762457
16776298
16963554
17022173
17029637
17038049
17092294
17114277
17211539
17249426
17314101
17391328
17522823
17531152
17575916
17661291
17697096
17698626
17704235
17726062
17738972
17778289
17918630
17953575
17980935
17990964
18274290
18275458
18297877
18462403
18616404
18645961
18705858
18726504
18820970
18834606
18842089
18943060
18943112
18943376
18943460
18943554
18943684
18943698
18943701
18943756
18943859
18944067
18944076
18944181
18944246
18944291
18944347
18944433
18944458
18944801
18944901
18944920
18970459
19018993
19055721
19061923
19069996
19076232
19159304
19181832
19187512
19218414
19234562
19236575
19298508
19301748
19301751
19320949
19325679
19333425
19351253
19351255
19379502
19396246
19433906
19470164
19496475
19737101
19820144
19821727
19835358
19841656
19850455
19967387
20022617
20034562
20041689
20047654
20049425
20055653
20110301
20116983
20118253
20167485
20192826
20361537
20382791
20465409
20507478
20507497
20546893
20565644
20565991
20569339
20569359
20572979
20583476
20600860
20666990
20813909
20839963
20854109
20889757
20923367
20923369
20924420
20952567
20961041
21040749
21097611
21131493
21255278
21261468
21261861
21335383
21344189
21404214
21421420
21441337
21446634
21460108
21463207
21469934
21534464
21549164
21679036
21725032
21726360
21741998
21764969
21789243
21791029
21814817
21821744
21831138
21936662
21973322
21980417
21986725
21994654
22106508
22111898
22123252
22153235
22158676
22174857
22198367
22229964
22266385
22316300
22377689
22412891
22456518
22471693
22504810
22516094
22525238
22538467
22562215
22579880
22583486
22624335
22672649
22702352
22705381
22860008
22880003
22966191
22970151
23028751
23125119
23163769
23233458
23234799
23275135
23301854
23321023
23378513
23409014
23475975
23493063
23503310
23561298
23570971
23582642
23627651
23634775
23650572
23695580
23720968
23721085
23745678
23757135
23770248
23770912
23773687
23863267
23915008
23937726
23944160
24038828
24077735
24112873
24122768
24156770
24162568
24185519
24192013
24201193
24218204
24226825
24274651
24317070
24317473
24374865
24443882
24449489
24459281
24476337
24479316
24501001
24509928
24550889
24551880
24618178
24704846
24710213
24796857
24801337
24828506
24885615
24912659
24936054
24947806
24957627
25000732
25012600
25145257
25146132
25147712
25165126
25172854
25173868
25178659
25195902
25199342
25331301
25372566
25484228
25577258
25614886
25662737
25666138
25678125
25708938
25714551
25717330
25789570
25790492
25820489
25837473
25849252
25866990
25917599
25978369
25981265
25983395
26004581
26057748
26185096
26208466
26214897
26331624
26368515
26377849
26378562
26413887
26418852
26430039
26432406
26440313
26480911
26525796
26589211
26624292
26732708
26883568
26895335
26902770
26904378
26924300
27002332
27015845
27085087
27200021
27206522
27270917
27345300
27410389
27753193
27845410
27862834
27862864
27917839
28026016
28045342
28212623
28262092
28264910
28270265
28273861
28319994
28360179
28389547
28421913
28426806
28469617
28499132
28509355
28515453
28672817
28675630
28691868
28695265
28756640
28818038
28844747
28952399
28955361
28965178
29063340
29072606
29085749
29123034
29132313
29146842
29178620
29232043
29386527
29428423
29428557
29472907
29474798
29479340
29541881
29605571
29777834
29856934
29862249
29990341
29996678
30065089
30076380
30081953
30141862
30174538
30204065
30248904
30258425
30342147
30366999
30369854
30373239
30468817
30485461
30504898
30533624
30533701
30533868
30541839
30549878
30654014
30660564
30673846
30676925
30682288
30682300
30682301
30686185
30688602
30689407
30695934
30695942
30699688
30708490
30708573
30708596
30715439
30716853
30722367
30722408
30722467
30727288
30727289
30727499
30727540
30743332
30743334
30743395
30743611
30745372
30769402
30769545
30769587
30769680
30780941
30781080
30781352
30786393
30786435
30808981
30812635
30812695
30812821
30812822
30812855
30812949
30818612
30821016
30823165
30823238
30831782
30831919
30841222
30845429
30845433
30845466
30845483
30856793
30857015
30868174
30885930
30901526
30928616
30930874
30959879
31041773
31101613
31105734
31126937
31138749
31140921
31152019
31183516
31214675
31368647
31385540
31395913
31428059
31478866
31495052
31550400
31570749
31581574
31635046
31781986
31791233
31849909
31870310
31878301
31938805
31947931
31952282
31971868
31979031
32027566
32033956
32062363
32070541
32117187
32175827
32228459
32246284
32259573
32268888
32319510
32416447
32506499
32559375
32582795
32615243
32637127
32645104
32738986
32804041
32808873
32839177
32878343
32893528
32904534
32931384
32971807
33004843
33005026
33024293
33038244
33044145
33048592
33102848
33152083
33152175
33182526
33190613
33266226
33281804
33290563
33291381
33314618
33322547
33405501
33410747
33482720
33498890
33518709
33599513
33650322
33671812
33711864
33776977
33784308
33861806
33862864
33888770
33918933
33938181
33945696
33959143
33974427
34081536
34145331
34180603
34198776
34202208
34232052
34351232
34365751
34365752
34382308
34465763
34480830
34528814
34554430
34561493
34579293
34579362
34579385
34579407
34579419
34633232
34698527
34774705
34804236
34904175
34913716
34947626
34953258
34961108
35021859
35108090
35214882
35222304
35246928
35283206
35285239
35285707
35289468
35301783
35385991
35396793
35403335
35406937
35412199
35415924
35416685
35456755
35457046
35484918
35540798
35596247
35625188
35678052
35678058
35735861
35774585
35812926
35819608
35877652
35891645
35900343
35913221
35914003
35929143
35953055
35953061
35979490
35994732
36054324
36147614
36207555
36221918
36221920
36329850
36342839
36358221
36366553
36422018
36538710
36551141
36557734
36559527
36609772
36616240
36618616
36643755
36760049
36794987
36829459
36907559
36935375
36935376
36970697
36978848
37008467
37047209
37101683
37102150
37129715
37187571
37287124
37314334
37342543
37344783
37399041
37421612
37430478
37435872
37440885
37504099
37505073
37512967
37530490
37544439
37550985
37565835
37581441
37606320
37626946
37639371
37649496
37649796
37674507
37687855
37704725
37733156
37834112
37856693
37857695
37901690
37953153
38067503
38068703
38105454
38131794
38144596
38147406
38183485
38247141
38376185
38399780
38400033
38450169
38476321
38526096
38534446
38606446
38611509
38650871
38675852
38731531
38786360
38792726
38831133
38835299
38910873
38928843
38967467
39029627
39031531
39084312
39085039
39109731
39215500
39257690
39323531
39329350
39359492
39359493
39363195
39375611
39383903
39389580
39396688
39397306
39412852
39459951
39574563
39587722
39601883
