33600891
34226954
34236233
34263356
34683420
35138564
35456829
35561799
35567168
35611563
35612623
35839665
35850225
35925905
36088211
36125674
36151590
36191691
36225351
36227100
36230100
36276462
36296323
36385222
36399308
36423546
36432768
36438094
36472418
36483456
36557763
36605502
36657569
36662359
36670089
36771609
36780973
36913358
36940873
36970697
36975796
37002283
37101584
37110396
37111812
37193032
37199619
37219446
37228327
37284000
37294039
37313602
37383809
37423403
37446960
37466752
37615783
37623243
37630538
37651951
37762528
37770401
37801099
37850550
37851246
37857079
37958734
37979765
38060561
38077268
38100951
38132715
38160211
38175162
38189306
38201061
38225553
38319394
38328352
38378738
38544863
38545230
38553608
38581100
38645793
38674776
38707842
38792726
38795920
38852726
38860814
38897358
38916310
38938979
38966390
39003037
39026603
39095475
39162470
39227801
39306053
39336078
39339611
39384865
39397794
39400719
39433045
39435675
39445036
39496699
39531771
39539293
39542296
39593971
33600891
34226954
34236233
34263356
34683420
35138564
35456829
35561799
35567168
35611563
35612623
35839665
35850225
35925905
36088211
36125674
36151590
36191691
36225351
36227100
36230100
36276462
36296323
36385222
36399308
36423546
36432768
36438094
36472418
36483456
36557763
36605502
36657569
36662359
36670089
36771609
36780973
36913358
36940873
36970697
36975796
37002283
37101584
37110396
37111812
37193032
37199619
37219446
37228327
37284000
37294039
37313602
37383809
37423403
37446960
37466752
37615783
37623243
37630538
37651951
37762528
37770401
37801099
37850550
37851246
37857079
37958734
37979765
38060561
38077268
38100951
38132715
38160211
38175162
38189306
38201061
38225553
38319394
38328352
38378738
38544863
38545230
38553608
38581100
38645793
38674776
38707842
38792726
38795920
38852726
38860814
38897358
38916310
38938979
38966390
39003037
39026603
39095475
39162470
39227801
39306053
39336078
39339611
39384865
39397794
39400719
39433045
39435675
39445036
39496699
39531771
39539293
39542296
39593971
