34577
92972
107721
116708
343493
358812
395823
429788
449475
501819
572654
580432
677879
682175
739158
785003
950376
1096588
1239488
1337623
1342088
1380008
1398924
1399952
1406365
1437902
1441774
1452668
1462477
1486235
1489178
1513260
1541520
1548419
1556557
1571462
1572257
1599352
1612415
1625850
1626088
1669150
1698965
1715647
1726207
1741917
1741920
1745563
1752305
1753113
1756518
1759838
1767252
1776459
1789903
1835340
1939577
1955416
1987058
1993454
1998185
2031519
2037657
2045549
2141788
2150893
2182732
2192064
2244013
2247308
2259864
2285290
2312175
2342083
2345296
2384675
2434427
2455947
2483757
2490476
2506514
2506515
2513196
2559282
2575631
2584375
2628752
2653693
2689651
2737253
2741379
2746861
2752711
2765086
2777370
2784284
2803756
2807545
2815444
2820097
2868203
2902719
2909483
2936709
2984240
3043881
3058297
3065927
3087930
3105449
3107872
3109897
3141116
3174302
3195255
3208547
3223139
3241546
3255397
3273467
3277991
3298185
3303249
3303301
3321412
3326399
3330593
3340464
3360497
3378276
3393118
3406676
3407361
3410950
3423494
3481244
3501750
3516682
3539009
3563430
3610268
3615380
3616271
3655734
3668496
3743562
3804827
3809151
3818102
3826007
3871598
3887560
3890724
3895401
3897387
3902456
3931834
3940428
3984744
4008620
4017910
4035986
4067581
4081404
6096398
6133502
6195496
6211027
6219617
6224679
6224685
6233841
6292596
6302831
6330170
6335018
6335265
6353920
6357878
6358254
6358806
6367462
6372435
6377440
6381527
6389367
6420648
6429238
6441008
6526020
6530962
6531633
6546811
6598560
6631420
6639019
6641724
6644988
6673898
6695157
6699151
6721325
6735472
6755659
6807958
6833172
6833480
6835950
6862867
6870227
6874908
6876731
6887362
6890071
6937978
6968747
6978796
6982679
6993946
7004077
7034183
7035090
7068839
7090104
7155006
7161380
7173185
7181495
7192302
7214270
7247500
7415843
7434286
7441002
7454583
7500915
7549260
7554807
7587040
7590154
7658975
7689445
7692353
7710327
7729471
7768782
7789095
7814525
7844337
7848779
7854859
7889974
7917223
7927721
7938001
7968656
7976215
8011304
8042900
8042901
8061412
8065269
8163706
8185890
8301813
8330747
8347930
8357110
8383104
8384818
8404914
8418067
8444210
8446403
8460350
8497387
8537358
8590267
8604465
8690885
8697931
8751944
8781033
8782691
8792507
8817178
8851391
8851392
8862560
8893524
9108190
9127756
9255765
9338491
9378921
9406611
9472209
9511277
9553801
9582586
9624542
9629444
9631545
9661000
9670551
9673237
9723925
9731292
9734063
9736546
9739032
9810666
9829160
9830105
9839833
9849785
9850270
9871938
10024547
10052444
10209768
10394988
10433573
10440064
10440621
10443540
10530470
10702546
10811041
10824027
10831857
10916785
10945508
10969050
10970371
11051622
11126812
11131893
11164135
11165729
11251838
11353641
11405560
11412914
11417826
11426248
11442990
11479641
11483378
11516934
11568782
11576795
11672880
11730365
11738090
11825951
11864354
11977919
12012968
12035353
12043159
12072939
12106949
12113867
12113869
12120880
12242000
12446038
12493789
12601338
12601340
12673404
12791851
12800992
13903299
14477540
14568147
14633198
14638484
14657137
14661465
14676879
14692380
15018591
15268951
15364302
15595856
15620832
15736028
15762582
15893830
15894126
15909846
15997255
16033516
16038517
16083816
16100859
16123829
16126572
16135568
16177313
16192681
16203120
16243229
16244464
16258199
16269673
16303725
16348916
16476796
16487670
16554337
16599999
16604419
16697558
16854352
16861649
16898513
16907817
16978429
17008781
17033753
17037699
17049797
17089221
17126372
17184340
17191601
17258415
17344356
17428935
17430918
17436810
17475456
17542481
17645523
17876001
17893164
17921266
18025590
18030794
18094579
18211262
18330637
18341146
18348230
18357907
18362191
18368757
18376352
18395378
18464038
18475396
18499768
18511178
18522034
18541166
18547131
18553981
18573154
18611595
18611809
18677936
18702074
18703368
18721837
18728754
18752624
18950962
18951393
18986783
19038544
19094862
19136679
19324394
19456833
19505803
19537010
19616280
19623138
19674114
19700919
19729456
19745502
19783523
19802475
19832906
19943031
19954877
20062894
20065394
20077882
20132252
20141949
20176795
20352979
20383373
20417394
20456948
20514772
20525989
20528174
20537181
20586170
20598860
20629890
20639341
20646876
20658409
20813851
20889171
21061582
21095086
21103346
21143714
21164574
21185697
21217035
21252279
21253822
21280131
21290719
21294823
21295951
21334507
21432381
21533877
21546625
21555061
21561725
21672099
21783753
21815455
21877596
21905846
21913487
21917070
21977871
21984454
22062067
22062161
22062823
22063710
22082328
22092763
22136172
22202869
22243671
22251619
22264668
22292465
22294419
22318896
22363079
22546205
22608236
22665480
22843581
22901000
22963707
22967697
23030816
23041266
23050213
23057307
23122502
23152340
23183439
23224296
23380970
23390286
23400969
23440118
23498201
23498874
23548376
23610972
23640203
23683588
23684720
23686506
23731467
23750077
23812565
23828308
23833752
23880244
23959029
23981343
24001038
24082071
24114413
24202878
24216440
24278315
24333961
24346053
24359821
24361828
24361832
24363814
24365283
24410408
24449771
24459833
24582450
24605662
24679961
24738161
24814780
24929717
24951799
24989035
25059796
25065160
25168568
25202446
25219800
25245706
25312118
25328783
25395233
25398871
25449235
25472486
25475289
25497915
25515669
25523318
25596568
25625032
25630498
25748571
25805616
25827417
25853778
25991555
26001060
26063858
26075812
26082119
26163810
26184852
26199735
26248114
26404582
26516963
26657128
26658437
26727101
26830747
26840519
26874419
26978225
26989743
27020869
27095684
27133307
27174281
27227294
27252156
27280005
27294115
27312379
27349704
27355014
27371902
27410913
27427871
27433385
27566110
27601383
27629897
27639858
27799208
27844263
27889420
28068029
28072390
28130140
28187327
28221968
28245081
28283006
28324529
28325944
28330235
28390962
28428298
28438975
28455762
28457846
28527793
28607020
28630628
28691012
28726498
28732791
28780720
28825574
28831634
28906479
28927409
28950164
29030135
29079617
29174143
29202045
29339306
29414740
29425282
29437272
29475383
29551211
29551445
29604423
29657429
29727733
29859783
29882122
30078873
30085207
30166139
30166817
30194103
30206434
30269860
30283431
30284669
30294213
30349329
30396390
30421630
30427304
30446832
30456272
30538731
30564685
30700506
30745897
30797006
30818356
30905628
30921681
30950814
30983946
31030820
31067667
31075417
31114262
31132119
31194723
31195453
31362056
31405488
31421877
31428064
31472824
31489000
31494239
31510047
31524954
31549905
31572587
31621728
31625356
31737073
31752379
31803574
31847510
31860153
31921008
31926439
31950664
31963821
32006753
32055764
32118129
32131404
32138992
32182757
32199334
32281590
32306338
32328965
32354049
32372856
32428235
32445124
32455889
32456227
32485942
32557652
32600692
32643388
32736242
32738017
32738079
32764492
32777796
32805642
32855248
32891995
32944453
32994001
33014383
33019548
33052802
33078104
33083488
33255172
33285311
33297564
33324354
33364032
33425076
33434357
33489239
33505372
33622483
33732053
33807318
33832632
33863634
33941519
34016680
34030104
34040098
34042180
34069037
34078007
34163187
34163443
34201417
34316207
34335776
34443301
34562786
34602432
34646592
34683856
34738172
34833945
34878098
35072960
35078527
35192451
35198842
35202455
35206000
35214089
35252422
35379908
35445249
35548242
35610571
35706673
35729281
35732851
35756032
35760928
35765525
35769634
35790214
35792781
35851044
35937407
35945879
35965117
35988194
36006345
36016080
36047840
36160848
36172499
36178430
36224607
36228580
36271314
36287980
36379534
36462362
36463775
36468876
36474310
36563533
36590389
36602902
36644938
36653396
36673497
36678427
36737748
36817110
36828093
36839649
36877017
36918753
37011893
37073093
37089770
37137456
37152578
37201401
37237778
37244490
37344802
37445714
37469065
37496232
37510712
37553507
37561399
37585936
37697340
37774634
37793963
37887209
37894201
37956376
38019765
38045889
38051037
38133330
38215519
38242285
38250918
38260874
38280678
38290305
38303387
38367164
38377127
38447309
38468117
38581911
38596007
38746741
38792839
38820330
38825219
38825624
38835040
38876605
38917453
38945613
38953654
38962321
38999058
39036226
39039580
39106464
39122183
39124146
39131029
39250672
39255507
39278082
39295304
39298933
39323339
39375625
39445209
39473639
39548999
39553552
34577
92972
107721
116708
343493
358812
395823
429788
449475
501819
572654
580432
677879
682175
739158
785003
950376
1096588
1239488
1337623
1342088
1380008
1398924
1399952
1406365
1437902
1441774
1452668
1462477
1486235
1489178
1513260
1541520
1548419
1556557
1571462
1572257
1599352
1612415
1625850
1626088
1669150
1698965
1715647
1726207
1741917
1741920
1745563
1752305
1753113
1756518
1759838
1767252
1776459
1789903
1835340
1939577
1955416
1987058
1993454
1998185
2031519
2037657
2045549
2141788
2150893
2182732
2192064
2244013
2247308
2259864
2285290
2312175
2342083
2345296
2384675
2434427
2455947
2483757
2490476
2506514
2506515
2513196
2559282
2575631
2584375
2628752
2653693
2689651
2737253
2741379
2746861
2752711
2765086
2777370
2784284
2803756
2807545
2815444
2820097
2868203
2902719
2909483
2936709
2984240
3043881
3058297
3065927
3087930
3105449
3107872
3109897
3141116
3174302
3195255
3208547
3223139
3241546
3255397
3273467
3277991
3298185
3303249
3303301
3321412
3326399
3330593
3340464
3360497
3378276
3393118
3406676
3407361
3410950
3423494
3481244
3501750
3516682
3539009
3545172
3563430
3610268
3615380
3616271
3655734
3668496
3743562
3804827
3809151
3818102
3826007
3871598
3887560
3890724
3895401
3897387
3902456
3931834
3940428
3984744
4008620
4017910
4035986
4051289
4067581
4081404
6096398
6133502
6195496
6211027
6219617
6224679
6224685
6233841
6292596
6302831
6330170
6335018
6335265
6353920
6357878
6358254
6358806
6367462
6372435
6377440
6381527
6389367
6420648
6429238
6441008
6526020
6530962
6531633
6546811
6598560
6631420
6639019
6641724
6644988
6673898
6695157
6699151
6721325
6735472
6755659
6807958
6833172
6833480
6835950
6862867
6870227
6874908
6876731
6887362
6890071
6937978
6968747
6977734
6978796
6982679
6993946
7004077
7034183
7035090
7068839
7077292
7090104
7155006
7161380
7173185
7181495
7192302
7214270
7247500
7315353
7415843
7434286
7441002
7454583
7500915
7549260
7554807
7587040
7590154
7658975
7689445
7692353
7710327
7729471
7768782
7789095
7814525
7844337
7848779
7854859
7889974
7917223
7927721
7938001
7962630
7968656
7976215
8011304
8042900
8042901
8061412
8065269
8163706
8185890
8301813
8330747
8347930
8357110
8383104
8384818
8404914
8418067
8444210
8446403
8460350
8497387
8537358
8590267
8604465
8690885
8697931
8751944
8781033
8782691
8792507
8816597
8817178
8851391
8851392
8862560
8872935
8893524
9108190
9127756
9255765
9338491
9378921
9406611
9472209
9511277
9553801
9582586
9624542
9629444
9631545
9661000
9670551
9673237
9723925
9731292
9734063
9736546
9739032
9810666
9829160
9830105
9839833
9849785
9850270
9871938
10024547
10052444
10209768
10394988
10433573
10440064
10440621
10443540
10530470
10702546
10811041
10824027
10831857
10916785
10945508
10969050
10970371
11051622
11108196
11126812
11131893
11164135
11165729
11251838
11353641
11405560
11412914
11417826
11426248
11442990
11479641
11483378
11516934
11568782
11576795
11672880
11675983
11730365
11738090
11825951
11864354
11977919
12012968
12035353
12043159
12072939
12106949
12113867
12113869
12120880
12242000
12409048
12446038
12493789
12601338
12601340
12673404
12791851
12800992
12934120
13903299
14477540
14568147
14633198
14638484
14657137
14661465
14676879
14692380
15018591
15268951
15364302
15595856
15620832
15736028
15762582
15893830
15894126
15909846
15997255
16033516
16038517
16083816
16100859
16123829
16126572
16135568
16177313
16192676
16192681
16203120
16243229
16244464
16258199
16269673
16303725
16348916
16476796
16487670
16554337
16599999
16604419
16697558
16854352
16861649
16898513
16907817
16978429
17008781
17033753
17037699
17049797
17089221
17126372
17184340
17191601
17258415
17344356
17428935
17430918
17436810
17475456
17542481
17645523
17725829
17876001
17893164
17921266
18025590
18030794
18094579
18211262
18330637
18341146
18348230
18357907
18362191
18368757
18376352
18395378
18464038
18475396
18499768
18511178
18522034
18541166
18547131
18553981
18573154
18611595
18611809
18677936
18702074
18703368
18721837
18728754
18752624
18950962
18951393
18986783
19038544
19094862
19136679
19324394
19456833
19505803
19537010
19616280
19623138
19674114
19700919
19729456
19745502
19783523
19802475
19832906
19943031
19954877
20062894
20065394
20077882
20132252
20141949
20176795
20352979
20383373
20417394
20456948
20514772
20525989
20528174
20537181
20586170
20598860
20629890
20639341
20646876
20658409
20813851
20889171
21061582
21095086
21103346
21143714
21164574
21185697
21217035
21252279
21253822
21280131
21290719
21294823
21295951
21334507
21432381
21533877
21546625
21555061
21561725
21672099
21783753
21815455
21877596
21905846
21913487
21917070
21977871
21984454
22062067
22062161
22062823
22063710
22082328
22090289
22092763
22136172
22202869
22243671
22251619
22264668
22292465
22294419
22318896
22363079
22546205
22608236
22665480
22843581
22901000
22963707
22967697
23030816
23041266
23050213
23057307
23122502
23152340
23183439
23224296
23380970
23390286
23400969
23440118
23498201
23498874
23548376
23610972
23640203
23683588
23684720
23686506
23731467
23750077
23812565
23828308
23833752
23880244
23959029
23981343
24001038
24082071
24114413
24202878
24216440
24278315
24333961
24346053
24359821
24361828
24361832
24363814
24365283
24410408
24449771
24459833
24582450
24605662
24679961
24738161
24814780
24929717
24951799
24989035
25059796
25065160
25168568
25202446
25219800
25245706
25312118
25328783
25395233
25398871
25449235
25472486
25475289
25497915
25515669
25523318
25596568
25625032
25630498
25748571
25805616
25827417
25853778
25991555
26001060
26063858
26075812
26082119
26163810
26184852
26199735
26248114
26404582
26516963
26657128
26658437
26727101
26830747
26840519
26874419
26978225
26989743
27020869
27095684
27133307
27174281
27227294
27252156
27280005
27294115
27312379
27349704
27355014
27371902
27410913
27427871
27433385
27566110
27601383
27629897
27639858
27799208
27844263
27889420
28068029
28072390
28130140
28187327
28221968
28245081
28283006
28324529
28325944
28330235
28390962
28428298
28438975
28455762
28457846
28527793
28607020
28630628
28691012
28726498
28732791
28780720
28825574
28831634
28903850
28906479
28927409
28950164
28959790
29030135
29079617
29174143
29202045
29339306
29414740
29425282
29437272
29475383
29551211
29551445
29604423
29657429
29727733
29859783
29882122
30078873
30085207
30166139
30166817
30194103
30206434
30269860
30283431
30284669
30294213
30349329
30396390
30421630
30427304
30446832
30456272
30538731
30564685
30700506
30745897
30797006
30818356
30905628
30921681
30950814
30983946
31030820
31067667
31075417
31114262
31132119
31194723
31195453
31362056
31405488
31421877
31428064
31472824
31489000
31494239
31510047
31524954
31549905
31572587
31621728
31625356
31737073
31752379
31803574
31847510
31860153
31921008
31926439
31950664
31963821
32006753
32055764
32118129
32131404
32138992
32182757
32190998
32199334
32281590
32306338
32328965
32354049
32372856
32428235
32445124
32455889
32456227
32485942
32557652
32600692
32643388
32736242
32738017
32738079
32764492
32777796
32805642
32855248
32891995
32944453
32994001
33014383
33019548
33052802
33078104
33083488
33255172
33285311
33297564
33324354
33364032
33425076
33434357
33489239
33505372
33622483
33732053
33807318
33832632
33863634
33941519
34016680
34030104
34040098
34042180
34069037
34078007
34163187
34163443
34201417
34316207
34335776
34443301
34562786
34602432
34646592
34683856
34738172
34761356
34833945
34878098
35072960
35078527
35192451
35198842
35202455
35206000
35214089
35252422
35379908
35445249
35548242
35610571
35706673
35729281
35732851
35756032
35760928
35765525
35769634
35790214
35792781
35851044
35937407
35945879
35965117
35988194
36006345
36016080
36047840
36160848
36172499
36178430
36224607
36228580
36271314
36287980
36379534
36462362
36463775
36468876
36474310
36563533
36590389
36602902
36644938
36653396
36673497
36678427
36737748
36817110
36828093
36839649
36877017
36918753
37011893
37073093
37089770
37137456
37152578
37201401
37237778
37244490
37344802
37445714
37469065
37496232
37510712
37553507
37561399
37585936
37697340
37774634
37793963
37887209
37894201
37956376
38019765
38045889
38051037
38133330
38215519
38242285
38250918
38260874
38280678
38290305
38303387
38367164
38377127
38447309
38468117
38581911
38596007
38746741
38792839
38820330
38825219
38825624
38835040
38876605
38917453
38945613
38953654
38962321
38999058
39036226
39039580
39106464
39122183
39124146
39131029
39250672
39255507
39278082
39295304
39298933
39323339
39375625
39445209
39473639
39548999
39553552
