31149406
31198621
31386681
31412870
31592757
31766159
31783919
31847381
32094250
32158772
32416742
32460764
32607281
32652336
32736655
32795339
32964167
33193449
33199394
33203465
33299240
33327385
33375599
33513772
33525975
33526563
33548394
33610012
33610013
33636545
33645216
33652818
33751558
33799227
33980312
34029124
34065547
34069250
34225787
34250058
34250062
34356730
34393140
34411995
34482810
34485325
34674760
34676472
35034523
35233006
35281072
35348230
35452849
35640412
35680006
35738442
35769141
35809462
35851417
35878359
35889967
35889997
35890011
35932516
35966685
36014323
36015001
36033895
36034702
36077023
36094311
36150554
36211213
36216558
36228044
36297496
36525718
36548827
36548852
36558777
36590439
36680971
36736498
36804990
36863230
36897759
36899887
36916923
36920203
36977274
37031471
37120968
37138622
37174529
37235448
37239984
37361051
37379423
37391360
37641044
37726088
37790267
37790626
37864263
37882555
37930004
38000209
38018865
38087358
38104440
38112519
38136692
38187335
38335675
38364190
38540418
38582846
38595326
38674155
38750774
38776767
38797057
38827588
38927100
38964034
38964035
39002176
39049814
39075542
39075562
39075605
39156723
39194201
39200041
39202454
39212299
39227838
39253526
39264911
39330865
39375812
39407326
39443946
39604968
39609907
