1094
7197
25650
365247
410368
758954
823278
869407
926404
978178
1178950
1270598
1284849
1324835
1327105
1327881
1364137
1368535
1369188
1437007
1459418
1468562
1470050
1510553
1539983
1551856
1575465
1644760
1645715
1648911
1660405
1689717
1733946
1744072
1768106
1846618
1848234
1850410
1854185
1885521
1919506
1965779
2001732
2005866
2025262
2050653
2059008
2154208
2166686
2170125
2173903
2231267
2244790
2318662
2365685
2459114
2467899
2490072
2490722
2515804
2536326
2542222
2542963
2554884
2619287
2624465
2632664
2633209
2646279
2668753
2764573
2770558
2820935
2822651
2827782
2829889
2839127
2843169
2844159
2844743
2847585
2849565
2853690
2990552
3049543
3053681
3087621
3202629
3339013
3417655
3466723
3522526
3575015
3656319
3674872
3680176
3733689
3777934
3818940
3888216
3922898
3924894
3934103
3937493
4088104
4369876
4493804
4520361
4807790
5123132
5488055
5747915
5789183
5804879
5903094
6092869
6194148
6194668
6326813
6329754
6407395
6528782
6571730
6625777
6715284
6820251
6833215
6833795
6863303
7068659
7495862
7508388
7524442
7580051
7588711
7628463
7747927
7747934
7747942
7765251
7766157
7811935
7842450
7883699
7887615
7944366
7956014
7961508
8020468
8026750
8048839
8050063
8077985
8118170
8123562
8161187
8169201
8195067
8225414
8226670
8243476
8245846
8262446
8262447
8318000
8338615
8352648
8416894
8439151
8452510
8480993
8529897
8573496
8599682
8604555
8626275
8627029
8639023
8647084
8662021
8666323
8730872
8760927
8769303
8779577
8837426
8846991
8852995
8875907
8883778
8901177
8906936
8950369
8954931
8971322
8990274
8995815
9022686
9023039
9032080
9049017
9095556
9126844
9131052
9145861
9210669
9224896
9249994
9251204
9274035
9281429
9297831
9331415
9332535
9403102
9405061
9409151
9459656
9479042
9493381
9493393
9507047
9521721
9571135
9611890
9636043
9639597
9639937
9642602
9687467
9687481
9689222
9717292
9720205
9758777
9775288
9791102
9812377
9861678
9864326
9872779
9920799
10048486
10070727
10076635
10197990
10209742
10222034
10223973
10368138
10368439
10369898
10390872
10408639
10433976
10439995
10441466
10460173
10473416
10508936
10518299
10530463
10540232
10540236
10540283
10553292
10556241
10570120
10611279
10660495
10691974
10713446
10730495
10735861
10742247
10747819
10772477
10776620
10788360
10788387
10792546
10860492
10872690
10888848
10913314
10939670
11016695
11019819
11042472
11064339
11083639
11091041
11101666
11133969
11157241
11160097
11179654
11234929
11244078
11256946
11270648
11272837
11274111
11278981
11298242
11344317
11351535
11351728
11371465
11371540
11375197
11375933
11417826
11425758
11446513
11456570
11466271
11499942
11501677
11513390
11519999
11525988
11544219
11545520
11549035
11707262
11709031
11710100
11710119
11710202
11722663
11737203
11737628
11749188
11760942
11790331
11823230
11831473
11873910
11886754
11897346
11929077
11942802
11972321
12046919
12051647
12070166
12073134
12128187
12153587
12161433
12167025
12180140
12189420
12196157
12214659
12405417
12407457
12423369
12425671
12459896
12501294
12508887
12509983
12510001
12527376
12533464
12533467
12554948
12565757
12616619
12618453
12619683
12686632
12753199
12767816
12774178
12777822
12779118
12788710
12788762
12794301
12802018
12877462
12877463
12902273
12904565
12909651
12980914
13872891
14275853
14503876
14514077
14529182
14529270
14602651
14604531
14625904
14648307
14734838
15008817
15019728
15043864
15050801
15056887
15066815
15096510
15100050
15128509
15135527
15160611
15184119
15184124
15206934
15214751
15231805
15246534
15290136
15292125
15299776
15311934
15316720
15317793
15322368
15340790
15342115
15347689
15360268
15466561
15488281
15489447
15490847
15502965
15519324
15566185
15582566
15599466
15601698
15607233
15610419
15623040
15635461
15640200
15654636
15657722
15687216
15696279
15703908
15721336
15742150
15743947
15859323
15865349
15880826
15881832
15941993
15942867
15988790
15991478
16014478
16028291
16085870
16085871
16116657
16134325
16151169
16157449
16166664
16204481
16233304
16233587
16273148
16315012
16329851
16337764
16346690
16347030
16347643
16348222
16348417
16348463
16348829
16348926
16360247
16364635
16387684
16420634
16427516
16457891
16483137
16490274
16496091
16535368
16535677
16535707
16559075
16649614
16672449
16679541
16730836
16734718
16754978
16755486
16756297
16760079
16760312
16822636
16842902
16871797
16887530
16900399
16936044
16945402
16948172
16958750
16995667
17010550
17021870
17040231
17078921
17091386
17117860
17141803
17144297
17159205
17209072
17218012
17227420
17288366
17288367
17294651
17295412
17318544
17435005
17467964
17473886
17496029
17616586
17623666
17644635
17653540
17675442
17687848
17690469
17696387
17805529
17909340
17916405
17992409
18093138
18211060
18258222
18274728
18303906
18368293
18386080
18406094
18421383
18422622
18495935
18511142
18546689
18569316
18587768
18587992
18594908
18645960
18654819
18697478
18721145
18819646
18842847
18930349
19000943
19029691
19052175
19060139
19199051
19217165
19264137
19282630
19297982
19299124
19302927
19334394
19348767
19351560
19352028
19419067
19436124
19458657
19472978
19488677
19493661
19508294
19548094
19567344
19568912
19632773
19637563
19719666
19719672
19732145
19740670
19796135
19799945
19830477
19844704
19959202
20008448
20034786
20044792
20053297
20061472
20080995
20088877
20137101
20218527
20236821
20308383
20359200
20406291
20495048
20576851
20677756
20700582
20715760
20817796
20822129
20825043
20857096
20953895
20977999
21045317
21058101
21094978
21144565
21169432
21235193
21272912
21337247
21474537
21509565
21515765
21526814
21547574
21602392
21637938
21676651
21680176
21694431
21720839
21725014
21790617
21841804
21868215
21879856
21887523
21887633
21911288
21938458
21948046
21994926
21999629
22030862
22055314
22074903
22074905
22156135
22159613
22173413
22197497
22210557
22226947
22275095
22282021
22285037
22286991
22300865
22307303
22328767
22342587
22360857
22370876
22387187
22404159
22423324
22430606
22439578
22451390
22515657
22564138
22574176
22578770
22619970
22659337
22698075
22792404
22805851
22806029
22828897
22843599
22913716
22925424
22961799
22965097
22978778
22999357
23012282
23012292
23072349
23096349
23122085
23144395
23149469
23176608
23196241
23236847
23237539
23270669
23275505
23275974
23277272
23277500
23280415
23291752
23405317
23497899
23516224
23534991
23543208
23554086
23607266
23614240
23675499
23686842
23725061
23728164
23733171
23735789
23772372
23797291
23929478
24028969
24031470
24041542
24092793
24111681
24145536
24161581
24189920
24190335
24206770
24214947
24225026
24347061
24374587
24415307
24419841
24425952
24426083
24447520
24459833
24488923
24502159
24509252
24549803
24586957
24594672
24600849
24609188
24621332
24670334
24704165
24712689
24714029
24738996
24747385
24751375
24836703
24838250
24858084
24890829
24903873
24908186
24948922
24963472
25048697
25076531
25115799
25129760
25139301
25176485
25251496
25292217
25292306
25331771
25366019
25376444
25383040
25410277
25417744
25454656
25468476
25487118
25489740
25549622
25550067
25574037
25597384
25666179
25668754
25674802
25732425
25741049
25763027
25797166
25802047
25814604
25824431
25827250
25878226
25895256
25900248
25917905
25968644
25979890
25994582
26025640
26044424
26109449
26144046
26152586
26241840
26273252
26302703
26348257
26362924
26386421
26411776
26451836
26452555
26465298
26475366
26479452
26494664
26500637
26544727
26559260
26623012
26685621
26693726
26771930
26782601
26814183
26868152
26869996
26877919
26905325
26935976
26975755
27003697
27007496
27037114
27045776
27081147
27084012
27100017
27109389
27185632
27233093
27235402
27256870
27306553
27315727
27380419
27396744
27407147
27439307
27453497
27462508
27474723
27514183
27517140
27593283
27630053
27639669
27664317
27795237
27811112
27817190
27853857
27860284
27864152
27884113
27906136
27942461
28007379
28046131
28070613
28096816
28105025
28188092
28196465
28216021
28274426
28276695
28299401
28317852
28329725
28338674
28344573
28363079
28376383
28461447
28488226
28500885
28526844
28549326
28600447
28629206
28634714
28668995
28684578
28698510
28710998
28755169
28764834
28794933
28796186
28822938
28824050
28827360
28831383
28848534
28855587
28855801
28873558
28928727
28931397
28936796
28958662
28982991
29032395
29054650
29054875
29098480
29101191
29124178
29197780
29217799
29292474
29330532
29341298
29359695
29387737
29416125
29441229
29492373
29502257
29533829
29542861
29555555
29608253
29627694
29659242
29663550
29669886
29670590
29675016
29680369
29692767
29743119
29749174
29752987
29754410
29853498
29865153
29904692
29965544
29998688
30013544
30026566
30049610
30112433
30131334
30134913
30141070
30141601
30143141
30153007
30166748
30212776
30220524
30272961
30328776
30363877
30364902
30444232
30453222
30461205
30477902
30530022
30608939
30675320
30680854
30706145
30772636
30826636
30910818
30939741
30944570
30953595
30967854
30991991
30997667
31076427
31106985
31110207
31134030
31205022
31262840
31322080
31338330
31346016
31373894
31395646
31466043
31472344
31473248
31491845
31502803
31525689
31526993
31555995
31602598
31611855
31634743
31637558
31642950
31655456
31662211
31673743
31707335
31744681
31753391
31754823
31757927
31762671
31791784
31827466
31839288
31844298
31852805
31856535
31867229
31957404
31972401
31980902
32033953
32038503
32042029
32068524
32087608
32112951
32161276
32169497
32200742
32325908
32351872
32367524
32388161
32468180
32470732
32483666
32494348
32556477
32559694
32582076
32606692
32619807
32649019
32666262
32703991
32758920
32786356
32789754
32874945
32886603
32920393
32940798
32966913
32981269
32983925
33047460
33104697
33145923
33171283
33214744
33257131
33276210
33276629
33287678
33305820
33310714
33377777
33392816
33408761
33523417
33542307
33587227
33613909
33634670
33647667
33665152
33710453
33713141
33717676
33831764
33853027
33858103
33886019
33892425
33951880
33976372
34008105
34015711
34021215
34116639
34164092
34171440
34197823
34205200
34210981
34211447
34225137
34280639
34375792
34375917
34376049
34410158
34426181
34466007
34469190
34524580
34559081
34577079
34593997
34618426
34627386
34681630
34683472
34708620
34762270
34800025
34801303
34801719
34833943
34838633
34839711
34869859
34920314
34946064
34956122
35011469
35065376
35068611
35079136
35095786
35098948
35171019
35182655
35216354
35243810
35247798
35285718
35294687
35323025
35350624
35372134
35442169
35452828
35504349
35532863
35541051
35567652
35579173
35590268
35627252
35646718
35647987
35660604
35725867
35768665
35770168
35773579
35858113
35867172
35889082
35896743
35917165
35920805
35951661
35992714
36007762
36048383
36103767
36116312
36123022
36126368
36131209
36182133
36182828
36183891
36191579
36296262
36315081
36400223
36402354
36406595
36422962
36435285
36445858
36446961
36463990
36504008
36505936
36549495
36578077
36657596
36669280
36677487
36706672
36718409
36721450
36722276
36725973
36729653
36756415
36757960
36796731
36819023
36823757
36835662
36838295
36889408
36948016
36989040
37033292
37049190
37059038
37068725
37097808
37119171
37123117
37138314
37148792
37156528
37233705
37244920
37263024
37275147
37316482
37319245
37327828
37354271
37423136
37424451
37432121
37434788
37513466
37513763
37515381
37534320
37535005
37578996
37652220
37699291
37701571
37806847
37835192
37918774
37924916
37925014
37927897
37928620
37938324
37958707
37976863
37988619
38008204
38026858
38056119
38092073
38100000
38123018
38212576
38268063
38330683
38334879
38372925
38412631
38477042
38535973
38537125
38547976
38601639
38626743
38647609
38678421
38690316
38747590
38777236
38885589
38930600
38960226
38969131
39004728
39026297
39068341
39189709
39263696
39304168
39376236
39380679
39399745
39412684
39426338
39458408
39530287
39548785
39565132
39568850
39586224
1094
7197
25650
365247
410368
758954
823278
869407
926404
978178
1178950
1270598
1284849
1324835
1327105
1327881
1364137
1368535
1369188
1437007
1459418
1468562
1470050
1510553
1539983
1551856
1575465
1644760
1645715
1648911
1660405
1689717
1733946
1744072
1768106
1846618
1848234
1850410
1854185
1885521
1919506
1965779
2001732
2005866
2025262
2050653
2059008
2154208
2166686
2170125
2173903
2231267
2244790
2318662
2365685
2459114
2467899
2490072
2490722
2515804
2536326
2542222
2542963
2554884
2619287
2624465
2632664
2633209
2646279
2668753
2764573
2770558
2820935
2822651
2827782
2829889
2839127
2843169
2844159
2844743
2847585
2849565
2853690
2990552
3049543
3053681
3087621
3202629
3339013
3417655
3466723
3522526
3575015
3656319
3674872
3680176
3733689
3777934
3818940
3888216
3922898
3924894
3934103
3937493
4088104
4369876
4493804
4520361
4807790
5123132
5488055
5747915
5789183
5804879
5903094
6092869
6194148
6194668
6326813
6329754
6407395
6528782
6571730
6625777
6715284
6820251
6833215
6833795
6863303
7068659
7495862
7508388
7524442
7580051
7588711
7628463
7747927
7747934
7747942
7765251
7766157
7811935
7842450
7883699
7887615
7944366
7956014
7961508
8020468
8026750
8048839
8050063
8077985
8118170
8123562
8161187
8169201
8195067
8225414
8226670
8243476
8245846
8262446
8262447
8318000
8338615
8352648
8416894
8439151
8452510
8480993
8529897
8573496
8599682
8604555
8626275
8627029
8639023
8647084
8662021
8666323
8730872
8760927
8769303
8779577
8837426
8846991
8852995
8875907
8883778
8901177
8906936
8950369
8954931
8971322
8990274
8995815
9022686
9023039
9032080
9049017
9095556
9126844
9131052
9145861
9210669
9224896
9249994
9251204
9274035
9281429
9297831
9331415
9332535
9403102
9405061
9409151
9459656
9479042
9493381
9493393
9507047
9521721
9571135
9611890
9636043
9639597
9639937
9642602
9687467
9687481
9689222
9717292
9720205
9758777
9775288
9791102
9812377
9861678
9864326
9872779
9920799
10048486
10070727
10076635
10197990
10209742
10222034
10223973
10368138
10368439
10369898
10390872
10408639
10433976
10439995
10441466
10460173
10473416
10508936
10518299
10530463
10540232
10540236
10540283
10553292
10556241
10570120
10611279
10660495
10691974
10713446
10730495
10735861
10742247
10747819
10772477
10776620
10788360
10788387
10792546
10860492
10872690
10888848
10913314
10939670
11016695
11019819
11021915
11042472
11064339
11083639
11091041
11101666
11133969
11157241
11160097
11179654
11234929
11244078
11256946
11270648
11272837
11274111
11278981
11298242
11344317
11351535
11351728
11371465
11371540
11375197
11375933
11417826
11425758
11446513
11456570
11466271
11499942
11501677
11513390
11519999
11525988
11544219
11545520
11549035
11707262
11709031
11710100
11710119
11710202
11722663
11737203
11737628
11749188
11760942
11790331
11823230
11831473
11873910
11886754
11897346
11929077
11942802
11972321
12046919
12051647
12070166
12073134
12128187
12153587
12161433
12167025
12180140
12189420
12196157
12214659
12405417
12407457
12423369
12425671
12459896
12501294
12508887
12509983
12510001
12527376
12533464
12533467
12554948
12565757
12616619
12618453
12619683
12686632
12753199
12767816
12774178
12777822
12779118
12788710
12788762
12794301
12802018
12877462
12877463
12902273
12904565
12909651
12980914
13872891
14275853
14503876
14514077
14529182
14529270
14602651
14604531
14625904
14648307
14734838
15008817
15019728
15043864
15050801
15056887
15066815
15096510
15100050
15128509
15135527
15160611
15184119
15184124
15206934
15214751
15231805
15246534
15290136
15292125
15299776
15311934
15316720
15317793
15322368
15340790
15342115
15347689
15360268
15466561
15488281
15489447
15490847
15502965
15519324
15566185
15582566
15599466
15601698
15607233
15610419
15623040
15635461
15640200
15654636
15657722
15687216
15696279
15703908
15721336
15742150
15743947
15859323
15865349
15880826
15881832
15941993
15942867
15988790
15991478
16014478
16028291
16085870
16085871
16116657
16134325
16151169
16157449
16166664
16204481
16233304
16233587
16273148
16315012
16329851
16337764
16346690
16347030
16347643
16348222
16348417
16348463
16348829
16348926
16360247
16364635
16387684
16420634
16427516
16457891
16483137
16490274
16496091
16535368
16535677
16535707
16559075
16649614
16672449
16679541
16730836
16734718
16754978
16755486
16756297
16760079
16760312
16822636
16842902
16871797
16887530
16900399
16936044
16945402
16948172
16958750
16995667
17010550
17021870
17040231
17078921
17091386
17117860
17141803
17144297
17159205
17209072
17218012
17227420
17288366
17288367
17294651
17295412
17318544
17435005
17467964
17473886
17496029
17616586
17623666
17644635
17653540
17675442
17687848
17690469
17696387
17805529
17909340
17916405
17992409
18093138
18211060
18258222
18274728
18303906
18368293
18386080
18406094
18421383
18422622
18495935
18511142
18546689
18569316
18587768
18587992
18594908
18645960
18654819
18697478
18721145
18819646
18842847
18930349
19000943
19029691
19052175
19060139
19199051
19217165
19264137
19282630
19297982
19299124
19302927
19334394
19348767
19351560
19352028
19419067
19436124
19458657
19472978
19488677
19493661
19508294
19548094
19567344
19568912
19632773
19637563
19719666
19719672
19732145
19740670
19796135
19799945
19830477
19844704
19959202
20008448
20034786
20044792
20053297
20061472
20080995
20088877
20137101
20218527
20236821
20308383
20359200
20406291
20495048
20576851
20677756
20700582
20715760
20817796
20822129
20825043
20857096
20953895
20977999
21045317
21058101
21094978
21144565
21169432
21235193
21272912
21337247
21413324
21474537
21509565
21515765
21526814
21547574
21602392
21637938
21676651
21680176
21694431
21720839
21725014
21790617
21841804
21868215
21879856
21887523
21887633
21911288
21938458
21948046
21994926
21999629
22030862
22055314
22074903
22074905
22156135
22159613
22173413
22197497
22210557
22226947
22275095
22282021
22285037
22286991
22300865
22307303
22328767
22342587
22360857
22370876
22387187
22404159
22423324
22430606
22439578
22451390
22515657
22564138
22574176
22578770
22619970
22659337
22698075
22792404
22805851
22806029
22828897
22843599
22913716
22925424
22961799
22965097
22978778
22999357
23012282
23012292
23072349
23096349
23122085
23144395
23149469
23176608
23196241
23236847
23237539
23270669
23275505
23275974
23277272
23277500
23280415
23291752
23405317
23497899
23516224
23534991
23543208
23554086
23607266
23614240
23675499
23686842
23725061
23728164
23733171
23735789
23772372
23797291
23929478
24028969
24031470
24041542
24092793
24111681
24145536
24161581
24189920
24190335
24206770
24214947
24225026
24347061
24374587
24415307
24419841
24425952
24426083
24447520
24459833
24488923
24502159
24509252
24549803
24586957
24594672
24600849
24609188
24621332
24670334
24704165
24712689
24714029
24738996
24747385
24751375
24836703
24838250
24858084
24890829
24903873
24908186
24948922
24963472
25048697
25076531
25115799
25129760
25139301
25176485
25251496
25292217
25292306
25331771
25366019
25376444
25383040
25410277
25417744
25454656
25468476
25487118
25489740
25549622
25550067
25574037
25597384
25666179
25668754
25674802
25732425
25741049
25763027
25797166
25802047
25814604
25824431
25827250
25878226
25895256
25900248
25917905
25968644
25979890
25994582
26025640
26044424
26109449
26144046
26152586
26241840
26273252
26302703
26348257
26362924
26386421
26411776
26451836
26452555
26465298
26475366
26479452
26494664
26500637
26544727
26559260
26619347
26623012
26685621
26693726
26771930
26782601
26814183
26868152
26869996
26877919
26905325
26935976
26975755
27003697
27007496
27037114
27045776
27081147
27084012
27100017
27109389
27185632
27233093
27235402
27256870
27306553
27315727
27380419
27396744
27407147
27439307
27453497
27462508
27474723
27514183
27517140
27593283
27630053
27639669
27664317
27795237
27811112
27817190
27853857
27860284
27864152
27884113
27906136
27942461
28007379
28046131
28070613
28096816
28105025
28188092
28196465
28216021
28274426
28276695
28299401
28317852
28329725
28338674
28344573
28363079
28376383
28461447
28488226
28500885
28526844
28549326
28600447
28629206
28634714
28668995
28684578
28698510
28710998
28755169
28764834
28794933
28796186
28822938
28824050
28827360
28831383
28848534
28855587
28855801
28873558
28928727
28931397
28936796
28958662
28982991
29032395
29054650
29054875
29098480
29101191
29124178
29197780
29217799
29292474
29330532
29341298
29359695
29387737
29416125
29441229
29492373
29502257
29533829
29542861
29555555
29608253
29627694
29659242
29663550
29669886
29670590
29675016
29680369
29692767
29743119
29749174
29752987
29754410
29853498
29865153
29904692
29965544
29998688
30013544
30026566
30049610
30112433
30131334
30134913
30141070
30141601
30143141
30153007
30166748
30212776
30220524
30272961
30328776
30363877
30364902
30444232
30453222
30461205
30477902
30530022
30608939
30675320
30680854
30706145
30772636
30826636
30910818
30939741
30944570
30953595
30967854
30991991
30997667
31076427
31106985
31110207
31134030
31205022
31262840
31322080
31338330
31346016
31373894
31395646
31466043
31472344
31473248
31491845
31502803
31525689
31526993
31555995
31602598
31611855
31634743
31637558
31642950
31655456
31662211
31673743
31707335
31744681
31753391
31754823
31757927
31762671
31791784
31827466
31839288
31844298
31852805
31856535
31867229
31957404
31972401
31980902
32033953
32038503
32042029
32068524
32087608
32112951
32161276
32169497
32200742
32325908
32351872
32367524
32388161
32468180
32470732
32483666
32494348
32556477
32559694
32582076
32606692
32619807
32649019
32666262
32703991
32758920
32786356
32789754
32874945
32886603
32920393
32940798
32966913
32981269
32983925
33047460
33104697
33145923
33171283
33214744
33257131
33276210
33276629
33287678
33305820
33310714
33377777
33392816
33408761
33523417
33542307
33587227
33613909
33634670
33647667
33665152
33710453
33713141
33717676
33831764
33853027
33858103
33886019
33892425
33951880
33976372
34008105
34015711
34021215
34116639
34164092
34171440
34197823
34205200
34210981
34211447
34225137
34280639
34375792
34375917
34376049
34410158
34426181
34466007
34469190
34524580
34559081
34577079
34593997
34618426
34627386
34681630
34683472
34708620
34762270
34800025
34801303
34801719
34833943
34838633
34839711
34869859
34920314
34946064
34956122
35011469
35065376
35068611
35079136
35095786
35098948
35171019
35182655
35216354
35243810
35247798
35285718
35294687
35323025
35350624
35372134
35442169
35452828
35504349
35532863
35541051
35567652
35579173
35590268
35627252
35646718
35647987
35660604
35725867
35768665
35770168
35773579
35858113
35867172
35889082
35896743
35917165
35920805
35951661
35992714
36007762
36048383
36103767
36116312
36123022
36126368
36131209
36182133
36182828
36183891
36191579
36296262
36315081
36400223
36402354
36406595
36422962
36435285
36445858
36446961
36463990
36504008
36505936
36549495
36578077
36657596
36669280
36677487
36706672
36718409
36721450
36722276
36725973
36729653
36756415
36757960
36796731
36819023
36823757
36835662
36838295
36889408
36948016
36989040
37033292
37049190
37059038
37068725
37097808
37119171
37123117
37138314
37148792
37156528
37233705
37244920
37263024
37275147
37316482
37319245
37327828
37354271
37423136
37424451
37432121
37434788
37513466
37513763
37515381
37534320
37535005
37578996
37652220
37699291
37701571
37806847
37835192
37918774
37924916
37925014
37927897
37928620
37938324
37958707
37976863
37988619
38008204
38026858
38056119
38092073
38100000
38123018
38212576
38268063
38330683
38334879
38372925
38412631
38477042
38535973
38537125
38547976
38601639
38626743
38647609
38678421
38690316
38747590
38777236
38885589
38930600
38960226
38969131
39004728
39026297
39068341
39189709
39263696
39304168
39376236
39380679
39399745
39412684
39426338
39458408
39530287
39548785
39565132
39568850
39586224
