2742218
9044705
9243038
11149108
11248520
11283116
12682173
15110299
15128584
15301675
15368852
16296332
17880606
18457924
18566150
18945631
19214035
19481227
19567344
19590967
19916054
20413619
21033566
21385207
21793901
21852287
22217232
22760051
22993786
23109419
23324820
23451394
23707132
23882033
23986093
24183991
24523466
24824638
24955804
25400198
25405041
25632683
25766348
26052314
26324975
26437172
26515226
26609458
26624912
26845485
27658354
27873594
28185730
28245252
28264839
28363079
28450501
28506721
28605980
29063630
29471695
29526198
29901942
29917145
29942700
30342331
30444348
30488747
30869494
31023221
31234070
31343997
31470481
31481445
31561073
31662959
31673798
31749779
31776085
31866974
32251430
32361140
32677799
32857336
32887439
32994267
33031089
33260016
33503198
33639886
33782375
33858129
34042180
34323720
34427689
34806371
34827142
34832555
35135996
35332006
35353677
35379908
35659526
35698179
35701696
35833641
35909602
35973507
36460957
36544378
36558841
36581886
36635459
36651256
36868930
37087891
37098384
37139282
37375057
37516178
37535055
37578246
37705522
37708608
37995876
38021178
38101104
38185264
38553439
38593473
38626677
38661713
38739338
39051869
39091365
39106464
39108901
39122015
39126528
39170238
39173738
39458395
2742218
9044705
9243038
11149108
11248520
11283116
12682173
15110299
15128584
15301675
15368852
16296332
17880606
18457924
18566150
18945631
19214035
19481227
19567344
19590967
19916054
20413619
21033566
21385207
21793901
21852287
22217232
22760051
22993786
23109419
23324820
23451394
23707132
23882033
23986093
24183991
24523466
24824638
24955804
25400198
25405041
25632683
25766348
26052314
26324975
26437172
26515226
26609458
26624912
26845485
27658354
27873594
28185730
28245252
28264839
28363079
28450501
28506721
28605980
29063630
29471695
29526198
29901942
29917145
29942700
30342331
30444348
30488747
30869494
31023221
31234070
31343997
31470481
31481445
31561073
31662959
31673798
31749779
31776085
31866974
32251430
32361140
32677799
32857336
32887439
32994267
33031089
33260016
33503198
33639886
33782375
33858129
34042180
34323720
34427689
34806371
34827142
34832555
35135996
35332006
35353677
35379908
35659526
35698179
35701696
35833641
35909602
35973507
36460957
36544378
36558841
36581886
36635459
36651256
36868930
37087891
37098384
37139282
37375057
37516178
37535055
37578246
37705522
37708608
37995876
38021178
38101104
38185264
38553439
38593473
38626677
38661713
38739338
39051869
39091365
39106464
39108901
39122015
39126528
39170238
39173738
39458395
