1612441
7766226
7921256
8995823
9301098
10347045
11142403
13111286
13319644
15061590
15886456
15910528
16427514
17766883
18062653
18398214
18516688
18523180
19055627
19132055
19515522
19709186
20300130
22464210
22561854
23100730
23416196
23772365
23913424
23983519
25132485
25331336
25416769
25478960
25724337
25803299
26224165
26354853
26619316
26699742
27055525
28326074
28558229
29271174
29461480
29480720
30276168
30658977
31328084
31488540
31561472
31900559
32027973
32348859
33051013
33130354
33316994
33608297
33657730
33811987
33873141
34206861
34288650
34576882
34659714
34673237
34684253
34989605
35684193
36110364
36468867
36723091
36863605
37007482
37240225
37317082
37317150
37644530
37653942
37754674
37828121
37964284
38035238
38072358
38138016
38392833
38474023
38588711
38605703
38611762
38612864
38877404
38879317
38940698
39228751
39277399
39282566
39320111
39369216
