20436
25056
31839
34953
38341
42392
97272
102785
143704
166917
175615
281082
335999
363014
372534
373876
394678
408919
412788
429544
457260
457729
458841
463829
476540
480514
485147
485151
543697
551504
577949
579373
589736
597462
619678
638032
663710
678329
681278
697147
701783
711344
721714
742264
786368
797326
805241
809008
833265
858944
893660
894697
932684
933317
935867
961860
1040755
1049517
1060378
1062992
1092866
1114347
1147605
1148936
1240266
1240712
1254706
1274594
1280060
1283000
1296475
1299032
1302284
1308536
1311545
1315703
1319301
1323137
1333533
1338041
1339989
1360140
1363704
1368549
1370287
1371421
1379197
1382113
1382822
1388613
1398945
1406279
1425069
1435227
1447057
1452026
1453982
1455527
1459417
1468533
1485867
1496512
1500520
1512880
1517173
1524373
1524374
1525790
1527504
1556036
1562661
1593967
1599923
1609555
1622220
1622269
1627117
1640836
1644966
1663866
1666314
1685385
1692344
1693217
1723380
1723472
1730607
1744389
1744967
1757558
1767263
1768092
1768115
1768120
1769545
1772993
1778417
1779475
1791146
1796476
1800890
1801358
1804029
1828721
1830440
1830579
1834850
1846860
1856163
1860853
1864939
1865830
1867983
1874394
1882234
1888660
1892739
1900113
1902954
1905319
1908209
1920081
1926745
1930556
1930569
1938974
1940478
1955853
1960113
1961106
1971705
1974915
1982552
1985976
1993771
1993773
2010642
2030645
2044686
2044687
2044689
2044690
2044691
2044697
2049284
2050244
2055790
2056045
2056050
2056519
2056675
2068383
2068469
2073626
2073902
2089235
2096165
2116952
2126006
2127348
2127996
2142319
2152485
2164513
2179571
2180851
2193065
2193924
2199408
2203637
2206202
2207590
2209733
2210340
2226498
2229347
2234189
2246140
2251235
2253734
2254423
2271578
2294091
2298701
2302351
2312678
2327760
2327784
2329576
2338726
2341024
2350649
2351730
2351738
2352221
2362308
2366512
2369389
2369968
2370399
2385169
2387294
2389929
2394181
2394187
2394188
2396158
2406860
2409896
2413008
2445126
2449422
2451679
2479668
2479669
2486216
2490149
2490392
2496995
2516434
2516922
2520838
2522922
2531838
2535179
2548355
2552904
2556634
2569431
2575883
2582984
2584903
2593869
2599385
2613594
2632640
2641444
2641445
2641490
2641888
2644450
2660405
2661718
2666437
2666448
2702891
2708312
2716372
2719631
2723039
2731763
2745695
2750268
2752934
2753835
2754206
2766121
2768466
2778077
2783788
2786704
2791722
2792442
2794433
2802601
2808207
2815069
2815324
2825323
2830300
2843466
2852762
2854515
2857430
2857697
2859326
2886695
2889768
2893333
2896484
2898035
2899367
2903622
2906813
2915393
2920731
2925244
2925245
2929569
2941257
2967820
2972627
3014633
3015017
3020368
3026671
3034186
3038946
3045003
3046493
3069445
3072527
3076719
3079184
3098398
3098904
3107872
3121985
3138333
3140294
3141473
3143585
3149568
3171541
3176762
3182468
3184754
3188376
3190194
3205735
3207967
3214158
3214162
3216131
3217775
3218392
3219746
3220801
3224401
3227407
3230136
3248456
3249041
3251226
3257483
3266900
3271064
3272526
3275309
3276660
3279906
3280033
3282228
3282317
3290294
3300528
3305370
3314607
3315547
3319373
3326370
3334425
3340460
3340462
3346901
3366862
3372478
3372479
3385616
3394446
3428016
3435653
3438545
3444950
3461126
3463508
3468319
3472704
3485091
3490827
3509501
3509652
3511459
3516549
3517061
3522552
3523709
3524892
3526603
3534726
3539388
3556437
3566266
3566431
3566684
3567701
3570383
3584074
3584426
3596803
3608836
3611325
3618636
3625077
3631946
3631947
3632156
3662710
3669057
3679544
3683260
3685388
3693881
3711306
3716108
3719695
3723583
3735580
3743554
3745420
3746714
3749728
3757397
3758910
3765337
3765345
3765354
3765355
3767148
3771756
3777906
3797303
3816361
3820352
3831235
3831733
3835694
3864036
3865923
3883745
3890725
3891735
3893118
3897169
3915237
3916393
3934208
3935046
3958147
3968030
3972447
3972770
3981022
3996709
4001643
4004196
4008621
4020849
4037775
4044041
4044042
4056015
4056647
4059610
4066046
4074237
4075373
4091318
4135102
4155852
4208526
4214032
4270815
4308218
4329296
4356947
4400127
4435916
4503498
4533011
4567553
4584594
4640321
4688505
4688925
4692305
4721025
4728270
4742080
4762441
4783486
4809188
4855618
4884558
4886765
4915588
4937666
4938113
4941934
4943267
4997532
4998625
5014883
5033242
5154892
5169536
5230032
5386247
5386248
5410750
5549708
5584518
5646704
5752919
5773751
5925443
6085098
6091581
6103874
6112237
6122365
6143724
6228192
6232567
6237185
6281180
6285018
6287569
6289564
6297393
6314488
6318394
6322344
6327100
6327101
6331331
6335147
6342534
6343337
6354085
6368683
6372579
6373618
6383150
6385848
6385854
6386849
6390638
6391157
6391644
6392323
6395571
6409663
6414621
6415227
6416197
6421948
6440476
6446880
6448581
6476665
6478313
6479333
6480102
6481830
6487200
6489347
6500697
6502383
6503026
6508295
6520231
6536924
6571519
6580875
6607034
6607454
6625789
6630110
6638971
6642044
6643232
6651126
6651278
6658502
6660880
6665204
6675045
6690467
6696423
6699147
6700763
6728671
6728702
6732673
6736644
6736824
6753242
6754044
6770012
6773224
6790693
6794885
6807142
6818246
6822413
6829137
6831107
6833182
6841579
6843465
6845633
6850675
6853687
6859844
6867400
6874901
6874911
6875018
6875242
6901591
6937751
6959002
6972468
6982424
6989854
6993174
6996800
6999789
7005079
7007447
7019239
7019355
7026444
7029675
7032678
7036597
7047024
7053178
7056580
7080029
7080051
7096283
7119735
7125631
7137987
7140058
7168261
7176998
7180235
7188831
7212750
7218576
7223128
7229013
7235044
7237273
7237279
7240000
7242421
7251142
7251516
7251826
7256345
7259164
7265911
7269636
7273876
7282964
7302303
7310844
7316511
7317856
7332867
7333677
7334329
7336925
7338972
7340773
7347568
7361816
7369306
7387332
7388723
7396482
7397604
7415872
7423091
7424248
7425408
7425607
7425623
7427550
7430608
7431243
7444534
7459670
7492120
7510043
7512760
7514147
7520425
7523301
7523832
7524442
7527031
7537706
7546447
7547145
7557289
7574520
7592114
7608063
7614968
7620014
7622241
7668930
7673749
7681020
7685334
7688743
7695305
7737119
7744240
7758745
7767226
7770986
7782504
7793254
7793953
7794103
7806374
7819758
7822999
7844827
7848784
7867949
7867953
7873101
7873337
7874462
7884797
7889729
7889733
7896718
7928783
7948561
7961440
7982366
7984811
7984818
7989258
8000552
8002473
8012611
8017244
8017924
8018721
8019937
8040114
8047538
8050069
8052160
8054435
8066990
8075809
8089089
8111533
8112594
8116372
8126440
8141584
8141782
8148018
8157751
8159126
8161183
8168554
8172876
8173123
8182569
8205501
8216601
8224197
8227462
8231095
8237187
8251302
8264423
8264667
8266241
8268055
8281739
8288391
8289209
8294469
8309354
8309357
8315251
8326859
8328781
8330262
8338270
8366818
8368830
8370677
8378224
8380792
8394816
8407845
8440086
8444639
8444644
8448321
8459775
8471035
8473348
8475125
8484917
8487385
8508687
8513068
8517720
8525335
8539557
8553050
8555306
8559035
8566759
8569770
8570268
8577278
8586275
8590878
8594324
8606184
8617369
8629637
8638435
8643030
8647771
8652346
8662181
8674995
8682799
8699037
8717095
8719554
8722100
8722957
8760320
8760329
8760539
8771156
8784591
8793406
8795217
8795237
8795251
8797058
8797847
8800550
8810950
8812601
8818884
8820654
8828303
8831828
8850129
8852674
8852675
8856371
8857271
8874804
8878014
8878273
8880302
8885087
8904372
8919777
8938643
8950641
8951808
8952274
8955637
8962441
8980769
8984963
9023650
9028048
9031415
9057291
9081227
9084164
9087509
9110414
9112306
9119458
9123970
9124988
9144007
9147724
9150203
9158768
9171380
9182099
9203367
9203404
9206273
9210970
9212834
9228756
9237116
9241799
9249028
9269663
9280393
9286976
9286979
9298974
9301981
9302421
9310848
9312275
9317040
9329129
9336924
9351277
9353562
9358060
9361440
9364139
9367525
9384274
9418027
9418247
9455059
9456314
9477259
9493366
9493367
9495488
9499669
9506276
9536656
9553794
9566493
9573055
9575026
9579084
9597306
9625918
9633630
9636986
9641973
9642185
9645227
9646523
9660770
9663524
9673226
9673268
9675848
9688201
9699395
9700248
9708264
9708301
9708302
9709203
9709232
9709884
9717298
9750174
9758799
9761816
9765847
9766062
9767591
9768204
9768270
9774563
9790305
9791107
9798149
9798163
9805043
9805080
9811436
9813480
9825495
9826346
9830006
9846744
9854008
9864188
9872795
9879942
9879968
9916296
9921826
9949964
10024587
10027095
10029605
10030019
10048023
10063616
10065849
10069207
10073347
10090855
10094734
10096618
10098696
10209471
10220879
10230521
10234831
10245973
10330315
10340080
10340665
10355118
10382653
10392337
10406212
10417167
10451187
10454832
10466407
10478423
10479088
10492481
10496895
10548017
10553293
10565125
10579269
10583979
10592522
10592802
10598672
10608828
10633109
10675542
10686717
10719663
10722487
10722573
10741007
10746767
10755843
10765032
10766437
10768977
10783742
10784058
10810592
10812272
10816051
10816468
10825256
10847636
10849276
10852568
10888589
10897890
10898470
10900069
10908738
10917882
10925800
10933657
10938747
10945791
10946412
10966404
10980318
10983798
10983805
10995480
10997493
10997832
11014606
11015403
11016584
11021573
11059278
11061623
11062187
11090960
11111912
11130351
11131040
11131121
11131892
11131903
11145418
11145450
11164298
11178731
11181369
11197807
11257047
11269369
11271767
11294356
11300143
11308073
11324811
11347676
11348001
11353413
11353639
11372646
11411647
11414447
11417121
11417716
11417721
11417826
11428574
11430412
11430413
11432752
11440881
11442211
11442564
11445706
11446456
11452739
11471803
11497085
11502374
11518391
11527222
11553581
11564740
11575507
11578764
11592699
11595627
11670604
11679332
11687264
11693933
11700360
11726170
11741854
11749180
11756807
11759039
11765602
11799982
11849349
11849357
11866778
11869801
11873883
11883514
11889792
11895956
11899058
11931016
11950472
11953367
11958929
11966822
11967081
11967267
11972699
11985716
12010558
12017259
12023732
12034023
12038573
12052546
12054229
12060892
12073824
12079405
12086431
12096577
12109474
12113407
12114972
12121914
12125172
12146524
12146868
12162779
12174039
12188142
12192861
12201649
12204621
12217047
12220809
12240967
12296400
12356121
12356721
12373491
12392524
12406659
12428449
12456267
12459241
12485337
12489780
12513727
12514065
12523970
12531507
12534818
12540553
12548885
12578319
12581749
12597362
12602688
12603994
12623426
12624028
12644237
12668143
12668674
12686647
12687410
12705628
12727364
12732473
12746371
12753839
12781953
12799011
12807217
12821471
12824169
12842607
12851398
12859758
12867570
12878539
12889022
12900036
12906360
12911059
12920488
12927714
12962220
12962979
12969295
13694038
14089090
14121851
14190314
14237401
14510117
14515976
14524237
14531314
14552005
14566724
14570275
14582567
14607403
14625692
14638426
14641823
14660872
14672693
14675832
14702411
14703621
14711636
14713164
14716372
14723262
14728873
14729737
14742556
14757199
14769479
14871204
14961264
14968959
14977925
14980820
15004096
15008323
15012822
15019735
15026859
15057461
15077892
15078516
15091004
15095211
15105882
15110335
15110338
15123309
15123323
15128521
15134888
15150333
15170113
15189372
15193799
15215244
15223121
15224942
15240265
15241936
15243122
15244056
15248649
15258571
15264722
15271947
15281936
15282134
15297910
15314194
15322042
15330981
15341329
15345453
15357377
15366510
15369990
15378699
15451119
15458314
15466530
15468215
15474491
15492935
15519541
15521324
15528564
15556717
15560217
15588826
15621443
15627343
15646300
15668013
15674175
15678554
15687495
15713456
15719611
15727816
15730316
15731039
15732602
15747443
15752267
15752701
15759796
15765490
15787241
15819431
15820128
15845465
15849928
15854687
15862153
15863011
15863012
15863831
15875648
15880998
15892747
15897012
15900900
15925007
15936234
15939555
15952213
15961319
15966973
15967502
15971584
15974009
15983806
15989258
15992619
15993695
15995645
15996744
16000113
16000746
16000757
16008142
16011761
16039142
16042042
16083449
16085838
16102723
16112981
16114094
16119770
16139520
16154655
16157486
16159770
16175246
16176086
16177316
16178485
16191707
16201471
16212035
16215853
16240698
16243540
16256305
16260068
16276907
16276909
16276926
16284684
16293422
16311902
16325428
16329920
16332772
16332887
16336474
16339607
16341636
16342752
16345182
16345193
16345582
16345850
16345871
16346300
16346899
16346948
16347025
16348544
16348662
16348769
16349049
16349116
16349264
16349363
16349443
16368997
16369010
16385045
16391663
16406807
16413208
16420372
16423823
16426811
16427154
16428388
16436120
16444673
16457378
16457891
16463319
16478632
16487328
16496570
16524613
16530425
16535171
16541676
16549391
16562378
16567870
16602463
16610584
16622679
16626931
16652206
16672577
16715811
16716236
16716402
16716404
16757773
16768713
16790746
16828113
16857472
16869486
16875392
16878602
16880566
16887699
16901741
16919782
16933606
16936343
16943048
16943089
16959494
16968308
16968933
16980456
16988254
16989308
16999027
17021193
17021870
17031053
17036845
17037151
17043804
17048308
17049601
17056684
17063071
17077519
17079040
17084982
17098903
17123456
17125888
17140417
17140685
17148092
17158064
17161956
17169500
17172037
17181914
17182119
17200030
17203509
17207763
17208455
17217019
17261332
17293519
17302148
17307979
17332903
17333744
17368824
17373376
17375779
17379726
17383016
17383694
17383895
17383896
17395719
17401596
17408926
17412285
17416137
17448687
17449612
17460432
17462712
17465305
17483963
17485929
17496975
17497605
17497606
17499515
17501739
17534562
17534601
17541836
17553760
17582731
17590814
17596358
17636377
17642732
17644303
17644359
17660404
17681812
17689917
17693233
17713816
17725618
17728184
17825231
17826563
17849299
17852888
17855335
17883013
17888005
17897383
17898843
17913083
17953558
17970277
17977038
17998613
18005634
18023593
18034834
18035507
18037263
18041304
18041957
18060807
18066531
18092158
18165209
18180679
18186048
18186847
18194253
18250583
18256480
18265942
18268083
18310345
18317748
18337123
18341217
18344363
18355183
18355677
18367570
18375380
18386555
18402186
18405113
18408022
18418529
18423764
18423816
18424130
18430588
18438002
18448359
18476052
18484880
18486488
18490132
18498253
18499358
18514183
18538390
18538841
18545840
18563261
18569719
18572252
18573556
18577412
18588026
18607019
18621865
18626167
18629002
18640853
18642327
18662905
18665275
18665463
18679900
18687029
18703251
18718662
18765166
18767694
18769851
18786027
18786030
18795975
18797795
18804847
18804863
18806339
18817009
18817878
18831345
18837375
18839248
18846850
18924378
18930130
18931930
18939759
18942593
18976972
18998406
19004243
19005723
19031053
19032165
19041935
19096455
19111636
19111981
19123303
19136063
19150638
19151135
19181813
19185611
19196282
19198526
19223977
19232393
19233188
19237206
19237244
19244917
19264133
19264494
19264526
19269169
19270100
19302298
19333592
19340957
19345004
19345266
19357756
19361560
19373565
19377089
19395256
19395741
19400597
19409620
19413760
19413767
19413774
19414198
19415386
19426281
19428485
19434404
19449165
19459331
19469413
19482926
19486499
19494373
19501788
19501977
19517520
19530229
19563896
19563898
19563899
19564489
19567585
19570633
19590136
19616631
19617474
19622371
19628386
19640004
19651913
19671702
19674184
19674823
19684162
19692919
19698283
19699803
19700784
19703500
19713362
19716607
19720078
19728406
19729404
19732266
19735329
19747940
19763901
19805547
19808037
19814682
19817640
19820103
19837169
19838092
19840320
19843196
19843197
19843213
19880608
19882182
19890038
19900538
19900558
19916084
19922799
19941960
19944170
19944172
19944603
19944764
19949755
19950997
19954074
19963066
19965992
20025977
20026209
20032450
20034324
20036460
20043400
20049505
20059617
20059637
20060476
20064524
20082660
20101372
20102439
20109557
20139003
20148598
20149819
20154386
20159736
20163716
20178725
20183964
20185253
20211735
20214080
20222447
20236821
20307596
20337929
20345654
20353088
20353698
20371294
20394825
20408567
20412685
20415148
20430811
20453908
20455962
20456877
20457260
20457292
20459508
20461162
20472068
20473720
20477998
20492673
20534631
20538061
20553557
20553837
20572902
20580830
20585793
20587332
20602146
20602654
20603588
20617743
20624469
20627716
20657617
20685618
20687481
20706015
20707287
20708388
20722078
20728563
20734813
20740521
20798163
20806257
20816894
20818950
20825959
20829023
20850547
20858287
20869860
20888150
20955192
20971679
20971903
20981289
21031305
21034267
21040270
21046374
21050320
21062044
21074603
21077435
21091724
21095204
21114548
21118271
21134464
21139211
21146333
21146533
21148192
21166313
21182713
21185728
21186711
21192549
21204941
21206752
21209173
21212576
21219556
21227918
21246232
21255652
21256953
21269597
21276629
21300167
21332568
21335454
21339408
21353312
21354354
21362482
21375713
21377537
21378190
21378198
21381499
21421057
21421302
21436367
21462552
21491327
21497664
21501349
21510774
21518257
21519288
21526391
21531722
21533905
21535549
21536794
21536797
21539922
21559439
21561726
21598394
21624472
21630504
21635911
21640390
21664930
21669290
21680176
21685718
21697316
21707781
21712094
21717856
21737499
21754944
21756934
21762699
21767564
21767651
21779171
21780772
21784933
21790073
21792068
21796440
21797034
21808740
21840065
21840996
21848124
21854854
21855640
21861775
21864996
21872628
21888227
21888977
21889128
21895899
21901335
21906472
21917902
21920513
21932532
21953544
21954591
21963679
21963857
21964155
21964456
21968306
21968366
21970314
21998161
22004828
22009263
22013925
22017642
22019831
22024131
22033433
22041547
22048437
22065896
22069558
22071643
22073553
22085689
22092834
22097011
22108619
22112158
22118967
22123307
22129876
22139537
22141908
22180815
22204074
22205979
22207179
22228423
22243515
22245840
22247159
22260532
22265850
22273461
22281606
22292429
22293406
22298294
22300224
22308735
22321514
22321859
22322339
22326941
22327595
22338363
22344661
22347566
22365989
22366064
22366184
22371127
22383958
22391092
22417380
22418261
22422127
22428747
22429905
22439634
22464490
22465361
22465799
22472298
22506865
22522035
22530240
22538352
22551698
22554572
22554573
22564558
22571515
22583685
22586996
22617254
22617792
22623907
22626808
22632601
22634186
22653870
22654167
22664750
22675390
22680932
22682932
22688384
22691684
22705342
22725694
22733809
22736973
22750025
22766414
22771964
22789713
22791194
22796486
22804750
22805151
22806009
22806866
22814176
22824340
22841856
22860590
22860594
22862417
22874879
22884742
22897434
22917476
22924657
22959188
22960491
22966192
22969084
22982109
23008002
23020031
23024416
23025591
23029244
23032440
23055148
23063539
23066386
23069787
23070174
23084627
23084650
23086443
23095105
23098279
23100639
23100746
23100766
23100820
23107478
23107502
23115018
23123639
23145022
23163893
23176465
23182212
23194331
23198290
23207478
23208143
23213585
23214210
23215656
23219904
23228622
23253492
23261511
23274158
23276737
23296330
23333359
23335410
23337110
23339972
23352623
23357049
23360015
23362623
23363826
23365646
23370015
23385451
23390641
23391908
23397109
23405367
23416225
23416912
23417901
23422815
23422818
23423657
23428754
23433371
23454006
23454428
23481213
23481214
23485124
23499519
23500185
23506419
23518517
23519162
23523171
23532304
23539151
23569493
23583562
23586752
23599212
23603038
23608032
23608477
23611906
23623940
23639965
23643876
23656248
23659320
23663954
23664914
23669124
23669240
23669811
23670079
23680108
23688963
23713670
23724001
23730361
23732847
23742105
23742869
23748789
23759598
23762755
23774323
23775269
23783354
23791859
23811566
23812806
23823131
23830481
23838469
23845517
23847227
23860282
23867497
23883580
23885412
23891864
23908938
23911406
23913891
23917573
23924881
23930591
23932988
23933168
23933513
23944989
23948472
23952645
23952780
23954697
23954698
23954722
23967346
23968889
23973382
23973842
23974367
23978564
23981870
23994224
23994238
23994423
23994481
23997326
23999050
24000047
24004165
24006780
24007437
24010623
24012512
24012571
24020495
24021036
24031236
24031303
24031548
24031577
24031591
24031613
24036330
24051325
24055254
24083465
24090709
24091187
24095793
24119703
24120503
24131294
24140432
24142246
24159286
24159289
24161774
24161775
24184700
24193138
24199174
24201409
24201410
24211853
24231766
24237662
24239582
24242240
24242249
24268027
24269520
24269604
24270141
24278351
24291585
24294339
24296886
24304996
24315209
24321514
24333685
24349477
24350737
24352762
24368084
24380832
24383854
24389387
24412436
24420863
24420936
24420938
24421192
24424944
24426083
24426110
24426120
24426148
24434196
24435974
24438107
24450076
24450236
24453842
24456824
24461935
24466092
24493904
24495623
24509885
24511738
24516870
24517469
24531256
24532770
24547653
24549049
24552163
24558624
24560683
24561128
24584659
24586923
24605323
24615035
24622098
24628985
24632045
24636855
24636858
24654823
24657259
24665763
24666395
24673176
24673371
24688510
24723100
24724536
24740148
24751923
24763432
24780642
24795370
24796868
24825299
24830771
24841815
24855300
24857767
24858663
24859591
24859888
24859976
24866333
24878742
24879918
24891765
24895303
24897384
24897801
24903879
24925761
24926056
24929244
24935440
24937805
24940890
24946336
24948922
24954837
24962441
24969469
24979225
24984705
24994773
25002979
25009838
25025769
25035334
25037476
25038278
25038280
25038282
25039322
25050249
25059203
25064133
25064539
25064811
25071728
25073265
25075726
25081649
25083807
25086230
25108085
25113416
25128157
25134848
25141734
25149589
25150191
25160796
25170941
25176477
25180825
25183231
25212358
25214109
25218276
25226215
25229491
25241604
25245623
25251775
25269786
25271126
25273145
25274742
25280727
25283724
25296221
25297077
25304546
25310651
25312688
25356359
25366155
25366789
25368797
25379468
25405077
25409340
25411168
25428758
25430628
25433138
25443157
25450906
25451000
25454084
25462460
25462556
25464381
25464981
25466218
25470022
25473973
25477241
25481326
25501153
25501222
25506003
25514374
25530094
25530581
25533849
25540357
25542153
25542379
25542594
25546331
25553523
25555375
25555739
25574488
25576234
25584872
25596425
25613342
25621997
25622886
25626858
25634754
25636835
25655329
25656264
25664745
25668703
25681749
25681750
25687420
25689492
25690871
25694049
25698074
25700404
25703710
25707598
25710162
25721332
25724976
25730056
25730785
25733218
25743380
25744046
25763032
25767237
25803299
25804486
25804520
25810355
25827627
25830478
25841174
25846914
25846924
25849497
25862971
25874921
25881868
25884347
25884367
25888727
25889261
25908146
25910849
25911831
25912102
25916118
25917974
25925153
25929240
25938416
25941023
25946095
25954615
25956721
25960917
25982403
25984772
25987617
25989625
25990269
25997505
26000026
26000731
26004319
26004499
26010409
26014286
26020838
26026692
26027900
26028280
26029178
26031020
26039879
26040590
26044237
26045377
26055084
26064376
26066555
26072990
26077282
26092555
26093203
26093209
26103449
26106285
26107916
26110366
26125842
26150120
26150500
26155142
26155462
26159095
26161781
26193773
26199753
26228148
26235982
26245257
26260313
26272638
26280543
26282681
26301848
26306857
26307214
26315145
26319889
26323149
26351170
26362210
26363233
26364741
26373181
26378409
26429410
26439414
26439768
26452302
26454462
26463084
26475365
26475366
26477736
26481516
26487188
26498898
26503714
26518505
26546762
26549172
26549176
26555459
26557025
26563281
26566932
26574012
26580308
26580632
26588876
26589461
26620078
26623012
26630331
26633358
26649325
26657084
26658820
26659690
26675370
26696403
26702562
26713223
26717859
26723263
26729121
26733683
26740623
26743517
26748248
26748343
26748732
26749799
26763075
26777895
26781242
26781384
26781682
26782985
26797954
26802439
26804648
26804662
26811029
26820141
26823580
26828263
26834088
26844762
26848432
26850711
26859034
26864941
26868307
26883426
26888898
26889703
26892795
26904729
26921542
26941143
26944716
26945937
26945938
26965748
26971520
26971634
26975412
26976881
26983596
26987764
26997199
27005546
27005612
27014213
27016402
27018024
27021077
27033467
27033940
27041666
27044300
27044330
27050969
27051177
27052863
27057104
27071519
27075453
27079425
27090624
27097447
27098117
27108774
27110028
27124660
27129725
27139024
27144782
27150048
27153094
27153751
27155355
27155500
27157598
27163835
27172876
27173333
27180024
27180602
27184111
27200197
27208583
27211261
27220079
27221587
27231367
27235370
27236511
27236548
27238428
27258315
27259833
27262084
27265807
27270753
27294155
27294156
27301776
27306553
27322205
27328672
27343373
27357519
27368540
27368542
27370974
27379065
27383749
27392700
27393237
27393386
27405240
27413224
27416863
27417229
27418461
27422756
27432325
27436517
27448791
27454188
27480861
27493644
27506276
27507965
27514447
27521226
27521591
27539707
27539708
27540076
27540375
27542616
27546221
27546551
27546553
27546554
27557836
27568001
27574828
27581926
27587828
27587829
27590016
27590429
27596857
27603936
27610107
27614325
27624095
27633680
27633682
27637882
27639315
27652099
27656180
27663854
27670086
27677680
27702674
27702676
27706639
27713736
27726019
27729229
27739324
27744057
27757107
27774889
27782086
27790379
27794459
27803692
27810527
27815199
27818993
27830678
27832917
27838565
27838566
27840224
27853553
27856595
27858184
27867114
27876624
27881349
27885558
27888132
27898025
27899335
27903452
27907048
27934841
27938688
27943292
27956015
27959868
27979780
27980020
27986601
27988310
27989861
27991550
27992801
28001222
28009010
28017903
28018316
28018865
28018866
28027983
28032191
28032485
28057113
28065604
28070529
28083518
28087856
28088128
28094307
28098047
28104665
28105799
28110783
28119146
28122262
28126555
28127946
28128887
28135311
28137507
28138102
28205238
28215743
28223110
28223111
28232282
28236008
28238880
28246446
28259778
28264491
28271383
28279791
28279793
28283525
28299401
28300581
28302770
28302886
28330807
28342077
28352570
28363079
28363588
28363635
28366783
28371006
28371510
28383126
28400215
28400765
28406736
28423080
28425012
28428059
28433715
28436829
28442417
28476666
28479400
28482758
28484157
28484272
28484444
28490945
28499967
28526442
28532667
28535971
28545531
28546018
28546021
28546114
28549941
28559111
28600196
28602677
28602683
28602737
28606860
28606861
28610850
28615835
28619791
28623029
28625872
28630014
28647779
28647817
28648622
28652983
28655594
28655927
28657025
28658756
28663129
28674526
28676336
28685594
28688911
28689359
28698125
28698127
28704687
28708867
28713009
28713788
28732514
28733150
28733908
28739226
28743630
28743647
28744833
28745820
28747586
28747972
28754613
28767889
28774846
28779739
28779742
28779743
28783490
28785391
28819794
28820083
28823980
28831226
28834771
28840964
28842846
28851534
28859446
28861049
28862845
28866274
28871684
28877365
28880779
28882803
28888536
28888727
28899777
28916356
28917486
28925834
28927687
28937913
28940167
28942832
28947709
28948624
28951220
28951222
28962883
28986269
28987482
28992444
29017939
29033439
29035671
29038557
29042450
29046693
29054663
29065225
29102106
29108108
29111394
29126413
29129586
29135372
29142761
29144014
29146446
29146498
29154856
29155029
29155031
29159245
29162541
29162543
29162546
29174701
29175681
29191795
29197618
29198777
29199250
29204087
29205196
29208500
29214226
29222028
29248629
29248749
29254478
29277606
29282420
29282609
29284146
29286459
29291524
29292200
29305333
29305993
29305994
29306763
29311327
29317232
29319513
29325712
29325765
29329952
29334060
29339045
29339067
29353079
29355702
29355764
29356594
29367518
29379378
29394397
29396408
29403527
29407616
29408221
29409931
29421585
29427191
29437097
29442712
29443944
29453863
29458093
29473096
29475715
29476770
29476818
29477496
29481847
29481905
29495337
29501882
29510255
29516376
29518405
29518462
29518559
29524670
29526699
29530548
29542825
29544771
29545064
29550434
29556775
29559270
29594069
29604439
29605506
29608420
29621529
29621635
29627477
29631027
29649577
29651700
29654472
29659855
29670590
29671715
29678792
29680689
29681353
29684606
29684610
29684613
29702236
29709593
29720972
29724212
29733023
29733176
29733690
29738873
29739146
29739156
29739159
29739171
29741243
29763734
29772374
29775727
29775741
29801650
29803663
29857133
29862449
29866030
29868511
29870827
29874792
29885365
29886140
29890197
29890218
29892949
29897673
29905492
29906530
29909090
29909274
29920382
29932964
29933109
29943470
29944526
29958980
29964197
29981453
30044063
30045498
30047007
30058358
30064016
30073125
30074242
30075246
30077692
30081179
30081181
30086377
30097884
30102974
30105751
30105821
30112591
30121359
30121360
30125584
30125699
30130658
30138756
30144564
30144565
30144566
30172053
30176334
30183757
30184134
30184189
30189385
30195902
30195916
30195917
30198891
30200876
30201448
30201592
30208624
30218592
30219387
30219388
30222905
30226147
30227254
30229985
30236608
30240801
30244087
30248403
30257645
30259527
30261299
30266730
30267738
30273652
30285759
30288674
30289383
30295142
30299978
30304991
30310250
30312666
30317865
30322111
30333946
30336285
30339843
30342169
30352804
30359751
30359752
30359753
30368025
30370188
30381266
30381267
30381678
30382899
30385248
30389643
30393178
30410482
30426005
30439371
30444232
30445667
30447430
30448445
30453044
30453162
30460208
30461310
30471310
30471337
30476546
30481922
30488025
30496835
30502467
30502469
30508672
30513386
30513387
30515694
30519218
30519232
30519504
30529428
30530932
30539413
30543935
30549304
30550991
30553889
30553892
30560883
30568650
30574139
30580040
30590065
30590158
30590163
30596375
30596975
30597253
30597314
30599256
30609084
30612570
30614207
30614490
30615988
30619173
30621713
30628579
30637563
30639479
30641187
30648626
30654028
30654278
30687246
30690211
30695731
30698028
30701228
30701696
30703548
30703551
30703560
30716434
30716519
30716521
30716522
30717473
30719608
30729206
30730133
30731213
30735293
30738726
30753914
30769237
30783060
30790663
30794932
30820481
30826411
30831243
30833947
30836241
30841440
30850994
30851451
30853539
30853657
30861377
30864848
30866351
30877060
30880310
30886242
30890434
30895402
30915952
30919989
30934411
30936045
30939636
30940083
30953781
30959668
30959691
30959698
30959721
30965399
30965438
30965537
30972460
30978447
30978800
30984371
30989358
30990080
30991147
30991149
30991542
30991568
30991602
30994417
30999108
31002452
31002929
31003275
31003291
31003362
31004801
31010122
31015066
31018324
31022884
31028898
31035397
31040570
31050067
31051566
31051584
31051599
31051615
31054358
31057524
31059592
31059811
31071462
31071775
31071791
31071795
31071814
31071852
31071868
31071881
31075405
31075643
31078710
31081447
31082518
31083688
31084036
31084093
31084120
31084122
31084139
31085326
31087203
31096060
31100439
31102840
31106978
31113022
31113062
31113126
31113156
31121519
31124459
31129273
31132804
31147426
31152843
31154113
31158386
31159004
31159123
31173786
31179217
31181340
31195115
31195479
31195495
31195517
31200070
31202962
31202966
31207738
31222994
31226935
31243734
31247320
31250227
31252043
31252044
31252064
31261489
31263098
31265909
31265912
31274299
31275270
31281364
31299190
31299462
31302283
31302879
31306698
31316478
31317560
31319209
31323329
31326563
31326583
31326590
31350647
31352115
31355499
31363972
31375931
31377430
31379840
31394161
31398403
31402466
31406034
31408728
31414275
31415901
31419532
31419577
31422177
31425831
31430559
31446604
31448697
31453396
31454703
31459665
31460413
31461929
31467887
31472263
31477273
31492736
31493503
31494279
31494436
31497459
31499201
31499205
31500367
31511977
31513913
31518507
31518591
31518688
31521296
31533083
31539396
31539573
31541615
31541778
31546036
31546037
31547881
31550486
31555272
31561026
31563556
31571949
31586762
31604151
31606917
31610289
31610291
31614964
31625443
31626818
31626920
31628740
31629810
31637491
31647941
31654082
31655126
31655269
31676434
31678534
31682998
31683000
31683071
31691176
31704203
31707005
31707088
31712444
31726099
31730927
31734809
31751630
31756454
31756970
31757827
31765792
31770821
31775350
31783147
31786258
31786344
31787979
31790863
31804981
31805411
31808990
31809794
31812532
31821845
31831090
31840217
31841693
31842990
31846742
31846771
31846773
31846776
31846777
31846994
31848829
31852752
31855810
31857225
31857226
31863902
31866448
31869610
31874296
31874297
31875516
31881236
31881329
31883472
31886519
31887376
31899323
31904539
31911288
31915211
31927202
31930872
31944089
31945653
31953153
31953198
31955395
31963469
31973764
31981775
31981776
31990611
32004577
32004614
32014588
32027906
32032768
32045721
32046727
32050067
32057858
32061958
32067211
32070936
32088284
32088285
32101080
32109355
32112890
32117183
32119929
32133636
32140573
32142871
32145616
32148833
32153514
32158150
32171822
32182773
32183136
32200071
32203766
32205179
32207545
32209398
32222856
32226431
32229294
32235800
32237168
32239349
32247044
32247276
32276038
32282134
32283247
32285473
32292404
32298854
32300925
32302771
32305503
32313289
32322713
32325215
32325216
32325237
32330516
32331001
32342238
32344024
32344047
32349419
32349861
32351242
32356184
32358824
32360202
32360279
32367758
32399785
32408018
32418892
32422488
32424607
32428447
32428932
32430596
32433466
32439508
32442500
32447013
32448355
32457762
32461959
32466093
32474085
32478415
32480081
32482608
32487015
32505719
32512043
32524179
32527041
32528438
32531331
32539814
32549399
32553982
32556227
32568076
32582300
32586321
32589928
32599058
32609505
32610600
32615969
32618004
32634523
32636595
32637831
32638863
32645422
32653585
32654084
32656613
32663629
32681885
32692905
32692995
32693022
32693158
32700838
32707296
32712229
32717323
32724309
32731013
32735858
32738515
32739534
32745619
32748590
32750544
32752245
32756380
32763408
32768864
32771658
32771671
32776225
32777461
32798287
32800982
32810529
32812302
32815527
32822829
32823515
32824641
32831805
32835835
32841685
32846240
32886215
32888968
32890760
32903484
32906845
32911932
32914203
32920202
32927052
32927189
32947883
32961293
32966864
32968153
32971270
32977486
32984811
32985901
32993504
33002603
33006873
33013815
33023149
33025518
33025574
33028330
33029752
33031900
33034782
33035873
33045069
33046150
33063599
33075516
33080274
33088835
33114362
33119148
33126455
33132113
33152130
33162953
33171870
33175194
33182012
33194801
33199536
33212916
33213475
33214589
33217902
33220160
33220914
33242647
33253908
33274900
33281351
33288681
33290513
33301933
33325100
33325308
33328352
33329494
33335147
33340375
33340590
33352337
33372840
33374081
33375129
33378958
33385387
33387658
33407117
33410001
33420733
33424802
33429054
33429926
33436677
33442859
33453383
33454323
33465517
33472162
33486218
33489668
33496914
33503883
33524771
33537126
33544251
33546486
33556553
33557279
33568398
33569748
33571917
33572185
33576007
33582106
33582280
33609614
33610122
33637956
33640019
33647335
33669173
33680698
33682163
33683049
33710949
33712685
33721202
33771632
33772885
33785431
33785433
33798718
33799428
33810916
33811849
33817062
33817396
33848529
33848734
33853603
33856639
33857622
33858087
33858129
33872754
33888479
33889141
33891720
33903105
33911885
33912175
33913522
33920311
33921530
33926565
33930420
33930970
33931004
33932598
33940173
33942635
33945835
33956340
33965506
33965586
33973327
33989765
33995332
34004271
34030039
34034823
34044167
34063680
34064504
34070815
34073161
34077788
34082796
34087289
34095189
34103011
34114245
34121235
34130754
34139525
34147613
34147614
34153283
34156968
34158921
34164781
34168639
34171369
34174243
34174452
34186116
34192394
34204770
34204872
34214518
34220115
34220849
34223695
34224726
34242920
34247100
34252543
34253465
34258445
34260802
34262558
34262881
34287946
34305858
34307285
34310970
34314796
34320048
34335123
34350984
34352395
34354445
34356504
34356657
34361876
34365579
34371155
34384434
34389952
34399480
34399833
34419600
34424988
34438059
34439039
34454021
34458972
34461291
34462313
34468488
34470695
34474150
34503504
34504499
34511071
34514728
34517013
34534653
34537337
34546573
34550293
34551359
34551687
34555717
34556619
34561532
34566322
34571155
34571158
34590712
34594318
34595238
34601138
34609911
34624358
34629536
34630364
34641147
34650438
34671354
34673140
34673374
34680024
34681662
34683384
34688058
34688690
34689393
34689748
34699975
34714447
34718187
34733280
34750087
34780976
34799793
34799956
34801674
34801729
34813438
34827211
34827818
34829552
34837302
34838702
34883255
34888259
34892915
34899717
34905050
34909268
34912316
34914929
34915138
34919992
34922019
34923115
34950453
34956131
34956187
34958920
34963553
34966816
34967692
34968644
34968709
34971736
34971737
34983002
34985567
34990806
34993932
34995551
34997440
34998988
35018528
35019106
35026409
35031202
35032678
35034969
35038205
35041510
35051564
35064384
35074334
35075514
35085717
35085736
35086562
35087530
35097270
35100453
35126821
35131431
35134503
35136422
35142546
35152710
35175128
35175515
35180367
35187147
35189356
35203219
35203593
35206565
35216005
35217708
35223437
35237942
35242114
35247853
35253248
35269976
35280558
35296935
35300694
35314333
35326806
35331883
35335647
35355878
35359991
35362823
35364260
35365566
35369605
35378306
35385592
35386717
35405183
35405184
35421574
35427776
35435721
35438439
35460761
35467190
35472400
35476627
35489592
35499101
35542985
35550899
35561978
35567749
35568142
35569779
35575163
35580796
35581320
35588906
35598068
35598740
35601789
35605723
35609760
35611734
35613669
35618212
35624670
35624801
35646727
35653197
35659620
35661767
35661815
35662581
35667467
35667539
35667540
35674493
35689939
35705587
35706367
35722284
35749280
35750117
35751135
35752372
35754552
35757761
35761217
35764161
35766485
35768966
35772676
35772677
35777708
35777711
35784299
35784316
35784342
35798244
35803508
35809723
35810483
35812877
35822274
35830944
35836415
35839947
35843521
35843524
35843526
35850458
35851159
35858814
35860264
35863514
35874671
35875569
35877900
35884183
35889095
35903472
35908672
35909695
35911773
35926820
35928810
35948263
35953779
35963567
35972765
35976044
35979610
35985628
35990669
35993779
36007831
36009242
36009776
36012731
36029927
36044935
36055554
36058384
36084887
36097971
36098926
36111788
36115605
36119096
36122633
36122635
36123536
36126543
36129638
36138746
36139725
36139830
36147284
36150410
36152028
36154276
36167295
36177013
36183982
36185507
36198379
36210002
36216305
36229726
36245338
36257750
36263741
36270185
36273515
36274718
36277060
36283597
36286474
36287329
36287822
36289143
36306898
36306998
36309324
36309325
36312957
36322424
36326918
36341871
36354336
36358200
36358345
36358553
36360298
36361921
36363761
36368593
36374364
36377930
36386612
36402821
36405966
36414818
36419595
36419597
36419599
36419613
36420485
36420486
36420497
36420503
36423108
36425139
36425608
36427124
36427760
36432105
36436575
36455751
36466906
36471559
36475732
36478445
36496842
36496911
36503056
36503433
36510260
36513321
36523569
36528324
36528326
36532002
36532495
36538149
36542235
36548476
36555227
36557752
36558851
36565346
36565823
36566833
36571636
36579736
36581254
36581255
36589261
36596319
36604972
36608897
36622623
36624883
36631627
36634245
36639064
36649515
36669601
36670828
36671285
36671344
36681196
36685536
36689842
36690267
36693487
36702328
36707042
36721629
36724954
36738947
36740083
36743987
36758661
36765333
36768530
36775183
36775212
36794008
36795920
36799768
36801468
36807089
36815836
36820086
36822380
36830168
36834706
36837011
36841516
36845974
36846766
36855429
36856436
36858329
36860427
36860450
36860465
36863498
36876872
36877732
36878368
36893873
36894690
36906258
36907302
36910190
36914102
36938468
36948016
36959570
36961281
36967023
36969197
36970231
36975994
36976244
36977275
36978432
36985338
36990259
36995222
37001745
37011738
37022504
37023872
37028781
37030559
37030560
37042012
37056759
37058790
37059297
37060042
37073289
37074231
37085019
37107048
37108342
37109557
37110265
37112540
37112789
37120086
37149235
37150237
37154334
37154335
37162086
37167663
37168394
37169311
37171060
37172105
37172750
37173388
37179529
37187213
37204817
37205784
37207751
37207885
37209775
37214649
37228602
37232261
37233472
37237796
37242340
37244318
37245215
37255266
37266950
37271324
37271325
37271327
37277052
37294665
37296630
37298428
37314358
37321429
37322528
37333642
37333660
37355219
37357462
37371785
37373406
37374925
37375613
37385461
37387372
37388460
37400612
37415809
37417761
37423533
37430999
37437416
37442308
37443328
37444027
37450203
37451347
37451525
37451527
37453493
37478799
37482206
37486455
37499272
37501533
37505822
37511003
37512548
37512979
37515081
37522473
37541636
37541637
37551224
37573362
37580646
37584068
37591129
37593738
37598734
37612642
37619908
37623718
37626768
37627421
37630587
37633251
37633342
37648118
37657531
37657557
37658190
37673385
37673388
37673389
37678481
37689229
37690613
37705318
37709482
37711580
37722443
37722638
37724117
37726082
37728059
37740122
37741476
37742888
37755709
37756110
37758826
37759501
37760791
37764049
37767359
37771817
37771818
37774603
37778710
37779727
37783989
37793515
37802262
37805110
37806502
37808293
37814215
37816961
37835665
37835763
37837866
37841419
37846307
37858787
37859968
37863127
37868352
37879370
37881004
37881475
37884104
37887229
37890737
37893921
37894549
37895322
37896051
37896958
37907174
37908355
37920263
37923182
37926345
37929301
37940062
37944683
37946241
37958062
37958080
37958093
37968931
37977545
37992971
37996691
37999911
38003182
38004661
38006905
38007901
38008328
38008441
38023345
38040045
38042084
38043626
38060422
38081403
38092094
38101646
38104697
38104699
38110613
38116953
38117374
38129021
38130423
38132299
38134975
38139043
38141691
38142830
38153571
38159700
38161026
38163495
38167225
38171430
38175215
38180157
38183487
38184574
38214100
38220122
38228249
38244821
38247226
38272420
38275638
38277828
38278206
38278488
38278845
38281536
38285242
38301813
38302771
38312682
38325595
38338500
38353487
38354902
38355704
38355890
38360192
38360193
38362511
38370905
38371296
38372806
38373897
38376818
38379546
38397529
38399667
38399819
38408546
38409399
38417143
38427282
38433212
38441470
38459543
38481095
38492825
38495891
38508539
38508688
38510959
38512427
38520701
38521334
38543516
38543545
38551906
38552873
38552889
38554743
38555527
38556234
38564611
38564672
38575637
38579977
38585655
38593522
38597489
38599271
38613162
38613484
38627275
38633150
38633169
38633195
38636736
38643956
38647835
38668250
38680146
38682129
38695865
38695873
38700048
38700743
38708552
38708669
38718521
38718732
38719095
38732232
38737840
38739115
38740149
38742643
38745242
38759099
38771456
38787217
38791482
38792751
38799475
38802892
38810897
38817412
38830521
38830808
38835040
38843743
38844187
38858383
38866348
38878911
38878912
38882782
38884466
38886828
38892496
38904690
38906438
38907742
38908112
38910219
38914181
38921763
38922407
38925279
38925447
38928143
38935454
38943648
38947329
38962099
38964436
38971349
38974130
38975492
38977043
38980518
38992053
39019126
39028533
39029618
39032705
39043820
39044802
39045133
39047924
39053585
39057779
39059563
39073749
39075836
39084276
39091387
39091499
39093558
39095728
39095814
39102533
39102968
39116716
39117129
39128619
39135186
39145307
39147300
39153580
39154973
39156889
39160764
39163500
39172273
39173793
39173982
39180602
39185043
39191145
39199975
39203529
39209007
39211040
39214264
39218372
39218416
39241817
39245185
39260082
39269714
39276815
39277782
39279006
39282170
39292008
39298109
39303960
39306116
39326647
39330296
39336821
39341377
39341476
39343087
39343272
39349229
39354382
39372274
39372357
39385400
39389173
39392418
39400164
39411345
39415104
39419163
39420363
39427000
39427837
39434145
39436005
39442310
39443367
39457397
39457892
39470138
39486560
39489455
39491659
39510428
39522706
39536808
39545187
39545233
39546059
39549417
39553923
39555512
39555532
39555538
39557225
39565429
39566669
39570486
39591174
39592038
39595255
39596645
39596893
39603288
39606227
39609710
20436
25056
31839
34953
38341
42392
97272
102785
143704
166917
175615
281082
321800
335999
363014
372534
373876
394678
408919
412788
429544
457260
457729
458841
463829
476540
480514
485147
485151
543697
551504
577949
579373
589736
597462
619678
638032
663710
678329
681278
697147
701783
711344
721714
742264
786368
797326
805241
809008
833265
858944
893660
894697
932684
933317
935867
961860
1040755
1049517
1060378
1062992
1092866
1114347
1147605
1148936
1154921
1240266
1240712
1254706
1274594
1280060
1283000
1296475
1299032
1302284
1308536
1311545
1315703
1319301
1323137
1333533
1338041
1339989
1360140
1363704
1368549
1370287
1371421
1379197
1382113
1382822
1388613
1398945
1406279
1425069
1435227
1447057
1452026
1453982
1455527
1459417
1468533
1479034
1485867
1496512
1500520
1512880
1517173
1524373
1524374
1525790
1527504
1556036
1562661
1593967
1599923
1609555
1622220
1622269
1627117
1640836
1644966
1663866
1666314
1685385
1692344
1693217
1723380
1723472
1730607
1744389
1744967
1757558
1767263
1768092
1768115
1768120
1769545
1772993
1778417
1779475
1791146
1796476
1800890
1801358
1804029
1828721
1830440
1830579
1834850
1846860
1856163
1860853
1864939
1865830
1867983
1874394
1882234
1888660
1892739
1900113
1902954
1905319
1908209
1920081
1926745
1930556
1930569
1938974
1940478
1955853
1960113
1961106
1971705
1974915
1982552
1985976
1993771
1993773
2010642
2030645
2044686
2044687
2044689
2044690
2044691
2044697
2049284
2050244
2055790
2056045
2056050
2056519
2056675
2068383
2068469
2073626
2073902
2089235
2096165
2116952
2126006
2127348
2127996
2142319
2152485
2164513
2179571
2180851
2193065
2193924
2199408
2203637
2206202
2207590
2209733
2210340
2226498
2229347
2234189
2246140
2251235
2253734
2254423
2271578
2294091
2298701
2302351
2312678
2327760
2327784
2329576
2338726
2341024
2350649
2351730
2351738
2352221
2362308
2366512
2369389
2369968
2370399
2385169
2387294
2389929
2394181
2394187
2394188
2396158
2397158
2406860
2409896
2413008
2445126
2449422
2451679
2479668
2479669
2486216
2490149
2490392
2496995
2516434
2516922
2520838
2522922
2531838
2535179
2548355
2552904
2556634
2569431
2575883
2582984
2584903
2593869
2599385
2606161
2613594
2632640
2641444
2641445
2641490
2641888
2644450
2660405
2661718
2666437
2666448
2702891
2708312
2716372
2719631
2723039
2731763
2745695
2750268
2752934
2753835
2754206
2766121
2768466
2778077
2783788
2786704
2791722
2792442
2794433
2802601
2808207
2815069
2815324
2825323
2830300
2843466
2852762
2854515
2857430
2857697
2859326
2886695
2889768
2893333
2896484
2898035
2899367
2903622
2906813
2915393
2920731
2925244
2925245
2929569
2941257
2967820
2972627
3014633
3015017
3020368
3026671
3034186
3038946
3045003
3046493
3069445
3072527
3076719
3079184
3098398
3098904
3107872
3121985
3138333
3140294
3141473
3143585
3149568
3171541
3176762
3182468
3184754
3188376
3190194
3205735
3207967
3214158
3214162
3216131
3217775
3218392
3219746
3220801
3224401
3227407
3230136
3248456
3249041
3251226
3257483
3266900
3271064
3272526
3275309
3276660
3279906
3280033
3282228
3282317
3290294
3300528
3305370
3314607
3315547
3319373
3326370
3334425
3340460
3340462
3346901
3366862
3372478
3372479
3385616
3394446
3428016
3435653
3438545
3444950
3461126
3463508
3468319
3472704
3485091
3490827
3509501
3509652
3511459
3516549
3517061
3522552
3523709
3524892
3526603
3534726
3539388
3556437
3566266
3566431
3566684
3567701
3570383
3584074
3584426
3596803
3608836
3611325
3618636
3625077
3631946
3631947
3632156
3662710
3669057
3679544
3683260
3685388
3693881
3711306
3716108
3719695
3723583
3735580
3743554
3745420
3746714
3749728
3757397
3758910
3765337
3765345
3765354
3765355
3767148
3771756
3777906
3797303
3816361
3820352
3831235
3831733
3835694
3864036
3865923
3883745
3890725
3891735
3893118
3897169
3915237
3916393
3934208
3935046
3958147
3968030
3972447
3972770
3981022
3996709
4001643
4004196
4008621
4020849
4037775
4044041
4044042
4056015
4056647
4059610
4066046
4074237
4075373
4091318
4135102
4155852
4208526
4214032
4270815
4308218
4329296
4356947
4400127
4435916
4503498
4533011
4567553
4584594
4640321
4688505
4688925
4692305
4721025
4728270
4742080
4762441
4783486
4809188
4855618
4884558
4886765
4915588
4937666
4938113
4941934
4943267
4997532
4998625
5014883
5033242
5154892
5169536
5230032
5386247
5386248
5410750
5549708
5584518
5646704
5752919
5773751
5925443
6085098
6091581
6103874
6112237
6122365
6143724
6228192
6232567
6237185
6281180
6285018
6287569
6289564
6297393
6314488
6318394
6322344
6327100
6327101
6331331
6335147
6342534
6343337
6354085
6368683
6372579
6373618
6383150
6385848
6385854
6386849
6390638
6391157
6391644
6392323
6395571
6409663
6414621
6415227
6416197
6421948
6440476
6446880
6448581
6476665
6478313
6479333
6480102
6481830
6487200
6489347
6500697
6502383
6503026
6508295
6520231
6536924
6571519
6580875
6607034
6607454
6625789
6630110
6638971
6642044
6643232
6651126
6651278
6658502
6660880
6665204
6675045
6690467
6696423
6699147
6700763
6728671
6728702
6732673
6736644
6736824
6753242
6754044
6770012
6773224
6790693
6794885
6807142
6818246
6822413
6829137
6831107
6833182
6841579
6843465
6845633
6850675
6853687
6859844
6867400
6874901
6874911
6875018
6875242
6901591
6937751
6959002
6972468
6982424
6989854
6993174
6996800
6999789
7005079
7007447
7019239
7019355
7026444
7029675
7032678
7036597
7047024
7053178
7056580
7080029
7080051
7096283
7119735
7125631
7137987
7140058
7168261
7176998
7180235
7188831
7212750
7218576
7223128
7229013
7235044
7237273
7237279
7240000
7242421
7251142
7251516
7251826
7256345
7259164
7265911
7269636
7273876
7282964
7302303
7310844
7316511
7317856
7332867
7333677
7334329
7336925
7338972
7340773
7347568
7361816
7369306
7387332
7388723
7396482
7397604
7415872
7423091
7424248
7425408
7425607
7425623
7427550
7430608
7431243
7444534
7459670
7492120
7510043
7512760
7514147
7520425
7523301
7523832
7524442
7527031
7537706
7546447
7547145
7557289
7574520
7592114
7608063
7614968
7620014
7622241
7668930
7673749
7681020
7685334
7688743
7695305
7737119
7744240
7758745
7767226
7770986
7782504
7793254
7793953
7794103
7806374
7819758
7822999
7844827
7848784
7867949
7867953
7873101
7873337
7874462
7884797
7889729
7889733
7896718
7928783
7948561
7961440
7982366
7984811
7984818
7989258
8000552
8002473
8012611
8017244
8017924
8018721
8019937
8040114
8047538
8050069
8052160
8054435
8066990
8075809
8089089
8089222
8111533
8112594
8116372
8126440
8141584
8141782
8148018
8157751
8159126
8161183
8168554
8172876
8173123
8182569
8205501
8214815
8216601
8224197
8227462
8231095
8237187
8251302
8264423
8264667
8266241
8268055
8281739
8288391
8289209
8294469
8309354
8309357
8315251
8326859
8328781
8330262
8338270
8366818
8368830
8370677
8378224
8380792
8394816
8407845
8440086
8444639
8444644
8448321
8456569
8459775
8471035
8473348
8475125
8484917
8487385
8508687
8513068
8517720
8525335
8539557
8553050
8555306
8559035
8566759
8569770
8570268
8577278
8586275
8590878
8594324
8606184
8617369
8629637
8638435
8643030
8647771
8652346
8662181
8674995
8682799
8699037
8717095
8719554
8722100
8722957
8760320
8760329
8760539
8771156
8784591
8793406
8795217
8795237
8795251
8797058
8797847
8800550
8810950
8812601
8818884
8820654
8828303
8831828
8850129
8852674
8852675
8856371
8857271
8874804
8878014
8878273
8880302
8885087
8904372
8919777
8938643
8950641
8951808
8952274
8955637
8962441
8980769
8984963
9023650
9028048
9031415
9057291
9074783
9081227
9084164
9087509
9110414
9112306
9119458
9123970
9124988
9144007
9147724
9150203
9158768
9171380
9182099
9203367
9203404
9206273
9210970
9212834
9228756
9237116
9241799
9249028
9269663
9280393
9286976
9286979
9297985
9298974
9301981
9302421
9310848
9312275
9317040
9329129
9336924
9351277
9353562
9358060
9361440
9364139
9367525
9384274
9418027
9418247
9455059
9456314
9477259
9493366
9493367
9495488
9499669
9506276
9536656
9553794
9566493
9573055
9575026
9579084
9597306
9625918
9633630
9636986
9641973
9642185
9645227
9646523
9660770
9663524
9673226
9673268
9675848
9688201
9699395
9700248
9708264
9708301
9708302
9709203
9709232
9709884
9717298
9750174
9758799
9761816
9765847
9766062
9767591
9768204
9768270
9774563
9790305
9791107
9798149
9798163
9805043
9805080
9811436
9813480
9825495
9826346
9830006
9846744
9854008
9854886
9854887
9864188
9872795
9879942
9879968
9916296
9921826
9949964
10024587
10027095
10029605
10030019
10048023
10063616
10065849
10069207
10073347
10090855
10094734
10096618
10098696
10209471
10220879
10230521
10234831
10245973
10330315
10340080
10340665
10355118
10382653
10392337
10406212
10417167
10451187
10454832
10466407
10478423
10479088
10492481
10496895
10548017
10553293
10565125
10579269
10583745
10583979
10592522
10592802
10598672
10608828
10633109
10675542
10686717
10719663
10722487
10722573
10741007
10746767
10755843
10765032
10766437
10768977
10783742
10784058
10810592
10812272
10816051
10816468
10825256
10847636
10849276
10852568
10888589
10897890
10898470
10900069
10908738
10917882
10925800
10933657
10938747
10945791
10946412
10966404
10980318
10983798
10983805
10995480
10997493
10997832
11014606
11015403
11016584
11021573
11059278
11061623
11062187
11090960
11111912
11130351
11131040
11131121
11131892
11131903
11145418
11145450
11164298
11178731
11181369
11197807
11257047
11269369
11271767
11294356
11300143
11308073
11324811
11347676
11348001
11353413
11353639
11372646
11411647
11414447
11417121
11417716
11417721
11417826
11428574
11430412
11430413
11432752
11440881
11442211
11442564
11445706
11446456
11452739
11471803
11497085
11502374
11518391
11527222
11553581
11564740
11575507
11578764
11592699
11595627
11670604
11679332
11687264
11693933
11700360
11726170
11741854
11749180
11756807
11759039
11765602
11799982
11849349
11849357
11866778
11869801
11873883
11883514
11889792
11895956
11899058
11931016
11950472
11953367
11958929
11966822
11967081
11967267
11972699
11985716
12010558
12017259
12023732
12034023
12038573
12052546
12054229
12060892
12073824
12079405
12086431
12096577
12109474
12113407
12114972
12121914
12125172
12146524
12146868
12162779
12174039
12188142
12192861
12201649
12204621
12217047
12220809
12240967
12296400
12356121
12356721
12373491
12392524
12406659
12428449
12456267
12459241
12485337
12489780
12513727
12514065
12523970
12531507
12534818
12540553
12548885
12578319
12581749
12597362
12602688
12603994
12623426
12624028
12644237
12668143
12668674
12686647
12687410
12705628
12727364
12732473
12746371
12753839
12781953
12799011
12807217
12821471
12824169
12842607
12851398
12859758
12867570
12878539
12889022
12900036
12906360
12911059
12920488
12927714
12962220
12962979
12969295
13694038
14089090
14121851
14190314
14237401
14510117
14515976
14524237
14531314
14552005
14566724
14570275
14582567
14607403
14625692
14638426
14641823
14660872
14672693
14675832
14702411
14703621
14711636
14713164
14716372
14723262
14728873
14729737
14742556
14757199
14769479
14871204
14961264
14968959
14977925
14980820
15004096
15008323
15012822
15019735
15026859
15057461
15077892
15078516
15091004
15095211
15105882
15110335
15110338
15123309
15123323
15128521
15134888
15150333
15170113
15189372
15193799
15215244
15223121
15224942
15240265
15241936
15243122
15244056
15248649
15258571
15264722
15271947
15281936
15282134
15297910
15314194
15322042
15330981
15341329
15345453
15357377
15366510
15369990
15378699
15451119
15458314
15466530
15468215
15474491
15492935
15519541
15521324
15528564
15556717
15560217
15588826
15621443
15627343
15646300
15668013
15674175
15678554
15687495
15713456
15719611
15727816
15730316
15731039
15732602
15747443
15752267
15752701
15759796
15765490
15787241
15819431
15820128
15845465
15849928
15854687
15862153
15863011
15863012
15863831
15875648
15880998
15892747
15897012
15900900
15925007
15936234
15939555
15952213
15961319
15966973
15967502
15971584
15974009
15983806
15989258
15992619
15993695
15995645
15996744
16000113
16000746
16000757
16008142
16011761
16039142
16042042
16083449
16085838
16102723
16112981
16114094
16119770
16139520
16154655
16157486
16159770
16175246
16176086
16177316
16178485
16191707
16201471
16212035
16215853
16240698
16243540
16256305
16260068
16276907
16276909
16276926
16284684
16293422
16311902
16325428
16329920
16332772
16332887
16336474
16339607
16341636
16342752
16345182
16345193
16345582
16345850
16345871
16346300
16346899
16346948
16347025
16348544
16348662
16348769
16349049
16349116
16349264
16349363
16349443
16368997
16369010
16385045
16391663
16406807
16413208
16420372
16423823
16426811
16427154
16428388
16436120
16444673
16457378
16457891
16463319
16478632
16487328
16496570
16524613
16530425
16535171
16541676
16549391
16562378
16567870
16602463
16610584
16622679
16626931
16652206
16672577
16715811
16716236
16716402
16716404
16757773
16768713
16790746
16828113
16857472
16869486
16875392
16878602
16880566
16887699
16901741
16919782
16933606
16936343
16943048
16943089
16959494
16968308
16968933
16980456
16988254
16989308
16999027
17021193
17021870
17031053
17036845
17037151
17043804
17048308
17049601
17056684
17063071
17077519
17079040
17084982
17098903
17123456
17125888
17140417
17140685
17148092
17158064
17161956
17169500
17172037
17181914
17182119
17200030
17203509
17207763
17208455
17217019
17261332
17293519
17302148
17307979
17332903
17333744
17368824
17373376
17375779
17379726
17383016
17383694
17383895
17383896
17395719
17401596
17408926
17412285
17416137
17448687
17449612
17460432
17462712
17465305
17483963
17485929
17496975
17497605
17497606
17499515
17501739
17534562
17534601
17541836
17553760
17582731
17590814
17596358
17636377
17642732
17644303
17644359
17660404
17681812
17689917
17693233
17713816
17725618
17728184
17825231
17826563
17849299
17852888
17855335
17883013
17888005
17897383
17898843
17913083
17953558
17970277
17977038
17998613
18005634
18023593
18034834
18035507
18037263
18041304
18041957
18060807
18066531
18092158
18165209
18180679
18186048
18186847
18194253
18250583
18256480
18265942
18268083
18310345
18317748
18337123
18341217
18344363
18355183
18355677
18367570
18375380
18386555
18402186
18405113
18408022
18418529
18423764
18423816
18424130
18430588
18438002
18448359
18476052
18484880
18486488
18490132
18498253
18499358
18514183
18538390
18538841
18545840
18563261
18569719
18572252
18573556
18577412
18588026
18607019
18621865
18626167
18629002
18640853
18642327
18662905
18665275
18665463
18679900
18687029
18703251
18718662
18765166
18767694
18769851
18786027
18786030
18795975
18797795
18804847
18804863
18806339
18817009
18817878
18831345
18837375
18839248
18846850
18924378
18930130
18931930
18939759
18942593
18976972
18998406
19004243
19005723
19031053
19032165
19041935
19096455
19111636
19111981
19123303
19136063
19150638
19151135
19181813
19185611
19196282
19198526
19223977
19232393
19233188
19237206
19237244
19244917
19264133
19264494
19264526
19269169
19270100
19302298
19333592
19340957
19345004
19345266
19357756
19361560
19373565
19377089
19395256
19395741
19400597
19409620
19413760
19413767
19413774
19414198
19415386
19426281
19428485
19434404
19449165
19459331
19469413
19482926
19486499
19494373
19501788
19501977
19517520
19530229
19563896
19563898
19563899
19564489
19567585
19570633
19590136
19616631
19617474
19622371
19628386
19640004
19651913
19671702
19674184
19674823
19684162
19692919
19698283
19699803
19700784
19703500
19713362
19716607
19720078
19728406
19729404
19732266
19735329
19747940
19763901
19805547
19808037
19814682
19817640
19820103
19837169
19838092
19840320
19843196
19843197
19843213
19880608
19882182
19890038
19900538
19900558
19916084
19922799
19941960
19944170
19944172
19944603
19944764
19949755
19950997
19954074
19963066
19965992
20025977
20026209
20032450
20034324
20036460
20043400
20049505
20059617
20059637
20060476
20064524
20082660
20101372
20102439
20109557
20139003
20148598
20149819
20154386
20159736
20163716
20178725
20183964
20185253
20211735
20214080
20222447
20236821
20307596
20337929
20345654
20353088
20353698
20371294
20394825
20408567
20412685
20415148
20430811
20453908
20455962
20456877
20457260
20457292
20459508
20461162
20472068
20473720
20477998
20492673
20534631
20538061
20553557
20553837
20572902
20580830
20585793
20587332
20602146
20602654
20603588
20617743
20624469
20627716
20657617
20685618
20687481
20706015
20707287
20708388
20722078
20728563
20734813
20740521
20798163
20806257
20816894
20818950
20825959
20829023
20850547
20858287
20869860
20888150
20955192
20971679
20971903
20981289
21031305
21034267
21040270
21046374
21050320
21062044
21074603
21077435
21091724
21095204
21114548
21118271
21134464
21139211
21146333
21146533
21148192
21166313
21182713
21185728
21186711
21192549
21204941
21206752
21209173
21212576
21219556
21227918
21246232
21255652
21256953
21269597
21276629
21300167
21332568
21335454
21339408
21353312
21354354
21362482
21375713
21377537
21378190
21378198
21381499
21421057
21421302
21436367
21462552
21491327
21497664
21501349
21510774
21518257
21519288
21526391
21531722
21533905
21535549
21536794
21536797
21539922
21559439
21561726
21598394
21624472
21630504
21635911
21640390
21664930
21669290
21680176
21685718
21697316
21707781
21712094
21717856
21737499
21754944
21756934
21762699
21767564
21767651
21779171
21780772
21784933
21790073
21792068
21796440
21797034
21808740
21840065
21840996
21848124
21854854
21855640
21861775
21864996
21872628
21888227
21888977
21889128
21895899
21901335
21906472
21917902
21920513
21932532
21953544
21954591
21963679
21963857
21964155
21964456
21968306
21968366
21970314
21998161
22004828
22009263
22013925
22017642
22019831
22024131
22033433
22041547
22048437
22065896
22069558
22071643
22073553
22085689
22092834
22097011
22108619
22112158
22118967
22123307
22129876
22139537
22141908
22180815
22204074
22205979
22207179
22228423
22243515
22245840
22247159
22260532
22265850
22273461
22281606
22292429
22293406
22298294
22300224
22308735
22321514
22321859
22322339
22326941
22327595
22338363
22344661
22347566
22365989
22366064
22366184
22371127
22383958
22391092
22417380
22418261
22422127
22428747
22429905
22439634
22464490
22465361
22465799
22472298
22506865
22522035
22530240
22538352
22551698
22554572
22554573
22564558
22571515
22583685
22586996
22617254
22617792
22623907
22626808
22632601
22634186
22653870
22654167
22664750
22675390
22680932
22682932
22688384
22691684
22705342
22725694
22733809
22736973
22750025
22766414
22771964
22789713
22791194
22796486
22804750
22805151
22806009
22806866
22814176
22824340
22841856
22860590
22860594
22862417
22874879
22884742
22897434
22917476
22924657
22959188
22960491
22966192
22969084
22982109
23008002
23020031
23024416
23025591
23029244
23032440
23055148
23063539
23066386
23069787
23070174
23084627
23084650
23086443
23095105
23098279
23100639
23100746
23100766
23100820
23107478
23107502
23115018
23123639
23145022
23163893
23176465
23182212
23194331
23198290
23207478
23208143
23213585
23214210
23215656
23219904
23228622
23253492
23261511
23274158
23276737
23296330
23333359
23335410
23337110
23339972
23352623
23357049
23360015
23362623
23363826
23365646
23370015
23385451
23390641
23391908
23397109
23405367
23416225
23416912
23417901
23422815
23422818
23423657
23428754
23433371
23454006
23454428
23481213
23481214
23485124
23499519
23500185
23503789
23506419
23518517
23519162
23523171
23532304
23539151
23569493
23583562
23586752
23599212
23603038
23608032
23608477
23611906
23623940
23639965
23643876
23656248
23659320
23663954
23664914
23669124
23669240
23669811
23670079
23680108
23688963
23713670
23724001
23730361
23732847
23742105
23742869
23748789
23759598
23762755
23774323
23775269
23783354
23791859
23811566
23812806
23823131
23830481
23838469
23845517
23847227
23860282
23867497
23883580
23885412
23891864
23908938
23911406
23913891
23917573
23924881
23930591
23932988
23933168
23933513
23944989
23948472
23952645
23952780
23954697
23954698
23954722
23967346
23968889
23973382
23973842
23974367
23978564
23981870
23994224
23994238
23994423
23994481
23997326
23999050
24000047
24004165
24006780
24007437
24010623
24012512
24012571
24020495
24021036
24031236
24031303
24031548
24031577
24031591
24031613
24036330
24051325
24055254
24083465
24090709
24091187
24095793
24119703
24120503
24131294
24140432
24142246
24159286
24159289
24161774
24161775
24184700
24193138
24199174
24201409
24201410
24211853
24231766
24237662
24239582
24242240
24242249
24268027
24269520
24269604
24270141
24278351
24291585
24294339
24296886
24304996
24315209
24321514
24333685
24349477
24350737
24352762
24368084
24380832
24383854
24389387
24412436
24420863
24420936
24420938
24421192
24424944
24426083
24426110
24426120
24426148
24434196
24435974
24438107
24450076
24450236
24453842
24456824
24461935
24466092
24493904
24495623
24509885
24511738
24516870
24517469
24531256
24532770
24547653
24549049
24552163
24558624
24560683
24561128
24584659
24586923
24605323
24615035
24622098
24628985
24632045
24636855
24636858
24654823
24657259
24665763
24666395
24673176
24673371
24688510
24723100
24724536
24740148
24751923
24763432
24780642
24795370
24796868
24825299
24830771
24841815
24855300
24857767
24858663
24859591
24859888
24859976
24866333
24878742
24879918
24891765
24895303
24897384
24897801
24903879
24925761
24926056
24929244
24935440
24937805
24940890
24946336
24948922
24954837
24962441
24969469
24979225
24984705
24994773
25002979
25009838
25025769
25035334
25037476
25038278
25038280
25038282
25039322
25050249
25059203
25064133
25064539
25064811
25071728
25073265
25075726
25081649
25083807
25086230
25108085
25113416
25128157
25134848
25141734
25149589
25150191
25160796
25170941
25176477
25180825
25183231
25212358
25214109
25218276
25226215
25229491
25241604
25245623
25251775
25269786
25271126
25273145
25274742
25280727
25283724
25296221
25297077
25304546
25310651
25312688
25356359
25366155
25366789
25368797
25379468
25405077
25409340
25411168
25428758
25430628
25433138
25443157
25450906
25451000
25454084
25462460
25462556
25464381
25464981
25466218
25470022
25473973
25477241
25481326
25501153
25501222
25506003
25514374
25530094
25530581
25533849
25540357
25542153
25542379
25542594
25546331
25553523
25555375
25555739
25574488
25576234
25584872
25596425
25613342
25621997
25622886
25626858
25634754
25636835
25655329
25656264
25664745
25668703
25681749
25681750
25687420
25689492
25690871
25694049
25698074
25700404
25703710
25706737
25707598
25710162
25721332
25724976
25730056
25730785
25733218
25743380
25744046
25763032
25767237
25803299
25804486
25804520
25810355
25827627
25830478
25841174
25846914
25846924
25849497
25862971
25874921
25881868
25884347
25884367
25888727
25889261
25908146
25910849
25911831
25912102
25916118
25917974
25925153
25929240
25938416
25941023
25946095
25954615
25956721
25960917
25982403
25984772
25987617
25989625
25990269
25997505
26000026
26000731
26004319
26004499
26010409
26014286
26020838
26026692
26027900
26028280
26029178
26031020
26039879
26040590
26044237
26045377
26055084
26064376
26066555
26072990
26077282
26092555
26093203
26093209
26103449
26106285
26107916
26110366
26125842
26150120
26150500
26155142
26155462
26159095
26161781
26193773
26199753
26228148
26235982
26245257
26260313
26272638
26280543
26282681
26301848
26306857
26307214
26315145
26319889
26323149
26351170
26362210
26363233
26364741
26373181
26378409
26429410
26439414
26439768
26452302
26454462
26463084
26475365
26475366
26477736
26481516
26487188
26498898
26503714
26518505
26546762
26549172
26549176
26555459
26557025
26563281
26566932
26574012
26580308
26580632
26588876
26589461
26620078
26623012
26630331
26633358
26649325
26657084
26658820
26659690
26675370
26696403
26702562
26713223
26717859
26723263
26729121
26733683
26740623
26743517
26748248
26748343
26748732
26749799
26763075
26777895
26781242
26781384
26781682
26782985
26797954
26802439
26804648
26804662
26811029
26820141
26823580
26828263
26834088
26844762
26848432
26850711
26859034
26864941
26868307
26883426
26888898
26889703
26892795
26904729
26921542
26941143
26944716
26945937
26945938
26965748
26971520
26971634
26975412
26976881
26983596
26987764
26997199
27005546
27005612
27014213
27016402
27018024
27021077
27033467
27033940
27041666
27044300
27044330
27050969
27051177
27052863
27057104
27071519
27075453
27079425
27090624
27097447
27098117
27108774
27110028
27124660
27129725
27139024
27144782
27150048
27153094
27153751
27155355
27155500
27157598
27163835
27172876
27173333
27180024
27180602
27184111
27200197
27208583
27211261
27220079
27221587
27231367
27235370
27236511
27236548
27238428
27258315
27259833
27262084
27265807
27270753
27294155
27294156
27301776
27306553
27322205
27328672
27343373
27357519
27368540
27368542
27370974
27379065
27383749
27392700
27393237
27393386
27405240
27413224
27416863
27417229
27418461
27422756
27432325
27436517
27448791
27454188
27480861
27493644
27506276
27507965
27514447
27521226
27521591
27539707
27539708
27540076
27540375
27542616
27546221
27546551
27546553
27546554
27557836
27568001
27574828
27581926
27587828
27587829
27590016
27590429
27596857
27603936
27610107
27614325
27624095
27633680
27633682
27637882
27639315
27652099
27656180
27663854
27670086
27677680
27702674
27702676
27706639
27713736
27726019
27729229
27739324
27744057
27757107
27774889
27782086
27790379
27794459
27803692
27810527
27815199
27818993
27830678
27832917
27838565
27838566
27840224
27853553
27856595
27858184
27867114
27876624
27881349
27885558
27888132
27898025
27899335
27903452
27907048
27934841
27938688
27943292
27956015
27959868
27979780
27980020
27986601
27988310
27989861
27991550
27992801
28001222
28009010
28017903
28018316
28018865
28018866
28027983
28032191
28032485
28057113
28065604
28070529
28083518
28087856
28088128
28094307
28098047
28104665
28105799
28110783
28119146
28122262
28126555
28127946
28128887
28135311
28137507
28138102
28192255
28205238
28215743
28223110
28223111
28232282
28236008
28238880
28246446
28259778
28264491
28271383
28279791
28279793
28283525
28299401
28300581
28302770
28302886
28330807
28342077
28352570
28363079
28363588
28363635
28366783
28371006
28371510
28383126
28400215
28400765
28406736
28423080
28425012
28428059
28433715
28436829
28442417
28476666
28479400
28482758
28484157
28484272
28484444
28490945
28499967
28526442
28532667
28535971
28545531
28546018
28546021
28546114
28549941
28559111
28600196
28602677
28602683
28602737
28606860
28606861
28610850
28615835
28619791
28623029
28625872
28630014
28647779
28647817
28648622
28652983
28655594
28655927
28657025
28658756
28663129
28674526
28676336
28685594
28688911
28689359
28698125
28698127
28704687
28708867
28713009
28713788
28732514
28733150
28733908
28739226
28743630
28743647
28744833
28745820
28747586
28747972
28754613
28767889
28774846
28779739
28779742
28779743
28783490
28785391
28819794
28820083
28823980
28831226
28834771
28840964
28842846
28851534
28859446
28861049
28862845
28866274
28871684
28877365
28880779
28882803
28888536
28888727
28899777
28916356
28917486
28925834
28927687
28937913
28940167
28942832
28947709
28948624
28951220
28951222
28962883
28986269
28987482
28992444
29017939
29033439
29035671
29038557
29042450
29046693
29054663
29065225
29102106
29108108
29111394
29126413
29129586
29135372
29142761
29144014
29146446
29146498
29154856
29155029
29155031
29159245
29162541
29162543
29162546
29174701
29175681
29191795
29197618
29198777
29199250
29204087
29205196
29208500
29214226
29222028
29248629
29248749
29254478
29277606
29282420
29282609
29284146
29286459
29291524
29292200
29305333
29305993
29305994
29306763
29311327
29317232
29319513
29325712
29325765
29329952
29334060
29339045
29339067
29353079
29355702
29355764
29356594
29367518
29379378
29394397
29396408
29403527
29407616
29408221
29409931
29421585
29427191
29437097
29442712
29443944
29453863
29458093
29473096
29475715
29476770
29476818
29477496
29481847
29481905
29495337
29501882
29510255
29516376
29518405
29518462
29518559
29524670
29526699
29530548
29542825
29544771
29545064
29550434
29556775
29559270
29594069
29604439
29605506
29608420
29621529
29621635
29627477
29631027
29649577
29651700
29654472
29659855
29670590
29671715
29678792
29680689
29681353
29684606
29684610
29684613
29702236
29709593
29720972
29724212
29733023
29733176
29733690
29738873
29739146
29739156
29739159
29739171
29741243
29763734
29772374
29775727
29775741
29801650
29803663
29857133
29860811
29862449
29866030
29868511
29870827
29874792
29885365
29886140
29890197
29890218
29892949
29897673
29905492
29906530
29909090
29909274
29920382
29932964
29933109
29943470
29944526
29958980
29964197
29981453
30044063
30045498
30047007
30058358
30064016
30073125
30074242
30075246
30077692
30081179
30081181
30086377
30097884
30102974
30105751
30105821
30112591
30121359
30121360
30125584
30125699
30130658
30138756
30144564
30144565
30144566
30172053
30176334
30183757
30184134
30184189
30189385
30195902
30195916
30195917
30198891
30200876
30201448
30201592
30208624
30218592
30219387
30219388
30222905
30226147
30227254
30229985
30236608
30240801
30244087
30248403
30257645
30259527
30261299
30266730
30267738
30273652
30285759
30288674
30289383
30295142
30299978
30304991
30310250
30312666
30317865
30322111
30333946
30336285
30339843
30342169
30352804
30359751
30359752
30359753
30368025
30370188
30381266
30381267
30381678
30382899
30385248
30389643
30393178
30410482
30426005
30439371
30444232
30445667
30447430
30448445
30453044
30453162
30460208
30461310
30471310
30471337
30476546
30481922
30488025
30496835
30502467
30502469
30508672
30513386
30513387
30515694
30519218
30519232
30519504
30529428
30530932
30539413
30543935
30549304
30550991
30553889
30553892
30560883
30568650
30574139
30580040
30590065
30590158
30590163
30596375
30596975
30597253
30597314
30599256
30609084
30612570
30614207
30614490
30615988
30619173
30621713
30628579
30637563
30639479
30641187
30648626
30654028
30654278
30687246
30690211
30695731
30698028
30701228
30701696
30703548
30703551
30703560
30716434
30716519
30716521
30716522
30717473
30719608
30729206
30730133
30731213
30735293
30738726
30753914
30769237
30783060
30790663
30794932
30820481
30826411
30831243
30833947
30836241
30841440
30850994
30851451
30853539
30853657
30861377
30864848
30866351
30877060
30880310
30886242
30890434
30895402
30915952
30919989
30934411
30936045
30939636
30940083
30953781
30959668
30959691
30959698
30959721
30965399
30965438
30965537
30972460
30978447
30978800
30984371
30989358
30990080
30991147
30991149
30991542
30991568
30991602
30994417
30999108
31002452
31002929
31003275
31003291
31003362
31004801
31010122
31015066
31018324
31022884
31028898
31035397
31040570
31050067
31051566
31051584
31051599
31051615
31054358
31057524
31059592
31059811
31071462
31071775
31071791
31071795
31071814
31071852
31071868
31071881
31075405
31075643
31078710
31081447
31082518
31083688
31084036
31084093
31084120
31084122
31084139
31085326
31087203
31096060
31100439
31102840
31106978
31113022
31113062
31113126
31113156
31121519
31124459
31129273
31132804
31147426
31152843
31154113
31158386
31159004
31159123
31173786
31179217
31181340
31195115
31195479
31195495
31195517
31200070
31202962
31202966
31207738
31222994
31226935
31243734
31247320
31250227
31252043
31252044
31252064
31261489
31263098
31265909
31265912
31274299
31275270
31281364
31299190
31299462
31302283
31302879
31306698
31316478
31317560
31319209
31323329
31326563
31326583
31326590
31350647
31352115
31355499
31363972
31375931
31377430
31379840
31394161
31398403
31402466
31406034
31408728
31414275
31415901
31419532
31419577
31422177
31425831
31430559
31446604
31448697
31453396
31454703
31459665
31460413
31461929
31467887
31472263
31477273
31492736
31493503
31494279
31494436
31497459
31499201
31499205
31500367
31511977
31513913
31518507
31518591
31518688
31521296
31533083
31539396
31539573
31541615
31541778
31546036
31546037
31547881
31550486
31555272
31561026
31563556
31571949
31586762
31604151
31606917
31610289
31610291
31614964
31625443
31626818
31626920
31628740
31629810
31637491
31647941
31654082
31655126
31655269
31676434
31678534
31682998
31683000
31683071
31691176
31704203
31707005
31707088
31712444
31726099
31730927
31734809
31751630
31756454
31756970
31757827
31765792
31770821
31775350
31783147
31786258
31786344
31787979
31790863
31804981
31805411
31808990
31809794
31812532
31821845
31831090
31840217
31841693
31842990
31846742
31846771
31846773
31846776
31846777
31846994
31848829
31852752
31855810
31857225
31857226
31863902
31866448
31869610
31874296
31874297
31875516
31881236
31881329
31883472
31886519
31887376
31899323
31904539
31911288
31915211
31927202
31930872
31944089
31945653
31953153
31953198
31955395
31963469
31973764
31981775
31981776
31990611
32004577
32004614
32014588
32027906
32032768
32045721
32046727
32050067
32057858
32061958
32067211
32070936
32088284
32088285
32101080
32109355
32112890
32117183
32119929
32133636
32140573
32142871
32145616
32148833
32153514
32158150
32171822
32182773
32183136
32184192
32200071
32203766
32205179
32207545
32209398
32222856
32226431
32229294
32235800
32237168
32239349
32247044
32247276
32276038
32282134
32283247
32285473
32292404
32298854
32300925
32302771
32305503
32313289
32322713
32325215
32325216
32325237
32330516
32331001
32342238
32344024
32344047
32349419
32349861
32351242
32356184
32358824
32360202
32360279
32367758
32399785
32408018
32418892
32422488
32424607
32428447
32428932
32430596
32433466
32439508
32442500
32447013
32448355
32457762
32461959
32466093
32474085
32478415
32480081
32482608
32487015
32505719
32512043
32524179
32527041
32528438
32531331
32539814
32549399
32553982
32556227
32568076
32582300
32586321
32589928
32599058
32609505
32610600
32615969
32618004
32634523
32636595
32637831
32638863
32645422
32653585
32654084
32656613
32663629
32681885
32692905
32692995
32693022
32693158
32700838
32707296
32712229
32717323
32724309
32731013
32735858
32738515
32739534
32745619
32748590
32750544
32752245
32756380
32763408
32768864
32771658
32771671
32776225
32777461
32798287
32800982
32810529
32812302
32815527
32822829
32823515
32824641
32831805
32835835
32841685
32846240
32886215
32888968
32890760
32903484
32906845
32911932
32914203
32920202
32927052
32927166
32927189
32947883
32961293
32966864
32968153
32971270
32977486
32984811
32985901
32993504
33002603
33006873
33013815
33023149
33025518
33025574
33028330
33029752
33031900
33034782
33035873
33045069
33046150
33063599
33075516
33080274
33088835
33114362
33119148
33126455
33132113
33152130
33162953
33171870
33175194
33182012
33194801
33199536
33212916
33213475
33214589
33217902
33220160
33220914
33242647
33253908
33274900
33281351
33288681
33290513
33301933
33325100
33325308
33328352
33329494
33335147
33340375
33340590
33352337
33372840
33374081
33375129
33378958
33385387
33387658
33407117
33410001
33420733
33424802
33429054
33429926
33436677
33442859
33453383
33454323
33465517
33472162
33486218
33489668
33496914
33503883
33524771
33537126
33544251
33546486
33556553
33557279
33568398
33569748
33571917
33572185
33576007
33582106
33582280
33609614
33610122
33637956
33640019
33647335
33669173
33680698
33682163
33683049
33710949
33712685
33721202
33771632
33772885
33785431
33785433
33798718
33799428
33810916
33811849
33817062
33817396
33848529
33848734
33853603
33856639
33857622
33858087
33858129
33872754
33888479
33889141
33891720
33903105
33905842
33911885
33912175
33913522
33920311
33921530
33926565
33930420
33930448
33930970
33931004
33932598
33940173
33942635
33945835
33956340
33965506
33965586
33973327
33989765
33995332
34004271
34030039
34034823
34044167
34063680
34064504
34070815
34073161
34077788
34082796
34087289
34095189
34103011
34114245
34121235
34130754
34139525
34147613
34147614
34153283
34156968
34158921
34164781
34168639
34171369
34174243
34174452
34186116
34192394
34204770
34204872
34214518
34220115
34220849
34223695
34224726
34242920
34247100
34252543
34253465
34258445
34260802
34262558
34262881
34287946
34305858
34307285
34310970
34314796
34320048
34335123
34350984
34352395
34354445
34356504
34356657
34361876
34365579
34371155
34384434
34389952
34399480
34399833
34419600
34424988
34438059
34439039
34454021
34458972
34461291
34462313
34468488
34470695
34474150
34503504
34504499
34511071
34514728
34517013
34534653
34537337
34546573
34550293
34551359
34551687
34555717
34556619
34561532
34566322
34571155
34571158
34590712
34594318
34595238
34601138
34609911
34624358
34629536
34630364
34641147
34650438
34671354
34673140
34673374
34680024
34681662
34683384
34688058
34688690
34689393
34689748
34699975
34714447
34718187
34733280
34750087
34780976
34799793
34799956
34801674
34801729
34813438
34827211
34827818
34829552
34837302
34838702
34883255
34888259
34892915
34899717
34905050
34909268
34912316
34914929
34915138
34919992
34922019
34923115
34950453
34956131
34956187
34958920
34963553
34966816
34967692
34968644
34968709
34971736
34971737
34983002
34985567
34990806
34993932
34995551
34997440
34998988
35018528
35019106
35026409
35031202
35032678
35034969
35038205
35041510
35051564
35064384
35074334
35075514
35085717
35085736
35086562
35087530
35097270
35100453
35126821
35131431
35134503
35136422
35142546
35144832
35152710
35175128
35175515
35180367
35187147
35189356
35203219
35203593
35206565
35216005
35217708
35223437
35237942
35242114
35247853
35253248
35269976
35280558
35296935
35300694
35314333
35326806
35331883
35335647
35355878
35359991
35362823
35364260
35365566
35369605
35378306
35385592
35386717
35405183
35405184
35421574
35427776
35435721
35438439
35460761
35467190
35472400
35476627
35489592
35499101
35542985
35550899
35561978
35567749
35568142
35569779
35575163
35580796
35581320
35588906
35598068
35598740
35601789
35605723
35609760
35611734
35613669
35618212
35624670
35624801
35646727
35653197
35659620
35661767
35661815
35662581
35667467
35667539
35667540
35674493
35689939
35705587
35706367
35722284
35749280
35750117
35751135
35752372
35754552
35757761
35761217
35764161
35766485
35768966
35772676
35772677
35777708
35777711
35784299
35784316
35784342
35798244
35803508
35809723
35810483
35812877
35822274
35830944
35836415
35839947
35843521
35843524
35843526
35850458
35851159
35858814
35860264
35863514
35874671
35875569
35877900
35884183
35889095
35903472
35908672
35909695
35911773
35926820
35928810
35948263
35953779
35963567
35972765
35976044
35979610
35985628
35990669
35993779
36007831
36009242
36009776
36012731
36029927
36044935
36055554
36058384
36084887
36097971
36098926
36111788
36115605
36119096
36122633
36122635
36123536
36126543
36129638
36138746
36139725
36139830
36147284
36150410
36152028
36154276
36167295
36177013
36183982
36185507
36198379
36210002
36216305
36229726
36232424
36245338
36257553
36257750
36263741
36270185
36273515
36274718
36277060
36283597
36286474
36287329
36287822
36289143
36306898
36306998
36309324
36309325
36312957
36322424
36326918
36341871
36354336
36358200
36358345
36358553
36360298
36361921
36363761
36368593
36374364
36377930
36386612
36402821
36405966
36414818
36419595
36419597
36419599
36419613
36420485
36420486
36420497
36420503
36423108
36425139
36425608
36427124
36427760
36432105
36436575
36455751
36466906
36471559
36475732
36478445
36496842
36496911
36503056
36503433
36510260
36513321
36523569
36528324
36528326
36532002
36532495
36538149
36542235
36548476
36555227
36557752
36558851
36565346
36565823
36566833
36571636
36579736
36581254
36581255
36589261
36596319
36604972
36608897
36622623
36624883
36631627
36634245
36639064
36649515
36669601
36670828
36671285
36671344
36681196
36685536
36689842
36690267
36693487
36702328
36707042
36721629
36724954
36738947
36740083
36743987
36758661
36765333
36768530
36775183
36775212
36794008
36795920
36799768
36801468
36807089
36815836
36820086
36822380
36830168
36834706
36837011
36841516
36845974
36846766
36855429
36856436
36858329
36860427
36860450
36860465
36863498
36876872
36877732
36878368
36893873
36894690
36906258
36907302
36910190
36914102
36938468
36948016
36959570
36961281
36967023
36969197
36970231
36975994
36976244
36977275
36978432
36985338
36990259
36995222
37001745
37011738
37022504
37023872
37028781
37030559
37030560
37042012
37056759
37058790
37059297
37060042
37073289
37074231
37085019
37107048
37108342
37109557
37110265
37112540
37112789
37120086
37149235
37150237
37154334
37154335
37162086
37167663
37168394
37169311
37171060
37172105
37172750
37173388
37179529
37187213
37204817
37205784
37207751
37207885
37209775
37214649
37228602
37232261
37233472
37237796
37242340
37244318
37245215
37255266
37266950
37271324
37271325
37271327
37277052
37294665
37296630
37298428
37314358
37321429
37322528
37333642
37333660
37355219
37357462
37371785
37373406
37374925
37375613
37385461
37387372
37388460
37400612
37415809
37417761
37423533
37430999
37437416
37442308
37443328
37444027
37450203
37451347
37451525
37451527
37453493
37478799
37482206
37486455
37499272
37501533
37505822
37511003
37512548
37512979
37515081
37522473
37541636
37541637
37551224
37573362
37580646
37584068
37591129
37593738
37598734
37612642
37619908
37623718
37626768
37627421
37630587
37633251
37633342
37648118
37657531
37657557
37658190
37673385
37673388
37673389
37678481
37689229
37690613
37705318
37709482
37711580
37722443
37722638
37724117
37726082
37728059
37740122
37741476
37742888
37755709
37756110
37758826
37759501
37760791
37764049
37767359
37771817
37771818
37774603
37778710
37779727
37783989
37793515
37802262
37805110
37806502
37808293
37814215
37816961
37835665
37835763
37837866
37841419
37846307
37858787
37859968
37863127
37868352
37879370
37881004
37881475
37884104
37887229
37890737
37893921
37894549
37895322
37896051
37896958
37907174
37908355
37920263
37923182
37926345
37929301
37940062
37944683
37946241
37958062
37958080
37958093
37968931
37977545
37992971
37996691
37999911
38003182
38004661
38006905
38007901
38008328
38008441
38023345
38040045
38042084
38043626
38060422
38081403
38092094
38101646
38104697
38104699
38110613
38116953
38117374
38129021
38130423
38132299
38134975
38139043
38141691
38142830
38153571
38156048
38159700
38161026
38163495
38167225
38171430
38175215
38180157
38183487
38184574
38214100
38220122
38228249
38244821
38247226
38272420
38275638
38277828
38278206
38278488
38278845
38281536
38285242
38301813
38302771
38312682
38325595
38338500
38353487
38354902
38355704
38355890
38360192
38360193
38362511
38370905
38371296
38372806
38373897
38376818
38379546
38397529
38399667
38399819
38408546
38409399
38417143
38427282
38433212
38441470
38459543
38481095
38492825
38495891
38508539
38508688
38510959
38512427
38520701
38521334
38543516
38543545
38551906
38552873
38552889
38554743
38555527
38556234
38564611
38564672
38575637
38579977
38585655
38593522
38597489
38599271
38613162
38613484
38627275
38633150
38633169
38633195
38636736
38643956
38647835
38668250
38680146
38682129
38695865
38695873
38700048
38700743
38708552
38708669
38718521
38718732
38719095
38732232
38737840
38739115
38740149
38742643
38745242
38759099
38771456
38787217
38791482
38792751
38799475
38802892
38810897
38817412
38830521
38830808
38835040
38843743
38844187
38858383
38866348
38878911
38878912
38882782
38884466
38886828
38892496
38904690
38906438
38907742
38908112
38910219
38914181
38921763
38922407
38925279
38925447
38928143
38935454
38943648
38947329
38962099
38964436
38971349
38974130
38975492
38977043
38980518
38992053
39019126
39028533
39029618
39032705
39043820
39044802
39045133
39047924
39053585
39057779
39059563
39073749
39075836
39084276
39091387
39091499
39093558
39095728
39095814
39102533
39102968
39116716
39117129
39128619
39135186
39145307
39147300
39153580
39154973
39156889
39160764
39163500
39172273
39173793
39173982
39180602
39185043
39191145
39199975
39203529
39209007
39211040
39214264
39218372
39218416
39241817
39245185
39260082
39269714
39276815
39277782
39279006
39282170
39292008
39298109
39303960
39306116
39326647
39330296
39336821
39341377
39341476
39343087
39343272
39349229
39354382
39372274
39372357
39385400
39389173
39392418
39400164
39411345
39415104
39419163
39420363
39427000
39427837
39434145
39436005
39442310
39443367
39457397
39457892
39468161
39470138
39486560
39489455
39491659
39510428
39522706
39536808
39545187
39545233
39546059
39549417
39553923
39555512
39555532
39555538
39557225
39565429
39566669
39570486
39591174
39592038
39595255
39596645
39596893
39603288
39606227
39609710
