569439
813356
814672
817626
962216
1090221
1355316
1496817
1530943
1695066
1746156
1773120
1776381
1779054
1814189
1856352
1888314
1897132
1904457
1973009
2063637
2229606
2237126
2314337
2331294
2365883
2375025
2454150
2508657
2509567
2516858
2518226
2619461
2625499
2663909
2672542
2684206
2689485
2728263
2929195
3066243
3124405
3284897
3403756
3444019
3531259
3916277
4061232
4098217
4150111
4210143
4857351
4973057
4980066
4993794
6232781
6295942
6299959
6337211
6352750
6530497
6677834
6751309
6769810
6994466
7004149
7037886
7189528
7189529
7189530
7411585
7494042
7515368
7542636
7604529
7624843
7673048
7673520
7763446
7766685
7975048
7989246
8143736
8193122
8226935
8242453
8257380
8319691
8326035
8451811
8560738
8560739
8576126
8669375
8708092
8779807
8782689
8787898
8858591
8883335
9008342
9035085
9041434
9058272
9058273
9098796
9120075
9163914
9177971
9226651
9276797
9387227
9406074
9495014
9532494
9565870
9588110
9622374
9646469
9646471
9650933
9684301
9828425
9851004
9864244
9874261
9916549
10100862
10212457
10216862
10372420
10386308
10480089
10508072
10518039
10531595
10565964
10603401
10619609
10627045
10629810
10659966
10679045
10739964
10758886
10777043
10966229
11075546
11078648
11194722
11305474
11337141
11337144
11377428
11384040
11417715
11427573
11526143
11553540
11728766
11852191
11860105
11886756
11934491
11969115
11974882
11989739
12065504
12086045
12086069
12101294
12199362
12381468
12416812
12449243
12485354
12574255
12622814
12637025
12700253
12800868
12831175
12902232
12916688
13084795
13109637
14509537
14649409
14657127
14680708
14688145
14706084
14711517
14715751
14715808
14765815
14769463
14979600
15066282
15223126
15284888
15290961
15328260
15465260
15575875
15653520
15695683
15747734
15876224
15893492
15937178
16081034
16162522
16192443
16207514
16325550
16357279
16359193
16455943
16463229
16495255
16507693
16507696
16511312
16516507
16517864
16530373
16672416
16772425
16780181
16804174
16922490
16954322
16978433
17027156
17057090
17073261
17073267
17106097
17169114
17227598
17235154
17259318
17283088
17297099
17313025
17320434
17348901
17351174
17369210
17433441
17475761
17479940
17625202
17757720
17900619
17963333
17971096
17975089
18024731
18057124
18182521
18217553
18226294
18242012
18260753
18305132
18349229
18439377
18487673
18557189
18564393
18584545
18588895
18611246
18641698
18673393
18719188
18788420
18803225
18819612
18832205
18945561
18951819
19058930
19059602
19088916
19121235
19121238
19141040
19155148
19156548
19168609
19187026
19307623
19309483
19322715
19386831
19447993
19463187
19520603
19521461
19528580
19528624
19635028
19732082
19745030
19785910
19833781
19880633
19895643
19919286
19923627
19930160
20052513
20059934
20106699
20145082
20147644
20195067
20204615
20221892
20338706
20350380
20409380
20528946
20560419
20570278
20573871
20576366
20607346
20663617
20668530
20693505
20723677
20879096
20951639
20952646
20969677
20971488
20998458
21046393
21048010
21054741
21134309
21139580
21163607
21168147
21183029
21211038
21223537
21282711
21306592
21352710
21453928
21457552
21499909
21506385
21524507
21525223
21536150
21570219
21678613
21697322
21700024
21726983
21731607
21852528
21857905
21944716
21968538
21972842
21997945
22075580
22078907
22082032
22092681
22100875
22117379
22119576
22121154
22153311
22189431
22253902
22327489
22365234
22394235
22431611
22444442
22567013
22612980
22666370
22708114
22720933
22791003
22808724
22863098
22884338
22921631
22949621
22964008
22981582
23036931
23082192
23212028
23212184
23244770
23245954
23258838
23327304
23337581
23345291
23357020
23370754
23380619
23470831
23496010
23523288
23528609
23537788
23548292
23554198
23627380
23698531
23745768
23779256
23786245
23795951
23882015
23884123
23901096
23907894
23918808
23957431
23957998
23958017
24019161
24031473
24053027
24080651
24100496
24131210
24149625
24155490
24210866
24215609
24256234
24359825
24419876
24443828
24505091
24573012
24607377
24619629
24639287
24664506
24678588
24680507
24682845
24703745
24731643
24813401
24820839
24823898
24856419
24931626
25053786
25087459
25108846
25115242
25129497
25149135
25161960
25173468
25219798
25244428
25269968
25288644
25314832
25350731
25362568
25381594
25399106
25427658
25468796
25472489
25491463
25497825
25565717
25566202
25638330
25658557
25666838
25695401
25724543
25750757
25752850
25769407
25875169
25895090
25912858
25936577
25960250
26016433
26084513
26110298
26113347
26119656
26121648
26133714
26134490
26288541
26315923
26425363
26430051
26507866
26508103
26556125
26558847
26601609
26655883
26657721
26686572
26707943
26732695
26734653
26760778
26762200
26805990
26843282
26906192
26908231
26925701
26987627
27000456
27016824
27016837
27033528
27149417
27187065
27200457
27301015
27322675
27367018
27372584
27432040
27485878
27502064
27530432
27539863
27585966
27597908
27663649
27687707
27695696
27697171
27712926
27716100
27783674
27843558
27931924
27939809
27997247
28003600
28032700
28084008
28131378
28161160
28183165
28183423
28314902
28324574
28341023
28341052
28342271
28348265
28428133
28434736
28444868
28445008
28470079
28495783
28545485
28589129
28600195
28601447
28625182
28628457
28654665
28666619
28705211
28711431
28724597
28750420
28757508
28780090
28780243
28790435
28848512
28885723
28903765
28919694
28928212
29030429
29097247
29099935
29107650
29178882
29198899
29227465
29236994
29258951
29290470
29292007
29321421
29397161
29401555
29457285
29458538
29482512
29491014
29532420
29548731
29577680
29692328
29725958
29752197
29859310
29893620
29917039
29950697
29969334
29973773
30122416
30126285
30146281
30148880
30196469
30219763
30266399
30298057
30459294
30464120
30568479
30612987
30677848
30698306
30771894
30771932
30799091
30914831
30940606
30943176
30954252
30959612
30977463
31037868
31048038
31059284
31113165
31136000
31158071
31212103
31260459
31284046
31292789
31327898
31392445
31418669
31421888
31440914
31506299
31536040
31563313
31564693
31583568
31611858
31617241
31735111
31750556
31765793
31788469
31820468
31859005
31864733
31910856
31923305
31968649
32057432
32117127
32125264
32182162
32187695
32197511
32316092
32429272
32456822
32477287
32486517
32489668
32505957
32512932
32552664
32573203
32584745
32634525
32662090
32735095
32768234
32827940
32856092
32887621
32907945
33069003
33072013
33079363
33079364
33228728
33266438
33277914
33358798
33392783
33408489
33430135
33442654
33533709
33534018
33588835
33611159
33616238
33616518
33659065
33714586
33812285
33838182
33848951
33898045
33922793
33932957
33986732
34001359
34022417
34185920
34218921
34253362
34284224
34335512
34358017
34359241
34372771
34406921
34439023
34462475
34482054
34486971
34489258
34511943
34580908
34631863
34702170
34745056
34805334
34821766
34827356
34873733
34900165
34938371
34941857
34955276
34987627
34987628
35011729
35022739
35051555
35093029
35115237
35181139
35295305
35391729
35395518
35430445
35445101
35566239
35637129
35650128
35650232
35682703
35704500
35779495
35792671
35843262
35870789
35884214
35899281
35928143
35928206
35975490
36087818
36187987
36235183
36450577
36496808
36540100
36552044
36560902
36562745
36572056
36593599
36647902
36687564
36690934
36692331
36715029
36811767
36823027
36847483
36871764
36871982
36971562
36978446
36997914
37042313
37080785
37111475
37119347
37191237
37254473
37264425
37280318
37352427
37386401
37485526
37513782
37523741
37533933
37534066
37544431
37558477
37570251
37641275
37653834
37661038
37723600
37769942
37779027
37786431
37853918
37875803
37930433
37949401
37954923
38031651
38101947
38167414
38178631
38217091
38281323
38296542
38330240
38338585
38340554
38420205
38428490
38480728
38507529
38552086
38554822
38570138
38582147
38584696
38612142
38637179
38658529
38787275
38825124
38827151
38847928
38849801
38856686
38872850
38875835
38897015
38904369
38960691
39008148
39021738
39064988
39067757
39085093
39142840
39170866
39174931
39180538
39193432
39250832
39253661
39296344
39304366
39309038
39350011
39383256
39410033
39414075
39417630
39479784
39521410
39521420
39534289
39543729
