11211278
15336412
15774691
15886921
16478052
17082403
18599718
18784916
20521039
20627641
21131504
21742822
22210213
24440816
24581678
24868032
25359916
28051350
29348528
30026789
30083848
30693009
30723505
31016497
31028704
31755153
32194578
32362747
32559368
32676085
32803264
33382895
33447868
33970547
34025708
34052885
34070057
34192603
34361010
34673390
34844562
35044833
35069639
35222448
35249478
35508835
35530740
35657528
35690636
35696923
35887119
35956428
36544867
36871001
36917368
37108084
37299195
37302255
37314751
37352695
37477440
37557016
37569353
37764326
37772738
37910566
37929181
37965024
38309862
38405589
38491985
39060468
39098395
39196398
39298448
39560736
