7580051
9002192
9336927
9418254
9501433
9874236
10203482
10488171
10627044
10655415
10832977
10970351
11230416
11321071
11321544
11375196
11397673
11425720
11427437
11491349
11724828
11807080
11846770
11919219
12071681
12204364
12354883
12399047
12610727
12807195
12818585
12884074
12948761
14659536
15184539
15463830
15482431
16232288
16266831
16388024
16517920
16687590
16815575
17233735
17277056
17359273
17406771
17410778
17472633
17642542
18600039
19016868
19047749
19366627
19370465
19641092
19716254
19809262
20024543
20086083
20112669
20701623
20834139
21321142
21349327
21538256
21602386
21972146
21984237
22017666
22187530
22486674
22789742
22877240
23544536
24095800
24327425
24376771
24393536
24576463
24701945
24780226
24862483
25420421
26503664
26671758
26814642
27620956
27704298
28455040
28705217
28745138
28965239
29430369
29430378
29600411
30533867
30910901
31250991
31491672
31608089
31879049
32147231
32486377
32737133
32908529
33520947
33544268
33987722
34134414
35589885
35751712
35862731
35905960
36132989
36388606
36394643
36402675
36525921
36678361
37395660
38138001
38365250
38923363
39194877
39298104
39456879
