1543752
1610193
1662937
1713054
1768130
1860824
1899799
1903627
1937824
2124767
2270739
2458321
2458322
2499610
2508555
2516113
2658807
2744850
3088037
3093591
3117693
3134766
3138187
3138189
3313216
4050196
4063881
7883879
8039927
8347428
8641304
8782674
8941989
8961100
9011051
9081819
9172407
9287428
9353532
9687476
10408878
10826726
11307896
11307897
11309061
11468413
11547885
11583846
11770642
11837390
12496171
12597483
12644237
14602590
15501651
15709360
16013390
16291660
16476793
16597942
16715811
16980455
17037249
17182144
17685338
20061480
20228097
20406380
20510783
20543041
20725130
21497664
22062423
22504820
23212021
23738125
24461044
25002422
25364927
25475325
27065632
30122537
30448894
30965439
31003368
31071776
31071823
31121711
31137324
31137428
31158957
32144691
32467331
33218089
33907427
34047635
34855940
35465403
35747557
35904424
36728444
36782027
36839621
38126771
38864652
39484522
