19126732
19167363
19475140
19500142
19673482
19732325
21216034
21742901
22106210
22689636
23135937
23292160
23394257
23435879
23672235
23891221
23973426
24031764
24493147
25486990
25658563
26002942
26251482
26322722
26659211
26769582
26910858
27007331
27103163
27387894
27512997
27789640
28070515
28188204
28383792
28428315
28486529
29025950
29055510
29122865
29775711
29858203
30031484
30369850
30558855
30683036
30783798
30813526
31001795
31464603
31476651
31509986
32010805
32074104
32616648
32714902
32760373
33022209
33051809
33383044
33454593
33573154
33634077
33870459
33891536
33965629
33966861
34142849
34250879
34433293
34579294
34591915
34793258
34815849
35045853
35151659
35271726
35318065
35344092
35365205
35453817
35583640
35656955
35813428
35913221
36102334
36139923
36239385
36266851
36583054
36899131
36922940
36960295
36963774
37023890
37199610
37539295
37852538
38277493
38582389
38723385
38750965
38833921
38892282
39061329
39203422
39330216
39338429
39447645
19126732
19167363
19475140
19500142
19673482
19732325
21216034
21742901
22106210
22689636
23135937
23292160
23394257
23435879
23672235
23891221
23973426
24031764
24493147
25486990
25658563
26002942
26251482
26322722
26659211
26769582
26910858
27007331
27103163
27387894
27512997
27789640
28070515
28188204
28383792
28428315
28486529
29025950
29055510
29122865
29775711
29858203
30031484
30369850
30558855
30683036
30783798
30813526
31001795
31464603
31476651
31509986
32010805
32074104
32616648
32714902
32760373
33022209
33051809
33375496
33383044
33454593
33573154
33634077
33870459
33891536
33965629
33966861
34142849
34250879
34433293
34579294
34591915
34680852
34793258
34815849
35045853
35151659
35271726
35318065
35344092
35365205
35453817
35583640
35656955
35813428
35913221
36102334
36139923
36239385
36266851
36583054
36899131
36922940
36960295
36963774
37023890
37199610
37539295
37852538
38277493
38582389
38723385
38750965
38833921
38892282
39061329
39203422
39330216
39338429
39447645
