1299799
1303536
1307950
1334804
1403378
1408351
1423442
1452362
1465573
1468100
1468101
1476050
1476051
1481133
1494456
1495373
1500184
1508887
1531814
1532167
1533175
1551465
1555762
1564438
1573082
1574682
1607434
1628292
1652359
1658712
1669445
1681003
1689748
1690575
1694526
1694822
1704006
1720167
1729194
1747885
1763286
1764502
1764902
1771376
1774379
1784869
1786849
1810653
1820572
1827439
1829395
1830918
1832662
1836157
1838088
1839049
1840575
1843993
1855987
1878916
1905532
1913765
1913766
1930564
1945480
1945497
1984447
1991859
2002433
2005230
2023543
2049931
2059977
2079621
2080067
2082240
2088235
2098703
2098704
2098708
2124801
2135419
2137352
2142138
2142479
2143512
2148181
2148321
2150553
2150879
2151111
2165447
2182385
2206607
2212191
2230719
2248769
2254421
2335648
2340540
2349449
2364405
2372253
2422126
2433959
2445685
2482205
2489371
2489886
2523727
2525070
2525114
2526680
2530209
2533315
2534763
2535160
2543627
2543630
2591635
2597028
2597046
2600749
2610617
2626165
2632612
2633204
2639299
2640318
2661267
2743376
2761390
2762016
2766317
2766323
2790864
2853322
2920379
2920385
2945902
2956196
2958599
2959623
2964413
2971696
2975747
2977294
3038976
3040686
3135272
3139566
3150434
3165588
3166609
3166805
3170887
3170889
3172139
3198842
3252771
3277259
3291452
3307713
3323224
3338847
3364952
3397177
3461031
3476557
3482350
3496265
3498689
3546141
3570462
3680174
3781625
3980093
4055034
6190754
6500698
6874072
7216496
7478758
7499593
7512447
7526133
7542513
7552958
7553390
7567131
7600247
7621501
7622235
7629336
7644270
7665480
7681043
7695511
7709073
7729874
7729915
7785991
7808769
7865086
7867049
7867050
7867052
7868618
7896691
7923511
7960128
7961492
7961493
7962905
7977203
7988914
8001056
8004057
8008432
8013876
8018049
8021165
8028611
8039885
8055189
8110450
8153574
8153575
8163499
8163734
8176720
8183202
8193601
8264436
8279990
8281559
8302939
8312602
8319255
8319257
8331066
8339298
8359882
8360359
8375352
8380803
8393069
8402804
8406828
8418040
8418050
8432584
8441354
8448771
8476339
8478075
8478099
8489234
8500898
8501282
8510986
8514393
8521442
8521443
8535521
8556746
8586210
8601764
8602337
8613367
8626283
8657012
8751913
8762533
8807799
8833135
8843628
8877091
8879428
8895800
8908872
8923921
8933437
8941776
8955673
8955992
8955999
9002878
9028262
9050218
9058972
9068864
9078445
9082145
9118188
9145515
9222451
9227120
9249193
9262802
9275604
9286054
9301113
9310284
9353015
9353033
9353584
9354029
9418134
9437400
9438572
9438982
9467389
9495154
9532677
9544856
9554175
9569988
9573816
9577981
9596721
9676475
9784575
9807121
9830652
9860095
9860098
9864248
9866143
9872115
9877322
9892785
10080313
10197331
10204476
10321186
10423519
10434061
10460964
10473427
10483391
10529530
10551167
10557177
10580537
10601791
10617784
10639439
10648546
10673782
10689159
10716618
10726890
10742601
10768962
10773639
10777849
10779686
10813753
10815566
10823077
10863403
10867426
10869475
10877092
10878518
10913871
10952624
11014908
11082525
11093021
11093025
11099864
11129717
11137293
11154412
11155176
11169134
11169139
11179653
11212584
11225524
11229930
11239586
11267788
11269730
11314523
11368524
11375160
11380747
11398997
11423107
11423721
11439156
11445073
11471726
11472804
11485267
11504440
11555304
11556956
11600349
11738348
11741735
11763908
11769659
11771574
11816366
11834175
11860550
11870958
11885077
11960691
12010977
12030968
12030973
12065966
12120707
12121474
12166720
12174667
12226611
12445641
12485324
12485330
12485342
12539288
12539419
12539724
12593192
12620862
12648813
12673037
12740546
12753463
12753467
12753469
12803559
12823800
12887805
12925830
12930526
12938021
12958287
12974680
14506056
14517857
14678332
14678476
14684970
14702311
14706749
14730134
14767165
14983297
14994079
15014788
15019739
15031528
15044503
15044513
15063188
15107071
15153693
15163648
15232205
15271944
15280057
15316189
15316190
15327638
15358306
15366527
15375118
15450805
15472319
15525380
15716022
15720566
15720570
15737520
15788225
15804014
15813222
15845483
15881836
15886266
15892535
15913934
15947431
15973825
15974839
16008631
16050484
16054589
16101961
16251799
16268399
16332887
16390341
16472991
16492529
16535083
16537203
16538358
16553744
16620625
16626374
16672517
16687459
16833017
16914113
16924343
17029524
17063021
17088351
17095128
17140523
17314256
17377707
17429983
17435155
17452563
17465666
17488447
17497079
17517867
17521362
17543483
17557287
17561051
17580962
17600535
17618231
17625621
17634727
17653931
17683669
17687953
17695612
17697171
17728913
17897204
17938552
17949337
17992013
18068602
18069238
18173793
18278304
18389677
18421950
18436038
18545970
18577299
18669015
18758394
18793362
18821994
18956975
19054069
19121075
19124118
19129685
19136828
19178100
19212495
19216609
19230860
19250244
19250396
19416452
19430617
19444340
19497755
19548010
19572895
19573592
19616082
19732193
19812852
19832796
19902205
19927732
19953953
20024968
20092983
20095345
20164496
20225252
20381790
20672730
20714152
20858780
20883222
20927511
21138060
21182591
21185010
21196732
21244775
21297015
21328129
21369995
21439550
21498060
21523207
21605286
21617831
21620927
21638961
21681389
21689176
21696114
21702851
21703317
21733377
21780966
21801186
21866899
21924372
21950685
22004112
22041001
22074222
22114599
22145074
22185244
22196182
22225789
22253559
22315614
22319755
22335194
22407567
22508519
22583870
22583872
22698715
22765642
22790333
22827817
22900441
22928378
23014079
23142795
23149153
23312389
23328100
23340019
23441799
23442825
23470196
23607483
23668608
23722138
23737255
23814571
23848601
23878828
23910207
23910219
23945215
23983624
24010070
24077540
24100904
24130577
24294257
24302963
24303734
24308530
24582465
24603299
24614999
24634073
24765243
24785924
24786344
24878141
24880721
24945400
24969591
25006385
25170958
25209226
25383348
25411090
25463908
25475081
25485279
25568808
25578707
25665430
25753978
25757148
25802711
25805186
26020247
26067732
26087578
26161115
26166521
26232134
26273590
26328382
26328921
26433188
26442950
26482011
26491371
26502235
26595940
26759594
26781572
26884763
26912138
26949701
27032255
27053402
27111668
27286205
27307974
27316966
27318453
27341459
27357362
27377440
27381035
27393366
27474669
27475723
27701899
27766489
27999400
28049966
28050506
28163849
28326699
28339597
28504841
28576061
28606792
28645637
28668766
28678838
28678943
28680554
28839520
28862563
28937897
29054025
29326510
29375094
29380132
29482049
29491366
29744207
29868163
29976956
30036941
30078970
30150491
30218229
30315423
30355562
30448940
30533864
30556937
30591172
30598666
30611862
30627519
30644838
30652116
30700643
30808354
30838593
30918216
30951891
31002379
31030274
31069020
31106894
31142988
31274251
31491909
31648793
31667407
31733583
31777852
31811947
32096230
32155008
32183522
32185907
32189576
32246686
32286378
32326756
32435436
32540977
32549271
32609185
32644811
32682021
32692651
32739630
32785473
32788000
32803386
32847029
32859139
33012228
33012773
33036329
33088608
33114489
33181842
33214744
33228641
33352361
33369141
33498278
33625248
33668205
33715113
33860563
33876976
33878444
33937756
34083906
34149837
34359504
34413597
34484613
34497694
34508135
34683666
34721337
34759746
34821641
34855424
34947842
35047996
35150950
35321369
35421274
35447499
35625242
35677657
35700542
35735926
35842639
35936441
35957485
36429724
36529123
36622376
36625596
36652821
36654848
36660503
36670581
36671313
36688378
36770464
36853046
36903742
36990755
37007286
37020757
37043490
37051493
37270529
37306639
37356699
37405119
37445529
37470303
37593638
37630520
37632683
38003281
38004205
38025600
38152941
38197349
38447351
38456080
38534283
38559854
38599297
38692893
38772043
38779027
38794276
38844058
38922241
39068684
39171484
39176152
39203455
39263334
39371955
39461368
39478400
39488551
39519322
39574561
