1279810
1286124
1315233
1317144
1379907
1386098
1421346
1422916
1449781
1554214
1571422
1581184
1583124
1617048
1617056
1623077
1624602
1624823
1684612
1775845
1792425
1813955
1864284
1952873
2050854
2069387
2132708
2200346
2208972
2215341
2219463
2229390
2273130
2295862
2348283
2362334
2506786
2582740
2624733
2626805
2643868
2669856
2688713
2712143
2715444
2729184
2757835
2766088
2780092
2784631
2789002
2915401
2927919
3105441
3117539
3125050
3184587
3228600
3296098
3317614
3419478
3481302
3519050
3551620
3600710
3818939
3865015
4083863
7478131
7479975
7489787
7493125
7499810
7537060
7644773
7656667
7681063
7697466
7698122
7699930
7717921
7742453
7780100
7782113
7788504
7821001
7824305
7829409
7841432
7849341
7855554
7986898
7989530
7994612
8025677
8039054
8040113
8069760
8086568
8132874
8144420
8172274
8176285
8253968
8256035
8274795
8303466
8308116
8344799
8346009
8357113
8361349
8363408
8436657
8439693
8444652
8449690
8457323
8496448
8513048
8523849
8536470
8541827
8559188
8588844
8676110
8719660
8721363
8739327
8760958
8785253
8807061
8849243
8852921
8922834
8933554
8953086
8966322
8976085
9009628
9023036
9036143
9060160
9080320
9091495
9109135
9120244
9165705
9190297
9226767
9228475
9230377
9236871
9249201
9290272
9330859
9338681
9348738
9364262
9371439
9467906
9479286
9554172
9574719
9596371
9607835
9611795
9617541
9620376
9641428
9655191
9684316
9686059
9725231
9728402
9754173
9758278
9764159
9812366
9827274
9832262
9887547
9917786
9949966
9986875
9987532
9990353
10028090
10063473
10074555
10084486
10208805
10325306
10349948
10355197
10364023
10386034
10389065
10404314
10431837
10452671
10455374
10482048
10561050
10602744
10655363
10658759
10676805
10685108
10699003
10704558
10706179
10715527
10728814
10766389
10782192
10783823
10817462
10862410
10889098
10901715
10915685
10922212
10948471
10951968
11068911
11073754
11149222
11150275
11186414
11200577
11230430
11261816
11271823
11275886
11281431
11303264
11384553
11425685
11427607
11439009
11442717
11478067
11512108
11550122
11583208
11594606
11682537
11703519
11730644
11757889
11798252
11828913
11896903
11903675
11923335
11952729
11973397
12015697
12023885
12063260
12077543
12089291
12099341
12139429
12152479
12234861
12394553
12399680
12461589
12496255
12502955
12519684
12566028
12578767
12581763
12583797
12614765
12615857
12660593
12693467
12695258
12756100
12767847
12810998
12821489
12825891
12839243
12839827
12843014
12854387
12890112
12902506
12948277
14533063
14555451
14563223
14567241
14579744
14662964
14679469
14711478
14964344
15004888
15017374
15034058
15038942
15039328
15060688
15115504
15173306
15175610
15192467
15196343
15203650
15209466
15220778
15222531
15243094
15264008
15302657
15380260
15533796
15541095
15545441
15571855
15583272
15590546
15596600
15609266
15614176
15622550
15629925
15680210
15762284
15778611
15778615
15786869
15847263
15929902
15942565
15982769
16015094
16061296
16081160
16081979
16101735
16105613
16105623
16138477
16145093
16308217
16321647
16332331
16332730
16340031
16388028
16403492
16403878
16404850
16405612
16414212
16495585
16529900
16610256
16615980
16616783
16647126
16766402
16797350
16814072
16821726
16890138
16904945
17043183
17046106
17056679
17080376
17085312
17093877
17125673
17300237
17313477
17319962
17353252
17405741
17409204
17446280
17550571
17555495
17582193
17608747
17613267
17712751
17961156
17964409
17978213
17981953
18018600
18021269
18034202
18043181
18085488
18186246
18200353
18209646
18248431
18254520
18320526
18341040
18343742
18350455
18436603
18445541
18520851
18571116
18602193
18676492
18753344
18817005
18833414
18843521
18937568
18983415
19062752
19136056
19155619
19171799
19193279
19209886
19296796
19320315
19360363
19386853
19426272
19531062
19571015
19581465
19585510
19598315
19665358
19712284
19732795
19733936
19746876
19814609
19864987
19894399
19912457
19917435
19929702
19957672
20076909
20081053
20093766
20138481
20172423
20237946
20307572
20332582
20346249
20351964
20363776
20373881
20409410
20412536
20422141
20466195
20500168
20500199
20503155
20622384
20636384
20636385
20638600
20644316
20651297
20803049
20926395
20971487
21039785
21063989
21182694
21333405
21340010
21395629
21418578
21426874
21482339
21486854
21513844
21617440
21630616
21712686
21828963
21888796
21891775
21908384
21921222
21931831
21988135
22001214
22031707
22092754
22162739
22180118
22182182
22185748
22197720
22209468
22222989
22230849
22240012
22301103
22330714
22361431
22362004
22378556
22429487
22493281
22535831
22548769
22657144
22676720
22749366
22831709
22913660
22914227
22930069
23053507
23061400
23133248
23218797
23312605
23332736
23335647
23358914
23381566
23382344
23475613
23607007
23628077
23650159
23652167
23678362
23704119
23802507
23805569
23832441
23835173
23880975
23895110
23937602
23941599
23952784
23968779
23984591
23986124
24011437
24048537
24106813
24124798
24131754
24136909
24252731
24253248
24314807
24331534
24386332
24423126
24451037
24500188
24529751
24554745
24569948
24593301
24594260
24613068
24633206
24653593
24739882
24801916
24899019
24921464
24943783
24945648
25000698
25001120
25040696
25195074
25226715
25228156
25284859
25390491
25415653
25426446
25454047
25480387
25486995
25535221
25606492
25609291
25643882
25672306
25676522
25677464
25692495
25719821
25734171
25762105
25773488
25858242
25859873
25971324
26021923
26025682
26075451
26076006
26122695
26143432
26158355
26185308
26205798
26213691
26282838
26304492
26312697
26324115
26344005
26358475
26407409
26459903
26468990
26492452
26540302
26552135
26591128
26603481
26603643
26626357
26629031
26655196
26682566
26798093
26798534
26835793
26839776
26922731
26991249
26996269
26997636
27031171
27048999
27129386
27176501
27182956
27208141
27227391
27267196
27284158
27351620
27368989
27374696
27434822
27439781
27451824
27467288
27533773
27668545
27679721
27747884
27777254
27847012
27887611
28043560
28043629
28137898
28190461
28233523
28270102
28333340
28337426
28387523
28422304
28462746
28526906
28533767
28657043
28662943
28709494
28719321
28724491
28754065
28818905
28855835
28857733
28895525
28932687
28990320
29111994
29236773
29241819
29252450
29252770
29286459
29318359
29332650
29359872
29368988
29369747
29400108
29440575
29469779
29472421
29516897
29563276
29653505
29772918
29808614
29850835
29861185
29942753
29966767
30090839
30301802
30311876
30413232
30447882
30452604
30489537
30587143
30677847
30747739
30818787
30819609
30835168
30858221
30872669
30908517
30954313
31066636
31074566
31106373
31113920
31141157
31210158
31375164
31392794
31418901
31481764
31537234
31627484
31660386
31703112
31741101
31858873
31939254
32291793
32294290
32474491
32507603
32532202
32536648
32560584
32803022
32888053
32906655
32954440
33104127
33154211
33159509
33166284
33204765
33268938
33280512
33288634
33427778
33481434
33543870
33857294
33882611
33911672
33945838
34019733
34107872
34164254
34210837
34268273
34289018
34305289
34477027
34494569
34558473
34590879
34849410
34875659
34878370
34905233
34912746
34924460
34990646
35073223
35090639
35091769
35127450
35293786
35294155
35339138
35379684
35380159
35456138
35466283
35504908
35582485
35674600
35748136
35750008
35894699
35906770
35977438
36036693
36107847
36333817
36396130
36496780
36610383
36798005
36840582
36926764
37067207
37077530
37185079
37202495
37272469
37341750
37347171
37405585
37492428
37515806
37558480
37563644
37634109
37703035
37724858
37901833
37907107
37920122
37945126
38238596
38240581
38572983
38578275
38651140
38651877
38764403
38934606
38997128
39044996
39088528
39148304
39149438
39281309
39299712
39309036
39373703
39382920
39385246
39409782
39429307
39447649
39491876
39586096
39609738
1279810
1286124
1315233
1317144
1379907
1386098
1421346
1422916
1449781
1554214
1571422
1581184
1582279
1583124
1617048
1617056
1623077
1624602
1624823
1660089
1684612
1775845
1792425
1813955
1864284
1952873
2050854
2069387
2107352
2132708
2200346
2208972
2215341
2219463
2229390
2273130
2295862
2348283
2362334
2506786
2582740
2624733
2626805
2643868
2669856
2688713
2712143
2715444
2729184
2757835
2766088
2780092
2784631
2789002
2915401
2927919
3105441
3117539
3125050
3184587
3228600
3296098
3317614
3419478
3481302
3519050
3551620
3600710
3818939
3865015
4083863
7478131
7479975
7489787
7493125
7499810
7537060
7644773
7656667
7681063
7697466
7698122
7699930
7717921
7742453
7780100
7782113
7788504
7821001
7824305
7829409
7841432
7849341
7855554
7884294
7973175
7986898
7989530
7994612
8025677
8039054
8040113
8069760
8086568
8132874
8144420
8172274
8176285
8253968
8256035
8274795
8303466
8308116
8344799
8346009
8357113
8361349
8363408
8436657
8439693
8444652
8449690
8457323
8496448
8513048
8523849
8536470
8541827
8559188
8588844
8676110
8719660
8721363
8739327
8760958
8785253
8807061
8849243
8852921
8922834
8933554
8953086
8966322
8976085
9009628
9023036
9036143
9060160
9080320
9091495
9109135
9120244
9165705
9190297
9226767
9228475
9230377
9236871
9249201
9290272
9330859
9338681
9348738
9364262
9371439
9467906
9479286
9554172
9574719
9596371
9607835
9611795
9617541
9620376
9641428
9655191
9684316
9686059
9725231
9728402
9754173
9758278
9764159
9812366
9827274
9832262
9887547
9917786
9949966
9986875
9987532
9990353
10028090
10063473
10074555
10084486
10208805
10325306
10349948
10355197
10364023
10386034
10389065
10404314
10431837
10452671
10455374
10482048
10555671
10561050
10602744
10655363
10658759
10676805
10685108
10699003
10704558
10706179
10715527
10728814
10766389
10782192
10783823
10817462
10862410
10889098
10901715
10915685
10922212
10948471
10951968
11068911
11073754
11149222
11150275
11186414
11200577
11230430
11261816
11271823
11275886
11281431
11303264
11384553
11425685
11427607
11439009
11442717
11478067
11512108
11550122
11583208
11594606
11682537
11703519
11730644
11757889
11798252
11828913
11896903
11903675
11923335
11952729
11973397
12015697
12023885
12063260
12077543
12089291
12099341
12139429
12152479
12195472
12234861
12394553
12399680
12461589
12496255
12502955
12519684
12566028
12578767
12581763
12583797
12614765
12615857
12660593
12693467
12695258
12756100
12767847
12810998
12821489
12825891
12839243
12839827
12843014
12854387
12890112
12902506
12948277
14533063
14555451
14563223
14567241
14579744
14662964
14679469
14711478
14964344
15004888
15017374
15034058
15038942
15039328
15060688
15115504
15173306
15175610
15192467
15196343
15203650
15209466
15220778
15222531
15243094
15264008
15302657
15380260
15533796
15541095
15545441
15571855
15583272
15590546
15596600
15609266
15614176
15622550
15629925
15680210
15762284
15778611
15778615
15786869
15847263
15929902
15942565
15982769
16015094
16061296
16081160
16081979
16101735
16105613
16105623
16138477
16145093
16308217
16321647
16332331
16332730
16340031
16388028
16403492
16403878
16404850
16405612
16414212
16495585
16529900
16610256
16615980
16616783
16647126
16766402
16797350
16814072
16821726
16890138
16904945
17043183
17046106
17056679
17080376
17085312
17093877
17125673
17300237
17313477
17319962
17353252
17368631
17374211
17405741
17409204
17446280
17550571
17555495
17582193
17608747
17613267
17712751
17961156
17964409
17978213
17981953
18018600
18021269
18034202
18043181
18085488
18186246
18200353
18209646
18248431
18254520
18320526
18341040
18343742
18350455
18436603
18445541
18520851
18571116
18595132
18602193
18676492
18753344
18817005
18833414
18843521
18937568
18983415
19062752
19136056
19155619
19171799
19193279
19209886
19296796
19320315
19360363
19386853
19426272
19531062
19571015
19581465
19585510
19598315
19665358
19712284
19732795
19733936
19746876
19802419
19814609
19864987
19894399
19912457
19917435
19929702
19957672
20076909
20081053
20093766
20138481
20172423
20237946
20307572
20332582
20346249
20351964
20363776
20373881
20409410
20412536
20422141
20466195
20500168
20500199
20503155
20622384
20636384
20636385
20638600
20644316
20651297
20803049
20926395
20971487
21039785
21063989
21182694
21333405
21340010
21395629
21418578
21426874
21482339
21486854
21513844
21617440
21630616
21712686
21828963
21888796
21891775
21908384
21921222
21931831
21988135
22001214
22031707
22092754
22162739
22180118
22182182
22185748
22197720
22209468
22222989
22230849
22240012
22301103
22330714
22361431
22362004
22378556
22429487
22493281
22535831
22548769
22657144
22676720
22749366
22831709
22913660
22914227
22930069
23053507
23061400
23133248
23188570
23218797
23312605
23332736
23335647
23358914
23381566
23382344
23475613
23607007
23628077
23650159
23652167
23678362
23704119
23802507
23805569
23832441
23835173
23880975
23895110
23937602
23941599
23952784
23968779
23984591
23986124
24011437
24031745
24048537
24106813
24124798
24131754
24136909
24252731
24253248
24314807
24331534
24386332
24423126
24451037
24500188
24529751
24554745
24569948
24593301
24594260
24613068
24633206
24653593
24739882
24801916
24899019
24921464
24943783
24945648
25000698
25001120
25040696
25195074
25226715
25228156
25284859
25390491
25415653
25426446
25454047
25480387
25486995
25535221
25606492
25609291
25643882
25672306
25676520
25676522
25677464
25692495
25719821
25734171
25762105
25773488
25858242
25859873
25954616
25971324
26021923
26025682
26075451
26076006
26122695
26143432
26158355
26185308
26205798
26213691
26282838
26304492
26312697
26324115
26344005
26358475
26407409
26459903
26468990
26492452
26540302
26552135
26591128
26603481
26603643
26626357
26629031
26649406
26655196
26682566
26798093
26798534
26835793
26839776
26922731
26991249
26996269
26997636
27031171
27048999
27129386
27176501
27182956
27208141
27227391
27267196
27284158
27351620
27368989
27374696
27434822
27439781
27451822
27451824
27467288
27533773
27668545
27679721
27717784
27747884
27777254
27847012
27887611
28043560
28043629
28137898
28190461
28233523
28270102
28333340
28337426
28387523
28422304
28462746
28526906
28533767
28657043
28662943
28709494
28719321
28724491
28754065
28818905
28855835
28857733
28895525
28932687
28990320
29111994
29236773
29241819
29252450
29252770
29286459
29318359
29332650
29359872
29368988
29369747
29400108
29440575
29469779
29472421
29516897
29563276
29653505
29772918
29808614
29850835
29861185
29942753
29966767
30090839
30301802
30311876
30413232
30447882
30452604
30489537
30587143
30677847
30747739
30818787
30819609
30835168
30858221
30872669
30908517
30954313
31002850
31066636
31074566
31106373
31113920
31141157
31210158
31314059
31375164
31392794
31418901
31481764
31537234
31627484
31660386
31703112
31741101
31856133
31858873
31939254
32291793
32294290
32298549
32474491
32507603
32532202
32536597
32536648
32560584
32803022
32888053
32906655
32954440
33104127
33154211
33159509
33166284
33204765
33268938
33280512
33288634
33427778
33481434
33543870
33570090
33706712
33857294
33882611
33911672
33945838
34019733
34107872
34164254
34210837
34268273
34289018
34305289
34477027
34494569
34558473
34590879
34835362
34849410
34875659
34878370
34905233
34912746
34924460
34990646
35073223
35090639
35091769
35127450
35293786
35294155
35339138
35379684
35380159
35456138
35466283
35504908
35582485
35674600
35748136
35750008
35894699
35906770
35950771
35977438
36036693
36107847
36333817
36396130
36496780
36610383
36798005
36840582
36926764
37067207
37077530
37185079
37202495
37272469
37341750
37347171
37405585
37492428
37515806
37558480
37563644
37634109
37681986
37703035
37724858
37901833
37907107
37920122
37945126
38238596
38240581
38531785
38572983
38578275
38651140
38651877
38764403
38934606
38997128
39044996
39088528
39148304
39149438
39281309
39299712
39309036
39373703
39382920
39385246
39409782
39429307
39447649
39491876
39586096
39609738
