1037182
4562782
4926639
11403399
12123839
12710602
12904538
15134889
15225281
15476972
15564664
15646387
15748978
16190619
16427518
16430511
16517643
16636444
17110970
17483271
17561945
17574697
17645440
17994692
18201196
18681897
18689515
19114504
19190407
19226736
19352649
19411432
19473246
19504536
19520828
19712460
19732215
19734660
19734717
19919545
20064057
20110299
20121449
20173075
20192973
20198641
20334119
20386924
20507535
20525860
20550579
20600519
20636105
20669055
20701481
20832300
20870796
20937219
21039666
21050038
21171891
21219748
21304596
21315818
21339127
21469936
21569432
21720758
21726393
21861371
21876734
21913298
21947430
22019407
22066902
22081167
22094054
22267675
22286206
22292528
22410227
22427336
22427491
22427936
22502871
22545442
22545443
22639092
22672649
22717673
22737011
22747943
22792219
22806806
22830194
22843859
22899085
22902796
22934350
22947164
22997426
23041494
23088102
23105077
23107228
23125465
23133391
23176777
23223819
23324045
23347004
23404399
23484156
23603940
23676432
23721085
23727798
23755246
23758294
23761232
23890050
23951222
23983507
24093783
24135942
24281716
24411451
24450188
24479648
24552622
24639336
24643332
24655217
24755657
24782516
24796566
24822269
24946865
24952641
25087741
25106514
25149146
25171118
25224561
25238656
25242621
25288944
25288945
25288994
25289007
25297844
25438795
25506085
25535697
25618423
25670925
25676763
25740072
25760034
25774115
25803051
25841370
25848849
25849639
25858837
25870275
25981538
26038230
26229029
26251498
26271295
26307771
26384328
26440965
26523939
26539048
26682862
26744374
26788858
26833881
26887841
26909074
26931169
26939453
27015961
27028675
27047509
27065965
27070115
27103734
27130313
27200053
27291677
27303376
27457245
27480266
27515663
27614715
27671364
27740593
27905820
27911925
27915254
27933792
27939377
28066465
28066496
28103793
28119513
28264910
28319994
28385839
28409265
28413443
28424524
28426403
28455333
28545065
28612602
28620360
28652609
28703028
28756346
28835670
28837631
28853642
28921162
28955313
28956406
29023006
29023052
29068285
29123974
29126952
29215184
29247060
29280973
29297963
29325987
29337064
29437273
29457632
29487574
29725125
29800700
29853470
29975159
29991670
30009352
30028233
30141589
30141874
30141880
30150827
30190716
30198820
30207142
30221235
30299055
30378421
30384906
30445965
30461142
30510560
30526490
30533884
30601112
30629463
30658017
30681927
30682982
30698028
30699661
30699711
30708483
30708532
30708562
30708814
30708926
30717375
30722490
30724727
30727277
30731752
30732093
30741323
30743350
30754234
30762152
30764340
30769401
30780535
30781352
30795579
30823071
30837957
30868359
30872786
30912302
31007648
31016497
31074681
31117226
31195968
31200539
31223003
31333608
31343401
31371540
31385540
31405010
31405174
31428783
31518463
31536683
31604771
31656979
31666459
31679560
31681235
31847295
31878301
31953332
32039439
32053476
32211010
32240203
32267092
32276441
32290973
32296295
32351456
32365879
32388427
32457732
32567386
32568631
32710748
32717872
32720879
32731345
32810224
32817874
32840436
32867691
32876175
32948050
33203818
33258157
33274878
33291381
33301200
33322661
33375656
33384897
33392779
33465378
33630693
33744402
33801046
33811674
33830860
33951075
33966279
34116143
34129947
34145331
34227200
34305824
34410856
34471567
34554430
34569833
34589300
34659322
34684253
34689404
34756887
34802242
34835395
34876006
34911446
34936645
35069479
35208813
35276409
35283206
35286398
35288209
35353430
35385916
35456841
35486355
35612579
35628457
35646322
35681324
35681334
35695864
35696807
35744835
35761518
35774826
35962419
35971259
35972587
36009986
36014529
36144442
36147289
36165651
36183955
36226172
36338072
36346243
36386708
36389212
36441903
36467273
36475880
36528632
36557622
36557734
36558013
36558841
36582996
36620043
36760050
36818838
36838301
36891391
36938006
36985610
37019830
37041810
37079014
37110806
37127166
37198660
37238902
37240728
37261876
37298703
37298706
37407947
37439699
37485529
37513026
37537794
37580699
37601908
37638860
37687284
37745172
37758685
37831609
37866897
37977077
38004675
38146216
38169729
38186613
38224489
38302779
38305961
38366362
38390298
38444534
38518614
38527976
38575466
38585569
38606445
38618747
38625720
38724459
38762576
38784800
38803500
38814538
38839215
38878680
38882333
39004247
39106644
39123319
39164920
39184994
39227779
39247796
39265428
39347602
39397307
39446216
39471582
39584039
