505087
1506062
1526231
1575593
1622160
1734062
1791343
1820563
1945494
1995029
2005230
2012380
2111871
2124490
2182544
2237126
2254435
2261062
2285280
2380375
2407542
2600587
2610299
2632666
2752717
3060239
3060769
3112291
3293161
4043056
6279902
6392552
6409806
6611499
7079822
7141708
7537057
7545512
7572815
7591953
7650193
7676416
7803636
7843065
7846385
7850844
7880467
8006570
8062809
8165003
8170272
8171124
8226038
8295553
8324113
8347702
8360361
8432594
8449625
8463390
8463391
8478863
8502174
8510978
8534540
8536735
8559042
8565415
8567909
8589666
8604251
8681990
8691684
8707750
8748287
8749672
8784576
8793402
8803339
8818904
8861872
8968872
8994762
9301986
9304128
9322066
9331672
9411078
9455370
9465395
9508952
9524670
9542082
9639010
9679961
9709892
9815371
9879944
10025866
10093536
10196841
10442424
10555325
10555340
10555700
10565935
10599905
10629010
10717594
10746501
10837428
10843047
10844784
10895689
11078831
11099090
11220481
11230417
11267788
11302819
11317256
11352447
11451701
11527799
11699591
11756985
11845444
11880397
11915237
12017173
12059935
12072926
12079409
12127797
12169034
12202549
12480520
12480900
12483235
12521560
12725939
12823801
12824872
12843013
14328477
14571116
14614671
14633106
14645285
14763512
14766807
14972375
14998467
15043873
15081233
15184447
15245592
15367191
15491464
15491465
15496384
15649988
15716022
15814960
15880098
15888105
15905601
16010707
16055397
16081999
16101961
16174887
16238596
16247242
16266393
16306712
16333086
16405485
16417990
16454159
16490986
16553945
16626374
16672416
16776759
16805672
16881550
16881809
16897563
16954258
16959625
16982270
16989974
17326786
17438917
17491000
17565461
17803632
17949342
17949344
18080028
18081808
18095606
18397461
18402612
18408781
18419492
18422583
18599821
18652853
18834569
18927421
18992173
19141730
19141740
19178736
19187026
19228092
19360025
19457233
19584106
19596873
19724121
19819330
19904493
19905954
20003938
20051062
20093379
20164275
20191907
20350380
20438908
20507380
20524392
20696645
20810781
20958867
21110215
21193474
21315470
21321025
21506385
21526304
21529183
21545699
21584217
21625744
21704885
21731607
21738290
21768850
21883710
22073605
22100898
22151806
22346451
22354306
22391759
22423344
22517004
22540078
22619600
22627436
22674431
22808724
22835945
22851610
22864509
22887906
22992554
23014355
23058035
23060013
23119195
23223817
23228257
23278531
23292771
23375710
23429946
23435638
23515349
23536647
23594064
23632249
23659420
23663820
23732422
23812683
23835180
23868053
23912007
23957431
23966484
23972717
24011184
24024063
24048531
24086784
24117447
24215937
24273047
24334300
24340084
24341328
24348613
24351133
24390528
24455519
24498522
24600025
24675997
24820839
24848553
24895247
24917618
24942606
24949828
25053786
25075110
25112479
25143631
25161960
25197585
25201477
25288003
25362568
25362808
25381594
25412607
25439602
25528031
25549405
25587671
25625086
25724854
25755923
25756960
25758701
25764921
25922772
26004705
26033167
26094317
26171262
26185659
26185692
26228983
26234478
26248355
26250133
26304070
26316559
26354817
26381422
26408191
26461083
26475359
26502716
26658313
26678822
26679576
26691322
26714902
26746720
26788411
26928780
27034878
27054427
27063747
27132809
27142978
27281992
27287509
27291943
27325440
27353270
27368452
27400279
27422156
27438399
27548533
27678123
27681235
27756619
27824896
27979955
27993739
28053508
28119678
28225785
28236536
28274699
28280015
28301571
28341746
28407706
28416472
28464492
28469049
28470013
28532641
28566853
28584802
28589523
28634536
28666619
28676193
28696232
28705771
28705799
28727895
28765474
28790240
28803566
28918832
29022550
29022552
29024800
29040411
29050796
29121069
29178882
29241966
29262754
29277464
29290101
29324374
29355570
29425755
29483293
29523515
29526938
29669961
29674608
29681372
29686147
29701347
29703833
29705732
29772525
29848564
29899560
29901811
29941157
30025903
30039349
30101064
30114441
30128188
30129495
30192020
30231244
30259345
30266399
30320718
30449795
30528561
30558035
30582617
30584008
30626769
30642922
30690443
30743042
30781742
30825698
30977463
31002871
31023584
31028534
31053905
31083748
31105901
31127738
31130336
31190450
31196919
31309006
31311311
31365479
31413280
31417514
31418669
31427214
31427269
31541617
31572688
31577768
31597568
31610917
31621444
31662033
31700570
31738321
31762305
31770258
31770260
31800758
31816139
31824176
31832691
31847247
31914982
31925948
31974133
31977149
31995418
31996444
32021800
32173629
32289870
32310742
32362178
32380174
32384777
32405569
32409556
32423417
32439677
32450648
32455495
32457718
32493976
32499347
32602771
32656998
32695087
32712842
32733424
32783067
32843461
32913067
32917555
32926111
32955086
32977116
32993357
33081291
33133417
33156979
33159185
33277914
33386062
33432532
33437877
33447816
33491375
33495173
33540993
33552413
33566204
33597456
33632119
33674170
33743656
33752421
33839720
33975829
34099016
34120847
34189163
34238216
34248876
34310795
34334758
34362937
34417650
34426398
34426431
34437666
34479479
34507537
34542630
34548304
34619680
34695722
34706569
34730499
34752033
34766602
34772043
34775129
34790060
34794869
34835486
34836797
34851209
34854155
34858580
34858881
34930151
34934110
34937183
34959234
34997538
35016822
35023759
35028336
35086585
35144555
35167866
35333464
35336085
35354326
35372134
35404098
35419297
35444633
35466361
35544066
35732376
35755842
35798293
35836035
35875552
35898914
35932691
35993358
36049615
36072303
36085010
36095083
36102072
36125545
36147850
36272209
36313947
36346473
36386673
36402257
36420577
36455983
36467733
36478453
36506739
36647036
36654677
36741900
36744899
36745392
36748534
36838268
36861850
36890459
36920536
36940123
37002439
37020297
37033411
37095478
37097148
37199642
37230400
37236372
37249403
37249909
37396379
37404664
37435755
37487954
37542310
37562694
37573041
37608082
37629718
37641353
37643036
37647356
37649970
37678749
37715238
37752812
37758642
37851970
37894119
37928665
37946527
37982883
38011035
38023290
38050061
38097820
38100150
38247643
38267200
38289109
38295787
38296895
38333035
38399800
38484705
38507529
38525841
38552878
38597544
38608246
38621168
38654419
38658841
38722527
38742887
38743514
38775019
38786351
38824761
38833520
38840393
38845533
38875835
38898852
38965458
38972981
38977473
39001620
39036232
39085702
39154205
39161921
39211836
39221066
39231567
39240069
39314856
39318433
39419227
39419598
39429409
39430896
39431214
39473909
39489135
39544588
39552595
39575675
39587089
39588845
39597633
39605236
505087
1506062
1526231
1575593
1622160
1734062
1791343
1820563
1945494
1995029
2005230
2012380
2111871
2124490
2182544
2237126
2254435
2261062
2285280
2380375
2407542
2600587
2610299
2632666
2752717
3060239
3060769
3112291
3293161
4043056
6279902
6392552
6409806
6611499
7079822
7141708
7537057
7545512
7572815
7591953
7650193
7676416
7803636
7843065
7846385
7850844
7880467
8006570
8062809
8165003
8170272
8171124
8226038
8295553
8324113
8347702
8360361
8432594
8449625
8463390
8463391
8478863
8502174
8510978
8534540
8536735
8559042
8565415
8567909
8589666
8604251
8681990
8691684
8707750
8748287
8749672
8784576
8793402
8803339
8818904
8861872
8968872
8994762
9301986
9304128
9322066
9331672
9411078
9455370
9465395
9508952
9524670
9542082
9639010
9679961
9709892
9815371
9879944
10025866
10093536
10196841
10442424
10474516
10555325
10555340
10555700
10565935
10599905
10629010
10717594
10746501
10837428
10843047
10844784
10895689
11078831
11099090
11220481
11230417
11267788
11302819
11317256
11352447
11451701
11527799
11699591
11756985
11845444
11880397
11915237
12017173
12059935
12072926
12079409
12127797
12169034
12202549
12480520
12480900
12483235
12521560
12725939
12823801
12824872
12843013
14328477
14571116
14614671
14633106
14645285
14763512
14766807
14972375
14998467
15043873
15081233
15184447
15245592
15367191
15491464
15491465
15496384
15649988
15716022
15814960
15880098
15888105
15905601
16010707
16037782
16055397
16081999
16101961
16174887
16238596
16247242
16266393
16306712
16333086
16405485
16417990
16454159
16490986
16553945
16626374
16672416
16776759
16805672
16881550
16881809
16897563
16954258
16959625
16982270
16989974
17326786
17438917
17491000
17565461
17803632
17949342
17949344
18080028
18081808
18095606
18397461
18402612
18408781
18419492
18422583
18599821
18652853
18834569
18927421
18992173
19141730
19141740
19178736
19187026
19228092
19360025
19457233
19584106
19596873
19724121
19819330
19904493
19905954
20003938
20051062
20093379
20164275
20191907
20350380
20438908
20507380
20524392
20696645
20810781
20958867
21110215
21193474
21315470
21321025
21506385
21526304
21529183
21545699
21584217
21625744
21704885
21731607
21738290
21768850
21883710
22073605
22100898
22151806
22346451
22354306
22391759
22423344
22517004
22540078
22619600
22627436
22674431
22808724
22835945
22851610
22864509
22887906
22992554
23014355
23058035
23060013
23119195
23223817
23228257
23278531
23292771
23375710
23429946
23435638
23515349
23536647
23594064
23632249
23659420
23663820
23732422
23812683
23835180
23868053
23912007
23957431
23966484
23972717
24011184
24024063
24048531
24086784
24117447
24215937
24273047
24334300
24340084
24341328
24348613
24351133
24390528
24455519
24498522
24600025
24675997
24820839
24848553
24895247
24917618
24942606
24949828
25053786
25075110
25112479
25143631
25161960
25197585
25201477
25288003
25362568
25362808
25381594
25412607
25439602
25528031
25549405
25587671
25625086
25724854
25755923
25756960
25758701
25764921
25922772
26004705
26033167
26094317
26171262
26185659
26185692
26228983
26234478
26248355
26250133
26304070
26316559
26354817
26381422
26408191
26461083
26475359
26502716
26658313
26678822
26679576
26691322
26714902
26746720
26788411
26928780
27034878
27054427
27063747
27132809
27142978
27281992
27287509
27291943
27325440
27353270
27368452
27400279
27422156
27438399
27548533
27678123
27681235
27756619
27824896
27979955
27993739
28053508
28119678
28225785
28236536
28274699
28280015
28301571
28341746
28407706
28416472
28464492
28469049
28470013
28532641
28566853
28584802
28589523
28634536
28666619
28676193
28696232
28705771
28705799
28727895
28765474
28790240
28803566
28918832
29022550
29022552
29024800
29040411
29050796
29121069
29178882
29241966
29262754
29277464
29290101
29324374
29355570
29425755
29483293
29523515
29526938
29669961
29674608
29681372
29686147
29701347
29703833
29705732
29772525
29848564
29899560
29901811
29941157
30025903
30039349
30101064
30114441
30128188
30129495
30192020
30231244
30259345
30266399
30320718
30449795
30528561
30558035
30582617
30584008
30626769
30642922
30690443
30743042
30781742
30825698
30977463
31002871
31023584
31028534
31053905
31083748
31105901
31127738
31130336
31190450
31196919
31309006
31311311
31365479
31413280
31417514
31418669
31427214
31427269
31541617
31572688
31577768
31597568
31610917
31621444
31662033
31700570
31738321
31762305
31770258
31770260
31800758
31816139
31824176
31832691
31847247
31914982
31925948
31974133
31977149
31995418
31996444
32021800
32173629
32289870
32310742
32362178
32380174
32384777
32405569
32409556
32423417
32439677
32450648
32455495
32457718
32493976
32499347
32602771
32656998
32695087
32712842
32733424
32769277
32783067
32843461
32913067
32917555
32926111
32955086
32977116
32993357
33081291
33133417
33156979
33159185
33277914
33386062
33432532
33437877
33447816
33491375
33495173
33540993
33552413
33566204
33597456
33632119
33674170
33743656
33752421
33839720
33975829
34099016
34120847
34189163
34238216
34248876
34249765
34310795
34334758
34362937
34417650
34426398
34426431
34437666
34479479
34507537
34542630
34548304
34619680
34695722
34706569
34730499
34752033
34766602
34772043
34775129
34790060
34794869
34835486
34836797
34851209
34854155
34858580
34858881
34930151
34934110
34937183
34959234
34997538
35016822
35023759
35028336
35086585
35144555
35167866
35333464
35336085
35354326
35372134
35404098
35419297
35444633
35466361
35544066
35573527
35732376
35755842
35798293
35836035
35875552
35898914
35932691
35993358
36049615
36072303
36085010
36095083
36102072
36125545
36147850
36272209
36313947
36346473
36386673
36402257
36420577
36455983
36467733
36478453
36506739
36647036
36654677
36741900
36744899
36745392
36748534
36838268
36861850
36890459
36920536
36940123
37002439
37020297
37033411
37095478
37097148
37199642
37230400
37236372
37249403
37249909
37396379
37404664
37435755
37487954
37542310
37562694
37573041
37608082
37629718
37641353
37643036
37647356
37649970
37678749
37715238
37752812
37758642
37851970
37894119
37928665
37946527
37982883
38011035
38023290
38050061
38097820
38100150
38247643
38267200
38289109
38295787
38296895
38333035
38399800
38484705
38507529
38525841
38552878
38597544
38608246
38621168
38654419
38658841
38722527
38742887
38743514
38775019
38786351
38824761
38833520
38840393
38845533
38875835
38898852
38965458
38972981
38977473
39001620
39036232
39085702
39154205
39161921
39211836
39221066
39231567
39240069
39314856
39318433
39419227
39419598
39429409
39430896
39431214
39473909
39489135
39544588
39552595
39575675
39587089
39588845
39597633
39605236
