7547295
8039175
8373454
8572714
9542094
9836450
9925576
10795685
11014871
11403404
11722884
11759756
11823184
11966824
11984631
12126475
12147080
12190034
12501353
12732953
12834291
13130060
15023977
15170241
15280285
15280291
15819847
15879234
16250230
16750649
16937247
18344335
18670397
18984698
19238708
19584557
19633107
19851799
20668488
21257809
21349975
21637846
21718346
22164694
22563400
22688244
22827264
23019517
23209244
23212172
23221533
23269455
23545636
23702516
23729633
23819621
24069455
24228219
24262656
24526245
24751009
24932690
24934472
24942065
25319363
25326795
25344729
25572109
25574135
25603181
25701844
25756124
25847866
26316635
26638484
26956597
26986885
27014193
27059936
27128996
27180244
27258949
27375600
27450336
27881542
28400762
28440800
28604167
29335641
29349565
29572211
29854954
30116038
30141883
31053303
31209756
31687549
31757820
31935177
31964928
32345736
32496055
32588135
32788385
32896070
33178167
33986074
34304132
34341506
34566917
34582496
35012332
35862972
35965062
35972591
36290700
36460091
36539173
36748580
36826469
36829687
37223730
37626172
37855636
37938752
38393331
38469454
38716875
38734262
38914406
39066983
7547295
8039175
8373454
8572714
9542094
9836450
9925576
10795685
11014871
11403404
11722884
11759756
11823184
11966824
11984631
12126475
12147080
12190034
12501353
12732953
12834291
13130060
15023977
15170241
15280285
15280291
15819847
15879234
16250230
16750649
16937247
18344335
18670397
18984698
19238708
19584557
19633107
19851799
20668488
21257809
21349975
21637846
21718346
22164694
22563400
22688244
22827264
23019517
23209244
23212172
23221533
23269455
23545636
23702516
23729633
23819621
24069455
24228219
24262656
24526245
24751009
24932690
24934472
24942065
25319363
25326795
25344729
25572109
25574135
25603181
25701844
25756124
25847866
26316635
26638484
26956597
26986885
27014193
27059936
27128996
27180244
27258949
27375600
27450336
27881542
28400762
28440800
28604167
29335641
29349565
29572211
29854954
30116038
30141883
31053303
31209756
31687549
31757820
31935177
31964928
32345736
32496055
32588135
32788385
32896070
33178167
33986074
34304132
34341506
34566917
34582496
35012332
35862972
35965062
35972591
36290700
36460091
36539173
36748580
36826469
36829687
37223730
37626172
37855636
37938752
38393331
38469454
38716875
38734262
38914406
39066983
