9542103
10529102
10650205
10832977
11119486
11160805
11373120
11422081
11904924
11964912
12081973
12144773
12224587
12423776
12458120
12586411
14532197
14532228
14567756
15021053
15043863
15057457
15175308
15205437
15213162
15329048
15466564
15659696
15708316
15793160
15908923
16084684
16145163
16267310
16272516
16336651
16390953
16569883
16725056
16835232
16987331
17030112
17050819
17350202
17642542
17655503
17714600
17986086
18156318
18162473
18223641
18310423
18384685
18385355
18473361
18502918
18671394
18685005
18779342
18793317
18821217
19021762
19121672
19121676
19121690
19366627
19376863
19376905
19397822
19490962
19548631
19648250
19692625
19752033
19797072
19853031
19939932
20017946
20064439
20095633
20124712
20578523
20667135
20685090
20692130
20693329
20724509
20799096
20799932
20837078
20851961
20853892
20865170
21057511
21091532
21115721
21177905
21335458
21347382
21348454
21377841
21393229
21396375
21402765
21432936
21536723
21602339
21615115
21640586
21730143
21738123
21741801
21793558
21967146
22091906
22101821
22246221
22301613
22320268
22391990
22435733
22442327
22517609
22521922
22543616
22564834
22629423
22705921
22706055
22763647
22887659
22892068
22912595
22919669
22969639
23028994
23103510
23159530
23161756
23198993
23205347
23206278
23209596
23227305
23249812
23284494
23294941
23362938
23402703
23415759
23517093
23519675
23677322
23698533
23797873
23821334
23872555
23879629
23879736
23997923
24056008
24189672
24194535
24214943
24239959
24386333
24443527
24464461
24488501
24671187
24743836
24808135
24883196
24884623
24955985
24961697
24990796
25049254
25182491
25285745
25293534
25329838
25389518
25452746
25533326
25568444
25586578
25686371
25705037
25710843
25786241
25873483
25879538
25908634
25920106
26047513
26072043
26147481
26148026
26196513
26283771
26320999
26375259
26516283
26545875
26584881
26696964
26802061
26836271
26841315
26965856
27068594
27092108
27113589
27147528
27183270
27226606
27335458
27367535
27381916
27457407
27517336
27527221
27632710
27812452
27894256
27986727
28050857
28065676
28242693
28303005
28320949
28369538
28386631
28406615
28510362
28634144
28638804
28665591
28719265
28726626
28746878
28760929
28848712
28965656
28973030
29024844
29033316
29043376
29050323
29062925
29087175
29089426
29122686
29136176
29208119
29208745
29233899
29283242
29353059
29374267
29439964
29507087
29576451
29579106
29608197
29717997
29721827
29735757
29752487
29848489
29890088
29914944
29967095
29975047
30006396
30060419
30150233
30323029
30334705
30375753
30406044
30417143
30426332
30545940
30615607
30687298
30759239
30793685
30819219
30873388
30962350
31012558
31036765
31057733
31092204
31164589
31199807
31222386
31244210
31284121
31324628
31338075
31378704
31383661
31392941
31404671
31439817
31492148
31501197
31548320
31586487
31816232
31821337
31827463
31917612
31984619
32047060
32091359
32098820
32105069
32150572
32153515
32205346
32253503
32271107
32281050
32312745
32439666
32528458
32602712
32726630
32764765
32881891
32900830
32973786
32975176
33008823
33015011
33052546
33053234
33361318
33363342
33458706
33510730
33565959
33654888
33764972
33880598
34127500
34154417
34168215
34172579
34182777
34260305
34266382
34399626
34429066
34460311
34516571
34590252
34603736
34671164
34739227
34821529
34985335
35069514
35277541
35313078
35323023
35422805
35435452
35467945
35526186
35594178
35631971
35634969
35714926
35767828
35968954
36028128
36222896
36286517
36296242
36399876
36466684
36528227
36539851
36715687
36724091
36734186
36781570
36790401
36823515
36988632
36995114
37039652
37074641
37081606
37094547
37117240
37195748
37252207
37333853
37368499
37393619
37424350
37498555
37541546
37781531
37885452
37977424
38098170
38299821
38305785
38315364
38470039
38517619
38640929
38666739
38673131
38725941
38941361
39033094
39042701
39225038
39246519
39314652
39341453
39495920
