19434
93505
107189
201300
239659
242290
335885
378095
396019
397221
401009
443209
457642
484269
591506
607885
641196
669015
700852
816251
842182
886005
952445
1002833
1124924
1202252
1206111
1260536
1311172
1326594
1328162
1371064
1371659
1373436
1373594
1399913
1406279
1445940
1457596
1459240
1480012
1482190
1512577
1543699
1628743
1647986
1665692
1783108
1808461
1809835
1812527
1822155
1826482
1907969
1955861
1965912
1970650
2016212
2060795
2146118
2147679
2154166
2159889
2161606
2174811
2243095
2254250
2268167
2280728
2339887
2339897
2351842
2376663
2394685
2425848
2434145
2473063
2525729
2529481
2532151
2545175
2546861
2551785
2574025
2579856
2614383
2619483
2687258
2687259
2687261
2695799
2722715
2737046
2782876
2791722
2856376
2859007
2863140
2880573
2942186
2968282
3005258
3023269
3034863
3045092
3106535
3170506
3242316
3465495
3517061
3522090
3582659
3667356
3697846
3700619
3713539
3718495
3730372
3765366
3789725
3794263
3814650
3829631
3929028
3947089
3977694
4010543
4030698
4056003
4078981
4084863
4091566
4131532
4180095
4303200
4307679
4321167
4360431
4460901
4582822
4598274
4608162
4677374
4709165
5004737
5535696
6092131
6129284
6198855
6247322
6277266
6279766
6289747
6292148
6310026
6313611
6393875
6395571
6476829
6477914
6511869
6625388
6673897
6736026
6788288
6796567
6808058
6824320
6882417
6970553
7054182
7107593
7170691
7200302
7223432
7231217
7256728
7259158
7282164
7284321
7306152
7344524
7345400
7411736
7432818
7458308
7498478
7551039
7574655
7582017
7619834
7643389
7649253
7665498
7729558
7805866
7805867
7812450
7941065
7948029
7961400
7989253
8031076
8052813
8069784
8142450
8151829
8220320
8226720
8256441
8256965
8282691
8312476
8336109
8439167
8443214
8471288
8500898
8551126
8559039
8561749
8580359
8601449
8636046
8639563
8645804
8674603
8683575
8695633
8757729
8759871
8760933
8795246
8812601
8829813
8837420
8845802
8867464
8885393
8936369
8982386
9003588
9018045
9043633
9154934
9224712
9260952
9281857
9339889
9352939
9362113
9395325
9399532
9410248
9435261
9438237
9461423
9464408
9473049
9490015
9492268
9503599
9518558
9541555
9575135
9604007
9642210
9720051
9729436
9730311
9747752
9791006
9797276
9798148
9810622
10050752
10074090
10074546
10077658
10099349
10100745
10192907
10218594
10223972
10344574
10347048
10347072
10348876
10359077
10365251
10413876
10438787
10439415
10486986
10504039
10515922
10524278
10537201
10549856
10587447
10589925
10592802
10624008
10648526
10655779
10681557
10731663
10739107
10747228
10768287
10779868
10781565
10783392
10809720
10838078
10864119
10899118
10900193
10963396
11109571
11128063
11163785
11235505
11248187
11248188
11297013
11337229
11430405
11544242
11601705
11700350
11726290
11750825
11812113
11856363
11867235
12008050
12035144
12054467
12072928
12077940
12079395
12113308
12366836
12369519
12393193
12489780
12526875
12555529
12562800
12567241
12628250
12656179
12662929
12747419
12843111
12911059
12962210
12962220
12969502
14580971
14583547
14630235
14633040
14662957
14687217
14735933
14741689
14742490
14742502
14768024
14769479
14987828
14999008
15041561
15073300
15123301
15123319
15131479
15145416
15189372
15212277
15248481
15292129
15293914
15312659
15313510
15325343
15357377
15450964
15501290
15501799
15561558
15561560
15567159
15584425
15621441
15629085
15629950
15640176
15672876
15674175
15683919
15690817
15695638
15707660
15752651
15759796
15820121
15836741
15863017
15866878
15992615
16021606
16033454
16033522
16038931
16053274
16061261
16098764
16133100
16150964
16210320
16232581
16232787
16232881
16232910
16242172
16245888
16346131
16346489
16347345
16348303
16348971
16349089
16352447
16377211
16426637
16428326
16452430
16465832
16478632
16513086
16528721
16533305
16535196
16713303
16732454
16784873
16820446
16844761
16870360
16897302
16965376
17038120
17056701
17092884
17172518
17194604
17208011
17210178
17213549
17277446
17289410
17331605
17337209
17342258
17344221
17376072
17386033
17492270
17524473
17544437
17578416
17583223
17584435
17593352
17599346
17614235
17619048
17640252
17650188
17653465
17664073
17690022
17693709
17766145
17850883
17897378
17953563
17953599
17974207
17981341
18032066
18062266
18155922
18178103
18207160
18243247
18261029
18318712
18326582
18372041
18374857
18391446
18451048
18452273
18505842
18569719
18573155
18586455
18629473
18641971
18678453
18718869
18720843
18722791
18726971
18776205
18782621
18783432
18798009
18798767
18813756
18814543
18840531
18951981
18952461
18984056
18984057
18990589
19010421
19026750
19046705
19063975
19081534
19111620
19123304
19150638
19183284
19191952
19200100
19244972
19245411
19254766
19255468
19264135
19291243
19306691
19332131
19332138
19335612
19340942
19340953
19344770
19373459
19379389
19387097
19400597
19408137
19430617
19464374
19494689
19573134
19576285
19605463
19640004
19710275
19719639
19735197
19745511
19751834
19782141
19800008
19815077
19819221
19819336
19835959
19835962
19880601
19891709
19894756
19899346
19921544
19922800
19951364
19954074
19966467
20043915
20059616
20060477
20069110
20097755
20122938
20132688
20139007
20140649
20153832
20167286
20170736
20208429
20214730
20217167
20231979
20361978
20377964
20387457
20388366
20403767
20420912
20420916
20420917
20420919
20433079
20435145
20447992
20477892
20546410
20573562
20573964
20576689
20580829
20582761
20597431
20633654
20633689
20638481
20659563
20662368
20686623
20688173
20705140
20729351
20732431
20735646
20813129
20816805
20816892
20819954
20848212
20883799
20962724
20974259
21035543
21046072
21118277
21130887
21161212
21165649
21167274
21168510
21170534
21174347
21190654
21195768
21198695
21204943
21205908
21213595
21215803
21272653
21298688
21300158
21306589
21329738
21344147
21369991
21375873
21377471
21390912
21394507
21395412
21402144
21421058
21440311
21494608
21496487
21515782
21523476
21549200
21565272
21575022
21598011
21602350
21642461
21658452
21671053
21680052
21736897
21745578
21756933
21781104
21782952
21798155
21820059
21827783
21848124
21867976
21895888
21899909
21906472
21906682
21915613
21948759
21964155
21984666
21986199
22000489
22017642
22027377
22052546
22071643
22078751
22101972
22118636
22119576
22130678
22154999
22173270
22173829
22177227
22178783
22245590
22266137
22270256
22289714
22314526
22327389
22333564
22343296
22365991
22465713
22484278
22484605
22515956
22516300
22534305
22542646
22551979
22563695
22579550
22591449
22626810
22639795
22676367
22683817
22684973
22717161
22733094
22779250
22796485
22796487
22806873
22906763
22918722
22953996
22971359
22974320
22982325
23010220
23021863
23024347
23073768
23084627
23085401
23086443
23092730
23108257
23115018
23178259
23193825
23201320
23222726
23234435
23257203
23261505
23261507
23269388
23325574
23381690
23383977
23392641
23405063
23420849
23457404
23473469
23500511
23500954
23530206
23562411
23563708
23567857
23603237
23603309
23648105
23664866
23750030
23766002
23766014
23766015
23811352
23844479
23874555
23880235
23891593
23893402
23894531
23911966
23942360
23948561
23990586
23994282
23996728
24012112
24031378
24031470
24031704
24034129
24036331
24036334
24045933
24050202
24057323
24058892
24062551
24065565
24072640
24074349
24086529
24161759
24239582
24239919
24293727
24296304
24296435
24304156
24324760
24361621
24371579
24372271
24378679
24398784
24459831
24462912
24464458
24508618
24516418
24586952
24594011
24615751
24632045
24657097
24682339
24698215
24698995
24704274
24708293
24727197
24731836
24783857
24792214
24794582
24811008
24811009
24837552
24859592
24859593
24861890
24877656
24906123
24936389
24948773
24952762
24954661
25023745
25027759
25044714
25059166
25071403
25089010
25090939
25107697
25115578
25120216
25139659
25161033
25180847
25190333
25197056
25218683
25238719
25280727
25284180
25296325
25307147
25313387
25377484
25462462
25463295
25496447
25542376
25553523
25592820
25592876
25613342
25630862
25635021
25649929
25650943
25652289
25667335
25700787
25703711
25703712
25726081
25744696
25752145
25841657
25872271
25882635
25892021
25910687
25911048
25913576
25956443
25956977
25963623
25964331
26018856
26081523
26092457
26093205
26103585
26112286
26115633
26139724
26142283
26161078
26186350
26203886
26204814
26217589
26220075
26238349
26272638
26297966
26305100
26322276
26331263
26343178
26363408
26384843
26392525
26441908
26476108
26477575
26481519
26483347
26528535
26528992
26529191
26554590
26555534
26562319
26590288
26605095
26621757
26691457
26702559
26707781
26725302
26729096
26801100
26822430
26828263
26836977
26855013
26870007
26876330
26876357
26902705
26905633
26910435
26915309
26950336
26952172
26975410
26976864
27004994
27023570
27033585
27090886
27114905
27145747
27150049
27151803
27159722
27162369
27199948
27199971
27211073
27220079
27253371
27285614
27325174
27346151
27346158
27368541
27422757
27439872
27448558
27484819
27485498
27491367
27493537
27497189
27514780
27517939
27543129
27551022
27552728
27573015
27581279
27587824
27633673
27678510
27685640
27697363
27725262
27756688
27768933
27782086
27793690
27815196
27815204
27815206
27825820
27826246
27836844
27840294
27857578
27857593
27880960
27884706
27918423
27981423
27999769
28013221
28025158
28058612
28062288
28082184
28098557
28105799
28119144
28119146
28135311
28159693
28173168
28181552
28189340
28202099
28221954
28223161
28235638
28271507
28281822
28288910
28297972
28299291
28315112
28315393
28325219
28338958
28352539
28377200
28387882
28389538
28389960
28390964
28395865
28434877
28438599
28454818
28476674
28478258
28487211
28496442
28504641
28504816
28544270
28546026
28556777
28602684
28602685
28606801
28619362
28621106
28648883
28654772
28655927
28670299
28699725
28709108
28709722
28714216
28739675
28743622
28744982
28779739
28779740
28818614
28822933
28832836
28889015
28901019
28919361
28919442
28923525
28923608
28951219
28973904
28986214
28986217
28993850
29017024
29017949
29051089
29054522
29057613
29085344
29108971
29111407
29128494
29151649
29173069
29175481
29197577
29203332
29210309
29220745
29246808
29252102
29275132
29289655
29292001
29305987
29312893
29314504
29334058
29338666
29349911
29362702
29372278
29382573
29407479
29407615
29408316
29427720
29438846
29454832
29471059
29471061
29476770
29496498
29501882
29510258
29517352
29518429
29527897
29535012
29542773
29544772
29573209
29573373
29580623
29620802
29625990
29627625
29635064
29656126
29680489
29684612
29689348
29706341
29709591
29717854
29723664
29729961
29732333
29762521
29778843
29864587
29870828
29882295
29906694
29913207
29916394
29926000
29960066
30002421
30034985
30058316
30077624
30104237
30121851
30158916
30176334
30181432
30182304
30195911
30205202
30205204
30255070
30255490
30261298
30298548
30300736
30305030
30307102
30316944
30349521
30352804
30363877
30366092
30381264
30389644
30391535
30393176
30395995
30414490
30453045
30453540
30488970
30540271
30542147
30572128
30592983
30627984
30682407
30682447
30738864
30767412
30778544
30802628
30811044
30812201
30849500
30851452
30851558
30859598
30863124
30865774
30880308
30889831
30890608
30904427
30927553
30930276
30959182
30974220
30980917
30986451
30989194
30993329
30995541
31000791
31009809
31028898
31048293
31050250
31053580
31057524
31077847
31098824
31110504
31121696
31137293
31147681
31148413
31200076
31216437
31247318
31261021
31280333
31281364
31306759
31319087
31319207
31324637
31326583
31342564
31425831
31445374
31448425
31450184
31450549
31457758
31498060
31536767
31554228
31595636
31596685
31617758
31622230
31622663
31624134
31629270
31669173
31693836
31711375
31726099
31730827
31756453
31767780
31770644
31779054
31779493
31785858
31809835
31821845
31836758
31846686
31847806
31866447
31874194
31880887
31888034
31903215
31907574
31911290
31917321
31918206
31923433
31953197
31977129
32009156
32012412
32032768
32046852
32061872
32079632
32087277
32130520
32131821
32132234
32145295
32193579
32195288
32212318
32214663
32214789
32217140
32244780
32259388
32291842
32293144
32315848
32316833
32351242
32364684
32389741
32393168
32407349
32411620
32441046
32446967
32458061
32473362
32510751
32561458
32592822
32603934
32608186
32637366
32640578
32654171
32656652
32695094
32708768
32801574
32893817
32927053
32973766
33005804
33034782
33035653
33050246
33066515
33088653
33095386
33132175
33161091
33164409
33171991
33187023
33189802
33232808
33261037
33274891
33320090
33340371
33394022
33412232
33454862
33465381
33472086
33476669
33478821
33503966
33508473
33537126
33569748
33614530
33636281
33636642
33684638
33686859
33693882
33708186
33711874
33809909
33836066
33838221
33846919
33871545
33889141
33897708
33920240
33937328
33953716
33953719
33972209
33996766
34026573
34041513
34066980
34070400
34116116
34119571
34124228
34126346
34133777
34141494
34143212
34149632
34177877
34179236
34186116
34199972
34202799
34216219
34220752
34251979
34255280
34269991
34271064
34310732
34316195
34343542
34347345
34390766
34424042
34424988
34487583
34487829
34516280
34555530
34571156
34582922
34582943
34600115
34601054
34601139
34621277
34626929
34662729
34671325
34671354
34684864
34688907
34700184
34707937
34713610
34774733
34835507
34839024
34869071
34870749
34883257
34896292
34931326
34936385
34943773
34950133
34975783
34982232
34990805
35008449
35008992
35011148
35021465
35031475
35054883
35065276
35080902
35112905
35147210
35149013
35151833
35176196
35202455
35214145
35223199
35227879
35276318
35278640
35280558
35301363
35318137
35369464
35395278
35398307
35400200
35406992
35422789
35456785
35460878
35464434
35464931
35526801
35531216
35537672
35573137
35663972
35666311
35672947
35690228
35728394
35744715
35760883
35765493
35792346
35795782
35809882
35810966
35810967
35840051
35842835
35874773
35877752
35878491
35880931
35926820
35966654
36002432
36012664
36014969
36036952
36057429
36079620
36084884
36091048
36122733
36150275
36159825
36181974
36196537
36206995
36208551
36209828
36209842
36210004
36280130
36283547
36296336
36306677
36308492
36314831
36317548
36326918
36335689
36336152
36342283
36347416
36350157
36360859
36362196
36363689
36366993
36389821
36460091
36463990
36496717
36520169
36521340
36602217
36602387
36608811
36662181
36677345
36679943
36680175
36729225
36764105
36795140
36824353
36838794
36846563
36860454
36868537
36870582
36884014
36906049
36914102
36929494
36937017
36961435
36982761
37007502
37021788
37031882
37100310
37107584
37129332
37169113
37180076
37180437
37186620
37191521
37198473
37207486
37211330
37213492
37237634
37242960
37250064
37255423
37265802
37274080
37295629
37302677
37303778
37309033
37310733
37317171
37333647
37337348
37370308
37372044
37374898
37375021
37414305
37437824
37475003
37486823
37505340
37509902
37558668
37579142
37626834
37637200
37650146
37705253
37722441
37722444
37740122
37758094
37763237
37764117
37808288
37864040
37879253
37884105
37891478
37936718
37951320
37966200
37981076
37999388
38004737
38013024
38070587
38072135
38076457
38104092
38104703
38110106
38110613
38137966
38138037
38138062
38146036
38157797
38185176
38242264
38252000
38278336
38278465
38282736
38307428
38431124
38432537
38453124
38465235
38486398
38496245
38515459
38523352
38559345
38588925
38609347
38636735
38687697
38710582
38712949
38788350
38792735
38799354
38810711
38814235
38885801
38891754
38904328
38929411
38930568
38934599
38957264
38986048
39007295
39007564
39007588
39015569
39050630
39072624
39073500
39086460
39108984
39150648
39153576
39168397
39181268
39201817
39237067
39237535
39240115
39244528
39252973
39260529
39271450
39275125
39278102
39304960
39326647
39377591
39423969
39495343
39506750
39533112
39537121
39548345
39559107
39595303
39596889
19434
93505
107189
201300
239659
242290
335885
378095
396019
397221
401009
443209
457642
484269
591506
607885
641196
669015
700852
816251
842182
886005
952445
1002833
1124924
1202252
1206111
1260536
1311172
1326594
1328162
1371064
1371659
1373436
1373594
1399913
1406279
1445940
1457596
1459240
1480012
1482190
1512577
1543699
1628743
1647986
1665692
1783108
1808461
1809835
1812527
1822155
1826482
1907969
1955861
1965912
1970650
2016212
2060795
2146118
2147679
2154166
2159889
2161606
2174811
2243095
2254250
2268167
2280728
2339887
2339897
2351842
2376663
2394685
2425848
2434145
2473063
2525729
2529481
2532151
2545175
2546861
2551785
2574025
2579856
2614383
2619483
2687258
2687259
2687261
2695799
2722715
2737046
2782876
2791722
2856376
2859007
2863140
2880573
2942186
2968282
3005258
3023269
3034863
3045092
3106535
3170506
3242316
3465495
3517061
3522090
3582659
3667356
3697846
3700619
3713539
3718495
3730372
3765366
3789725
3794263
3814650
3829631
3929028
3947089
3977694
4010543
4030698
4056003
4078981
4084863
4091566
4131532
4180095
4303200
4307679
4321167
4360431
4460901
4582822
4598274
4608162
4677374
4709165
5004737
5535696
6092131
6129284
6198855
6247322
6277266
6279766
6289747
6292148
6310026
6313611
6393875
6395571
6476829
6477914
6511869
6625388
6673897
6736026
6788288
6796567
6808058
6824320
6882417
6970553
7054182
7107593
7170691
7200302
7223432
7231217
7256728
7259158
7282164
7284321
7306152
7344524
7345400
7411736
7432818
7458308
7498478
7551039
7574655
7582017
7619834
7643389
7649253
7665498
7729558
7805866
7805867
7812450
7941065
7948029
7961400
7989253
8031076
8052813
8069784
8142450
8151829
8220320
8226720
8256441
8256965
8282691
8312476
8336109
8439167
8443214
8471288
8500898
8551126
8559039
8561749
8580359
8601449
8636046
8639563
8645804
8674603
8683575
8695633
8757729
8759871
8760933
8795246
8812601
8829813
8837420
8845802
8867464
8885393
8936369
8982386
9003588
9018045
9043633
9154934
9224712
9260952
9281857
9339889
9352939
9362113
9395325
9399532
9410248
9435261
9438237
9461423
9464408
9473049
9490015
9492268
9503599
9518558
9541555
9575135
9604007
9642210
9720051
9729436
9730311
9747752
9791006
9797276
9798148
9810622
10050752
10074090
10074546
10077658
10099349
10100745
10192907
10218594
10223972
10344574
10347048
10347072
10348876
10359077
10365251
10413876
10438787
10439415
10486986
10504039
10515922
10524278
10537201
10549856
10587447
10589925
10592802
10624008
10648526
10655779
10681557
10731663
10739107
10747228
10768287
10779868
10781565
10783392
10809720
10838078
10864119
10899118
10900193
10963396
11109571
11128063
11163785
11235505
11248187
11248188
11297013
11337229
11430405
11544242
11601705
11700350
11726290
11750825
11812113
11856363
11867235
12008050
12035144
12054467
12072928
12077940
12079395
12113308
12366836
12369519
12393193
12489780
12526875
12555529
12562800
12567241
12628250
12656179
12662929
12747419
12843111
12911059
12962210
12962220
12969502
14580971
14583547
14623195
14630235
14633040
14662957
14687217
14735933
14741689
14742490
14742502
14768024
14769479
14987828
14999008
15041561
15073300
15123301
15123319
15131479
15145416
15189372
15212277
15248481
15292129
15293914
15312659
15313510
15325343
15357377
15450964
15501290
15501799
15561558
15561560
15567159
15584425
15621441
15629085
15629950
15640176
15672876
15674175
15683919
15690817
15695638
15707660
15752651
15759796
15820121
15836741
15863017
15866878
15992615
16021606
16033454
16033522
16038931
16053274
16061261
16098764
16133100
16150964
16210320
16232581
16232787
16232881
16232910
16242172
16245888
16346131
16346489
16347345
16348303
16348971
16349089
16352447
16377211
16426637
16428326
16452430
16465832
16478632
16513086
16528721
16533305
16535196
16713303
16732454
16784873
16820446
16844761
16870360
16897302
16965376
17038120
17056701
17092884
17172518
17194604
17208011
17210178
17213549
17277446
17289410
17331605
17337209
17342258
17344221
17376072
17386033
17492270
17524473
17544437
17578416
17583223
17584435
17593352
17599346
17614235
17619048
17640252
17650188
17653465
17664073
17690022
17693709
17766145
17825231
17850883
17897378
17953563
17953599
17974207
17981341
18032066
18062266
18155922
18178103
18207160
18243247
18261029
18318712
18326582
18372041
18374857
18391446
18451048
18452273
18505842
18569719
18573155
18586455
18629473
18641971
18678453
18718869
18720843
18722791
18726971
18776205
18782621
18783432
18798009
18798767
18813756
18814543
18840531
18951981
18952461
18984056
18984057
18990589
19010421
19026750
19046705
19063975
19081534
19111620
19123304
19150638
19183284
19191952
19200100
19244972
19245411
19254766
19255468
19264135
19291243
19306691
19332131
19332138
19335612
19340942
19340953
19344770
19373459
19379389
19387097
19400597
19408137
19430617
19464374
19494689
19573134
19576285
19605463
19640004
19710275
19719639
19735197
19745511
19751834
19782141
19800008
19815077
19819221
19819336
19835959
19835962
19880601
19891709
19894756
19899346
19921544
19922800
19951364
19954074
19966467
20043915
20059616
20060477
20069110
20097755
20122938
20132688
20139007
20140649
20153832
20167286
20170736
20208429
20214730
20217167
20231979
20361978
20377964
20387457
20388366
20403767
20420912
20420916
20420917
20420919
20433079
20435145
20447992
20477892
20546410
20573562
20573964
20576689
20580829
20582761
20597431
20633654
20633689
20638481
20659563
20662368
20686623
20688173
20705140
20729351
20732431
20735646
20813129
20816805
20816892
20819954
20848212
20883799
20962724
20974259
21035543
21046072
21118277
21130887
21161212
21165649
21167274
21168510
21170534
21174347
21190654
21195768
21198695
21204943
21205908
21213595
21215803
21272653
21298688
21300158
21306589
21329738
21344147
21369991
21375873
21377471
21390912
21394507
21395412
21402144
21421058
21432485
21440311
21494608
21496487
21515782
21523476
21549200
21565272
21575022
21598011
21602350
21642461
21658452
21671053
21680052
21736897
21745578
21756933
21781104
21782952
21798155
21820059
21827783
21848124
21867976
21895888
21899909
21906472
21906682
21915613
21948759
21964155
21984666
21986199
22000489
22017642
22027377
22052546
22071643
22078751
22101972
22118636
22119576
22130678
22154999
22173270
22173829
22177227
22178783
22245590
22266137
22270256
22289714
22314526
22327389
22333564
22343296
22365991
22465713
22484278
22484605
22515956
22516300
22534305
22542646
22551979
22563695
22579550
22591449
22626810
22639795
22676367
22683817
22684973
22717161
22733094
22779250
22796485
22796487
22806873
22906763
22918722
22953996
22971359
22974320
22982325
23010220
23021863
23024347
23073768
23084627
23085401
23086443
23092730
23108257
23115018
23178259
23193825
23201320
23222726
23234435
23257203
23261505
23261507
23269388
23325574
23381690
23383977
23392641
23405063
23420849
23457404
23473469
23500511
23500954
23530206
23562411
23563708
23567857
23603237
23603309
23648105
23664866
23750030
23766002
23766014
23766015
23811352
23844479
23874555
23880235
23891593
23893402
23894531
23911966
23942360
23948561
23990586
23994282
23996728
24012112
24031378
24031470
24031704
24034129
24036331
24036334
24045933
24050202
24057323
24058892
24062551
24065565
24072640
24074349
24086529
24161759
24239582
24239919
24293727
24296304
24296435
24304156
24324760
24361621
24371579
24372271
24378679
24398784
24400227
24459831
24462912
24464458
24508618
24516418
24586952
24594011
24615751
24632045
24657097
24682339
24698215
24698995
24704274
24708293
24727197
24731836
24783857
24792214
24794582
24811008
24811009
24837552
24859592
24859593
24861890
24877656
24906123
24936389
24948773
24952762
24954661
25023745
25027759
25044714
25059166
25071403
25089010
25090939
25107697
25115578
25120216
25139659
25161033
25180847
25190333
25197056
25218683
25238719
25280727
25284180
25296325
25307147
25313387
25377484
25462462
25463295
25496447
25542376
25553523
25592820
25592876
25613342
25630862
25635021
25649929
25650943
25652289
25667335
25700787
25703711
25703712
25726081
25744696
25752145
25841657
25872271
25882635
25892021
25910687
25911048
25913576
25956443
25956977
25963623
25964331
26018856
26081523
26092457
26093205
26103585
26112286
26115633
26139724
26142283
26161078
26186350
26203886
26204814
26217589
26220075
26238349
26272638
26297966
26305100
26322276
26331263
26343178
26363408
26384843
26392525
26441908
26476108
26477575
26481519
26483347
26528535
26528992
26529191
26554590
26555534
26562319
26590288
26605095
26621757
26691457
26702559
26707781
26725302
26729096
26801100
26822430
26828263
26836977
26855013
26870007
26876330
26876357
26902705
26905633
26910435
26915309
26950336
26952172
26975410
26976864
27004994
27023570
27033585
27090886
27114905
27145747
27150049
27151803
27159722
27162369
27199948
27199971
27211073
27220079
27253371
27285614
27325174
27346151
27346158
27368541
27422757
27439872
27448558
27484819
27485498
27491367
27493537
27497189
27514780
27517939
27543129
27551022
27552728
27573015
27581279
27587824
27633673
27678510
27685640
27697363
27697557
27725262
27756688
27768933
27782086
27793690
27815196
27815204
27815206
27825820
27826246
27836844
27840294
27857578
27857593
27880960
27884706
27918423
27981423
27999769
28013221
28025158
28058612
28062288
28082184
28098557
28105799
28119144
28119146
28135311
28159693
28173168
28181552
28189340
28202099
28221954
28223161
28235638
28271507
28281822
28288910
28290091
28297972
28299291
28315112
28315393
28325219
28338958
28352539
28377200
28387882
28389538
28389960
28390964
28395865
28434877
28438599
28454818
28476674
28478258
28487211
28496442
28504641
28504816
28544270
28546026
28556777
28602684
28602685
28606801
28619362
28621106
28648883
28654772
28655927
28670299
28699725
28709108
28709722
28714216
28739675
28743622
28744982
28779739
28779740
28818614
28822933
28832836
28889015
28901019
28919361
28919442
28923525
28923608
28951219
28973904
28986214
28986217
28993850
29017024
29017949
29051089
29054522
29057613
29085344
29108971
29111407
29128494
29151649
29173069
29175481
29197577
29203332
29210309
29220745
29246808
29252102
29275132
29289655
29292001
29305987
29312893
29314504
29334058
29338666
29349911
29362702
29372278
29382573
29407479
29407615
29408316
29427720
29438846
29454832
29471059
29471061
29476770
29496498
29501882
29510258
29517352
29518429
29527897
29535012
29542773
29544772
29573209
29573373
29580623
29620802
29625990
29627625
29635064
29656126
29680489
29684612
29689348
29706341
29709591
29717854
29723664
29729961
29732333
29762521
29778843
29864587
29870828
29882295
29906694
29913207
29916394
29926000
29960066
30002421
30034985
30058316
30077624
30104237
30121851
30158916
30176334
30181432
30182304
30195911
30205202
30205204
30255070
30255490
30261298
30298548
30300736
30305030
30307102
30316944
30349521
30352804
30363877
30366092
30381264
30389644
30391535
30393176
30395995
30414490
30453045
30453540
30488970
30540271
30542147
30572128
30592983
30627984
30682407
30682447
30738864
30767412
30778544
30802628
30811044
30812201
30849500
30851452
30851558
30859598
30863124
30865774
30880308
30889831
30890608
30904427
30927553
30930276
30959182
30974220
30980917
30986451
30989194
30993329
30995541
31000791
31009809
31028898
31048293
31050250
31053580
31057524
31077847
31098824
31110504
31121696
31137293
31147681
31148413
31200076
31216437
31247318
31261021
31280333
31281364
31306759
31312618
31319087
31319207
31324637
31326583
31342564
31425831
31445374
31448425
31450184
31450549
31457758
31498060
31536767
31554228
31595636
31596685
31617758
31622230
31622663
31624134
31629270
31669173
31693836
31711375
31726099
31730827
31756453
31767780
31770644
31779054
31779493
31785858
31809835
31821845
31836758
31846686
31847806
31866447
31874194
31880887
31888034
31903215
31907574
31911290
31917321
31918206
31923433
31953197
31977129
32009156
32012412
32032768
32046852
32061872
32079632
32087277
32130520
32131821
32132234
32145295
32193579
32195288
32212318
32214663
32214789
32217140
32244780
32259388
32291842
32293144
32315848
32316833
32351242
32364684
32389741
32393168
32407349
32411620
32441046
32446967
32458061
32473362
32510751
32561458
32592822
32603934
32608186
32637366
32640578
32654171
32656652
32695094
32708768
32801574
32893817
32927053
32973766
33005804
33034782
33035653
33050246
33066515
33088653
33095386
33132175
33161091
33164409
33171991
33187023
33189802
33232808
33261037
33274891
33320090
33340371
33394022
33412232
33454862
33465381
33472086
33476669
33478821
33503966
33508473
33537126
33569748
33614530
33636281
33636642
33684638
33686859
33693882
33708186
33711874
33809909
33836066
33838221
33846919
33871545
33889141
33897708
33920240
33937328
33953716
33953719
33972209
33996766
34026573
34041513
34066980
34070400
34116116
34119571
34124228
34126346
34133777
34141494
34143212
34149632
34177877
34179236
34186116
34199972
34202799
34216219
34220752
34251979
34255280
34269991
34271064
34310732
34316195
34343542
34347345
34390766
34424042
34424988
34487583
34487829
34516280
34555530
34571156
34582922
34582943
34600115
34601054
34601139
34621277
34626929
34662729
34671325
34671354
34684864
34688907
34700184
34707937
34713610
34774733
34835507
34839024
34869071
34870749
34883257
34896292
34931326
34936385
34943773
34950133
34975783
34982232
34990805
35008449
35008992
35011148
35021465
35031475
35037167
35054883
35065276
35080902
35112905
35147210
35149013
35151833
35176196
35202455
35214145
35223199
35227879
35276318
35278640
35280558
35301363
35318137
35369464
35395278
35398307
35400200
35406992
35422789
35456785
35460878
35464434
35464931
35526801
35531216
35537672
35573137
35663972
35666311
35672947
35690228
35728394
35744715
35760883
35765493
35792346
35795782
35809882
35810966
35810967
35840051
35842835
35874773
35877752
35878491
35880931
35926820
35966654
36002432
36012664
36014969
36036952
36057429
36079620
36084884
36091048
36122733
36150275
36159825
36181974
36196537
36206995
36208551
36209828
36209842
36210004
36280130
36283547
36296336
36306677
36308492
36314831
36317548
36326918
36335689
36336152
36342283
36347416
36350157
36360859
36362196
36363689
36366993
36389821
36460091
36463990
36496717
36520169
36521340
36602217
36602387
36608811
36662181
36677345
36679943
36680175
36729225
36764105
36795140
36824353
36838794
36846563
36860454
36868537
36870582
36884014
36906049
36914102
36929494
36937017
36961435
36982761
37007502
37021788
37028683
37031882
37100310
37107584
37129332
37169113
37180076
37180437
37186620
37191521
37198473
37207486
37211330
37213492
37237634
37242960
37250064
37255423
37265802
37274080
37295629
37302677
37303778
37309033
37310733
37317171
37333647
37337348
37370308
37372044
37374898
37375021
37414305
37437824
37475003
37486823
37505340
37509902
37523954
37558668
37579142
37626834
37637200
37650146
37705253
37722441
37722444
37740122
37758094
37763237
37764117
37808288
37857080
37864040
37879253
37884105
37891478
37936718
37951320
37966200
37981076
37999388
38004737
38013024
38070587
38072135
38076457
38104092
38104703
38110106
38110613
38137966
38138037
38138062
38146036
38157797
38185176
38190894
38242264
38252000
38278336
38278465
38282736
38307428
38431124
38432537
38453124
38465235
38486398
38496245
38515459
38523352
38559345
38588925
38609347
38636735
38687697
38710582
38712949
38788350
38792735
38799354
38810711
38814235
38885801
38891754
38904328
38929411
38930568
38934599
38957264
38986048
39007295
39007564
39007588
39015569
39050630
39072624
39073500
39086460
39108984
39150648
39153576
39168397
39181268
39201817
39237067
39237535
39240115
39244528
39252973
39260529
39271450
39275125
39278102
39304960
39326647
39377591
39423969
39495343
39506750
39533112
39537121
39548345
39559107
39595303
39596889
