8092852
8854586
9003818
10471570
10678972
10795599
10882699
11553542
12757940
12927679
15214734
16670528
18496744
18618670
18814799
18987962
19860320
19945729
20067390
21439390
21535330
21724955
22529692
23713332
24518796
25796741
26315217
26852926
27168102
27893703
28923537
29922272
30238202
30250232
30792823
31850719
32117913
32132899
32294897
32332136
32471482
32537376
32869063
33102244
33142707
33549142
33754165
33773654
33799646
33800983
34030623
34351455
34633706
34678464
34704482
34736844
34879869
35143877
35201766
35237276
35383564
35854696
35879512
35943155
36079789
36142931
36145605
36498063
36584527
36627678
36717704
36853013
37338379
37426026
37571355
37603952
37833304
37938667
37973916
38323424
38403716
38517169
38544523
38628220
38658841
38715051
38887493
39196507
39216153
39330504
39342101
