20163589
20408346
22202876
23807916
26549120
27001279
27480048
27802352
28738195
29728282
30532743
30635671
32664371
32672946
32781677
32806122
32961748
33019548
33036188
33158141
33279067
33488553
33562539
33653518
33740141
33770562
33790100
33857706
33875218
33920797
34053518
34066743
34119107
34189594
34200022
34212544
34343716
34399514
34399522
34441495
34441693
34441733
34528915
34654973
34690997
34724302
34828970
34862040
34945585
34946171
34982415
35053965
35078415
35140055
35159627
35176610
35205084
35287820
35337587
35337592
35350621
35400441
35406996
35676063
35690435
35744624
35761573
35885366
35997270
36014065
36030194
36126574
36140904
36244035
36246288
36330639
36348293
36387467
36461302
36525129
36525768
36626775
36687730
36688755
36713224
36732053
36766190
36771432
36789062
36832801
36832921
36880577
36985121
36997546
37016685
37033740
37041807
37111459
37250025
37256485
37296442
37297352
37324876
37327535
37444213
37484002
37531004
37556447
37589784
37652156
37689879
37986490
37997261
38039926
38128996
38191944
38231756
38290305
38298617
38309873
38433206
38468740
38468946
38604034
38623433
38761213
38763686
38868211
38890975
38966055
38984868
39000292
39014172
39071702
39073353
39152663
39162551
39195819
39241349
39290280
39337595
39407346
39447265
39456323
39456359
