476540
518084
539775
547824
756951
803942
805242
813814
824271
965100
1028376
1113076
1171156
1195489
1217784
1255917
1280879
1296752
1324975
1335520
1336808
1342635
1369980
1382113
1394331
1398947
1398975
1416857
1462724
1468618
1476426
1526444
1546434
1575477
1604799
1618355
1730607
1768092
1769545
1810198
1830896
1850808
1860853
1869553
1872606
1881658
1919508
1961112
1999383
2007549
2042906
2044685
2083844
2101485
2159364
2190617
2202250
2222123
2271578
2285298
2298701
2332152
2394687
2410306
2413008
2425736
2429432
2429433
2461505
2548446
2612135
2644450
2653212
2689276
2708312
2776934
2814486
2823698
2914846
2920731
2942106
2953200
2967820
2993248
3027727
3040676
3059141
3079184
3136147
3171541
3188377
3193563
3206945
3298187
3322167
3373645
3388762
3417353
3524440
3551409
3555336
3579181
3628989
3687646
3765344
3765348
3765352
3765353
3770272
3780744
3818093
3877720
3884507
3897063
3934141
3957865
3963814
3995026
4043481
4045422
4108649
4441360
4642528
4816458
4888717
4899008
4987117
5004174
5129958
5386249
5640232
5653618
5833568
6007060
6177828
6188611
6238855
6315674
6343335
6352234
6370955
6493730
6525563
6528000
6630151
6661705
6668467
6822413
6871174
6995216
7018491
7055565
7055566
7061477
7095843
7275932
7287625
7337394
7397604
7415872
7459670
7486994
7494486
7504668
7510557
7521853
7523832
7525485
7527205
7558126
7592108
7592114
7615137
7622241
7646039
7649437
7665387
7692070
7698675
7711777
7725631
7735870
7736353
7739043
7751277
7752897
7760494
7777581
7778977
7789814
7840589
7874462
7879910
7889949
7922885
7928780
7933294
7941312
7970887
7975191
7992477
8005836
8066989
8085887
8117214
8128552
8131922
8151705
8244466
8306206
8309354
8310605
8336555
8358670
8359906
8368833
8388812
8405961
8406855
8436946
8449332
8456569
8459775
8478107
8481011
8491726
8548693
8588335
8590408
8594324
8626290
8683034
8698652
8704995
8723452
8751940
8767692
8797288
8810058
8810501
8828130
8917088
8917089
8971685
8977214
8987904
9141656
9150203
9155200
9157680
9160301
9171437
9228690
9255972
9270854
9270866
9270868
9276929
9286976
9286979
9297815
9336924
9418019
9418073
9480644
9542921
9573081
9613448
9639084
9647817
9653461
9684314
9696626
9717284
9720035
9741110
9780832
9787816
9797265
9871353
10030010
10048023
10051960
10074520
10089155
10092980
10390051
10390056
10425160
10439903
10553293
10555373
10579451
10583691
10711437
10715816
10816468
10843053
10932360
10932362
10932743
10938728
10938745
10950178
10971765
10981708
10998378
11081441
11097945
11129384
11145451
11154785
11155981
11178550
11249022
11296859
11302792
11308075
11311951
11375147
11389105
11411647
11448498
11478516
11498248
11557299
11566995
11600376
11759088
11843141
11849349
11865872
11866129
11889090
11934569
11988361
12033704
12078981
12078982
12086178
12133608
12151232
12180702
12240967
12240974
12324372
12374830
12396502
12399194
12452953
12514057
12517005
12654659
12697311
12733635
12746371
12747638
12753839
12755901
12781953
12798365
12804848
12811427
12818637
12867441
12899408
12899410
12902249
12904401
12932739
12958263
12962208
12962220
12969656
12969658
13911544
14039063
14106298
14346115
14508654
14522599
14524499
14535932
14594831
14633029
14687217
14735937
15048988
15070982
15110337
15123297
15123326
15129324
15244055
15302978
15310861
15312664
15314197
15388703
15466530
15490154
15503156
15509259
15519542
15530693
15531806
15546886
15560791
15588644
15609880
15621420
15648831
15683174
15683917
15721342
15752277
15752279
15752549
15752656
15773978
15790079
15859237
15885977
15892751
15892994
15912470
15942017
15962470
15997819
16018934
16042042
16060263
16112748
16139357
16169556
16174536
16219475
16231637
16263179
16297894
16313960
16346900
16347195
16349298
16349453
16406251
16436118
16465831
16476554
16498881
16522207
16533300
16535133
16550462
16562378
16616955
16622045
16630661
16631379
16635061
16642759
16677315
16716236
16735747
16828113
16842893
16849036
16903232
16911535
16926099
16946275
17034857
17049500
17058605
17070576
17078743
17120052
17136367
17140417
17207763
17237181
17298564
17314361
17367897
17383895
17434320
17485126
17485929
17501741
17581303
17624808
17644303
17645738
17656370
17658271
17697254
17825909
17850573
17958615
17984256
18035507
18054448
18055243
18065240
18096197
18212071
18234022
18272393
18286807
18296539
18375380
18407519
18450337
18455800
18471103
18499358
18535817
18586057
18589456
18599226
18669247
18774242
18783128
18786028
18801193
18817567
18817878
18937980
18951938
18952122
18952802
19046985
19084603
19100836
19151135
19195484
19198074
19240301
19244974
19330556
19349152
19447190
19449165
19456871
19500205
19523706
19538251
19552776
19556745
19570633
19574642
19576635
19596082
19689880
19694171
19716422
19751835
19805547
19844759
19844802
19873831
19878563
19896487
19899353
19900538
19923001
19933350
19962132
19965992
20004720
20045062
20059637
20218496
20298453
20349339
20367740
20377009
20381521
20430108
20472024
20507624
20537393
20706031
20708354
20728563
20809927
20810174
20849876
20884135
20952639
21108964
21111485
21127932
21144565
21145184
21166824
21191809
21192549
21211585
21232605
21276855
21298713
21368562
21370647
21378198
21431316
21474183
21503602
21550680
21621930
21685718
21757471
21764945
21801744
21848125
21906622
21988356
22000732
22040305
22041547
22047500
22056942
22073553
22078751
22116495
22119576
22163184
22168454
22171975
22196148
22226819
22247525
22276121
22287063
22303630
22308735
22314935
22328699
22406448
22409355
22428623
22432045
22439634
22465799
22484927
22506865
22564558
22580270
22584131
22691983
22792219
22862417
22877820
22989998
23000268
23031341
23032861
23056427
23076800
23121198
23122505
23129417
23136736
23137639
23159729
23194927
23198291
23218659
23219439
23228622
23279885
23291104
23324417
23390641
23406017
23409078
23444966
23481211
23521564
23536613
23545266
23582478
23594036
23707165
23734295
23791861
23811350
23832001
23890674
23890675
23911871
23956951
23999050
24012573
24029754
24031613
24036435
24056280
24073886
24085608
24092786
24119189
24122123
24127837
24185484
24202626
24203112
24237337
24239597
24359994
24378683
24389038
24398112
24400528
24406304
24420936
24484501
24549049
24549192
24559935
24594164
24657318
24668182
24680948
24721762
24794581
24795376
24872729
24878728
24954838
24955522
25078784
25242011
25267667
25271952
25281580
25287918
25306446
25362569
25370725
25477241
25480167
25495705
25549935
25613719
25619119
25667335
25685439
25687817
25706737
25724776
25725402
25731920
25743070
25773973
25783001
25790506
25803299
25846742
25849251
25850398
26010230
26019642
26025898
26048417
26082990
26092555
26119300
26130859
26217339
26266270
26463084
26487553
26497094
26514414
26523984
26528535
26599045
26635745
26656394
26661507
26671546
26713223
26753691
26781122
26849912
26851068
26904002
26949840
26991476
27028891
27035654
27072873
27131902
27193829
27267655
27291986
27304870
27307098
27333573
27431586
27462308
27465687
27493011
27502011
27507965
27557836
27569980
27577538
27590016
27593619
27742586
27742588
27752114
27776995
27812409
27826246
27836722
27838837
27923746
27936588
28040161
28063699
28074223
28105757
28182704
28235584
28254983
28279794
28281885
28286256
28336487
28343146
28344167
28352539
28368229
28372487
28407501
28474104
28493490
28516502
28522420
28533470
28548686
28548689
28553195
28596762
28611742
28622574
28655818
28701230
28718925
28724973
28731211
28732514
28765570
28848017
28866277
28867386
28880779
28880796
28889914
28951073
28982999
28988993
29108968
29108970
29126137
29126991
29146445
29148593
29204282
29226986
29259599
29304740
29315617
29326751
29407798
29422757
29499725
29518018
29631320
29659855
29702236
29739157
29808604
29853510
29904200
29958154
29983988
30005315
30034378
30081180
30094514
30105821
30121851
30125584
30143998
30166167
30179290
30230250
30285610
30340506
30341077
30502493
30528016
30539256
30540271
30571741
30587454
30593934
30594645
30610164
30615997
30637959
30648626
30765835
30778356
30806486
30848132
30851449
30898618
30977802
31010122
31031430
31073209
31108238
31115938
31128295
31132417
31231379
31284626
31299566
31377431
31416869
31456227
31491530
31500367
31527345
31556990
31586762
31606917
31616422
31722147
31730928
31742733
31757113
31765899
31770630
31770645
31781582
31817907
31861586
31866453
31877359
31905814
31918449
31968266
31990611
32010129
32106599
32119179
32146449
32151677
32155175
32174333
32196710
32234679
32272257
32278113
32300925
32333955
32350918
32471324
32472344
32509804
32519008
32534230
32542738
32554008
32592927
32611367
32614330
32615166
32702476
32720397
32726860
32735958
32784594
32807762
32856330
32858831
32987994
33011432
33033353
33040386
33134581
33199338
33239112
33277726
33359598
33394168
33396556
33478996
33493378
33572193
33605980
33645734
33737238
33746060
33749839
33799428
33918540
33940174
33945463
33958402
34081943
34177873
34192394
34242645
34295335
34314809
34323389
34343543
34356481
34406829
34411329
34438058
34452031
34488629
34497310
34562583
34571096
34576872
34597814
34673256
34687878
34719037
34748248
34784632
34835047
34835165
34838986
34867959
34917087
34933071
35056638
35083655
35084599
35136422
35158077
35163263
35164507
35189324
35200612
35205041
35208695
35242621
35283164
35335104
35401509
35448657
35457143
35504476
35580798
35591870
35609930
35621985
35676314
35690275
35710008
35732223
35752021
35753622
35840052
35843529
35874671
35883218
35915251
35979091
35988715
36005507
36009916
36031040
36055453
36058195
36088192
36088584
36091005
36140885
36144337
36162774
36192520
36205522
36265742
36296309
36323384
36334617
36363710
36405323
36461262
36557560
36558807
36558830
36641914
36670249
36720374
36736753
36780641
36803778
36829424
36830168
36832935
36838503
36845093
36861816
36893926
36895132
36916965
36946722
36985338
37028687
37065252
37140779
37184725
37207606
37233472
37269913
37277052
37279998
37283749
37298622
37385348
37387372
37481174
37483743
37626907
37629124
37855633
37858632
37858783
37865972
37913865
37947250
37953565
38003801
38004661
38004697
38062211
38154032
38157099
38171397
38174259
38176627
38230230
38233172
38254369
38257891
38369070
38462767
38492699
38521379
38523320
38543593
38543679
38724459
38740811
38843740
38901685
38920386
38935454
38944251
38971350
39002556
39011626
39063205
39087617
39107988
39153579
39203417
39204936
39209005
39209006
39269671
39327009
39328359
39380674
39452226
39452779
39458292
39503323
39551835
39595255
39597605
