9734029
9854103
10746775
11155998
12628286
12700269
15604809
15774899
15926088
15974008
15989256
15995979
16091890
16157548
16168615
16352412
16463540
16488604
16517927
16629756
16907819
16965380
17333093
17473249
17929573
18021023
18065669
18222618
18473108
19684324
20952542
21419572
21764101
22405754
22534304
22582159
23100766
23557353
23739808
24038701
24091525
24161581
24204801
24465379
24600867
25051919
25064261
25145173
25151434
25188470
25242944
25312622
25480681
25801965
25831585
25871833
26465134
26796139
26868592
27197440
27222803
27912917
28185730
28254977
28463567
28544077
28713341
28720419
28891975
28923075
29438823
30847287
31129897
31714812
31864950
31954311
32241466
32457732
32710700
32841574
32974517
33131029
33157140
33202345
33851861
34334062
34906070
35140690
35140704
35218787
35343769
36768429
37047119
37220603
37479429
37786852
38064389
38357689
38939915
39222219
39524963
