879770
1800380
4451362
4595760
12167534
12571040
17298367
18045390
18616586
19128319
20014457
20686513
20722058
21151493
21255474
21598111
22343308
23383759
23385241
23549436
24336217
25196744
25651995
25988339
26084032
26261039
26379652
26419877
26474980
26757793
26848182
27243236
27357127
28144631
28255158
28429209
28629947
29159997
29881616
29963639
30235279
30266729
30338065
30362296
30455672
30696735
30836186
31058098
31116628
31309868
31417532
31617357
32038493
32251948
32340138
32569628
32584751
32589701
32595645
32663709
32714309
32992653
32996271
33024120
33368874
33444404
33463536
33463542
33669303
33751677
33924248
33944776
33977958
33995299
33995915
34039449
34186214
34302684
34378656
34398726
34408443
34497802
34827973
34858864
34865747
34873092
34926318
34950418
35013099
35031549
35115640
35186353
35378131
35471195
35790194
35863028
35917214
36012553
36028341
36090029
36364844
36504762
36562032
36624472
36707764
36759757
36799472
37095601
37202560
37328529
37400907
37430374
37465976
37576055
37969342
38017662
38131665
38177679
38184414
38276193
38393580
38674850
38721310
38811609
38817661
38961767
38990271
39003957
39078050
39130658
39132487
39143178
39458538
39577522
