18048732
19481895
19648323
20729362
21566392
21790015
21871580
21962521
22233919
22252383
22480939
23030441
23209543
23597676
23888781
23999158
24011859
24041820
24176320
24236081
24462339
24512665
24662204
24705848
25015242
25051473
25109591
25128634
25449099
25490588
25645063
25672848
25682103
25773973
25846263
26044435
26162438
26186603
26268962
26268984
26472471
26499972
26635751
26643726
26665177
26808777
26847185
26875878
26890188
26951543
27020342
27037474
27157699
27208882
27454093
27467075
27494313
27664747
27766834
27862218
27929083
28025494
28076700
28090437
28197603
28218290
28222858
28231503
28233212
28287716
28429753
28466204
28492177
28494277
28552425
28574566
28683430
28686206
28737080
28792738
28873538
28888680
28946071
28990402
28992572
29024415
29129385
29258686
29269147
29269839
29372963
29421720
29427970
29458871
29471187
29472151
29679784
29740769
29760206
30065984
30076006
30100954
30127013
30158465
30195169
30249967
30352376
30412811
30440321
30441283
30467649
30513789
30530218
30623699
30642109
30661339
30669109
30672638
30693376
30711727
30731386
30739063
30743956
30769936
30782630
30803571
30828271
30858300
30886606
30900770
30965192
31023151
31098396
31128438
31153601
31176130
31185339
31229422
31229789
31238500
31340421
31347246
31363014
31375330
31378526
31422312
31493585
31585394
31607225
31639641
31653473
31680628
31683437
31690077
31732272
31741007
31744685
31749006
31757723
31762145
31765892
31806325
31810589
31817689
31884155
31884549
31918336
31925696
31940888
32002529
32019799
32032860
32041071
32044614
32090841
32127462
32146199
32169942
32210703
32227304
32253696
32375511
32392200
32498147
32519098
32526423
32526424
32588236
32593821
32671701
32674775
32709311
32758791
32795789
32806452
32887047
32890867
32892088
32896687
32899285
32911330
33113057
33160736
33219238
33254411
33257078
33280055
33303153
33307446
33321169
33323415
33338903
33385892
33400114
33439442
33467615
33549892
33621878
33656909
33668135
33809869
33905929
33908986
33942130
33957351
33990911
34031036
34071046
34198752
34229254
34287008
34331154
34340085
34351579
34351580
34370559
34438340
34443481
34461673
34500394
34602191
34616599
34622323
34630365
34665636
34713610
34820186
34822666
34839439
34907475
34918766
35038896
35054801
35189558
35202264
35218486
35358635
35364793
35377179
35382532
35404117
35517766
35682859
35737068
35744240
35745056
35779704
35792528
35821472
35858490
35889234
35933769
35974197
36006101
36006221
36014525
36029154
36044951
36122748
36144791
36187973
36192589
36215022
36231168
36235005
36332403
36354313
36430799
36470382
36507673
36511163
36516923
36528897
36545099
36548569
36584820
36598726
36638998
36674844
36678123
36717413
36739988
36770355
36838523
36853537
36965268
37044331
37049655
37068670
37116630
37128350
37129828
37155099
37210879
37244607
37305481
37329594
37368705
37379876
37418917
37441614
37524175
37527710
37597569
37690200
37725851
37779587
37793548
37822015
37832682
37923050
37925031
38042428
38097080
38242311
38280522
38340837
38372577
38378053
38393210
38535922
38653020
38677071
38695522
38723484
38803613
38866313
38949723
39000246
39002581
39027489
39031317
39034009
39101033
39138731
39171358
39194530
39212266
39217790
39219134
39255662
39264549
39311584
39330602
39386430
39392498
39406169
39407467
39407667
39452133
39454269
39491683
39510333
39537088
39579690
