16902000
19878522
23239372
23376783
23571124
24009116
24158533
24534493
24736730
24744343
24747716
25059859
25171924
25230950
25314655
25320439
25358421
25586584
25645626
25681188
25883290
26336239
26521551
26586895
26705002
26740788
26786020
27019789
27164598
27270463
27318662
27648758
27771954
27932683
27988120
28087491
28179901
28330199
28352585
28626673
28634057
28704498
28804942
28843530
28868579
28899490
28935751
28942836
28974618
29063458
29167801
29359694
29411930
29425935
29463889
29884123
30065139
30090548
30204914
30306462
30352229
30456957
30461378
30500692
30533621
30557638
30600423
30647649
31037069
31058322
31134029
31193861
31244362
31322478
31479251
31497388
31521922
31652362
31672748
31712139
31753935
31771888
31831618
31836057
31858273
31901662
31930841
32123244
32409543
32468180
32566283
32617674
32708144
32714029
32757949
32763599
33110428
33120265
33128189
33137384
33383067
33488726
33810177
33845330
33848783
33858928
33888506
34019408
34043980
34076810
34184169
34253372
34286345
34335517
34371722
34410841
34481398
34559376
34592630
34603266
34646254
34733259
34740695
34778577
34865744
34899642
34946043
34946096
34961208
35157142
35199089
35305633
35456723
35473979
35514846
35612623
35655367
35677864
35740915
35762789
35771159
35807673
35844422
35874711
35890492
35907537
36063213
36065421
36067675
36088515
36158107
36175602
36197364
36264259
36272706
36287058
36301120
36377397
36400617
36494624
36500632
36542232
36545057
36607432
36618623
36652029
36657596
36714774
36716940
36729827
36779713
36875536
36903837
37036646
37056512
37078839
37414303
37489918
37576746
37584890
37671659
37920264
37930407
37954248
37998890
38003625
38005278
38029935
38188234
38202382
38387845
38441800
38518496
38676363
38679264
38705964
38735612
38803089
38834921
38882190
38899906
38916295
39065092
39104509
39212412
39239205
39244709
39296627
39387566
39400703
39484079
39554354
16902000
19878522
23239372
23376783
23571124
24009116
24158533
24534493
24736730
24744343
24747716
25059859
25171924
25230950
25314655
25320439
25358421
25586584
25645626
25681188
25883290
26336239
26521551
26586895
26705002
26740788
26786020
27019789
27164598
27270463
27318662
27648758
27771954
27932683
27988120
28087491
28179901
28330199
28352585
28626673
28634057
28704498
28804942
28843530
28868579
28899490
28935751
28942836
28974618
29063458
29167801
29359694
29411930
29425935
29463889
29884123
30065139
30090548
30204914
30306462
30352229
30456957
30461378
30500692
30533621
30557638
30600423
30647649
31037069
31058322
31134029
31193861
31244362
31322478
31479251
31497388
31521922
31652362
31672748
31712139
31753935
31771888
31831618
31836057
31858273
31901662
31930841
32123244
32409543
32468180
32566283
32617674
32708144
32714029
32757949
32763599
33110428
33120265
33128189
33137384
33383067
33488726
33810177
33845330
33848783
33858928
33888506
34019408
34043980
34076810
34184169
34253372
34286345
34335517
34371722
34410841
34481398
34559376
34592630
34603266
34646254
34733259
34740695
34778577
34865744
34899642
34946043
34946096
34961208
35157142
35199089
35305633
35456723
35473979
35514846
35612623
35655367
35677864
35740915
35762789
35771159
35807673
35844422
35874711
35890492
35907537
36063213
36065421
36067675
36088515
36158107
36175602
36197364
36264259
36272706
36287058
36301120
36377397
36400617
36494624
36500632
36542232
36545057
36607432
36618623
36652029
36657596
36714774
36716940
36729827
36779713
36875536
36903837
37036646
37056512
37078839
37414303
37489918
37576746
37584890
37671659
37920264
37930407
37954248
37998890
38003625
38005278
38029935
38188234
38202382
38387845
38441800
38518496
38574878
38676363
38679264
38705964
38735612
38803089
38834921
38882190
38899906
38916295
39065092
39104509
39212412
39239205
39244709
39296627
39387566
39400703
39484079
39554354
