2050626
2742218
3382380
3968204
8370751
8795225
9044705
11037130
11959446
12393205
12800494
15207542
15472000
15839434
16820314
17616063
18256229
18585745
19482328
19700542
20153938
20298612
20410344
20637675
20640580
20674023
21350709
21398479
21420142
21764965
21802283
21918030
22062111
22252367
22757630
22771038
23030400
23840569
24045123
24441160
24461505
24849008
24861842
25317751
25851592
26318448
26464912
26498965
26854241
27081122
27296596
27312692
27796317
28599915
28616507
28711831
29067199
29427764
29452184
29724828
29802288
29901942
30881186
30936664
30970393
31037401
31051629
31055618
31121649
31159035
31190902
31533074
31557915
31843547
31891609
32029565
32140841
32455784
32744988
32832332
32922378
32963402
33001761
33038672
33224119
33307120
33505372
33591555
33686169
33820889
34392043
34398462
34515017
34569415
34657954
34698627
34829130
34848335
34902629
35138151
35157074
35169568
35229466
35286567
35544231
35719362
35783086
35793774
35844397
35910619
36244849
36333143
36362360
36428566
36445149
36504025
36615863
36670360
36671355
36673089
36724283
36724935
36741902
36931145
36972670
36982388
37038916
37039022
37108087
37147672
37258658
37309033
37432125
37683935
37737636
37881253
38088570
38143752
38169617
38244192
38428648
38565815
38682268
38771763
38814237
38817661
38824794
38845533
38858383
39082481
39162553
39168034
39277768
39433961
39490521
39554329
39597758
