15879269
16156122
16822636
17403673
18456651
18671931
19327918
19433552
19465645
19579148
19819990
19929372
20007696
20512647
20516326
20571954
21169462
21461847
21545730
21745367
21997946
22169781
22290979
22806748
22815570
22824670
23540130
23543626
23559661
23642863
23679162
23726463
23742822
23846266
23883720
23932229
23958153
24055393
24098592
24287342
24339643
24376683
24449561
24455635
24680187
24796989
24803570
24812216
25130129
25176477
25540348
25614628
25671096
25722622
25742887
25858248
26077980
26112786
26288498
26383012
26433346
26666619
26690562
26763750
26786050
26793448
26823918
26966183
26966213
27129967
27185741
27349783
27458232
27587896
27766817
27789634
27847376
27913093
28077242
28265817
28273965
28291668
28455785
28668676
28705672
28725439
28776164
28856455
28902008
28931801
29018014
29181599
29196602
29506640
30097388
30181936
30274894
30545016
30561316
30574569
30582002
30651388
30790188
30848865
30869495
31120389
31199227
31358319
31466280
31514353
31600234
31758899
31763048
31780617
31963877
32114605
32351636
32364820
32580952
32601645
32655787
33258923
33305800
33397245
33572268
33574492
33597415
33651401
33656389
33769582
33835912
33878247
34048660
34113537
34223092
34311517
34600111
34799546
34896547
35010455
35058914
35102930
35279147
35397563
35510517
35630340
35979482
36225778
36455467
36721634
36827594
36877865
37055590
37064967
37090142
37260236
37331167
37342731
37519120
37551224
37638067
37815354
38100733
38105675
38302869
38347591
38407814
38657932
38681956
38906222
38906827
39004340
39005978
39006271
39074884
39144213
39335052
39454758
39573829
15879269
16156122
16822636
17403673
18456651
18671931
19327918
19433552
19465645
19579148
19819990
19929372
20007696
20512647
20516326
20571954
21169462
21461847
21545730
21745367
21997946
22169781
22290979
22806748
22815570
22824670
23540130
23543626
23559661
23642863
23679162
23726463
23742822
23846266
23883720
23932229
23958153
24055393
24098592
24287342
24339643
24376683
24449561
24455635
24680187
24796989
24803570
24812216
25130129
25176477
25540348
25614628
25671096
25722622
25742887
25858248
26077980
26112786
26288498
26383012
26433346
26666619
26690562
26763750
26786050
26793448
26823918
26966183
26966213
27129967
27185741
27349783
27458232
27587896
27766817
27789634
27847376
27913093
28077242
28265817
28273965
28291668
28455785
28668676
28705672
28725439
28776164
28856455
28902008
28931801
29018014
29181599
29196602
29506640
30097388
30181936
30274894
30545016
30561316
30574569
30582002
30651388
30790188
30848865
30869495
31120389
31199227
31358319
31466280
31514353
31600234
31758899
31763048
31780617
31963877
32114605
32351636
32364820
32580952
32601645
32655787
33258923
33305800
33397245
33572268
33574492
33597415
33651401
33656389
33769582
33835912
33878247
34048660
34113537
34223092
34311517
34600111
34799546
34896547
35010455
35058914
35102930
35279147
35397563
35510517
35630340
35979482
36225778
36455467
36721634
36827594
36877865
37055590
37064967
37090142
37260236
37331167
37342731
37519120
37551224
37638067
37815354
38100733
38105675
38302869
38347591
38407814
38657932
38681956
38906222
38906827
39004340
39005978
39006271
39074884
39144213
39335052
39454758
39573829
