682175
1475343
1537891
1571462
1594448
1761911
1909546
1993769
2045549
2209626
2224644
2324280
2666380
2791489
2984240
3053574
3304847
3414207
3440368
3640773
3693535
3813666
3936335
3940428
4051289
6507538
6565709
6744166
6971871
7173185
7699074
7765877
7800133
7813882
7844337
7889974
7938001
8024975
8098615
8165857
8246811
8264425
8290451
8346614
8488628
8585742
8681979
8690885
8806942
8940459
9230410
9495617
9620969
9721961
10381660
10390873
10582377
10843049
10904178
11131893
11193411
11202340
11341932
11417826
11549026
11574584
11750133
11929363
12026519
12056141
12325320
12716781
12902246
12940166
13677632
14532199
14982188
15014984
15114870
15182799
15272063
15322349
15472359
15659199
15715714
15737403
15848115
15862876
15904964
15938391
15960752
15971094
16009508
16041140
16041148
16085441
16145078
16227110
16233732
16286359
16297478
16324840
16337767
16525613
16542825
16598472
16822571
16910936
16936058
17004952
17054440
17135736
17145796
17261086
17264993
17326024
17475456
17482994
17827974
17893164
17893172
17951378
17998560
18065673
18339450
18440165
18471644
18493677
18616923
18675990
18820960
18950962
18978082
19090719
19110383
19121182
19233814
19361283
19686822
19954784
20013125
20383373
20528174
20598860
20602029
20627619
20813851
20963723
20963724
21143714
21144565
21146239
21164574
21236322
21258573
21340482
21377808
21492568
21509953
21672099
21738787
21814758
21876041
21904816
22063710
22090289
22333287
22428747
22468090
22503603
22717666
22738812
22781466
22832939
23030591
23053077
23072691
23107764
23135947
23425780
23450413
23477822
23516183
23719285
23765609
23887612
23896731
23961999
24068465
24189327
24218946
24257683
24327440
24347414
24438987
24727086
24730724
24797976
24935532
24949075
25059796
25189586
25320585
25344436
25514754
25596568
25827437
25869678
25891423
25943207
25959378
25971839
26119187
26184852
26235430
26248114
26581090
26585451
26797972
26844021
26845141
26874419
26971182
26978225
27008278
27073984
27226348
27318662
27371902
27474716
27496452
27644133
27760017
27800383
27919672
27934830
28092613
28144022
28150752
28195220
28418717
28456402
28457548
28477997
28617524
28659903
28851208
28859149
28959177
29040036
29112171
29124636
29161306
29167920
29267257
29433447
29521121
29609564
29615996
29653479
29684012
29695923
29880073
29997036
30077662
30166139
30177424
30229513
30272961
30620537
30647774
30726591
30728630
30959767
30975813
30980727
31085164
31114262
31189397
31189544
31207796
31414557
31421877
31549905
31656198
31849414
31982421
32186443
32190998
32337379
32351058
32442199
32466464
32497966
32536647
32598239
32714029
32715316
32857680
32900866
32999236
33014383
33023084
33063474
33083488
33115842
33245652
33285311
33331445
33602211
33789199
34027560
34201417
34275957
34297625
34343022
34364641
34394031
34468488
34604154
34680871
34694175
34784572
34791307
34865763
34879684
35148743
35205928
35218080
35228854
35330079
35405379
35497942
35572499
35627066
35716597
35841227
35915127
36074251
36498648
36557565
36614222
36626744
36672723
36707889
36888786
37093041
37261036
37317130
37387372
37496039
37508210
37632676
37709482
37751992
37991548
38136715
38154518
38156700
38282647
38351239
38367164
38371297
38543751
38601789
38710416
38775907
38810897
38835040
38943998
38992476
39049800
39220909
39295576
39344736
39377031
39452238
39456333
39459963
39506757
39509287
