9828416
9835027
10075430
10347048
10388687
10520595
10644497
10658648
10747234
10843040
10843080
10843555
11057980
11271603
11383572
11417719
12005232
12033705
12102234
12234352
12365730
12567241
12650243
12747637
12834617
12892745
12962239
14522599
14625900
14633013
14675834
14735921
15070982
15109136
15110332
15123315
15450966
15509262
15584408
15660791
15689115
15691912
15705153
15722227
15787242
15813865
15918073
15962470
15962471
16000757
16042042
16042043
16079344
16159364
16213751
16262788
16263309
16533303
16585687
16706907
16739527
16768716
16780952
16989898
17046282
17049605
17074903
17140417
17196658
17206385
17220267
17245641
17342258
17381431
17433716
17578416
17594465
17650198
17657358
17679772
17702755
17958612
17964810
18055243
18062245
18062266
18070959
18076001
18086037
18158252
18325592
18326579
18359809
18378645
18479938
18487938
18554860
18577098
18786028
18786641
19302297
19364386
19420687
19460085
19490395
19500208
19630511
19797322
19873758
19922594
19943887
19949054
20059616
20077718
20102463
20202478
20392504
20413108
20455942
20561140
20735646
20817101
20946317
20951810
20969963
21134466
21166312
21174494
21356438
21497909
21501491
21529120
21576867
21812347
21820517
21839377
21841024
21875966
22069616
22078751
22123704
22200797
22326938
22428747
22446310
22534305
22554575
22554578
22634255
22682932
22736973
22885515
23140939
23163607
23219776
23230901
23269388
23468618
23474463
23485716
23602560
23766015
23787821
23789748
23798530
23865935
23916590
23944162
23954721
23992506
24093021
24142961
24171004
24206018
24212573
24244553
24278329
24325870
24341770
24378677
24389471
24390795
24412437
24601085
24685699
24781797
24813762
24929449
24972341
24982922
24991578
25103323
25238719
25263496
25287919
25343747
25346320
25451227
25454083
25463296
25583529
25596456
25630302
25765542
25810004
25889122
26052015
26092457
26118933
26197285
26272637
26303391
26639579
26668707
26825678
26852056
26865233
27033917
27076298
27084008
27090886
27246856
27282981
27382376
27422755
27497892
27523279
27582289
27590420
27652890
27696450
27818651
27826246
28082977
28089892
28196960
28284618
28320052
28341681
28359946
28363962
28416423
28433714
28443076
28451521
28532666
28546492
28688976
28696146
28709108
28729261
28731211
28848719
28855801
28857188
28882794
29021795
29056690
29135911
29225092
29440249
29464363
29543427
29578048
29729962
29882274
29959637
29996763
30002314
30116232
30227256
30283411
30461310
30524433
30590157
30596794
30619115
30653742
30665028
30843692
31093490
31105680
31110504
31118462
31118899
31123016
31176766
31192462
31227743
31315179
31319195
31392967
31454143
31484388
31521726
31580652
31580933
31580938
31621646
31631079
31695116
31831775
32032761
32059079
32087193
32113938
32145450
32196691
32385615
32419196
32434844
32538525
32562868
32739532
32800985
32824641
32840206
32849395
32984991
33038258
33066515
33105683
33250122
33340590
33355466
33536321
33544251
33556554
33790917
33885359
34032302
34167981
34186149
34245329
34335683
34358703
34359157
34418556
34423883
34486119
34792655
34822473
34829074
35140710
35163486
35202146
35214666
35398307
35421575
35563122
35588973
35623544
35675521
35744715
35753559
35858795
35862683
35870744
35889267
36056283
36058879
36243271
36276524
36296491
36417479
36420498
36428362
36538965
36573620
36584839
36621058
36819867
36870429
36982212
37288979
37310253
37317171
37389204
37642481
37671319
37703936
37764049
37764146
37806325
37889635
37944682
38059867
38110743
38138020
38156000
38252000
38261222
38275696
38296005
38500885
38543554
38652230
38771055
38954725
38962321
39072799
39173020
39175494
39210618
39259377
39271450
39383195
39409774
39440715
39520647
9828416
9835027
10075430
10347048
10388687
10520595
10644497
10658648
10747234
10843040
10843080
10843555
11057980
11271603
11383572
11417719
12005232
12033705
12102234
12234352
12365730
12567241
12650243
12747637
12834617
12892745
12962239
14522599
14625900
14633013
14675834
14735921
15070982
15109136
15110332
15123315
15450966
15509262
15584408
15660791
15689115
15691912
15705153
15722227
15787242
15813865
15918073
15962470
15962471
16000757
16042042
16042043
16079344
16159364
16213751
16262788
16263309
16533303
16585687
16706907
16739527
16768716
16780952
16989898
17046282
17049605
17074903
17140417
17196658
17206385
17220267
17245641
17342258
17381431
17433716
17578416
17594465
17650198
17657358
17679772
17702755
17958612
17964810
18055243
18062245
18062266
18070959
18076001
18086037
18158252
18325592
18326579
18359809
18378645
18479938
18487938
18554860
18577098
18786028
18786641
19302297
19364386
19420687
19460085
19490395
19500208
19630511
19797322
19873758
19922594
19943887
19949054
20059616
20077718
20102463
20202478
20392504
20413108
20455942
20561140
20735646
20817101
20946317
20951810
20969963
21134466
21166312
21174494
21356438
21497909
21501491
21529120
21576867
21812347
21820517
21839377
21841024
21875966
22069616
22078751
22123704
22200797
22326938
22428747
22446310
22534305
22554575
22554578
22634255
22682932
22736973
22885515
23140939
23163607
23219776
23230901
23269388
23468618
23474463
23485716
23602560
23766015
23787821
23789748
23798530
23865935
23916590
23944162
23954721
23992506
24093021
24142961
24171004
24206018
24212573
24244553
24278329
24325870
24341770
24378677
24389471
24390795
24412437
24601085
24685699
24781797
24813762
24929449
24972341
24982922
24991578
25103323
25238719
25263496
25287919
25343747
25346320
25451227
25454083
25463296
25583529
25596456
25630302
25765542
25810004
25889122
26052015
26092457
26118933
26197285
26272637
26303391
26639579
26668707
26825678
26852056
26865233
27033917
27076298
27084008
27090886
27246856
27282981
27382376
27422755
27497892
27523279
27582289
27590420
27652890
27696450
27818651
27826246
28082977
28089892
28196960
28284618
28320052
28341681
28359946
28363962
28416423
28433714
28443076
28451521
28532666
28546492
28688976
28696146
28709108
28729261
28731211
28848719
28855801
28857188
28882794
29021795
29056690
29135911
29225092
29440249
29464363
29543427
29578048
29729962
29882274
29959637
29996763
30002314
30116232
30227256
30283411
30461310
30524433
30590157
30596794
30619115
30653742
30665028
30843692
31093490
31105680
31110504
31118462
31118899
31123016
31176766
31192462
31227743
31315179
31319195
31392967
31454143
31484388
31521726
31580652
31580933
31580938
31621646
31631079
31695116
31831775
32032761
32059079
32087193
32113938
32145450
32196691
32385615
32419196
32434844
32538525
32562868
32739532
32800985
32824641
32840206
32849395
32984991
33038258
33066515
33105683
33250122
33340590
33355466
33536321
33544251
33556554
33790917
33885359
34032302
34167981
34186149
34245329
34335683
34358703
34359157
34418556
34423883
34486119
34792655
34822473
34829074
35140710
35163486
35202146
35214666
35398307
35421575
35563122
35588973
35623544
35675521
35744715
35753559
35858795
35862683
35870744
35889267
36056283
36058879
36243271
36276524
36296491
36417479
36420498
36428362
36538965
36573620
36584839
36621058
36819867
36870429
36982212
37288979
37310253
37317171
37389204
37642481
37671319
37703936
37764049
37764146
37806325
37889635
37944682
38059867
38110743
38138020
38156000
38252000
38261222
38275696
38296005
38500885
38543554
38652230
38771055
38954725
38962321
39072799
39173020
39175494
39210618
39259377
39271450
39383195
39409774
39440715
39520647
