484104
1414095
1457291
1458376
1476441
1531746
1610193
1622267
1662937
1713054
1715321
1750966
1768130
1830743
1899799
1903627
1904755
1904764
1905979
1909545
2038861
2106285
2110118
2116762
2118791
2118796
2124767
2264452
2458321
2458322
2501014
2501155
2508555
2516113
2518386
2631501
2631508
2631511
3050374
3093591
3096187
3114320
3117693
3134766
3135930
3138181
3138187
3138189
3143352
4063881
6171948
6361058
6406363
6407238
6485632
6712204
6798107
6808789
7487366
7488532
7533963
7585360
7641140
7646021
7703006
7703023
7797931
7845269
7848499
7883879
7896083
7927757
7934938
8022799
8039928
8046062
8063381
8144413
8174317
8231444
8347428
8427807
8434927
8439157
8486555
8489233
8494682
8523967
8572704
8579987
8590646
8613407
8633859
8641304
8666198
8722187
8737494
8744642
8748026
8782674
8828131
8854179
8880303
8892639
8941989
8961100
8975898
8984907
8987454
9013563
9055423
9081819
9090440
9172407
9203399
9217104
9256493
9257863
9271855
9353532
9453636
9553795
9553802
9580244
9600620
9603806
9611889
9632576
9633640
9650259
9687476
9708266
9708300
9708310
9712801
9726891
9743365
9761334
9766059
9766060
9766064
9789361
9798159
9812396
9830150
9861683
9871316
9874338
9931300
10089376
10100901
10202020
10209744
10347002
10375132
10408878
10439409
10456737
10465037
10465045
10492470
10563459
10563460
10563461
10583990
10594714
10625425
10634705
10716567
10728615
10728617
10736005
10746578
10747221
10772210
10791782
10792542
10826726
10831407
10852563
10852564
10868683
10903139
10932725
10945779
10971584
10971758
10981685
10983794
11010856
11010877
11016613
11029438
11041134
11079695
11080390
11131896
11139016
11159983
11198436
11207569
11252497
11261995
11281324
11297292
11307881
11307896
11307897
11309061
11347992
11372650
11412330
11504393
11518428
11526003
11547885
11600062
11601704
11706041
11735367
11736996
11770642
11770644
11778890
11787700
11808807
11814239
11837390
11849498
11934031
11934034
12016214
12030289
12038570
12089016
12117245
12147460
12160080
12161406
12163499
12180927
12380739
12383509
12406756
12412927
12430694
12450822
12452598
12466274
12485747
12485750
12495010
12495020
12514811
12534813
12588557
12588562
12597483
12597484
12597497
12644237
12648839
12727229
12761127
12800989
12800999
12829287
12882274
12957917
12969494
14514305
14529964
14597005
14602590
14605191
14607428
14627283
14672239
14723700
14729738
14742555
14745696
14751689
14968974
14982640
15003682
15006755
15009888
15035380
15069198
15083727
15083735
15135955
15172486
15186447
15222465
15240278
15240309
15252717
15270511
15330526
15336399
15347755
15453574
15482428
15518526
15530005
15553631
15664941
15691954
15709360
15718026
15746330
15778384
15804359
15808900
15812647
15823015
15823016
15838904
15854697
15854702
15857657
15960753
15975676
16013390
16014298
16091296
16107973
16116170
16157408
16245710
16256346
16269805
16278428
16300063
16300077
16332327
16365441
16371177
16381897
16416899
16416904
16416905
16428782
16476793
16487612
16496573
16535209
16597954
16599551
16599984
16690150
16715811
16716423
16723015
16729343
16730859
16784792
16786852
16786871
16806552
16834813
16844251
16865889
16869904
16892267
16911044
16936040
16943000
16943030
16943070
16950913
16968295
16995513
16995517
17007952
17037249
17118980
17186524
17186661
17186669
17209071
17209820
17216320
17220266
17241355
17257264
17309510
17367677
17367688
17368595
17388048
17389602
17449885
17477260
17514326
17616620
17629978
17685338
17705829
17714391
17719817
17803142
17850304
17887983
17916159
17922827
17953573
17953592
17995615
17995778
18024685
18031523
18034731
18044428
18044429
18045389
18068392
18068846
18206784
18212377
18223114
18236681
18268779
18271546
18298739
18310432
18315368
18342399
18380808
18433132
18455820
18456356
18460133
18460134
18468028
18536948
18552126
18559424
18562029
18573556
18584089
18641340
18675486
18684672
18694610
18756397
18765739
18784922
18805996
18820061
18820960
18939744
19015326
19081155
19167772
19171265
19216646
19323761
19333776
19343963
19350978
19350979
19397730
19399991
19446352
19448609
19455361
19457858
19481827
19486414
19486494
19490340
19494280
19637030
19646051
19667380
19680851
19712399
19725544
19783430
19801476
19835768
19859920
19892013
19903385
19908897
19913695
19940932
19945759
20008285
20116876
20132671
20132674
20141950
20152920
20356375
20406380
20501046
20510783
20546402
20546415
20549805
20579759
20602357
20633228
20662540
20672439
20674057
20688227
20688230
20688236
20688820
20725130
20832692
20937762
21029153
21056770
21131135
21132975
21132989
21169550
21239547
21262306
21321208
21324348
21356469
21357430
21411168
21440945
21466046
21483738
21497664
21510973
21535331
21535496
21535780
21535831
21547575
21611773
21645568
21656247
21740724
21779565
21798613
21819652
21819654
21819665
21831786
21839378
21851683
21902915
21913922
21925027
21995443
22004812
22020155
22056799
22061260
22061408
22061794
22062423
22062552
22062611
22062909
22063296
22063467
22064737
22072970
22083520
22119459
22154239
22183117
22200323
22230924
22265306
22276613
22342961
22344661
22365350
22381259
22410235
22416725
22417552
22426248
22428264
22475951
22488058
22499879
22505803
22515246
22536395
22582310
22591342
22617957
22671770
22773791
22824340
22898534
22908851
22912449
22916889
22947468
22963659
22980005
22980019
23009669
23043841
23085745
23107004
23127714
23141648
23142800
23152643
23181509
23210992
23212009
23212021
23227163
23317857
23416997
23436535
23462080
23488765
23527157
23541207
23548294
23591376
23628611
23643122
23738125
23764224
23774482
23792229
23806291
23811362
23827815
23856545
23884205
23909640
23957407
23992502
24010617
24031200
24031642
24037409
24090112
24092009
24184260
24189971
24196584
24215687
24238364
24271177
24290626
24338865
24345085
24374769
24392451
24405319
24443987
24461044
24468028
24532444
24582452
24606727
24611868
24647662
24667313
24674434
24676723
24676765
24698417
24705320
24724092
24750815
24751040
24757780
24853515
24906769
24928885
24929718
24987702
25038948
25084647
25184827
25198191
25227890
25242961
25252053
25252345
25255308
25268323
25286948
25304506
25328181
25346434
25364927
25392595
25427545
25466409
25475325
25479075
25578156
25588017
25614886
25643164
25691525
25695127
25710149
25719878
25728340
25764982
25790998
25836395
25853320
25862353
25934151
25998809
26019593
26057110
26073160
26152545
26162787
26214657
26270607
26284043
26371000
26398167
26405529
26448305
26454301
26454305
26473824
26476937
26484097
26497455
26586613
26597566
26613909
26632508
26686108
26729724
26735040
26781118
26781384
26782604
26818984
26843981
26851857
26854329
26860058
26865076
26867522
26875817
26886583
26897086
26907753
26914334
27021959
27065632
27111259
27138200
27216614
27237830
27238815
27268116
27388790
27457245
27618147
27626598
27774088
27784932
27790709
27800387
27853718
27854041
27956863
28066336
28067839
28109595
28189328
28213028
28221889
28221936
28223974
28231113
28319798
28344976
28355096
28383516
28476774
28508923
28527125
28530570
28549184
28576371
28588285
28625982
28629639
28631803
28637209
28688047
28719838
28742382
28748074
28755934
28759797
28771935
28784468
28787897
28790979
28802271
28808346
28873696
28921480
28941700
28945113
28946289
28948059
28990290
28992507
29050580
29059530
29083492
29131329
29165857
29210028
29221796
29243598
29286652
29312175
29312967
29360399
29388744
29433294
29474149
29477130
29477806
29488631
29488632
29517351
29538308
29541704
29569303
29611729
29660130
29666193
29678880
29768464
29800272
29851961
29997593
30005928
30011667
30023805
30031225
30032765
30041470
30080576
30114563
30127770
30150826
30166142
30166144
30166177
30172406
30205468
30227134
30272961
30361009
30443874
30448894
30502160
30510483
30527981
30557599
30610281
30669863
30670551
30728584
30770406
30802683
30835114
30924936
30931330
30965439
31003368
31005319
31018332
31018355
31048084
31051542
31051601
31051607
31071397
31071776
31071823
31071867
31071888
31071904
31077423
31084072
31084086
31084116
31084159
31089318
31091630
31112917
31113021
31113026
31113037
31113096
31113162
31120347
31121641
31121711
31121745
31121769
31121796
31137301
31137316
31137374
31137423
31137428
31137971
31158957
31159025
31159067
31193311
31195527
31195555
31202407
31207757
31207783
31207836
31218558
31229124
31253679
31284978
31294204
31320255
31323452
31362203
31421764
31433627
31447156
31494297
31632928
31644334
31649633
31672743
31692847
31699034
31710097
31738578
31753950
31759181
31790340
31796226
31851548
31882101
31895586
31948622
31948632
31962220
31993138
32006935
32023023
32050536
32097827
32122502
32131440
32144691
32160253
32183339
32255974
32311702
32357157
32358824
32382275
32397488
32405403
32413692
32414204
32419807
32423241
32430585
32502264
32517919
32542115
32591377
32624860
32698426
32714970
32802569
32905927
32912583
32912586
32913719
32913723
32913727
32971300
32975768
32977291
32991722
32991724
33002710
33076093
33197682
33198371
33279063
33282268
33302405
33397708
33411902
33430446
33465233
33485677
33504900
33557122
33560938
33568744
33572838
33573001
33612223
33630969
33633716
33636319
33636589
33641993
33673238
33793813
33808125
33824872
33852801
33907427
33935427
33957369
34026090
34047635
34047780
34070112
34071528
34129905
34146420
34198875
34262732
34308624
34335506
34335845
34356791
34367093
34399615
34441554
34451028
34478774
34485509
34492380
34499733
34502929
34574181
34574264
34648257
34654973
34659142
34662803
34715632
34725555
34759765
34766355
34809926
34809948
34818881
34828893
34850423
34957649
34988936
35005945
35007911
35014299
35030463
35176354
35179870
35225692
35284607
35336088
35337587
35397316
35408465
35445111
35453279
35472715
35473969
35514840
35646844
35747557
35760945
35888017
35904424
35944491
35953171
36076387
36076392
36123737
36139730
36142546
36145669
36230127
36255521
36307627
36370293
36427685
36445150
36477936
36543802
36545353
36569590
36590021
36604094
36613327
36618043
36618045
36675049
36677695
36678495
36728444
36754288
36766150
36811770
36830324
36839621
36893178
36929888
36950652
36959178
36975703
37018852
37107017
37107483
37171960
37174324
37182809
37230329
37234542
37272898
37290199
37374175
37399877
37483745
37526462
37624022
37640157
37685180
37689425
37734279
37803546
37803650
37810133
37823141
37835216
37835293
37852395
37895340
37959134
37974397
38126771
38201174
38225126
38231609
38252201
38275695
38282641
38297216
38308878
38314263
38369119
38409615
38416807
38440672
38472699
38491424
38510936
38540814
38582926
38622468
38628195
38637078
38675466
38697485
38729041
38729708
38732714
38772217
38790848
38792839
38823870
38928853
38933537
38998538
39022177
39049700
39081891
39086068
39136873
39139005
39144190
39144483
39335923
39405775
39456291
39456384
39458351
39458364
39481262
39495036
39517258
39546896
39556570
39570529
39571669
39593979
39594103
