15900967
20080178
20112669
21076485
21315469
21700373
21837472
21859934
22150997
22827309
23325033
23465914
23677144
23877704
23952780
24309109
24498985
24824638
25062479
25187130
25345025
25412475
25693405
25724532
26248383
26294947
26454221
26571677
26744016
27188973
27534412
27607023
27672046
27750157
27795247
27833841
28170113
28223374
29116538
29268112
29472760
29753873
29785628
29797399
29988579
30529482
30661942
31454416
31527341
31547575
31564121
31609646
31641932
31650772
31720477
31726064
32260576
32329163
32380392
32590093
32617674
32880846
33046562
33090918
33133562
33760838
34177820
34302508
34320743
34371496
34394038
34516244
34830335
34844659
34946156
35095805
35294687
35379908
35437623
35602027
35644452
35953838
35959165
35982708
36044853
36140011
36181935
36423546
36715862
36846563
37014210
37044325
37074170
37164093
37374926
37375102
37423356
37454128
37601382
37712562
37786852
37930451
38050608
38157935
38552872
38555080
38668814
38788574
38930594
39096883
39108901
39132776
39137549
39466970
39470589
39578758
