11411716
11888166
16714043
16758276
17136570
17144313
17509546
17570712
17928424
18351669
18405910
19723318
19895262
20053705
20080178
20141948
20417501
21132347
22163191
22234511
22372947
22754363
23525792
24036261
24223595
24965702
25444130
25480155
25758649
25817809
25999243
26067957
26092758
26115863
26330553
26487437
26934919
27052863
27199480
27379169
27734312
27735805
27751567
28137848
28368860
29320984
30777417
31270187
31848694
33209556
33590553
33818423
34409007
34867848
35700903
35711784
35999748
36271007
36620066
37154750
37418966
37819078
38001293
38061311
38201793
38633705
38692312
38756725
38934593
39015741
39329470
39367826
39435695
39572136
