358812
641525
1371067
1769526
1939577
2045549
2267890
2523626
2626795
3655734
3705446
3768807
4055538
6340953
6497107
7019234
7237278
7520736
7764811
8042273
8065269
8862560
9055411
9081309
9103615
9158808
9158816
9440511
9734040
9832275
10081507
10577486
10615207
10699009
10788349
10792517
10872689
10909787
10952608
11200385
11274099
11356566
11417826
11423208
11750814
11868769
12147503
12374362
12384375
12399608
12511511
12542714
12700009
12708825
12716781
12723630
12800992
12864900
14605178
14616685
14663105
15239692
15457468
15471995
15695717
15714236
15715714
15750121
15956397
15969784
15997708
16006076
16091044
16145164
16147554
16166526
16201922
16201923
16303264
16464698
16515211
16517879
16597925
16922627
17126372
17205699
17207599
17215958
17567045
17650957
17893164
17893169
17993395
18024515
18095448
18433570
18522034
18950962
19015345
19251335
19662514
19729456
20007762
20070506
20132252
20418037
20538309
20688237
20688411
20837756
21095086
21143714
21164574
21211038
21388304
21411169
21481574
21637522
21673669
21829591
21851333
21854098
21972842
22101189
22143819
22318896
22333287
22579470
22761957
22816491
22823580
22899781
22899804
22994424
22999285
23090977
23194736
23200659
23280142
23369007
23415536
23423147
23498185
23805543
24302651
24361828
24535274
24582450
24597303
24629775
24636166
24679961
24687494
24727086
24730724
24913069
24929717
25049913
25059796
25063778
25242954
25358421
25596568
25637268
25770806
25787926
25889261
25891423
26183765
26205872
26276706
26413075
26514602
26709182
26830747
26840519
26953332
26990729
27052863
27064448
27102205
27196311
27239229
27375588
27486447
27578483
27654339
27671067
27698408
27760034
28110789
28293235
28373201
28394942
28406168
28456402
28527793
28600315
28691012
28717325
28759798
28890241
28926634
28964518
28964953
29103695
29266969
29397170
29425282
29688828
29698826
29778192
29778469
29869640
29892109
30271398
30419937
30483235
30591326
30701248
30868382
30959767
31176881
31195453
31264992
31276057
31408741
31421877
31548061
31634550
31651349
31683871
31691809
31769606
31862259
31896659
31991613
31992193
32006753
32105950
32169497
32281590
32369929
32380652
32439673
32501670
32728793
32764492
32816627
32832332
33052802
33083488
33260016
33313077
33411929
33488529
33543432
33582485
33987904
34066160
34198805
34311521
34374564
34438970
34526973
34582943
34745029
34879684
35024554
35068604
35139420
35268234
35337253
35419114
35497942
35625195
35892102
35987838
36002114
36044992
36074251
36100860
36125295
36166166
36210544
36275022
36305288
36315293
36341061
36408539
36430304
36629134
36629426
36670089
36719031
36914056
36935042
37041994
37060390
37269712
37453201
37495774
37529492
37622165
37632676
37716578
37747071
37786852
37789859
38027608
38035481
38056569
38067008
38146734
38251441
38371428
38406365
38447309
38492488
38530489
38582991
38601789
38677706
38807020
39080332
39160696
39398388
39553752
