10319462
10319478
10713423
10743333
10826799
10839969
10900825
10919838
10951204
10971582
11061033
11380698
11521056
11585096
11705470
11846016
11874892
11913588
11925757
11998363
12177347
12225590
12398299
12455703
12498596
12528453
12528454
12542694
12685890
12807198
12817783
12894685
14582791
14746055
15019112
15036532
15066331
15068843
15168753
15193075
15193081
15266599
15365868
15381275
15383149
15629918
15650082
15742693
15795081
15819175
15872282
15895932
15922095
15943062
15943064
15977554
15980362
16002193
16104465
16111239
16120253
16150261
16183176
16185353
16244061
16280160
16282606
16312243
16326044
16407786
16494766
16555483
16624729
16683046
16699155
16700707
16701067
16751560
16764710
16861668
16893616
16973115
16985288
17030918
17092893
17102800
17147151
17204998
17216421
17274283
17274860
17312715
17326961
17382493
17397343
17419438
17455806
17461260
17483059
17554438
17559693
17620175
17621441
17621554
17628200
17640776
17644718
17655184
17655198
17803512
17868919
17965114
17986622
18003799
18053568
18056918
18059568
18154077
18177205
18183441
18186183
18192789
18214194
18230187
18242149
18275803
18387139
18413292
18419800
18459300
18459309
18528860
18579410
18583165
18690086
18788681
18788682
18809562
18950965
18957667
18963600
18963601
18977610
19005152
19014099
19054633
19061263
19122217
19140022
19146896
19165738
19201821
19217221
19220335
19226931
19228359
19298458
19528151
19538456
19623256
19640395
19715775
19806147
19828268
19860250
20011707
20011708
20022906
20116048
20199760
20223261
20408419
20496604
20535664
20569487
20570064
20592139
20669788
20705727
20800518
20948172
20968157
20976071
21055877
21139871
21143842
21183672
21239044
21270000
21302762
21304914
21327061
21365920
21392323
21441521
21450942
21471346
21500640
21705611
21719838
21872782
21908306
22024723
22030889
22041215
22104141
22153301
22216179
22247372
22274411
22296995
22366134
22410569
22435204
22455539
22538796
22564212
22584046
22639928
22657931
22675091
22712774
22802315
22917583
22997762
23163026
23196208
23206592
23250373
23272358
23409434
23418012
23505699
23505721
23720088
23766231
23770778
23927984
23974932
24090976
24340964
24344509
24438089
24447326
24712176
24757809
24757810
24757814
25053874
25338969
25356332
25412551
25421836
25474263
25644327
25655612
25676418
25685800
25697709
25876597
25902021
25935794
25980749
26045070
26606755
26612043
26644869
26740867
26773441
26989205
27086148
27276986
28913776
29243991
29403654
29452667
29695389
30241455
30473450
30896398
31127977
32253059
33401725
33463503
33774629
34298992
34829415
35205754
35734579
36498822
36707280
36880236
36946051
36965253
37728867
37871570
39142030
921030
985806
1303688
1378251
1609475
1807246
1883294
2042158
2211307
2260264
2407704
2689411
2800787
2900989
3025566
3133769
3387681
3521407
3544465
3629940
3672827
3740621
3788002
3918685
4013041
6177720
6364542
6654724
6719789
6719790
7031284
7448582
7507199
7517111
7675399
8009798
8050975
8111531
8146443
8226238
8317762
8319548
8325072
8496387
8525102
8763272
8822057
8950425
8981349
9055966
9106964
9257434
9725174
10189192
10319462
10319478
10357102
10396235
10448994
10474515
10494398
10713423
10743333
10767264
10826799
10839969
10900825
10919838
10951204
10971582
11061033
11380698
11521056
11585096
11705470
11846016
11874892
11913588
11919013
11925757
11998363
12177347
12225590
12398299
12422525
12455703
12498596
12528453
12528454
12542694
12576242
12610104
12685890
12807198
12817783
12894685
14582791
14744376
14746055
15019112
15036532
15066331
15068843
15085509
15168753
15193075
15193081
15266599
15365868
15381275
15383149
15503681
15629918
15650082
15742693
15795081
15819175
15872282
15895932
15902672
15922095
15943062
15943063
15943064
15968003
15977554
15980362
16002193
16104465
16111239
16120253
16150261
16166588
16183176
16185353
16244061
16251283
16280160
16282606
16312243
16326044
16407786
16494766
16555483
16624729
16683046
16699155
16700707
16701067
16751560
16764710
16861668
16893616
16973115
16985288
17030918
17092893
17102800
17147151
17204998
17216421
17274283
17274860
17312715
17326961
17382493
17397343
17419438
17455806
17461260
17471326
17483059
17554438
17559693
17620175
17621441
17621554
17628200
17640776
17644718
17655184
17655198
17803512
17868919
17965114
17986622
18003799
18053568
18056918
18059568
18061259
18154077
18177205
18183441
18186183
18192789
18214194
18230187
18242149
18275803
18387139
18413292
18419800
18459300
18459309
18528860
18579410
18583165
18603383
18690086
18788681
18788682
18809562
18947944
18950965
18957667
18963600
18963601
18977610
19005152
19014099
19054633
19061263
19122217
19140022
19146896
19165738
19201821
19217221
19220335
19226931
19228359
19298458
19528151
19538456
19623256
19640395
19715775
19806147
19828268
19860250
20011707
20011708
20022906
20116048
20199760
20223261
20408419
20496604
20535664
20569487
20570064
20592139
20669788
20705727
20800518
20948172
20968157
20976071
21055877
21139871
21143842
21173126
21183672
21239044
21270000
21302762
21304914
21327059
21327061
21365920
21392323
21413294
21441521
21450942
21471346
21500640
21705611
21719838
21872782
21908306
22024723
22030889
22041215
22104141
22153301
22216179
22247372
22274411
22296995
22366134
22410569
22435204
22455539
22538796
22564212
22584046
22639928
22657931
22675091
22690809
22712774
22802266
22802315
22917583
22997762
23098816
23163026
23189195
23196208
23206592
23250373
23272358
23397847
23409434
23418012
23505699
23505721
23523029
23691148
23720088
23766231
23770778
23927984
23974932
24090976
24340964
24344509
24438089
24447326
24712176
24751478
24757809
24757810
24757814
25053874
25082204
25338969
25356332
25366416
25399111
25412551
25421836
25474263
25595025
25638671
25644327
25655612
25663344
25676418
25685800
25697709
25853998
25876597
25902021
25935794
25980749
26045070
26209015
26252769
26606755
26612043
26616600
26644869
26740867
26773441
26989205
27052378
27086148
27168325
27276986
28891690
28913776
29243991
29403654
29452667
29695389
30097797
30241455
30473450
30768887
30896398
31124608
31127977
31176395
31755895
31887111
32050885
32131753
32253059
32416138
32887370
33126635
33224510
33401725
33463503
33774629
33803059
33848596
34232184
34298992
34829415
35173712
35205754
35327112
35617977
35734579
36310873
36498822
36707280
36716634
36846017
36880236
36935208
36946051
36965253
37248517
37358200
37728867
37871570
37897717
38674603
39059574
39142030
39533545
