21392918
22900619
23222724
23297839
23405868
23435890
23675499
23763636
23878199
24037597
24152718
24224494
24232936
24377248
24428244
24548931
24586167
24650207
24673852
24682869
24695768
24742073
24762936
25038570
25115080
25128345
25219642
25487118
25496595
25569682
25732741
25825426
26077901
26275815
26286796
26300869
26337778
26347731
26655755
26894448
26945503
27065956
27130686
27148187
27198923
27208659
27403761
27442435
27496773
27727519
27742715
27989999
28127814
28194866
28217113
28262092
28377780
28400281
28428310
28553520
28631403
28654176
28703431
28710872
28733289
28801742
28871123
28990487
29138628
29151161
29170415
29237732
29339425
29423754
29426189
29484594
29487574
29553154
29754162
29797399
29808622
29853508
29930029
29965058
29998033
30088023
30101542
30121416
30128583
30155671
30227256
30294490
30299474
30318713
30366991
30454659
30461205
30465324
30504899
30533697
30533914
30576458
30642463
30683920
30825942
30868205
31423289
31491441
31558637
31600443
31642093
31666660
31781926
31844298
31929947
31957222
32009198
32017580
32023487
32065038
32079630
32093774
32213249
32240707
32269203
32289248
32299892
32439988
32538292
32601062
32607723
32661212
32670339
32852258
32879461
33043442
33057351
33257523
33273114
33446595
33447820
33468588
33498710
33634862
33660914
33869078
33939255
33947589
33963656
34015911
34054776
34101491
34108946
34158504
34190383
34220771
34340549
34342880
34347373
34351900
34361923
34389682
34421440
34435061
34631348
34655498
34683349
34683445
34684221
34778957
34788213
34806142
34822556
34845728
34986192
35044192
35050118
35069479
35208770
35273372
35297175
35416382
35456066
35470666
35742879
35862924
36008526
36014014
36016777
36057860
36087780
36107027
36123523
36136176
36464797
36483456
36501327
36569085
36579711
36583049
36656007
36722969
36749296
36791856
36840083
36894770
36986897
37029244
37093016
37101584
37137890
37141849
37169329
37188640
37275168
37311938
37357338
37374958
37493371
37553158
37650395
37770950
37800913
37838821
37938754
37947517
38096084
38097191
38143572
38146627
38206029
38224208
38249102
38256816
38381653
38463305
38470180
38516010
38545230
38546328
38568970
38592793
38778776
38839219
38874164
38891262
38904411
38959853
38970906
39023265
39086772
39126862
39148668
39185583
39235863
39254334
39273455
39277942
39338570
39341797
39409622
39444062
21392918
22900619
23222724
23297839
23405868
23435890
23675499
23763636
23878199
24037597
24152718
24224494
24232936
24377248
24428244
24548931
24586167
24650207
24673852
24682869
24695768
24742073
24762936
25038570
25115080
25128345
25219642
25487118
25496595
25569682
25732741
25825426
26077901
26275815
26286796
26300869
26337778
26347731
26655755
26894448
26945503
27065956
27130686
27148187
27198923
27208659
27403761
27442435
27496773
27727519
27742715
27989999
28127814
28194866
28217113
28262092
28377780
28400281
28428310
28553520
28631403
28654176
28703431
28710872
28733289
28801742
28871123
28990487
29138628
29151161
29170415
29237732
29339425
29423754
29426189
29484594
29487574
29553154
29754162
29797399
29808622
29853508
29930029
29965058
29998033
30088023
30101542
30121416
30128583
30155671
30227256
30294490
30299474
30318713
30366991
30454659
30461205
30465324
30504899
30533697
30533914
30576458
30642463
30683920
30825942
30868205
31423289
31491441
31558637
31600443
31642093
31666660
31781926
31844298
31929947
31957222
32009198
32017580
32023487
32065038
32079630
32093774
32213249
32240707
32269203
32289248
32299892
32439988
32538292
32601062
32607723
32661212
32670339
32852258
32879461
33043442
33057351
33257523
33273114
33446595
33447820
33468588
33498710
33634862
33660914
33869078
33939255
33947589
33963656
34015911
34054776
34101491
34108946
34158504
34190383
34220771
34340549
34342880
34347373
34351900
34361923
34389682
34421440
34435061
34631348
34655498
34683349
34683445
34684221
34778957
34788213
34806142
34822556
34845728
34986192
35044192
35050118
35069479
35208770
35273372
35297175
35416382
35456066
35470666
35742879
35862924
36008526
36014014
36016777
36057860
36087780
36107027
36123523
36136176
36464797
36483456
36501327
36569085
36579711
36583049
36656007
36722969
36749296
36791856
36840083
36894770
36986897
37029244
37093016
37101584
37137890
37141849
37169329
37188640
37275168
37311938
37357338
37374958
37493371
37553158
37650395
37770950
37800913
37838821
37938754
37947517
38096084
38097191
38143572
38146627
38206029
38224208
38249102
38256816
38381653
38463305
38470180
38516010
38545230
38546328
38568970
38592793
38778776
38839219
38874164
38891262
38904411
38959853
38970906
39023265
39086772
39126862
39148668
39185583
39235863
39254334
39273455
39277942
39338570
39341797
39409622
39444062
