1416893
1564314
1757566
1939593
2108992
7486917
7650179
7650204
7665675
7699030
7759823
7960141
7979308
7986009
8357252
8398626
8460927
8486958
8627044
8722538
8880532
9103648
9114380
9162046
9294159
9314469
9545431
9593155
9620381
9650934
9717513
9726992
9764390
9884489
9914304
9986863
10403095
10453484
10529874
10589729
10606146
10614607
10618129
10731599
10882701
10898139
11040427
11060051
11060057
11092850
11123476
11136798
11152305
11252326
11269371
11340524
11348009
11430498
11471142
11481291
11789720
11864101
11864182
11972701
11999113
12003982
12089042
12160178
12234834
12403118
12454168
12514010
12542250
12543923
12615874
12855232
12927720
12951241
14597003
14638478
14679448
14717590
14720498
14746539
14769469
15066777
15148842
15175270
15246503
15255347
15256029
15264193
15340653
15522003
15558273
15649336
16108802
16157551
16332762
16390951
16405692
16418983
16449449
16517630
16681903
16904805
16936913
16954258
16971033
17010464
17030911
17186667
17277227
17325446
17532190
17568849
17766449
17899464
17904095
17905540
17956420
18154320
18180067
18206763
18218748
18245252
18262299
18422952
18424548
18820960
19089554
19102629
19120623
19141035
19216682
19222538
19239547
19465250
19477606
19583456
19597392
19627479
19631958
19670074
19694552
19778344
19895650
20057078
20132375
20192964
20226556
20237442
20305980
20433865
20445331
20528943
20639015
20666168
20687351
20735478
20810144
20817645
20927283
20951513
21212141
21255649
21395627
21512668
21571624
21649462
22047499
22182471
22271629
22310536
22327586
22644346
22646722
22706514
23011950
23087032
23200647
23269456
23485245
23776782
23828012
23884205
24010630
24036261
24170324
24264136
24266667
24316522
24325647
24364338
24441167
24494806
24565851
24605454
24649503
24690374
24690637
24976587
25290581
25404550
25438128
25671838
25725116
25742979
25763038
25772302
26026404
26036911
26074889
26194421
26369590
26476945
26608763
26852209
26957873
26960635
26976844
26989419
26997202
27166215
27274980
27301252
27308888
27367648
27446044
27458718
27522429
27530845
27780292
27889157
27987112
27999002
28270110
28285496
28316009
28385565
28397040
28428300
28430425
28500123
28763660
29055593
29274469
29396199
29407252
29446057
29671807
29869437
29941917
30080119
30166138
30263378
30301312
30464559
30624665
30672596
30681640
30825701
30944535
31071353
31107150
31295559
31339483
31425831
31466981
31493916
31663834
31834656
31910839
32149028
32314089
32358872
32439672
32535063
32825632
33036349
33111503
33128833
33610638
33721202
33835673
33883117
33950673
34006246
34012328
34054760
34232463
34260809
34297779
34543338
34847725
34859085
34910146
34919037
35009036
35022998
35272633
35293513
35456876
35496342
35717576
36042142
36358303
36419287
36429175
36537057
36714353
36894979
36900089
37139282
37232550
37433981
37597112
37708608
37766704
37774634
37786852
37919410
38138184
38226032
38361537
38397563
38448824
38591043
38602465
38618721
38788497
38792783
38873884
38922015
39046670
39105749
39131516
39189722
39216259
39230275
39256682
39356407
39394659
39499489
39539468
1416893
1564314
1757566
1939593
2108992
7486917
7650179
7650204
7665675
7699030
7759823
7960141
7979308
7986009
8357252
8398626
8460927
8486958
8627044
8722538
8880532
9103648
9114380
9162046
9251710
9294159
9314469
9545431
9593155
9620381
9650934
9717513
9726992
9764390
9884489
9914304
9986863
10403095
10453484
10529874
10589729
10606146
10614607
10618129
10731599
10882701
10898139
11040427
11060051
11060057
11092850
11123476
11136798
11152305
11252326
11269371
11340524
11348009
11430498
11471142
11481291
11789720
11864101
11864182
11972701
11999113
12003982
12089042
12160178
12234834
12403118
12454168
12514010
12542250
12543923
12615874
12855232
12927720
12951241
14597003
14638478
14679448
14717590
14720498
14746539
14769469
15066777
15148842
15175270
15246503
15255347
15256029
15264193
15340653
15522003
15558273
15649336
16108802
16126561
16157551
16332762
16390951
16405692
16418983
16449449
16517630
16681903
16904805
16936913
16954258
16971033
17010464
17030911
17186667
17277227
17325446
17532190
17568849
17766449
17899464
17904095
17905540
17956420
18154320
18180067
18206763
18218748
18245252
18262299
18422952
18424548
18820960
19089554
19102629
19120623
19141035
19216682
19222538
19239547
19465250
19477606
19583456
19597392
19627479
19631958
19670074
19694552
19778344
19895650
20057078
20132375
20192964
20226556
20237442
20305980
20433865
20445331
20528943
20639015
20666168
20687351
20735478
20810144
20817645
20927283
20951513
21212141
21255649
21395627
21512668
21571624
21649462
22047499
22182471
22271629
22310536
22327586
22644346
22646722
22706514
23011950
23087032
23200647
23269456
23390911
23485245
23776782
23828012
23884205
24010630
24036261
24094380
24170324
24264136
24266667
24316522
24325647
24364338
24441167
24494806
24565851
24605454
24649503
24690374
24690637
24976587
25290581
25404550
25438128
25671838
25725116
25742979
25763038
25772302
26026404
26036911
26074889
26194421
26369590
26476945
26608763
26852209
26957873
26960635
26976844
26989419
26997202
27166215
27274980
27301252
27308888
27367648
27446044
27458718
27522429
27530845
27780292
27889157
27987112
27999002
28270110
28285496
28316009
28385565
28397040
28428300
28430425
28460943
28500123
28763660
29055593
29274469
29396199
29407252
29446057
29671807
29869437
29941917
30080119
30166138
30263378
30301312
30464559
30624665
30672596
30681640
30825701
30944535
31071353
31107150
31295559
31339483
31425831
31466981
31493916
31663834
31834656
31910839
32149028
32314089
32358872
32439672
32535063
32825632
33036349
33111503
33128833
33610638
33721202
33835673
33883117
33950673
34006246
34012328
34054760
34232463
34260809
34297779
34543338
34847725
34859085
34910146
34919037
35009036
35022998
35272633
35293513
35456876
35496342
35717576
36042142
36358303
36419287
36429175
36537057
36714353
36894979
36900089
37139282
37232550
37433981
37597112
37708608
37766704
37774634
37786852
37919410
38138184
38226032
38361537
38397563
38448824
38591043
38602465
38618721
38788497
38792783
38873884
38922015
39046670
39105749
39131516
39189722
39216259
39230275
39256682
39356407
39394659
39499489
39539468
