360830
393719
554008
632351
632360
660928
886012
1404142
1503874
1530619
1543511
1554834
1646026
1665239
1666159
1783637
1798067
1862776
1953827
1969437
2158973
2163634
2209169
2230043
2237562
2287060
2330480
2490403
2588089
2768442
2805715
2844743
2893333
2905368
3017925
3103930
3141473
3235669
3278052
3281982
3317727
3345263
3621776
3667915
3715491
3788350
3818105
3834609
3979021
4044804
5316576
6179961
6228562
6415331
6448581
6490857
6674551
6699141
6733072
6803396
6805314
6833473
6957084
6968842
7064475
7087800
7211679
7358838
7666025
7706206
8338833
8481378
8511996
8863408
8879782
8991439
9056938
9299526
9600061
9647763
9688077
9847526
10651522
10867232
11024288
11073750
11265630
11292799
11491321
11512448
11526136
11557478
11734883
11773088
11891518
12354883
12358600
12409373
12750959
12892129
12948761
12957932
14555458
14965775
15024624
15082906
15109415
15128530
15179604
15195220
15290133
15331267
15389476
15489427
15509615
15549289
15574949
15616282
15726578
15757335
15956444
15978693
15980369
15991478
16002239
16081224
16088586
16118676
16166666
16260111
16283217
16321892
16323802
16333608
16607657
16777495
16793350
16802093
16822636
16941180
16945159
16954289
17005812
17017128
17072536
17138001
17201829
17256617
17283625
17291567
17319602
17380356
17393202
17489210
17507509
17516103
17639586
17692788
17852927
17994675
18249097
18329785
18349376
18362192
18404448
18550747
18685005
18697478
18758832
18766782
18774598
18789623
18798037
18929602
19024606
19085075
19143351
19224271
19237238
19261796
19281752
19373499
19382143
19466343
19567344
19570210
19574243
19587299
19597652
19671719
19722651
19730091
19741077
19863886
19915871
19939747
20051759
20107101
20111864
20145932
20170019
20185933
20232473
20383767
20406297
20435577
20494781
20605846
20718037
20933405
20972648
21074197
21097610
21161332
21204940
21279730
21320595
21389595
21497041
21503249
21508821
21509476
21593259
21621347
21629191
21637989
21654921
21807978
21835703
21849686
21855331
21865764
21959012
22130566
22138990
22227988
22229574
22286410
22290947
22292429
22323886
22335615
22404460
22411874
22440828
22497718
22576403
22577105
22642644
22675125
22696401
22785192
22798095
22846334
22926720
22944724
23089757
23096549
23141756
23233851
23320273
23369306
23406585
23449384
23536401
23553615
23560788
23591084
23719852
23727271
23741407
23742802
23769270
23771548
23894309
23928025
23970185
24031358
24038696
24039244
24063345
24064077
24078591
24091525
24125695
24150240
24173027
24325336
24372375
24382467
24384664
24447780
24466294
24468270
24469405
24491492
24643218
24672175
24772108
24885029
24955054
24980571
25184430
25381650
25409584
25428613
25441256
25487802
25616526
25643274
25649412
25785528
25791931
25809238
25856407
25881770
25958995
25973735
25995646
26033796
26040022
26139304
26164684
26194831
26203598
26209313
26219073
26227609
26242786
26275277
26294635
26336026
26347234
26363885
26400790
26401445
26412052
26419382
26464607
26566537
26686149
26716681
26793447
26853320
26859493
26901701
26908262
26909788
26935636
26989957
27072033
27081123
27094846
27104016
27180244
27266625
27311898
27342812
27373279
27374622
27381397
27434277
27470246
27498677
27534136
27535588
27544979
27547203
27607933
27660099
27669904
27677788
27756240
27873565
27902206
28004373
28033847
28098548
28141585
28149253
28194876
28218002
28250627
28288714
28331426
28350622
28357512
28383665
28407432
28422870
28446570
28455785
28534862
28599639
28750627
28762125
28904413
28916147
28953600
28975472
29033922
29121069
29141102
29141235
29151525
29161571
29212977
29247243
29288646
29291642
29438823
29458861
29459431
29502257
29559421
29599760
29605637
29649588
29656256
29687314
29688828
29769279
29777836
29802257
29806765
29872607
29895453
29968036
30009245
30016231
30021738
30105450
30217850
30342335
30425689
30567079
30620748
30691200
30701285
30724838
30886770
30892650
31016143
31102385
31164466
31285233
31396394
31661759
31698691
31738341
31798552
31832429
31836888
31867530
31897726
31973169
31973583
32066012
32114219
32168238
32169497
32213361
32240707
32246284
32251430
32366575
32431824
32467264
32525087
32534046
32553532
32566630
32592387
32667877
32681120
32683476
32684338
32747617
32816722
32857857
32864382
32871970
32889310
33013789
33033853
33072469
33133562
33160784
33186423
33211640
33234409
33262957
33313656
33417231
33430044
33446599
33447816
33466377
33472899
33549143
33549660
33654282
33671749
33673419
33693586
33734873
33747553
33766786
33808547
33887423
33896603
33913111
33919046
34077286
34084788
34184916
34212524
34223092
34263392
34292148
34298992
34333164
34346714
34356783
34442021
34529112
34680757
34716390
34768003
34800484
34962587
34965085
35029278
35073772
35186980
35208874
35307473
35326774
35353289
35418957
35423227
35579429
35587447
35697209
35698179
35703524
35782124
35849190
35856670
35899213
36014437
36074236
36280620
36290326
36338055
36344073
36359406
36378596
36401227
36434296
36438051
36551343
36567375
36593975
36625029
36748565
36757342
36801800
36834512
36934050
36951922
36967599
36985361
37064967
37107147
37255468
37275168
37284754
37310234
37348445
37422431
37493732
37505441
37520812
37551224
37632008
37660098
37699265
37711693
37776417
37816810
37871442
37889011
37909491
37909751
37936065
37971240
37974335
38016224
38100672
38104390
38164897
38195188
38240988
38252000
38280761
38287954
38309660
38315029
38345542
38348183
38367073
38399800
38415099
38500653
38538852
38565003
38619303
38684545
38698950
38747599
38776850
38813263
38833797
38904883
38912345
38962977
38964391
38978903
39015928
39068468
39069673
39179975
39260724
39278894
39347123
39369611
39396796
39462602
