1319402
1327954
1339408
1351484
1382259
1383157
1388259
1398940
1408350
1448621
1479886
1500195
1503433
1530927
1534326
1563781
1671775
1716611
1729194
1838470
1851801
1864989
1879920
1894364
1945494
1987074
2125215
2172340
2182544
2228239
2254435
2276164
2387635
7483795
7512095
7523468
7531664
7537076
7543122
7560386
7567067
7591096
7591151
7597109
7624334
7665480
7689539
7704482
7723662
7728832
7729891
7786231
7796956
7822045
7850844
7867050
7891560
7903442
7926661
7927711
7945017
7960097
7998415
8012603
8054717
8106316
8168983
8188339
8224794
8226418
8265207
8274002
8331080
8335350
8396094
8406828
8407809
8432594
8432618
8510979
8519477
8519479
8526808
8550211
8550445
8550516
8559806
8574134
8581164
8586195
8586198
8586204
8598265
8602340
8635755
8724136
8733238
8751938
8807795
8824637
8824638
8827800
8878047
8890225
8899979
8926080
8926089
8934987
8945555
8945600
8953725
8955674
8985198
9060152
9063645
9082145
9141688
9143100
9150204
9169762
9172373
9188798
9202480
9206377
9206406
9206433
9227131
9227133
9276413
9284148
9299501
9302739
9331737
9331738
9393793
9393794
9393810
9421474
9435058
9440518
9467905
9484886
9491503
9511068
9511752
9513267
9526609
9560258
9596721
9611797
9631548
9673260
9687113
9705210
9745120
9746559
9777582
9782505
9807121
9845334
9864226
9872752
9882576
9916666
10024603
10030002
10092381
10093536
10096451
10195755
10204478
10204479
10206330
10222264
10225909
10322009
10413668
10417138
10477566
10517614
10518044
10525453
10525836
10529529
10551169
10555340
10565935
10569775
10576703
10590278
10599905
10612725
10639444
10653715
10658650
10669085
10671461
10678908
10678948
10681361
10685049
10716621
10722577
10735875
10754241
10768934
10769165
10802139
10833403
10872681
10895689
10899901
10906265
10931896
10966431
10991863
10998166
11017043
11029696
11034118
11035744
11035959
11037755
11054158
11073323
11083792
11119491
11128556
11137293
11154404
11154426
11158344
11159952
11179653
11207605
11228363
11230417
11240861
11264282
11269731
11269866
11292708
11312616
11319933
11320138
11320140
11330713
11342544
11344161
11375658
11383630
11425466
11425469
11429938
11464916
11482724
11500422
11500427
11500450
11500457
11513092
11545273
11553598
11555311
11598045
11598080
11697905
11700356
11705927
11796618
11799279
11807057
11848189
11854202
11860552
11860553
11878769
11878770
11880397
11895932
11929558
11953386
11959433
12009188
12009273
12010500
12023090
12030970
12055283
12055284
12064220
12097434
12113927
12131211
12165549
12200273
12202549
12228300
12368459
12379719
12406748
12427950
12440086
12486064
12535082
12624202
12654102
12700268
12704106
12753469
12754239
12808082
12820796
12821813
12874358
12883111
12897005
12923517
12949094
12949189
12959402
13129437
14532070
14563858
14614067
14617182
14688115
14729688
14744152
14977937
15049820
15060059
15120723
15155656
15178426
15205427
15213130
15240317
15271944
15294787
15347290
15358413
15381723
15388949
15465260
15477649
15488735
15489421
15491466
15496384
15501784
15533044
15533045
15546975
15576767
15632435
15640209
15651989
15664976
15720563
15720574
15766873
15784568
15784571
15784582
15811059
15819895
15901716
15908361
15972485
16037782
16113509
16162144
16164562
16177339
16194227
16212547
16216437
16313630
16333343
16369032
16388038
16428398
16495569
16556225
16585650
16595638
16595685
16622213
16622239
16684098
16699568
16707704
16714542
16723545
16829218
16861665
16879454
16907740
16922925
16923784
16934112
16940141
16952957
16960116
16965359
16988253
17000738
17000741
17012395
17028271
17038048
17069618
17081198
17087816
17166223
17259620
17275778
17277052
17307939
17308176
17325219
17327292
17369296
17420241
17502405
17535300
17538652
17586632
17593303
17720781
17893126
17904095
17961499
17999969
18048922
18065546
18165200
18223108
18237743
18255158
18279181
18303023
18359813
18380804
18384349
18385459
18402602
18402612
18421950
18436036
18441055
18462386
18477431
18479886
18535638
18544071
18552126
18552185
18573179
18582334
18582996
18597615
18621893
18655136
18656529
18678668
18678669
18725436
18768217
18785881
18805978
18832303
18838521
18927421
18948236
18952131
18992359
19016980
19041936
19055116
19118357
19121071
19202081
19239644
19278720
19278729
19284500
19303274
19363114
19383683
19388092
19454014
19528215
19542285
19545893
19552711
19567313
19567326
19574647
19584106
19609934
19661180
19671172
19684069
19684131
19696103
19702956
19749049
19783634
19795834
19828891
19832805
19858257
19884334
19945415
20003938
20023085
20096064
20138058
20193062
20219537
20225702
20233933
20482622
20487027
20497507
20555421
20562303
20660674
20673869
20709785
20714350
20717785
20800634
20805332
20807195
20826648
20832422
20878986
20978019
21040514
21041492
21045307
21054741
21071690
21088146
21115738
21143321
21180676
21193474
21193663
21210764
21214874
21239541
21282623
21311610
21321073
21332347
21333271
21402858
21410565
21421785
21439550
21450519
21459369
21478346
21483753
21523207
21531800
21545698
21546583
21565931
21567120
21571883
21602218
21765814
21782779
21864643
21894502
21906807
21920706
21984796
22006240
22010579
22037441
22053963
22053966
22104105
22110637
22123253
22218085
22221039
22247133
22266273
22314314
22318895
22341068
22357661
22388693
22394467
22414835
22431892
22445846
22467158
22484285
22493304
22526889
22552295
22609749
22654116
22660715
22735847
22759312
22759313
22817758
22848782
22860513
22885294
22887906
22908534
22928378
22963456
22974507
22989070
23014079
23034423
23052149
23174631
23194417
23204472
23228255
23278289
23289803
23300185
23316996
23402509
23403993
23413785
23413817
23421335
23429078
23443163
23529774
23615907
23637459
23638042
23647321
23673081
23691093
23727707
23734737
23737265
23823757
23856340
23890177
23934493
23953738
23990300
24067066
24098460
24100551
24111689
24112724
24136279
24136582
24391362
24397790
24473989
24490004
24603299
24607635
24610586
24621259
24642751
24707190
24730462
24736223
24770899
24778902
24811194
24825893
24862495
24880721
24881929
24899524
24918040
24923446
24985210
25060652
25068724
25086177
25107981
25155235
25175558
25217021
25230392
25272151
25280752
25312949
25332379
25372402
25405004
25408685
25422124
25427911
25440509
25474103
25505189
25605983
25616316
25620959
25624330
25665430
25710466
25715378
25727734
25739638
25807064
25813147
25845378
25855127
25872305
25897780
25917902
25965671
26002941
26011655
26025889
26030618
26042999
26044992
26059477
26085091
26119252
26122309
26123234
26156675
26172346
26172471
26210284
26229070
26232503
26264944
26280461
26319990
26363269
26395460
26447754
26527641
26549775
26571378
26606595
26639759
26655396
26772652
26801579
26826230
26863404
26875613
26884191
26893427
26949095
26988714
27000771
27013051
27037304
27051147
27062990
27063112
27084009
27089303
27101147
27161116
27180251
27194631
27242712
27303745
27316318
27316966
27316967
27350615
27353758
27366188
27371109
27455031
27498608
27531913
27548255
27551046
27604147
27616700
27647373
27687969
27722787
27736784
27769678
27835845
27837345
27846284
27920201
27973608
27993975
28003605
28038357
28083890
28158402
28167145
28167518
28173636
28187188
28208793
28253369
28293219
28306365
28341674
28394940
28408901
28414782
28485524
28571487
28592797
28613833
28621325
28645637
28668766
28678838
28681361
28681819
28709393
28736072
28755761
28772391
28773004
28778894
28790818
28797211
28810984
28827841
28874750
28898513
28920437
28924191
28942757
28946780
28947649
28956355
28963931
28978355
29022550
29025642
29079629
29139600
29223024
29229734
29258070
29279572
29279769
29280076
29284195
29287980
29306533
29332888
29355416
29355570
29378884
29434779
29444502
29462788
29547886
29566082
29615732
29626108
29632089
29649915
29661931
29669961
29685986
29736391
29796594
29847019
29866990
29908228
29910954
29998833
30026515
30074166
30152021
30170019
30176521
30192020
30206067
30219060
30242260
30261443
30298683
30329223
30338752
30341079
30359695
30407731
30414445
30423355
30423744
30506795
30514759
30563297
30620866
30642895
30674068
30681069
30690103
30721795
30755946
30800673
30804044
30825340
30843785
30858201
30877119
30881614
30944162
30945040
30957972
30971493
30976184
31028534
31064885
31074693
31101614
31113978
31151195
31189796
31204648
31213561
31233555
31257792
31280738
31337813
31344394
31349973
31396996
31413280
31452954
31462657
31516475
31551334
31588312
31610092
31616604
31663323
31666625
31681200
31775309
31801844
31861863
31861956
31865599
31906541
31913843
31932035
31981541
31988475
32039149
32066773
32079472
32084213
32091956
32096497
32111586
32172164
32179736
32183522
32185907
32197054
32229583
32246565
32342037
32370286
32504487
32532033
32563521
32580572
32600095
32664528
32733820
32759336
32769277
32823609
32825310
32847029
32847685
32853527
32882864
32910185
32928109
32933157
32940001
32953986
32961960
32967071
32983143
33010501
33020355
33063478
33088074
33096404
33097515
33102940
33106345
33124948
33153344
33155101
33203752
33238885
33255499
33274224
33274409
33327403
33329035
33384382
33427222
33488963
33491375
33511211
33553813
33583397
33625248
33641917
33687301
33715113
33731837
33735629
33757530
33813017
33834674
33854741
33860563
33868212
33927461
34008526
34035029
34057340
34087262
34207470
34293645
34294791
34335522
34359504
34447490
34459483
34469191
34473090
34494675
34554489
34564305
34577061
34673216
34683474
34683666
34696394
34714925
34721337
34740368
34775269
34783072
34804997
34805002
34815486
34853678
34865199
34867884
34869341
34874583
34876793
34897974
34919191
34925293
34928970
34946084
34977577
35007154
35067836
35071038
35099275
35109820
35182778
35224543
35244980
35288286
35300420
35307476
35328748
35377225
35448696
35456739
35506689
35546602
35563501
35573793
35575504
35600163
35606751
35621538
35652671
35690993
35695569
35740158
35740160
35758758
35852319
36033899
36044698
36114681
36127658
36156446
36159653
36198670
36270969
36288629
36339338
36350830
36355628
36363705
36369979
36416468
36464290
36468477
36468868
36508003
36508189
36509765
36562459
36569694
36570976
36595860
36602308
36688378
36742284
36748501
36764670
36779415
36871005
36912614
36931530
36977666
36994247
37019744
37042761
37056772
37080530
37093065
37123448
37142775
37170476
37174285
37209593
37234653
37258161
37289416
37306639
37497744
37572051
37602931
37627665
37646908
37661243
37680743
37690227
37764938
37768099
37866578
37877656
37896178
37901840
37947038
37951751
37982253
37999618
38003281
38051055
38056343
38128820
38132405
38135272
38169981
38172063
38264580
38278767
38288530
38289043
38299814
38376204
38428715
38435526
38599427
38619146
38624207
38658078
38668368
38744329
38768706
38779563
38809132
38825451
38847000
38877601
38886035
38892405
38918777
38930439
39015311
39053792
39056703
39125663
39132685
39158270
39218399
39248462
39258251
39261358
39267862
39269155
39305321
39435187
39438255
39452709
39475248
39493152
39515823
39526776
39527605
39581435
