8657018
8979363
9171411
9304858
9352919
9371457
9383151
9390420
9393445
9393701
9406418
9422588
9480012
9484898
9573161
9612953
9618447
9632252
9633641
9650298
9654138
9705403
9762899
9781876
9797321
9805399
9835583
9859644
9922236
9987125
10049932
10224018
10331270
10347013
10377997
10390877
10395461
10403415
10430949
10446714
10469131
10473407
10478481
10594359
10656580
10707351
10714988
10727842
10792714
10792715
10794141
10811621
10877778
10878132
10913109
10966449
11059492
11069661
11073909
11121751
11164589
11164602
11249017
11321101
11370759
11370877
11371523
11444945
11489189
11524130
11525979
11525989
11557147
11570279
11683466
11701844
11701856
11705263
11733083
11737779
11739754
11750764
11823852
11827206
11842188
11846772
11876423
11891250
11944345
11990489
12027884
12037607
12046592
12089013
12089053
12147758
12153735
12190019
12223295
12234348
12406219
12437304
12458167
12514059
12529862
12580284
12581354
12596008
12664545
12668775
12697060
12698787
12730390
12732625
12744516
12788974
12795379
12799000
12829276
12890023
12902278
12926559
12927022
14500017
14617092
14660373
14684153
14706841
14729210
14969530
15023939
15060033
15100997
15101976
15195951
15195952
15225308
15256572
15283662
15305614
15341645
15467784
15476972
15490560
15522073
15547261
15557647
15597743
15604719
15618642
15621426
15640181
15640216
15719238
15725658
15755957
15758243
15774889
15784982
15811321
15869847
15910748
15923179
15998304
16102597
16133102
16146526
16151087
16151200
16167764
16190619
16199005
16245857
16245870
16250457
16259015
16269713
16313625
16391116
16403014
16404955
16436433
16478049
16529380
16535550
16546149
16614830
16629751
16672623
16735739
16753033
16762477
16768446
16776293
16788199
16796688
16838787
16858580
16903354
16933989
16937017
16968291
16983093
17073299
17085551
17158620
17160455
17189443
17251204
17302166
17304617
17313167
17337552
17351116
17400465
17432579
17436642
17468277
17468289
17557818
17584461
17601614
17601784
17618086
17660427
17720825
17827325
17873071
17890323
17957239
17961481
17961482
17965167
17965181
17989054
18050277
18092459
18157700
18215132
18215630
18228022
18239430
18252700
18262507
18301771
18333457
18355298
18445480
18509654
18596930
18597110
18613725
18631174
18641146
18662313
18663920
18669819
18700822
18700830
18702671
18705885
18708476
18838186
18943162
18943195
18943214
18943239
18943377
18943517
18943629
18943743
18943764
18943853
18943977
18943982
18944096
18944225
18944335
18944650
18944680
18944747
18944778
18944885
18944947
18944952
18944956
18945028
18952798
18957611
19018999
19059619
19060134
19076721
19089824
19138710
19144559
19161349
19168386
19183874
19201615
19233247
19242532
19301746
19304791
19348572
19406897
19426552
19470092
19482482
19486215
19493968
19502401
19519800
19522559
19572540
19602544
19671009
19671014
19719697
19740025
19767847
19780955
19826224
19830761
19934523
19938594
19960250
19966019
20008073
20034649
20064065
20084095
20106526
20118241
20118275
20121447
20128693
20129100
20134252
20238261
20411705
20412629
20447285
20467813
20496099
20499639
20550686
20569316
20572964
20578978
20615115
20626661
20650643
20672871
20673287
20687809
20695894
20697739
20717661
20795852
20824208
20851983
20870795
20890096
21035394
21054700
21091602
21093281
21124938
21178073
21190441
21204873
21233168
21241356
21253019
21261469
21298396
21304596
21328956
21335458
21367611
21398258
21416454
21421761
21439480
21453432
21482530
21498752
21538255
21558699
21558727
21576858
21585268
21594675
21597961
21685279
21687758
21710203
21724891
21764962
21786137
21802603
21803891
21864046
21899389
21902695
21931687
21936660
21953179
21994922
22050636
22085298
22094345
22117168
22118660
22122329
22168446
22170069
22194290
22200550
22208183
22286995
22291005
22352303
22361469
22385216
22391971
22414437
22418084
22428894
22432714
22437662
22439565
22442420
22483270
22493596
22496658
22506916
22526784
22533876
22535929
22536896
22542247
22558318
22559068
22609750
22615832
22616992
22645554
22648372
22648474
22672649
22685082
22712584
22729825
22805811
22805950
22807564
22830310
22847334
22847637
22930132
22934631
22957819
22967979
22978675
22994555
23056230
23057972
23071630
23120981
23136519
23144389
23201563
23201730
23221522
23234403
23257909
23300258
23350560
23371799
23376194
23381872
23394943
23402603
23426010
23516837
23518587
23519159
23519834
23532156
23541511
23558008
23575141
23617636
23638965
23660661
23661471
23678806
23692030
23696664
23704782
23716048
23718203
23720961
23723974
23788648
23790487
23819471
23837543
23844212
23855446
23877246
23887499
23889215
23892739
23912850
23937425
23943343
23951354
23956415
23957843
23980654
24031219
24031670
24032447
24064917
24073238
24106142
24121643
24151583
24187521
24192368
24204365
24281716
24283538
24283938
24312090
24312634
24313381
24314259
24325235
24337818
24356823
24363343
24405562
24490928
24505441
24512921
24527448
24558246
24580105
24584461
24607590
24619102
24625029
24625323
24632400
24660753
24663688
24725348
24745046
24747610
24763488
24801606
24840508
24845602
24848275
24848276
24853578
24874667
24880553
24889125
24908509
24938767
24940878
24944341
24947605
24962730
24963298
24965864
24972114
25000727
25033087
25068202
25086002
25095373
25105803
25127615
25129950
25144372
25151825
25173868
25181317
25195247
25237727
25250839
25284202
25288966
25288967
25289016
25296177
25322261
25340333
25355464
25408775
25423265
25447164
25481772
25482800
25485176
25538193
25539004
25559667
25563889
25566289
25580768
25583240
25619754
25640613
25670925
25710204
25714547
25732741
25741765
25743192
25744164
25762345
25763492
25769835
25784703
25792831
25811378
25830639
25852679
25856195
25873659
25880642
25888333
25911229
25913707
25917599
25926818
25972849
26000483
26040797
26080741
26148178
26150828
26188395
26272559
26276117
26300048
26302834
26305336
26307771
26360813
26368514
26400552
26426354
26430032
26441225
26442050
26442088
26445498
26469746
26481363
26490537
26494208
26499972
26526151
26531228
26539048
26542819
26562991
26569197
26572322
26575767
26588432
26606869
26609568
26620535
26637540
26645956
26659655
26665598
26671682
26718404
26732647
26738601
26750751
26751786
26756827
26788428
26810264
26823466
26823572
26830494
26832217
26845253
26849672
26869849
26876282
26876453
26889112
26889116
26901487
26905275
26927047
26928570
26936828
26943626
26990325
26991236
26992550
26993531
27007362
27053225
27062817
27067079
27070570
27073091
27081126
27081857
27103342
27126073
27155428
27168969
27183998
27198630
27215971
27242882
27257085
27294898
27298597
27311738
27329752
27335353
27336156
27366913
27381335
27387368
27402488
27438958
27441892
27446033
27446132
27480266
27502285
27513990
27541336
27551287
27555496
27582755
27587300
27595587
27616453
27646210
27664728
27718329
27721697
27732672
27768829
27770459
27775575
27793102
27833603
27834875
27911943
27914543
27925169
27965449
28003195
28041840
28042864
28045451
28057749
28061799
28068029
28083961
28091587
28112595
28116815
28119513
28154495
28181116
28197157
28229529
28252830
28264910
28277970
28319994
28324289
28324470
28336973
28373879
28382041
28385834
28450872
28484483
28487678
28502968
28535261
28553301
28558918
28580001
28581342
28582661
28585092
28596403
28596774
28600390
28620361
28642776
28659872
28687734
28690607
28694803
28704411
28708051
28713361
28722830
28737762
28742863
28746990
28753290
28768498
28769942
28769944
28785275
28824668
28840786
28840788
28843708
28846435
28847494
28851207
28864820
28868644
28878784
28879615
28894453
28912315
28920144
28929273
28934297
28951474
28955357
28955375
28965163
28983002
28984476
29033958
29074427
29075251
29075272
29077245
29081539
29084417
29086886
29093727
29104166
29126952
29151648
29153016
29163615
29163618
29168148
29170025
29182472
29182847
29184542
29187707
29201034
29207338
29215193
29265643
29284134
29288456
29288457
29288458
29297963
29312189
29312394
29351264
29354148
29363870
29368216
29370090
29379078
29379515
29407418
29408557
29422785
29424268
29446102
29486275
29508931
29523767
29523968
29529326
29531357
29551211
29560253
29574502
29582609
29600613
29608272
29614367
29617100
29654374
29660239
29662468
29666325
29683552
29691629
29738468
29747470
29777834
29789359
29791775
29808346
29812892
29852076
29891837
29892946
29897926
29922237
29923802
29938804
29941188
29950675
29951047
30013282
30050508
30062690
30073750
30084252
30097370
30120864
30126218
30158424
30165674
30166577
30169791
30172295
30172306
30177945
30187144
30187736
30192708
30201878
30208566
30237790
30240339
30244289
30248904
30250259
30251378
30295674
30296643
30312504
30316164
30358043
30363126
30386789
30427920
30480846
30499216
30499228
30500990
30501066
30533677
30540527
30545635
30558233
30563178
30565199
30590917
30621133
30621587
30638070
30649526
30654746
30673454
30681918
30682942
30686189
30687821
30688589
30688609
30689124
30694152
30695062
30699601
30699705
30699747
30706640
30708449
30708646
30708756
30716836
30722138
30722389
30722600
30727051
30727060
30727062
30727209
30727366
30727520
30731700
30731804
30731978
30732071
30734556
30743442
30747272
30754232
30754264
30754476
30754584
30754671
30764173
30764299
30766525
30767622
30769704
30769720
30769749
30780392
30780512
30780526
30780668
30781004
30781242
30786634
30791289
30795428
30795429
30801730
30809210
30812550
30812591
30812790
30812984
30818560
30823998
30831840
30831858
30837978
30841279
30845433
30857073
30868815
30895864
30902458
30912302
30918747
30930881
30958087
30958971
30963908
31001913
31003986
31039081
31041758
31087470
31118481
31140930
31173088
31208326
31209989
31214785
31218811
31246411
31247257
31272278
31388204
31392803
31416118
31419003
31451996
31474968
31481859
31492736
31504451
31504466
31513382
31533290
31533424
31560834
31567040
31579561
31587071
31591309
31628081
31654443
31657554
31665666
31686149
31739260
31765286
31771239
31792408
31795135
31798671
31835630
31863800
31866979
31877189
31878275
31882301
31882824
31902730
31906487
31915570
31921261
31932662
31948763
31952549
31956780
31973849
31988623
31992622
31994983
31998244
32017553
32023150
32088390
32089660
32093424
32121616
32127034
32132161
32148008
32156048
32156794
32181313
32182971
32183439
32196936
32204419
32209000
32210028
32211785
32213970
32221330
32225152
32240065
32240066
32241620
32248611
32285606
32290811
32293273
32316375
32330023
32343804
32349319
32351796
32365643
32367442
32379020
32382765
32393858
32401153
32412590
32454004
32455648
32457502
32467281
32471167
32481030
32484353
32497966
32502949
32508782
32508788
32539679
32545368
32549351
32567386
32581658
32599676
32606030
32626235
32647256
32656057
32666195
32692280
32718347
32719415
32720880
32720981
32724109
32724132
32733410
32734846
32735848
32739402
32749521
32749925
32755371
32770627
32772129
32788894
32803061
32849353
32849714
32849735
32880963
32914940
32942673
32945739
32955625
32967338
32973716
32976518
32991707
33001313
33025726
33028974
33036284
33042038
33046561
33052451
33082728
33088202
33096943
33112588
33113847
33151139
33151622
33156891
33172253
33175669
33233849
33236906
33237661
33262418
33270191
33290390
33294133
33306125
33309970
33324354
33332146
33352827
33361767
33367244
33384897
33387023
33389783
33404423
33423351
33424162
33458736
33475698
33487004
33498890
33507097
33509989
33513023
33514837
33519860
33524179
33547690
33551698
33555219
33579086
33594109
33596110
33613462
33620442
33626339
33630689
33656355
33668965
33674848
33686106
33691198
33720750
33732446
33750302
33771635
33822646
33835234
33838704
33839507
33841370
33846334
33874906
33876545
33881922
33902863
33905518
33911932
33914513
33922577
33940211
33951075
33959142
33964418
33965508
34017321
34031470
34044780
34059659
34064647
34072620
34073690
34143620
34144052
34145331
34159725
34174659
34205226
34232701
34236213
34251090
34255407
34273342
34295316
34301354
34301356
34305845
34325661
34346759
34367225
34373368
34374557
34395814
34404410
34412592
34414026
34421853
34448170
34448172
34453871
34456935
34458410
34463342
34463860
34466097
34491099
34520338
34532529
34541051
34541063
34548514
34552573
34557947
34570959
34576842
34576877
34596677
34597146
34603354
34604716
34636662
34638807
34645811
34646257
34655339
34668403
34671104
34681713
34683444
34685934
34697685
34709726
34719088
34726495
34762142
34769521
34778967
34779690
34782825
34802533
34813299
34817662
34841151
34854082
34866997
34868145
34880132
34897249
34920259
34932137
34939305
34960808
34962417
34970284
34978271
35008839
35011455
35033123
35043174
35043960
35048129
35056613
35059781
35064994
35068601
35069661
35077670
35112429
35120460
35122373
35135193
35152435
35183686
35189497
35197943
35200327
35204287
35212480
35215777
35226664
35229228
35229649
35235767
35254141
35269798
35273586
35297758
35336205
35336608
35344085
35344272
35377234
35395909
35425445
35456410
35456841
35469423
35476629
35478286
35491968
35492651
35493878
35495684
35514467
35517062
35517271
35518060
35522048
35529063
35531193
35531227
35536029
35558044
35566383
35569105
35576789
35589778
35597445
35602040
35603031
35614320
35616707
35617422
35636254
35666543
35670995
35678053
35678057
35696807
35712573
35722283
35736702
35742935
35743285
35767115
35778946
35793151
35800334
35805970
35834130
35869387
35876567
35881507
35887330
35889976
35892189
35893565
35898902
35906255
35910601
35913211
35938320
35948743
35957683
35962419
35979185
36009798
36009986
36029971
36051479
36053816
36053873
36055574
36064743
36071213
36072670
36077125
36079605
36081807
36090119
36094814
36097128
36098171
36098526
36106083
36123439
36137083
36144416
36162325
36177460
36186038
36194500
36199029
36204053
36212838
36213953
36224162
36265145
36292698
36292726
36305241
36311066
36314733
36314808
36361540
36366529
36399027
36406638
36420169
36427093
36432873
36444142
36452092
36453936
36456681
36466249
36467273
36469480
36481328
36503199
36513189
36515552
36517876
36526528
36538096
36550145
36557756
36572973
36602304
36622890
36626790
36628472
36630871
36635489
36645655
36647448
36678085
36683960
36684803
36687045
36687575
36688649
36688670
36688926
36691282
36703574
36721270
36722969
36733596
36744950
36749297
36774417
36778883
36792066
36804855
36809029
36811556
36833455
36834682
36835470
36838445
36839497
36844060
36846751
36847548
36894216
36899129
36902121
36909396
36909411
36912616
36912695
36931327
36937141
36938007
36977631
36991339
36994774
37002541
37032877
37043528
37067626
37086267
37098653
37100321
37100406
37102724
37110377
37112822
37115313
37125915
37129504
37137399
37154802
37180250
37191942
37206055
37207494
37209081
37213684
37233229
37239871
37240728
37248633
37254098
37256487
37275133
37278116
37284238
37293211
37295756
37298706
37310613
37313419
37314405
37334181
37340074
37341493
37343915
37349986
37350187
37367297
37372350
37373522
37375037
37383731
37383816
37389335
37399651
37404365
37418668
37432122
37439699
37442803
37453305
37457350
37458734
37458850
37467134
37493371
37495619
37506349
37512962
37515761
37523467
37524889
37563832
37564063
37570980
37572894
37583517
37612794
37614094
37628673
37635940
37663485
37676439
37680359
37692391
37706503
37708309
37709224
37731919
37738430
37755511
37765372
37779998
37787568
37792269
37799610
37817490
37840725
37843648
37846613
37868314
37870975
37877898
37878074
37896064
37897604
37899126
37935911
37938685
37953228
37966217
37977141
37979870
37992525
37996405
38011680
38047027
38051256
38057713
38096788
38100672
38113281
38132776
38134025
38150324
38166535
38167266
38173269
38194006
38199265
38202622
38203354
38211840
38213926
38213930
38214488
38225096
38229154
38230438
38231250
38232827
38239808
38256773
38257199
38271178
38273989
38280370
38290003
38294216
38311656
38313526
38315525
38317834
38326943
38333730
38334837
38337897
38349678
38362085
38362503
38365347
38366362
38373891
38378471
38383669
38402727
38406566
38407487
38427684
38428471
38434434
38450864
38491989
38492820
38493971
38498460
38499975
38515036
38523447
38525025
38528852
38543498
38550868
38564115
38568199
38573326
38573829
38592886
38613135
38647454
38674727
38687570
38690890
38691455
38725461
38725679
38743980
38750062
38751839
38777241
38780276
38794360
38797110
38805410
38822833
38853241
38877712
38878988
38896914
38904979
38917469
38921442
38924759
38970011
38978715
38999615
39012150
39055957
39065132
39068748
39099210
39108578
39110591
39110612
39124199
39129060
39132878
39143817
39145736
39149212
39169068
39186006
39191402
39204621
39208035
39214231
39247796
39247859
39247881
39253785
39283922
39304811
39317859
39325738
39339527
39342390
39360931
39384943
39385378
39395991
39397304
39411435
39450543
39468636
39472002
39482582
39499227
39503080
39505041
39529754
39535787
39538293
39539110
39556922
39562505
39571049
39577583
39582424
39586551
39589656
39596673
39597634
39604853
8657018
8979363
9171411
9304858
9352919
9371457
9383151
9390420
9393445
9393701
9406418
9422588
9480012
9484898
9573161
9612953
9618447
9632252
9633641
9650298
9654138
9705403
9762899
9781876
9797321
9805399
9835583
9859644
9922236
9987125
10049932
10224018
10331270
10347013
10377997
10390877
10395461
10403415
10430949
10446714
10469131
10473407
10478481
10594359
10656580
10707351
10714988
10727842
10792714
10792715
10794141
10811621
10877778
10878132
10913109
10966449
11059492
11069661
11073909
11121751
11164589
11164602
11249017
11321101
11370759
11370877
11371523
11444945
11489189
11524130
11525979
11525989
11557147
11570279
11683466
11701844
11701856
11705263
11733083
11737779
11739754
11750764
11823852
11827206
11842188
11846772
11876423
11891250
11944345
11990489
12027884
12037607
12046592
12089013
12089053
12147758
12153735
12190019
12223295
12234348
12406219
12437304
12458167
12514059
12529862
12580284
12581354
12596008
12664545
12668775
12697060
12698787
12730390
12732625
12744516
12788974
12795379
12799000
12829276
12890023
12902278
12926559
12927022
14500017
14617092
14660373
14684153
14706841
14729210
14969530
15023939
15060033
15100997
15101976
15195951
15195952
15225308
15256572
15283662
15305614
15341645
15467784
15476972
15490560
15522073
15547261
15557647
15597743
15604719
15618642
15621426
15640181
15640216
15719238
15725658
15755957
15758243
15774889
15784982
15811321
15869847
15910748
15923179
15998304
16102597
16133102
16146526
16151087
16151200
16167764
16190619
16199005
16245857
16245870
16250457
16259015
16269713
16313625
16391116
16403014
16404955
16436433
16478049
16529380
16535550
16546149
16614830
16629751
16672623
16735739
16753033
16762477
16768446
16776293
16788199
16796688
16838787
16858580
16903354
16933989
16937017
16968291
16983093
17073299
17085551
17158620
17160455
17189443
17251204
17302166
17304617
17313167
17337552
17351116
17400465
17432579
17436642
17468277
17468289
17557818
17584461
17601614
17601784
17618086
17660427
17720825
17827325
17873071
17890323
17957239
17961481
17961482
17965167
17965181
17989054
18050277
18092459
18157700
18215132
18215630
18228022
18239430
18252700
18262507
18301771
18333457
18355298
18445480
18509654
18596930
18597110
18613725
18631174
18641146
18662313
18663920
18669819
18700822
18700830
18702671
18705885
18708476
18838186
18943162
18943195
18943214
18943239
18943377
18943517
18943629
18943743
18943764
18943853
18943977
18943982
18944096
18944225
18944335
18944650
18944680
18944747
18944778
18944885
18944947
18944952
18944956
18945028
18952798
18957611
19018999
19059619
19060134
19076721
19089824
19138710
19144559
19161349
19168386
19183874
19201615
19233247
19242532
19301746
19304791
19348572
19406897
19426552
19470092
19482482
19486215
19493968
19502401
19519800
19522559
19572540
19602544
19671009
19671014
19719697
19740025
19767847
19780955
19826224
19830761
19934523
19938594
19960250
19966019
20008073
20034649
20064065
20084095
20106526
20118241
20118275
20121447
20128693
20129100
20134252
20238261
20411705
20412629
20447285
20467813
20496099
20499639
20550686
20569316
20572964
20578978
20615115
20626661
20650643
20672871
20673287
20687809
20695894
20697739
20717661
20795852
20824208
20851983
20870795
20890096
21035394
21054700
21091602
21093281
21124938
21178073
21190441
21204873
21233168
21241356
21253019
21261469
21298396
21304596
21328956
21335458
21367611
21398258
21416454
21421761
21439480
21453432
21482530
21498752
21538255
21558699
21558727
21576858
21585268
21594675
21597961
21685279
21687758
21710203
21724891
21764962
21786137
21802603
21803891
21864046
21899389
21902695
21931687
21936660
21953179
21994922
22050636
22085298
22094345
22117168
22118660
22122329
22168446
22170069
22194290
22200550
22208183
22286995
22291005
22352303
22361469
22385216
22391971
22414437
22418084
22428894
22432714
22437662
22439565
22442420
22483270
22493596
22496658
22506916
22526784
22533876
22535929
22536896
22542247
22558318
22559068
22609750
22615832
22616992
22645554
22648372
22648474
22672649
22685082
22712584
22729825
22805811
22805950
22807564
22830310
22847334
22847637
22930132
22934631
22957819
22967979
22978675
22994555
23056230
23057972
23071630
23120981
23136519
23144389
23201563
23201730
23221522
23234403
23257909
23300258
23350560
23371799
23376194
23381872
23394943
23402603
23426010
23516837
23518587
23519159
23519834
23532156
23541511
23558008
23575141
23617636
23638965
23660661
23661471
23678806
23692030
23696664
23704782
23716048
23718203
23720961
23723974
23788648
23790487
23819471
23837543
23844212
23855446
23877246
23887499
23889215
23892739
23912850
23937425
23943343
23951354
23956415
23957843
23980654
24031219
24031670
24032447
24064917
24073238
24106142
24121643
24151583
24187521
24192368
24204365
24281716
24283538
24283938
24312090
24312634
24313381
24314259
24325235
24337818
24356823
24363343
24405562
24490928
24505441
24512921
24527448
24558246
24580105
24584461
24607590
24619102
24625029
24625323
24632400
24660753
24663688
24725348
24745046
24747610
24763488
24801606
24840508
24845602
24848275
24848276
24853578
24874667
24880553
24889125
24908509
24938767
24940878
24944341
24947605
24962730
24963298
24965864
24972114
25000727
25033087
25068202
25086002
25095373
25105803
25127615
25129950
25144372
25151825
25173868
25181317
25195247
25237727
25250839
25284202
25288966
25288967
25289016
25296177
25322261
25340333
25355464
25408775
25423265
25447164
25481772
25482800
25485176
25538193
25539004
25559667
25563889
25566289
25580768
25583240
25619754
25640613
25670925
25710204
25714547
25732741
25741765
25743192
25744164
25762345
25763492
25769835
25784703
25792831
25811378
25830639
25852679
25856195
25873659
25880642
25888333
25911229
25913707
25917599
25926818
25972849
26000483
26040797
26080741
26148178
26150828
26188395
26272559
26276117
26300048
26302834
26305336
26307771
26360813
26368514
26400552
26426354
26430032
26441225
26442050
26442088
26445498
26469746
26481363
26490537
26494208
26499972
26526151
26531228
26539048
26542819
26562991
26569197
26572322
26575767
26588432
26606869
26609568
26620535
26637540
26645956
26659655
26665598
26671682
26718404
26732647
26738601
26750751
26751786
26756827
26788428
26810264
26823466
26823572
26830494
26832217
26845253
26849672
26869849
26876282
26876453
26889112
26889116
26901487
26905275
26927047
26928570
26936828
26943626
26990325
26991236
26992550
26993531
27007362
27053225
27062817
27067079
27070570
27073091
27081126
27081857
27103342
27126073
27155428
27168969
27183998
27198630
27215971
27242882
27257085
27294898
27298597
27311738
27329752
27335353
27336156
27366913
27381335
27387368
27402488
27438958
27441892
27446033
27446132
27480266
27502285
27513990
27541336
27551287
27555496
27582755
27587300
27595587
27616453
27646210
27664728
27718329
27721697
27732672
27768829
27770459
27775575
27793102
27833603
27834875
27911943
27914543
27925169
27965449
28003195
28041840
28042864
28045451
28057749
28061799
28068029
28083961
28091587
28112595
28116815
28119513
28154495
28181116
28197157
28229529
28252830
28264910
28277970
28319994
28324289
28324470
28336973
28373879
28382041
28385834
28450872
28484483
28487678
28502968
28535261
28553301
28558918
28580001
28581342
28582661
28585092
28596403
28596774
28600390
28620361
28642776
28659872
28687734
28690607
28694803
28704411
28708051
28713361
28722830
28737762
28742863
28746990
28753290
28768498
28769942
28769944
28785275
28824668
28840786
28840788
28843708
28846435
28847494
28851207
28864820
28868644
28878784
28879615
28894453
28912315
28920144
28929273
28934297
28951474
28955357
28955375
28965163
28983002
28984476
29033958
29074427
29075251
29075272
29077245
29081539
29084417
29086886
29093727
29104166
29126952
29151648
29153016
29163615
29163618
29168148
29170025
29182472
29182847
29184542
29187707
29201034
29207338
29215193
29265643
29284134
29288456
29288457
29288458
29297963
29312189
29312394
29351264
29354148
29363870
29368216
29370090
29379078
29379515
29407418
29408557
29422785
29424268
29446102
29486275
29508931
29523767
29523968
29529326
29531357
29551211
29560253
29574502
29582609
29600613
29608272
29614367
29617100
29654374
29660239
29662468
29666325
29683552
29691629
29738468
29747470
29777834
29789359
29791775
29808346
29812892
29852076
29891837
29892946
29897926
29922237
29923802
29938804
29941188
29950675
29951047
30013282
30050508
30062690
30073750
30084252
30097370
30120864
30126218
30158424
30165674
30166577
30169791
30172295
30172306
30177945
30187144
30187736
30192708
30201878
30208566
30237790
30240339
30244289
30248904
30250259
30251378
30295674
30296643
30312504
30316164
30358043
30363126
30386789
30427920
30480846
30499216
30499228
30500990
30501066
30533677
30540527
30545635
30558233
30563178
30565199
30590917
30621133
30621587
30638070
30649526
30654746
30673454
30681918
30682942
30686189
30687821
30688589
30688609
30689124
30694152
30695062
30699601
30699705
30699747
30706640
30708449
30708646
30708756
30716836
30722138
30722389
30722600
30727051
30727060
30727062
30727209
30727366
30727520
30731700
30731804
30731978
30732071
30734556
30743442
30747272
30754232
30754264
30754476
30754584
30754671
30764173
30764299
30766525
30767622
30769704
30769720
30769749
30780392
30780512
30780526
30780668
30781004
30781242
30786634
30791289
30795428
30795429
30801730
30809210
30812550
30812591
30812790
30812984
30818560
30823998
30831840
30831858
30837978
30841279
30845433
30857073
30868815
30895864
30902458
30912302
30918747
30930881
30958087
30958971
30963908
31001913
31003986
31039081
31041758
31087470
31118481
31140930
31173088
31208326
31209989
31214785
31218811
31246411
31247257
31272278
31388204
31392803
31416118
31419003
31451996
31474968
31481859
31492736
31504451
31504466
31513382
31533290
31533424
31560834
31567040
31579561
31587071
31591309
31628081
31654443
31657554
31665666
31686149
31739260
31765286
31771239
31792408
31795135
31798671
31835630
31863800
31866979
31877189
31878275
31882301
31882824
31902730
31906487
31915570
31921261
31932662
31948763
31952549
31956780
31973849
31988623
31992622
31994983
31998244
32017553
32023150
32088390
32089660
32093424
32121616
32127034
32132161
32148008
32156048
32156794
32181313
32182971
32183439
32196936
32204419
32209000
32210028
32211785
32213970
32221330
32225152
32240065
32240066
32241620
32248611
32285606
32290811
32293273
32316375
32330023
32343804
32349319
32351796
32365643
32367442
32379020
32382765
32393858
32401153
32412590
32454004
32455648
32457502
32467281
32471167
32481030
32484353
32497966
32502949
32508782
32508788
32539679
32545368
32549351
32567386
32581658
32599676
32606030
32626235
32647256
32656057
32666195
32692280
32718347
32719415
32720880
32720981
32724109
32724132
32733410
32734846
32735848
32739402
32749521
32749925
32755371
32770627
32772129
32788894
32803061
32849353
32849714
32849735
32880963
32914940
32942673
32945739
32955625
32967338
32973716
32976518
32991707
33001313
33025726
33028974
33036284
33042038
33046561
33052451
33082728
33088202
33096943
33112588
33113847
33151139
33151622
33156891
33172253
33175669
33233849
33236906
33237661
33262418
33270191
33290390
33294133
33306125
33309970
33324354
33332146
33352827
33361767
33367244
33384897
33387023
33389783
33404423
33423351
33424162
33458736
33475698
33487004
33498890
33507097
33509989
33513023
33514837
33519860
33524179
33547690
33551698
33555219
33579086
33594109
33596110
33613462
33620442
33626339
33630689
33656355
33668965
33674848
33686106
33691198
33720750
33732446
33750302
33771635
33822646
33835234
33838704
33839507
33841370
33846334
33874906
33876545
33881922
33902863
33905518
33911932
33914513
33922577
33940211
33951075
33959142
33964418
33965508
34017321
34031470
34044780
34059659
34064647
34072620
34073690
34143620
34144052
34145331
34159725
34174659
34205226
34232701
34236213
34251090
34255407
34273342
34295316
34301354
34301356
34305845
34325661
34346759
34367225
34373368
34374557
34395814
34404410
34412592
34414026
34421853
34448170
34448172
34453871
34456935
34458410
34463342
34463860
34466097
34491099
34520338
34532529
34541051
34541063
34548514
34552573
34557947
34570959
34576842
34576877
34596677
34597146
34603354
34604716
34636662
34638807
34645811
34646257
34655339
34668403
34671104
34681713
34683444
34685934
34697685
34709726
34719088
34726495
34762142
34769521
34778967
34779690
34782825
34802533
34813299
34817662
34841151
34854082
34866997
34868145
34880132
34897249
34920259
34932137
34939305
34960808
34962417
34970284
34978271
35008839
35011455
35033123
35043174
35043960
35048129
35056613
35059781
35064994
35068601
35069661
35077670
35112429
35120460
35122373
35135193
35152435
35183686
35189497
35197943
35200327
35204287
35212480
35215777
35226664
35229228
35229649
35235767
35254141
35269798
35273586
35297758
35336205
35336608
35344085
35344272
35377234
35395909
35425445
35456410
35456841
35469423
35476629
35478286
35491968
35492651
35493878
35495684
35514467
35517062
35517271
35518060
35522048
35529063
35531193
35531227
35536029
35558044
35566383
35569105
35576789
35589778
35597445
35602040
35603031
35614320
35616707
35617422
35636254
35666543
35670995
35678053
35678057
35696807
35712573
35722283
35736702
35742935
35743285
35767115
35778946
35793151
35800334
35805970
35834130
35869387
35876567
35881507
35887330
35889976
35892189
35893565
35898902
35906255
35910601
35913211
35938320
35948743
35957683
35962419
35979185
36009798
36009986
36029971
36051479
36053816
36053873
36055574
36064743
36071213
36072670
36077125
36079605
36081807
36090119
36094814
36097128
36098171
36098526
36106083
36123439
36137083
36144416
36162325
36177460
36186038
36194500
36199029
36204053
36212838
36213953
36224162
36265145
36292698
36292726
36305241
36311066
36314733
36314808
36361540
36366529
36399027
36406638
36420169
36427093
36432873
36444142
36452092
36453936
36456681
36466249
36467273
36469480
36481328
36503199
36513189
36515552
36517876
36526528
36538096
36550145
36557756
36572973
36602304
36622890
36626790
36628472
36630871
36635489
36645655
36647448
36678085
36683960
36684803
36687045
36687575
36688649
36688670
36688926
36691282
36703574
36721270
36722969
36733596
36744950
36749297
36774417
36778883
36792066
36804855
36809029
36811556
36833455
36834682
36835470
36838445
36839497
36844060
36846751
36847548
36894216
36899129
36902121
36909396
36909411
36912616
36912695
36931327
36937141
36938007
36977631
36991339
36994774
37002541
37032877
37043528
37067626
37086267
37098653
37100321
37100406
37102724
37110377
37112822
37115313
37125915
37129504
37137399
37154802
37180250
37191942
37206055
37207494
37209081
37213684
37233229
37239871
37240728
37248633
37254098
37256487
37275133
37278116
37284238
37293211
37295756
37298706
37310613
37313419
37314405
37334181
37340074
37341493
37343915
37349986
37350187
37367297
37372350
37373522
37375037
37383731
37383816
37389335
37399651
37404365
37418668
37432122
37439699
37442803
37453305
37457350
37458734
37458850
37467134
37493371
37495619
37506349
37512962
37515761
37523467
37524889
37563832
37564063
37570980
37572894
37583517
37612794
37614094
37628673
37635940
37663485
37676439
37680359
37692391
37706503
37708309
37709224
37731919
37738430
37755511
37765372
37779998
37787568
37792269
37799610
37817490
37840725
37843648
37846613
37868314
37870975
37877898
37878074
37896064
37897604
37899126
37935911
37938685
37953228
37966217
37977141
37979870
37992525
37996405
38011680
38047027
38051256
38057713
38096788
38100672
38113281
38132776
38134025
38150324
38166535
38167266
38173269
38194006
38199265
38202622
38203354
38211840
38213926
38213930
38214488
38225096
38229154
38230438
38231250
38232827
38239808
38256773
38257199
38271178
38273989
38280370
38290003
38294216
38311656
38313526
38315525
38317834
38326943
38333730
38334837
38337897
38349678
38362085
38362503
38365347
38366362
38373891
38378471
38383669
38402727
38406566
38407487
38427684
38428471
38434434
38450864
38491989
38492820
38493971
38498460
38499975
38515036
38523447
38525025
38528852
38543498
38550868
38564115
38568199
38573326
38573829
38592886
38613135
38647454
38674727
38687570
38690890
38691455
38725461
38725679
38743980
38750062
38751839
38777241
38780276
38794360
38797110
38805410
38822833
38853241
38877712
38878988
38896914
38904979
38917469
38921442
38924759
38970011
38978715
38999615
39012150
39055957
39065132
39068748
39099210
39108578
39110591
39110612
39124199
39129060
39132878
39143817
39145736
39149212
39169068
39186006
39191402
39204621
39208035
39214231
39247796
39247859
39247881
39253785
39283922
39304811
39317859
39325738
39339527
39342390
39360931
39384943
39385378
39395991
39397304
39411435
39450543
39468636
39472002
39482582
39497371
39499227
39503080
39505041
39529754
39535787
39538293
39539110
39556922
39562505
39571049
39577583
39582424
39586551
39589656
39596673
39597634
39604853
