393558
535389
1285074
1416857
1546446
1622232
1663893
1694607
1695158
1771752
1832113
1881658
1914997
2024435
2087805
2120748
2311566
2323544
2338726
2360777
2411956
2440660
2482571
2629502
2644450
3127604
3169354
3202639
3358548
3382380
3503134
3579181
3622890
3682081
3765339
3765342
3765345
3908569
4026266
6495645
6822413
6873424
6873425
6995216
7514497
7525199
7541339
7592108
7671011
7735870
7946128
7951348
8207399
8224793
8342261
8358670
8486541
8490265
8548693
8722100
8870204
9034762
9270840
9270868
9867437
9871314
9872807
10321383
10344077
10473403
10620712
10637061
10973701
11055942
11108457
11145451
11253871
11311951
11328499
11448498
11491080
11592618
11823180
11856577
12101310
12133608
12237969
12324372
12495588
12747420
12747638
12753839
12756737
12962227
14513974
14532241
14631865
14633029
14660382
14711693
14995959
15046311
15281941
15345400
15962470
16042042
16083447
16086174
16130986
16330185
16335943
16346556
16346669
16351141
16408843
16553832
16570138
16631379
16768714
17241341
17259619
17375195
17383895
17501736
17584457
17651924
17850573
17880522
17933396
18236630
18237828
18322227
18355180
18474580
18499358
18700011
18706505
18760303
18786028
18924378
19088314
19191963
19198074
19330556
19349152
19419004
19540920
19565699
19700548
19751832
19755128
19779068
19878528
19912460
19949054
20065395
20070462
20202763
20352273
20480360
20495033
20561588
20600958
20600959
20633655
20691549
20706031
20815325
20952639
21037032
21131526
21169490
21182713
21182714
21277341
21296672
21320135
21441334
21447021
21501689
21504776
21514178
21516973
21536138
21549195
21722148
21731605
21841024
21848040
21858109
21916903
21945730
21985858
22103737
22123704
22166733
22175801
22178249
22227075
22287063
22341800
22440584
22463110
22506865
22548789
22634748
22721731
22808275
22825393
22868827
23029244
23032861
23167530
23241058
23572522
23583292
23622778
23707165
23757147
23786306
23966555
24031591
24141227
24144165
24331744
24342572
24420936
24444826
24586953
24662463
24693657
24705460
24719776
24835149
24865652
24874061
24881275
24991739
25014904
25149592
25150450
25168462
25169862
25266819
25356360
25380369
25562788
25573927
25610578
25635018
25658600
25685439
25783002
25804487
25841173
25850398
25869215
25943775
25969137
26104532
26190758
26279216
26404907
26481517
26492991
26503779
26579104
26656394
26719024
26724544
26766181
26824607
26864941
26866873
27035654
27038237
27089334
27095175
27187466
27193605
27245867
27245868
27267655
27334068
27404564
27451448
27452973
27506276
27690267
27716418
27889532
27908991
27981729
28025160
28027985
28145487
28235583
28317294
28330807
28348835
28548700
28627490
28707702
28726924
28732514
28757198
28888816
28916360
28931430
29017944
29097324
29146445
29148587
29282608
29410093
29523132
29572883
29684602
29733961
29739150
29747051
29808604
29859315
29875694
29884756
29887855
29904200
29926930
29978111
29998086
30014501
30092257
30179290
30228307
30271401
30414895
30460204
30511617
30548975
30602431
30610164
30687309
30694560
30753919
30831250
30851449
30873268
30874374
31102711
31121291
31128294
31137351
31259900
31315687
31377431
31404633
31470137
31500298
31514317
31568810
31617230
31676428
31720021
31721119
31742733
31828808
31839587
31935551
31948963
32087278
32100306
32181057
32197655
32246325
32248610
32372498
32439514
32461169
32473361
32517038
32611367
32615166
32619627
32654084
32673645
32678312
32726860
32791094
32890760
32896541
32935820
33046750
33128804
33153884
33359075
33383177
33543428
33546407
33568758
33572960
33610596
33671628
33749839
33759199
33882827
33984140
34002350
34087290
34209738
34262125
34294998
34359116
34392540
34432896
34468488
34488629
34554400
34559037
34597813
34687878
34827877
34850306
34867924
34871418
34893343
34924019
34942075
34975864
35032344
35180320
35269976
35280148
35328519
35335104
35448657
35531301
35642071
35648597
35877718
35895532
36088192
36210002
36337185
36404315
36404601
36422632
36565346
36601713
36809599
36832935
37150237
37167256
37298300
37463648
37513733
37534718
37549876
37585891
37592444
37800856
37806502
37887185
38040272
38045706
38166494
38254369
38269202
38298542
38359764
38394759
38399687
38473129
38609348
38615317
38661134
38703997
38781928
38960109
38991389
39090156
39093558
39098079
39204936
39206607
39239795
39318516
39336081
39551835
39555564
39560796
39571632
393558
535389
1285074
1416857
1546446
1622232
1663893
1694607
1695158
1771752
1832113
1881658
1914997
2024435
2087805
2120748
2311566
2323544
2338726
2360777
2411956
2440660
2482571
2629502
2644450
3127604
3169354
3202639
3358548
3382380
3503134
3579181
3622890
3682081
3765339
3765342
3765345
3908569
4026266
6495645
6822413
6873424
6873425
6995216
7134648
7514497
7525199
7541339
7592108
7671011
7735870
7946128
7951348
8207399
8224793
8342261
8358670
8486541
8490265
8548693
8722100
8870204
9034762
9270840
9270868
9867437
9871314
9872807
10321383
10344077
10473403
10620712
10637061
10973701
11055942
11108457
11145451
11253871
11311951
11328499
11448498
11491080
11592618
11800473
11823180
11856577
12101310
12133608
12237969
12324372
12495588
12747420
12747638
12753839
12756737
12962227
14513974
14532241
14631865
14633029
14660382
14711693
14995959
15046311
15281941
15345400
15962470
16042042
16083447
16086174
16130986
16330185
16335943
16346556
16346669
16351141
16408843
16553832
16570138
16631379
16768714
17241341
17259619
17375195
17383895
17501736
17584457
17651924
17850573
17880522
17933396
18236630
18237828
18322227
18355180
18474580
18499358
18700011
18706505
18760303
18786028
18924378
19088314
19191963
19198074
19330556
19349152
19419004
19540920
19565699
19700548
19751832
19755128
19779068
19878528
19912460
19949054
20065395
20070462
20202763
20352273
20480360
20495033
20561588
20600958
20600959
20633655
20691549
20706031
20815325
20952639
21037032
21131526
21169490
21182713
21182714
21277341
21296672
21320135
21441334
21447021
21501689
21504776
21514178
21516973
21536138
21549195
21722148
21731605
21841024
21848040
21858109
21916903
21945730
21985858
22103737
22123704
22166733
22175801
22178249
22227075
22287063
22341800
22440584
22463110
22506865
22548789
22634748
22721731
22808275
22825393
22868827
23029244
23032861
23167530
23241058
23572522
23583292
23622778
23707165
23757147
23786306
23966555
24031591
24141227
24144165
24331744
24342572
24420936
24444826
24586953
24662463
24693657
24705460
24719776
24835149
24865652
24874061
24881275
24991739
25014904
25149592
25150450
25168462
25169862
25266819
25356360
25380369
25562788
25573927
25610578
25635018
25658600
25685439
25783002
25804487
25841173
25850398
25869215
25943775
25969137
26104532
26190758
26279216
26404907
26481517
26492991
26503779
26579104
26656394
26719024
26724544
26766181
26824607
26864941
26866873
27035654
27038237
27089334
27095175
27187466
27193605
27245867
27245868
27267655
27334068
27404564
27451448
27452973
27506276
27690267
27716418
27889532
27908991
27981729
28025160
28027985
28145487
28235583
28317294
28330807
28348835
28548700
28627490
28707702
28726924
28732514
28757198
28888816
28916360
28931430
29017944
29097324
29146445
29148587
29282608
29410093
29523132
29572883
29684602
29733961
29739150
29747051
29808604
29859315
29875694
29884756
29887855
29904200
29926930
29978111
29998086
30014501
30092257
30179290
30228307
30271401
30414895
30460204
30511617
30548975
30602431
30610164
30687309
30694560
30753919
30831250
30851449
30873268
30874374
31102711
31121291
31128294
31137351
31259900
31315687
31377431
31404633
31470137
31500298
31514317
31568810
31617230
31676428
31720021
31721119
31742733
31828808
31839587
31935551
31948963
32087278
32100306
32181057
32197655
32246325
32248610
32372498
32439514
32461169
32473361
32517038
32611367
32615166
32619627
32654084
32673645
32678312
32726860
32791094
32890760
32896541
32935820
33046750
33128804
33153884
33291818
33359075
33383177
33543428
33546407
33568758
33572960
33610596
33671628
33749839
33759199
33882827
33984140
34002350
34087290
34209738
34262125
34294998
34359116
34392540
34432896
34468488
34488629
34554400
34559037
34597813
34687878
34827877
34850306
34867924
34871418
34893343
34924019
34942075
34975864
35032344
35180320
35269976
35280148
35328519
35335104
35448657
35531301
35642071
35648597
35877718
35895532
36088192
36210002
36337185
36404315
36404601
36422632
36565346
36601713
36809599
36832935
37150237
37167256
37298300
37463648
37513733
37534718
37549876
37585891
37592444
37800856
37806502
37887185
38040272
38045706
38166494
38254369
38269202
38298542
38359764
38394759
38399687
38473129
38609348
38615317
38661134
38703997
38781928
38960109
38991389
39090156
39093558
39098079
39204936
39206607
39239795
39318516
39336081
39551835
39555564
39560796
39571632
