9103649
9210669
9323467
9399547
9646458
9755431
10092488
10699007
10722487
11036018
11269365
11382221
11531991
12183230
12234848
12384365
12562690
14600240
14715802
14723368
15815050
15879271
15947433
16166723
16793056
17080713
17326034
17470648
17596816
17604934
17728184
17888603
18037288
18319464
18707850
18948134
19194608
19617474
19651915
19729329
19749032
20305272
20412685
21195977
21235776
21259425
21526391
21537295
21571927
21667308
22083470
22090305
22116334
22156135
22268076
22283924
22795568
22885214
23022462
23132253
23164054
23466175
23676648
23681831
23709293
23709544
23726463
23890272
23907217
23952780
23970309
24179911
24259621
24270139
24335463
24796989
24856421
24886628
24924263
24958763
24980571
25008832
25096711
25114816
25165079
25249217
25303706
25430439
25515412
25628903
25953513
26283329
26435861
26454221
26559260
26877918
26966571
26981402
27053540
27068220
27222716
27397741
27629863
27785154
27795884
27879557
27902284
28242035
28275097
28291668
28330102
28509971
28652512
28675244
28705768
28806281
28959321
29405161
29452184
29501882
29753873
29755785
29925449
30111931
30123815
30404894
30430085
30533712
30567209
30585755
30782983
31442862
31467100
31469778
31535961
31726099
31963877
32087220
32364820
32569917
32960371
33099983
33447698
33614374
33987366
34785491
35082799
35511036
35697209
35966843
36087828
36214248
36297183
36377397
36707279
36741473
36864765
37152760
37154746
37315621
37355948
37574072
37723838
37733298
37779709
38454015
39083008
39484079
