7197
9135
28090
326188
406025
879960
930119
963616
1115496
1212669
1260790
1284289
1298018
1311542
1312532
1313415
1322886
1325218
1335800
1366611
1367453
1367903
1367905
1368368
1370280
1370664
1446666
1452036
1472714
1472716
1472717
1505865
1527504
1573555
1574006
1645442
1650911
1655710
1655739
1657892
1665196
1666525
1689562
1700268
1726127
1768118
1804405
1815272
1840658
1847347
1847366
1921977
1931823
1938914
1938974
1944223
2038310
2078534
2107124
2111116
2118062
2135951
2152895
2168373
2170330
2177139
2187155
2233675
2259339
2275852
2285313
2332409
2341039
2373365
2374611
2391505
2394191
2550761
2559879
2605976
2621443
2643095
2647734
2693461
2733412
2748850
2764574
2803638
2824440
2979910
3020043
3023282
3034868
3038845
3077325
3148363
3150487
3182235
3201755
3208574
3241573
3290199
3446747
3449597
3540204
3573148
3597319
3625474
3720743
3743832
3883985
3916667
3928284
4004217
4074072
4868363
5156942
5485724
5823583
5846977
5935353
6035509
6084704
6152589
6342991
6540068
6726814
6832212
7183747
7424048
7487022
7496537
7528196
7579621
7579622
7608063
7626786
7665531
7670641
7677991
7682475
7683019
7753030
7763385
7764391
7764570
7765721
7789813
7801636
7812440
7838977
7857269
7859511
7906933
7911348
7912121
7912499
7917425
7928993
7938501
7949324
7949327
7959036
7979966
7993095
8002710
8017904
8018872
8075833
8077961
8097122
8097177
8113723
8162191
8195091
8199325
8206836
8253667
8253684
8274773
8274775
8282694
8282695
8285704
8316211
8326859
8330022
8342943
8376331
8386520
8395632
8412685
8439670
8471795
8476279
8476288
8479432
8491729
8514141
8546453
8573116
8576039
8576244
8588053
8588843
8589419
8590443
8619877
8626338
8636027
8647402
8655542
8664494
8698403
8704990
8755898
8759843
8763965
8804389
8810073
8810082
8817497
8831665
8866469
8870269
8870654
8885412
8917074
8920901
8920924
8935665
8950189
8955626
8969534
8980236
8988363
8990296
9000519
9008890
9014364
9023213
9023917
9045830
9070232
9073580
9100381
9100385
9126341
9130589
9139897
9144435
9150597
9179849
9190810
9190811
9199181
9199186
9228787
9254017
9263449
9275221
9281494
9304856
9304862
9304863
9311139
9351221
9356502
9366091
9370272
9371459
9385134
9398597
9426222
9427736
9439620
9450661
9501111
9508555
9535756
9537354
9548777
9571137
9571147
9573147
9579084
9612945
9612952
9618447
9620440
9639918
9639919
9641973
9663657
9663682
9683499
9689222
9691052
9727203
9748456
9763683
9781876
9805395
9864320
9869403
9871022
9872790
9878629
9885191
9973349
9987125
10049858
10079521
10099182
10099392
10191188
10198010
10356261
10361709
10368847
10390247
10398747
10398832
10418131
10419206
10430949
10463163
10464767
10478481
10481086
10489329
10503532
10518009
10520263
10525176
10542187
10547448
10548726
10568800
10570214
10571865
10584018
10585541
10594704
10594712
10620764
10656596
10658663
10675038
10688691
10692359
10698789
10709463
10712539
10714988
10755302
10758892
10779910
10782308
10784047
10792648
10795814
10806227
10832632
10851004
10879989
10883537
10899600
10935724
10939652
10943401
10958966
10964626
10966423
10974710
10975648
10998180
11001941
11011091
11011097
11042495
11072852
11078519
11084595
11092868
11097878
11097890
11106027
11115117
11119303
11123673
11125825
11133946
11135109
11157222
11158366
11178726
11208023
11217974
11309143
11310736
11329685
11332727
11348445
11361081
11361343
11370759
11386062
11386372
11386374
11395471
11398920
11405630
11409968
11414032
11418552
11421816
11429455
11430991
11439138
11469586
11472799
11479711
11524130
11525621
11525629
11526012
11545271
11554764
11557134
11575721
11580833
11583843
11589581
11682198
11687933
11710530
11734884
11773524
11790754
11807143
11810236
11813202
11841812
11844763
11846409
11855726
11858171
11861012
11925071
11931143
11931643
11948151
11972778
11985715
12007798
12024217
12027884
12036277
12039751
12057950
12059102
12060777
12083764
12118879
12121461
12123417
12147758
12147767
12148280
12175070
12199696
12200262
12206751
12243356
12297631
12324338
12354231
12359249
12365459
12366796
12366827
12374732
12385717
12387570
12390484
12407123
12423950
12425043
12437295
12437966
12449531
12469302
12481096
12501381
12520329
12520360
12535339
12543561
12549411
12562815
12575451
12591894
12620324
12646254
12650451
12706967
12730390
12757950
12765529
12788754
12790645
12803555
12803619
12892481
12893272
12901008
12943547
12946420
12960398
12969277
12969298
12970499
13755078
14048461
14293002
14460452
14460453
14520562
14526540
14538095
14538126
14551324
14601665
14601671
14617166
14645268
14651613
14651855
14651861
14651862
14675431
14684906
14690503
14693541
14731288
14736729
14742423
14964529
14969530
14984927
15000487
15012492
15023955
15033242
15038836
15058195
15060033
15060731
15073009
15107506
15126454
15129986
15133157
15153767
15158198
15195946
15213748
15242175
15280355
15281929
15294776
15304758
15304770
15378709
15473911
15480866
15491365
15545602
15553246
15564537
15565334
15590656
15604723
15619296
15629936
15636745
15646387
15646388
15664465
15673718
15686836
15699208
15720635
15721339
15729568
15731101
15743446
15749757
15774663
15774889
15782348
15805778
15807781
15812010
15819920
15828682
15828685
15838057
15839403
15846867
15870329
15883020
15895751
15899963
15910748
15915646
15937273
15955530
15968974
15969648
15971576
15981331
15993009
15998122
16013395
16042011
16042013
16048996
16077131
16078004
16078877
16104350
16109959
16109965
16111660
16134896
16155951
16162231
16162504
16169537
16175206
16232716
16232922
16233209
16233280
16233510
16237009
16255138
16277328
16331459
16332814
16337707
16338140
16344945
16345398
16345439
16345544
16346068
16346464
16346834
16346946
16346971
16347150
16347189
16347409
16347609
16348089
16348118
16348131
16348384
16348555
16348849
16348894
16348942
16349114
16349463
16353556
16386329
16390446
16390454
16395580
16406143
16423015
16452421
16452423
16453595
16461584
16478050
16480721
16511126
16511130
16511131
16511132
16511133
16511134
16511135
16511191
16525507
16529380
16531487
16534944
16534952
16534956
16535253
16550465
16553856
16553859
16561367
16581205
16585758
16593751
16593982
16602085
16603270
16611728
16666119
16667441
16668792
16706903
16718483
16741992
16750290
16754966
16763992
16788199
16817238
16829584
16855230
16862595
16874489
16900319
16907748
16918490
16927203
16936021
16940295
16946469
16948161
16957231
17008065
17012795
17012809
17029242
17029243
17062012
17077491
17082309
17091385
17110128
17110959
17142901
17142912
17144652
17149652
17153922
17158655
17160671
17183169
17184776
17197414
17204475
17225992
17241199
17249419
17293566
17295415
17304624
17311090
17317128
17322194
17322196
17378922
17419842
17425781
17448171
17468254
17488332
17506333
17521358
17546661
17565191
17566974
17573477
17581124
17582538
17600144
17601826
17611116
17621551
17630971
17635553
17640068
17684274
17693725
17827325
17849709
17868315
17874205
17902112
17905862
17913417
17918625
17918627
17927820
17929052
17936742
17951377
17957353
17962564
18042459
18048941
18049456
18050962
18053269
18156340
18163201
18175178
18210176
18215146
18217350
18257682
18281198
18301739
18304669
18310017
18317750
18318710
18318843
18321187
18326683
18327607
18346196
18350528
18357465
18361918
18393615
18401740
18427932
18475868
18475990
18482696
18485076
18502858
18506032
18506481
18518965
18538881
18557946
18584024
18586823
18586944
18587930
18588151
18588910
18591274
18592538
18596046
18599076
18599651
18600645
18600890
18616400
18616409
18617197
18644553
18644554
18654762
18664616
18676663
18694822
18705486
18765459
18783250
18784281
18801197
18817169
18850102
18854951
18942982
18943147
18943317
18943484
18943594
18943717
18943887
18943929
18943957
18944070
18944146
18944158
18944224
18944317
18944329
18944392
18944580
18944610
18944655
18944663
18944676
18944695
18944707
18944748
18944779
18944996
18945013
18945068
19003992
19019010
19040102
19054112
19059268
19071216
19089429
19091877
19114064
19114489
19127589
19130092
19130306
19136588
19159313
19173735
19196764
19204894
19220743
19236567
19244888
19245326
19257856
19271341
19291239
19329636
19366901
19372163
19413774
19445174
19445590
19448036
19458922
19459070
19459950
19473322
19475705
19477183
19493015
19523101
19583999
19601664
19646999
19654364
19659730
19663914
19704549
19705201
19719480
19733575
19749062
19783631
19786499
19788240
19788935
19810808
19810809
19851021
19854925
19891481
19910532
19939946
19966019
19966417
20002319
20004667
20008070
20050414
20070566
20073482
20081036
20082640
20085890
20206152
20215433
20220307
20221726
20231439
20233262
20237769
20266337
20353179
20378646
20397055
20418421
20482898
20507516
20511428
20514224
20522496
20524995
20526822
20546408
20558177
20558281
20565620
20565644
20565661
20565687
20569370
20569393
20572947
20572953
20573017
20609114
20615117
20624216
20626281
20635864
20636376
20668846
20695527
20695894
20698527
20729326
20799163
20816983
20830594
20869404
20935126
20944231
20958788
20971899
21029152
21029318
21029323
21049563
21062109
21118349
21126094
21132977
21178479
21187145
21193279
21203472
21205632
21219417
21219463
21227698
21237626
21237629
21248478
21266575
21299658
21304596
21335377
21367879
21383542
21391823
21424609
21448673
21449609
21452603
21483448
21535260
21539432
21553014
21576326
21615202
21622836
21628629
21706412
21710133
21726373
21726374
21745409
21760949
21784931
21790191
21796232
21814808
21853248
21898456
21906586
21917550
21920436
21941121
21956666
21978451
22002465
22029486
22056938
22066902
22080557
22082147
22083789
22087071
22092718
22101723
22101927
22110728
22120736
22130381
22174908
22176521
22183692
22204646
22204655
22205441
22226947
22254014
22298683
22303203
22343358
22347588
22353870
22391971
22406212
22410465
22426092
22427491
22442228
22471508
22492811
22493725
22504181
22524624
22526303
22534606
22562215
22563356
22622934
22640562
22672649
22678032
22719257
22738163
22754004
22779789
22805811
22806202
22806865
22829719
22865058
22887662
22910283
22913752
22924852
22949660
22978675
22983714
22993092
23010723
23027759
23027761
23051837
23082751
23089617
23093361
23113660
23137357
23149516
23164409
23226460
23252460
23272161
23276548
23285129
23291177
23314363
23359647
23385754
23395674
23405315
23442088
23453188
23470514
23515898
23516835
23522353
23536861
23538716
23575141
23617851
23644016
23659691
23665707
23722852
23736288
23760935
23777429
23784462
23785289
23792782
23819805
23846270
23850694
23881098
23906314
23907582
23913026
23931712
23934485
23935049
23943056
23951354
23963313
23994907
24006784
24022744
24026925
24029746
24053949
24055472
24056101
24060828
24068933
24068949
24085708
24098556
24099586
24117868
24119200
24120348
24162392
24170061
24226445
24232397
24290922
24301262
24304389
24317082
24318518
24327089
24329598
24385242
24385479
24399319
24414901
24419956
24425767
24435765
24441110
24453226
24491115
24508689
24516463
24601980
24612254
24617591
24642849
24655289
24660616
24686111
24697624
24704974
24707916
24710305
24736478
24756321
24784488
24788936
24818464
24819774
24866092
24906747
24907524
24927643
24974333
25033927
25039264
25040905
25072918
25074588
25100224
25105271
25151581
25159842
25195907
25199341
25200360
25205095
25229604
25237129
25252816
25288995
25289020
25301587
25302523
25323422
25329577
25335438
25362058
25394800
25437615
25473487
25484215
25491184
25576410
25583240
25586188
25645094
25645367
25647296
25668321
25681189
25694549
25711023
25738319
25739698
25797601
25825971
25865276
25873668
25879893
25922487
25934623
25972860
25973474
26002290
26060437
26119594
26124239
26181439
26187957
26198972
26208688
26212639
26219360
26233534
26248667
26268984
26272392
26289160
26307771
26313760
26355215
26377849
26383661
26407061
26417325
26425811
26438558
26439659
26504558
26514760
26526173
26551450
26581393
26635735
26644872
26667598
26672484
26679582
26695179
26706081
26756827
26758492
26804425
26805624
26818230
26821378
26825537
26836214
26868107
26887232
26896860
26903975
26910525
26913592
26934783
26939454
26975844
27009508
27016569
27020126
27023128
27025226
27030959
27060555
27077013
27085742
27099353
27107635
27157571
27215401
27241588
27280991
27282849
27315706
27348422
27359264
27393468
27398933
27435463
27444323
27454703
27464764
27474614
27494458
27501348
27587819
27594682
27595587
27599864
27621284
27638737
27647723
27706237
27743252
27756215
27789631
27792456
27815501
27816563
27861738
27866607
27895129
27902780
27904343
27919690
27928637
27934952
27965697
27987957
27995281
28036380
28045455
28068029
28137834
28155188
28163703
28184011
28198457
28223313
28231455
28264910
28267413
28301313
28319994
28324416
28369120
28378142
28397273
28421674
28423458
28471538
28500712
28502957
28506932
28508261
28550013
28570142
28605028
28652264
28653924
28655353
28677256
28687734
28711983
28713567
28716054
28725231
28744185
28769959
28771395
28784774
28785275
28795660
28815858
28821943
28872321
28889296
28904421
29025976
29038252
29040467
29077520
29084702
29130178
29132315
29137648
29146856
29163628
29170655
29186799
29212037
29222343
29238284
29240286
29285819
29312195
29312385
29315055
29315056
29315593
29345052
29377937
29414311
29414856
29454021
29455090
29457632
29488347
29504631
29517846
29565725
29603592
29614397
29636817
29656507
29677397
29687657
29688131
29691024
29717852
29728963
29739899
29762531
29856934
29858955
29867843
29867862
29870018
29901272
29920242
29931534
29954890
29963356
29977077
29995983
30008094
30024369
30073738
30091270
30123197
30141589
30156480
30156501
30176800
30248904
30250171
30260546
30299055
30364243
30388919
30427920
30442885
30448037
30473527
30555838
30570452
30586498
30594633
30621587
30623440
30647624
30649298
30665348
30681910
30699590
30699688
30704013
30708508
30722235
30722270
30722340
30722394
30722489
30727228
30727254
30727507
30733733
30743497
30754254
30754343
30754400
30754603
30764273
30765761
30769513
30769514
30769634
30769740
30769759
30780546
30780549
30786389
30786396
30786524
30786595
30791240
30795317
30795401
30812242
30812538
30812692
30812801
30812905
30812908
30818473
30818629
30818643
30820723
30823132
30823159
30823177
30823312
30823318
30823327
30831931
30831938
30832001
30832002
30832155
30841081
30841086
30841187
30841244
30841327
30845418
30845433
30845456
30845511
30849849
30856684
30856797
30856813
30856814
30856911
30856953
30856954
30856977
30861758
30861800
30861851
30861895
30861982
30863414
30863882
30866368
30870942
30879665
30902458
30904533
30912302
30920356
30925313
30925337
30934783
30938049
30945070
30948526
30967026
30977795
30984219
31019197
31027582
31030456
31031780
31040301
31041772
31047079
31050381
31051454
31057588
31065041
31065851
31086398
31090173
31100502
31114597
31203877
31216447
31244199
31254161
31275253
31301270
31315175
31341737
31368647
31389749
31408509
31419523
31429921
31441621
31481941
31490969
31519256
31560825
31613175
31645958
31713673
31732574
31741013
31747123
31816710
31828916
31830360
31832936
31846767
31848911
31881662
31896348
31913558
31916392
31919168
31919999
31921047
31932441
31979232
31980426
31991606
32013272
32027580
32070276
32106569
32121557
32121612
32156808
32167850
32174945
32194243
32231093
32247611
32256455
32281725
32296295
32313307
32344872
32390981
32445616
32446237
32480719
32493973
32496055
32523566
32562031
32616307
32623486
32625421
32627741
32631255
32669441
32683707
32688693
32689906
32690196
32738986
32757400
32763675
32788227
32811371
32825459
32850725
32872597
32887438
32937869
32948050
32969159
32987257
32992637
32992883
33006577
33044582
33057902
33060268
33074141
33081116
33082726
33086675
33094373
33103794
33142219
33214647
33245253
33245626
33291381
33324354
33373896
33379305
33384897
33453292
33466616
33478126
33479414
33488179
33506959
33507456
33507993
33513868
33531553
33551638
33572123
33576884
33622058
33650275
33674993
33705404
33733571
33736299
33789103
33805636
33842434
33864705
33869152
33923354
33924554
33956240
33993246
34037890
34048589
34070403
34142845
34163515
34210064
34210966
34353128
34354767
34424610
34451612
34451701
34454478
34455803
34458473
34472193
34524866
34541140
34564445
34573336
34576026
34579362
34579471
34589300
34595257
34638807
34660554
34669370
34678159
34696726
34702703
34721356
34724307
34733307
34743029
34773777
34791473
34801926
34817364
34818032
34827700
34835370
34837293
34837306
34847634
34866975
34915237
34935430
34938304
34961176
34961281
34985987
34996353
35036136
35054969
35082802
35084112
35095804
35100028
35111177
35134217
35149254
35151713
35152521
35175119
35191748
35211128
35254135
35263144
35286156
35288677
35308372
35309985
35318614
35322326
35338709
35347415
35347671
35357215
35369702
35408979
35440770
35456899
35518721
35527718
35536128
35549324
35595743
35620914
35629883
35631484
35640532
35694909
35695496
35706385
35719840
35736313
35775925
35792313
35812917
35864059
35890184
35891434
35893580
35923389
35938320
35942507
35948060
35962419
35991161
36017342
36105711
36180381
36260328
36274741
36332871
36338045
36342040
36386705
36388482
36432870
36438094
36472432
36504826
36507382
36513996
36515967
36611232
36614659
36620059
36626275
36645092
36647902
36731466
36750175
36762904
36829260
36838445
36839724
36858205
36864046
36890125
36894875
36933507
36947838
36987010
37050135
37059968
37067626
37115313
37143059
37154750
37160665
37173631
37184259
37221240
37248000
37248242
37344990
37384357
37397015
37404719
37464396
37498088
37502397
37514312
37515941
37571008
37584505
37601434
37610365
37647538
37648267
37656732
37667026
37698468
37748981
37754940
37780515
37817495
37880815
37943159
38013635
38023479
38037208
38060139
38144596
38199962
38228018
38231151
38279733
38279854
38299831
38322872
38344286
38344816
38366986
38369525
38371690
38389385
38399973
38417309
38429435
38439954
38461228
38470163
38473886
38493974
38522216
38523447
38543771
38578065
38592817
38598029
38646733
38651371
38658148
38658831
38732385
38771554
38799096
38822355
38837976
38879344
38921746
38922505
38927249
38957137
39106735
39113961
39117335
39123658
39131268
39136433
39224218
39273124
39299924
39320379
39359673
39412601
39417360
39423324
39472805
39488668
39492088
39536881
39547629
39562076
39562084
39577458
39608507
