151772
209438
421912
457594
500563
583276
727028
744479
762012
894261
1208392
1295601
1326592
1348268
1358200
1366393
1367217
1368509
1368705
1369041
1369320
1400158
1406274
1454080
1459955
1543710
1548234
1551588
1552846
1569026
1644774
1657604
1660431
1667221
1682208
1713055
1733946
1743520
1748866
1780276
1824239
1841877
1864513
1902466
1902549
1906065
1919506
1935969
1937001
1953301
1956296
1971623
1980002
1980106
1980107
2004698
2039232
2082143
2108897
2108899
2123868
2127631
2129555
2148164
2263476
2271066
2391490
2391495
2434427
2494939
2611280
2612356
2612892
2615658
2619124
2644170
2659439
2666264
2705860
2779518
2835590
2835591
2836698
2846755
2982237
3033280
3033725
3060045
3081884
3106318
3110777
3131636
3141247
3143046
3149160
3151991
3449603
3525519
3549456
3588313
3729373
3921526
4087157
4092934
4748854
5437392
5480097
5788701
5807160
6039355
6129002
6145700
6150674
6384727
6417982
6417983
6423939
6774937
6798561
7151675
7521871
7522844
7549917
7559365
7568464
7592354
7608075
7639721
7642496
7679382
7683184
7685337
7736600
7747974
7755580
7758940
7763713
7763922
7764008
7764856
7764859
7765733
7771770
7808388
7812449
7815942
7836312
7841463
7868586
7879712
7881553
7885235
7896070
7928782
7961449
7961503
7961509
7986805
7988700
7988915
8000547
8000548
8010662
8017943
8024569
8039653
8045426
8049348
8074527
8074528
8092856
8093062
8097175
8117072
8135527
8161820
8173080
8196545
8206824
8210675
8215365
8226697
8244028
8366043
8382958
8395899
8397966
8409918
8412676
8449902
8504824
8517742
8522535
8525066
8534114
8559800
8581175
8605023
8606175
8621097
8621394
8659896
8659901
8661932
8704969
8748024
8752342
8755867
8761732
8772169
8842145
8865347
8867385
8885833
8917070
8936318
8938050
8971704
8980535
9004499
9044282
9045809
9056211
9079937
9238106
9266699
9276928
9297462
9297824
9361426
9370284
9426239
9434737
9442270
9442486
9446558
9480013
9487706
9521647
9531631
9546650
9560422
9579065
9589870
9611816
9620966
9647764
9652400
9660197
9660198
9666465
9671779
9695918
9695919
9720199
9735314
9790664
9802220
9811661
9818083
9868786
9872761
9932818
10049402
10049830
10049869
10075432
10091326
10092494
10103247
10191384
10217487
10220171
10220896
10222581
10223988
10224004
10227160
10234830
10347033
10388709
10404240
10420990
10420995
10439398
10489453
10498736
10521665
10570798
10570802
10572116
10579510
10586507
10589846
10614949
10625602
10683237
10698792
10699864
10712685
10726773
10732668
10781535
10809686
10809701
10828405
10848959
10872690
10877795
10896219
10907426
10913707
10913817
10930756
10935753
10937826
10937937
10937940
10943564
10946002
10952982
10972815
10974714
10997130
11006846
11054112
11076021
11078655
11092846
11092847
11094286
11097940
11106178
11115640
11150666
11160807
11168383
11185559
11200230
11238976
11250542
11289793
11298764
11319098
11319117
11321586
11328647
11355704
11361073
11381336
11382224
11397455
11398928
11425227
11429454
11432736
11445167
11445173
11460256
11461148
11470353
11495999
11499929
11511870
11514515
11520867
11521078
11545272
11549181
11561719
11565516
11574473
11577165
11587440
11676569
11696248
11700347
11702081
11731134
11735365
11741338
11750828
11753919
11762601
11777412
11778876
11816814
11821236
11824608
11831479
11844756
11876415
11879709
11886559
11913457
11928962
11935175
11944349
11959451
11976094
11976302
11988527
11994150
12010501
12032806
12032807
12081967
12089010
12111147
12141991
12148616
12162556
12177341
12194450
12204559
12227548
12232668
12241042
12383729
12406733
12422507
12423755
12445648
12445652
12446663
12450803
12466884
12501374
12514016
12523388
12523389
12536254
12557316
12557374
12557553
12560985
12586408
12610723
12646324
12658516
12664155
12670963
12732517
12732581
12740729
12743753
12749842
12764568
12770504
12777497
12802479
12827320
12835923
12839753
12840036
12845493
12850132
12855165
12855718
12867461
12879215
12882556
12890033
12896997
12900025
12900036
12904287
12904832
12919317
12923788
12925798
12937954
12948626
12948627
12948628
12948629
12948630
12948631
12948632
12948633
12948634
12948635
12948636
12948637
12948638
12948639
12948640
12948641
12948642
12948643
12948644
12948645
12948646
12948647
12948648
12948649
14499993
14505173
14550651
14604803
14622416
14629018
14638415
14646202
14651867
14673819
14695899
14702399
14711530
14711646
14711665
14740191
14749915
14760690
14996808
15033521
15033867
15046983
15049827
15055771
15057458
15059630
15063732
15081493
15090522
15128544
15133716
15134432
15148566
15150232
15150242
15163512
15163767
15168857
15211482
15220336
15221457
15225990
15231814
15240254
15240305
15244482
15277766
15282171
15288952
15304751
15308633
15327991
15336488
15375646
15383716
15458411
15466560
15469514
15480574
15491855
15493881
15494411
15516578
15534933
15541386
15558275
15574911
15574927
15581860
15610431
15614534
15621447
15640189
15640215
15659664
15659666
15665480
15668011
15668756
15672268
15687380
15699199
15707630
15709427
15717325
15766777
15766862
15770480
15781416
15782238
15802143
15805504
15833440
15834716
15843930
15853877
15870326
15870446
15883048
15883782
15901702
15901732
15925900
15933028
15933044
15935503
15938759
15949962
15961038
15968079
15971090
15971587
15971614
15978086
15979559
15979917
15984033
15986882
15995189
16000732
16000733
16000747
16013488
16040600
16049736
16079335
16085822
16092756
16102602
16109942
16112217
16116273
16159395
16166084
16179344
16179801
16194234
16194241
16195792
16204505
16204527
16204540
16212936
16224791
16232634
16232840
16232899
16232951
16233348
16233457
16237035
16239220
16252087
16267288
16269752
16276922
16291997
16302278
16306684
16321946
16332771
16332837
16332851
16347254
16348510
16348670
16348855
16348878
16349003
16349146
16351141
16369687
16374633
16385030
16385051
16385062
16385111
16406159
16411922
16416443
16421104
16428817
16436075
16452416
16469103
16481315
16488498
16495679
16506038
16512920
16517642
16522631
16535185
16535186
16535231
16535397
16535429
16535457
16536437
16547043
16549657
16575561
16579472
16585752
16595677
16604417
16614826
16617034
16620205
16621639
16636474
16642330
16645311
16645315
16672486
16672528
16698104
16707184
16717409
16734784
16750927
16765316
16809027
16820680
16822574
16828161
16844397
16849811
16869145
16870294
16879915
16889382
16891347
16901339
16912897
16929678
16940326
16944136
16960736
16961923
16963551
16977467
16997948
16997984
17001475
17008032
17008078
17021879
17035688
17038164
17046539
17060909
17061211
17064374
17077499
17082883
17088267
17090916
17103057
17114251
17142369
17142381
17147612
17151474
17158630
17169547
17179146
17183210
17183211
17183220
17183485
17189168
17194220
17204139
17216441
17216452
17221197
17221235
17227685
17229482
17254330
17256152
17256331
17259312
17264989
17275119
17277203
17277420
17277455
17293417
17293426
17293513
17308303
17318907
17322206
17333167
17347820
17350037
17364200
17379713
17379737
17380327
17380901
17387176
17390131
17411014
17428791
17434430
17437098
17453196
17464056
17483212
17483229
17483938
17490706
17496102
17503033
17513583
17526706
17545325
17552218
17555841
17559405
17567737
17568655
17577886
17585867
17586079
17587457
17600063
17600065
17604670
17617717
17619186
17624457
17646983
17650500
17653710
17655507
17657537
17660414
17660426
17664064
17681630
17693491
17693504
17693518
17693703
17714444
17720794
17764950
17766384
17849411
17877698
17880007
17890844
17891388
17895539
17909785
17913354
17924683
17938910
17965859
17981051
17986320
17995778
18005413
18007046
18034885
18037338
18039772
18040683
18040983
18047570
18050920
18051605
18051748
18060770
18064454
18071645
18086211
18093135
18174145
18175328
18178556
18183389
18188553
18215631
18219481
18224342
18228224
18234538
18245289
18246326
18253021
18283557
18285691
18295714
18296522
18296524
18310020
18310037
18316738
18339202
18355281
18374441
18375800
18379776
18390549
18421567
18442973
18452585
18460806
18462756
18467855
18467864
18487330
18493948
18499054
18541480
18546125
18555376
18560156
18565321
18566515
18567661
18567683
18573287
18586971
18591244
18592219
18594129
18598055
18599103
18600868
18600983
18601189
18609599
18618779
18621870
18623562
18623586
18627086
18627460
18629829
18636450
18636455
18636597
18636622
18646866
18658264
18667564
18689485
18691531
18696061
18724694
18757581
18758769
18759971
18760354
18777022
18782665
18791709
18800184
18810427
18824837
18832313
18849435
18851867
18854009
18923827
18930704
18931118
18931286
18936936
18950194
18966389
18972541
18974047
18985611
18988622
18989633
18991398
18997402
19016879
19019160
19019826
19028892
19041340
19041910
19041911
19047347
19047397
19047758
19050933
19054080
19054097
19054234
19062035
19066860
19066885
19074606
19088318
19091079
19095019
19116210
19118356
19121344
19124047
19139237
19146695
19148777
19149161
19153452
19162097
19202084
19202085
19221735
19233628
19233926
19246745
19262666
19270092
19270097
19286650
19286778
19304823
19307717
19308662
19322788
19332300
19332837
19346355
19360783
19368890
19372162
19376865
19376919
19383689
19394370
19395496
19397940
19399347
19403527
19405093
19408028
19426128
19429617
19430772
19444301
19468056
19482925
19487032
19490113
19494117
19494184
19505951
19529932
19552709
19568747
19581365
19583988
19589834
19627583
19628558
19639586
19642621
19646286
19654261
19665500
19688381
19692228
19698148
19701780
19707750
19707921
19725589
19727672
19734178
19767422
19788543
19793869
19798496
19801408
19808875
19809192
19820141
19826806
19838697
19873765
19880641
19923732
19940132
19950167
19956942
19958560
19963018
19963020
19966008
19966452
20002569
20006108
20012280
20012552
20014412
20025733
20035624
20055984
20056699
20077391
20081038
20107993
20109147
20110293
20116084
20133138
20134243
20136094
20140657
20144730
20149889
20180116
20204663
20217078
20233443
20233922
20237580
20303957
20333512
20363942
20364396
20376637
20377641
20379711
20381632
20411981
20435732
20443004
20445740
20449744
20491930
20508265
20544254
20552356
20562290
20573952
20580910
20589412
20595007
20599688
20601509
20620178
20622015
20630483
20630746
20636973
20638173
20638422
20638427
20638432
20643656
20647021
20650338
20656688
20656783
20658302
20661733
20675489
20688145
20691702
20692303
20699568
20720171
20798162
20798582
20802040
20802079
20806251
20809072
20817050
20818520
20821248
20823530
20835781
20843801
20847010
20851105
20851994
20854853
20864477
20922371
20922372
20923416
20923423
20934382
20935122
20951172
20961751
20973762
21073308
21075922
21097597
21115700
21125267
21132515
21150093
21159175
21183666
21183673
21185173
21187642
21191998
21194928
21210121
21211038
21217007
21218623
21239583
21241816
21254728
21257776
21268892
21277915
21277916
21281647
21295539
21298810
21305281
21307588
21320555
21326838
21327408
21354102
21362445
21370474
21399602
21420450
21424269
21435038
21441331
21452034
21468701
21478323
21503757
21519933
21521247
21523478
21531824
21533914
21552989
21559286
21559975
21567176
21571935
21614527
21623894
21643696
21655984
21663690
21665967
21674800
21682932
21683740
21717142
21751368
21761208
21784914
21796382
21799011
21799779
21815106
21821142
21821907
21826397
21848075
21876124
21903468
21903753
21909677
21931217
21933687
21976064
21984793
21994927
21999513
22008639
22008938
22009057
22018023
22032722
22050934
22051018
22093979
22094976
22098456
22100974
22101454
22102279
22112952
22123248
22127753
22132055
22138494
22138982
22139180
22159614
22172596
22178235
22178972
22188772
22198206
22202964
22212631
22224900
22228312
22243621
22247536
22261175
22301909
22307305
22340668
22353596
22356563
22366416
22370950
22389371
22392073
22405039
22438866
22443283
22450470
22476105
22493176
22497218
22504802
22505259
22511122
22513227
22520756
22524407
22534303
22538651
22539022
22539165
22552525
22566084
22573149
22578364
22583745
22586995
22587824
22588501
22588847
22610427
22640862
22644522
22664190
22682799
22685150
22685153
22706057
22733295
22759537
22767548
22771937
22785475
22803796
22806862
22808015
22810301
22820335
22851018
22854894
22865069
22871505
22885668
22890752
22898177
22904281
22916496
22924979
22938655
22940865
22943411
22959444
22960872
22963379
22963408
22982516
22987028
23024346
23029442
23033959
23038807
23042181
23061624
23080252
23080255
23081775
23090582
23091062
23092390
23103979
23108048
23113930
23124757
23134565
23144136
23144457
23163932
23164409
23179627
23196218
23199277
23215805
23223864
23241971
23260271
23279937
23280310
23288296
23289306
23297056
23298179
23305350
23306642
23307809
23313454
23331988
23332009
23343519
23354754
23355034
23356419
23362277
23384287
23396334
23396909
23404100
23405112
23412064
23416842
23425033
23447448
23467831
23526182
23543710
23545656
23548274
23562176
23589369
23592306
23593275
23597779
23608553
23611701
23615850
23617600
23621709
23624027
23630315
23633298
23643889
23649271
23683072
23690048
23692140
23703324
23709504
23712891
23722846
23725060
23737264
23737329
23749228
23760818
23768112
23806148
23811360
23813403
23829416
23835179
23836141
23852866
23856168
23863124
23863291
23867703
23868449
23873914
23886307
23892752
23913421
23928049
23928903
23929881
23989149
23990041
23995919
23995924
23996851
24010367
24013630
24014532
24029876
24043123
24047987
24056108
24058293
24063242
24065717
24068239
24078255
24100136
24104602
24113823
24116064
24118443
24121528
24129953
24138314
24138339
24140290
24142248
24150494
24163339
24169202
24169455
24169948
24218302
24228689
24243781
24269814
24270893
24278450
24279729
24315531
24333966
24334667
24336165
24339434
24341750
24342107
24344690
24375145
24377418
24380967
24384063
24385368
24397404
24397720
24402505
24403054
24406456
24410842
24432142
24434673
24445921
24446451
24458563
24465669
24480572
24486440
24486441
24486442
24493572
24502216
24504095
24510022
24517515
24531272
24535744
24593686
24610842
24613758
24632177
24637177
24668244
24674055
24688664
24691519
24701837
24706215
24706742
24731213
24737070
24737081
24737727
24779520
24782835
24795375
24816722
24831706
24859773
24859809
24863652
24866946
24879631
24885047
24902851
24905147
24910334
24910970
24910971
24910972
24922334
24930112
24941739
24942069
24947581
24949252
24949255
24953302
24957773
24981020
24982307
25008167
25012786
25027702
25036691
25056811
25060350
25087479
25091334
25107507
25108235
25112225
25117516
25139448
25139579
25141796
25163446
25163732
25181035
25191655
25196586
25208910
25215180
25248702
25277412
25293499
25301583
25304460
25311136
25338939
25341464
25358088
25363556
25376333
25384249
25404703
25406451
25416770
25421564
25424693
25427009
25427102
25427192
25429977
25434811
25444876
25444880
25449016
25449109
25451015
25463799
25469170
25469635
25477389
25488698
25488800
25492493
25514023
25527174
25535273
25549619
25549620
25575181
25576602
25583257
25592736
25595768
25595770
25622822
25630515
25639721
25644214
25650341
25665502
25666133
25681179
25684732
25697867
25700814
25707863
25709601
25710324
25714007
25720798
25725632
25727019
25728062
25748841
25750030
25761623
25763057
25766783
25769288
25790484
25801335
25801673
25808520
25820644
25837592
25845847
25847251
25851950
25852656
25852984
25862223
25867357
25868645
25876601
25886194
25887638
25888171
25888907
25891483
25892668
25894805
25903360
25916847
25919117
25945579
25952119
25953304
25967037
25981633
26021728
26033538
26035208
26047931
26057003
26062809
26070433
26100077
26110019
26113219
26115763
26121694
26134574
26140901
26146128
26168906
26215341
26216246
26235130
26235234
26238196
26257719
26260458
26264811
26267112
26267114
26276118
26276544
26296766
26300047
26322840
26338443
26341203
26348020
26354854
26363018
26375179
26377129
26384341
26392034
26392137
26393954
26409852
26416832
26433092
26439318
26453466
26453945
26460578
26474849
26490043
26494188
26496920
26499464
26502738
26511723
26512006
26513257
26513591
26519562
26528625
26541332
26556130
26577071
26602189
26606325
26610800
26616115
26645801
26663479
26667218
26707627
26709615
26713407
26715464
26744254
26762040
26777238
26777246
26782746
26784991
26789738
26801253
26808593
26817843
26829286
26832668
26834010
26838341
26849173
26875536
26888203
26893024
26921424
26923131
26946492
26961908
26969253
26970052
26983943
26990278
26992791
26996259
26996627
27005618
27010514
27020126
27033538
27044449
27053080
27053082
27074722
27078093
27101699
27105125
27116971
27119954
27151315
27160378
27160580
27161115
27178798
27184428
27225460
27235972
27240352
27250661
27255137
27270733
27274030
27288926
27289352
27289384
27297548
27324811
27338253
27344574
27345060
27350619
27355211
27362471
27366969
27371347
27371794
27376307
27377799
27380236
27383057
27385451
27395064
27417139
27465853
27467527
27471069
27472998
27474351
27491712
27492186
27492287
27507216
27507425
27520031
27520809
27551018
27553883
27553884
27557730
27578753
27580890
27580964
27618862
27623797
27640309
27641904
27645388
27664748
27666312
27682138
27687994
27690044
27702487
27717325
27717386
27718589
27734668
27737557
27737570
27746323
27754855
27760214
27766354
27783176
27793586
27800627
27829123
27832296
27832297
27844170
27852252
27862445
27871872
27872959
27872960
27872961
27872963
27881414
27887027
27902442
27907077
27909736
27913829
27918882
27927208
27936616
27989804
27998065
28031281
28035120
28039359
28062280
28094982
28116490
28137189
28143765
28153765
28163092
28167532
28169491
28174310
28176858
28176878
28198668
28199365
28232033
28238807
28249784
28253372
28256782
28276499
28291750
28303352
28323243
28324528
28324555
28324578
28341677
28359868
28361238
28369109
28373551
28391506
28392541
28401266
28409383
28409400
28412515
28417169
28423055
28429167
28438267
28455670
28469274
28478080
28484430
28522202
28522291
28532147
28532451
28534111
28536938
28552565
28552568
28560868
28567672
28579173
28579174
28588128
28589224
28599233
28599919
28600196
28607077
28620052
28641210
28641405
28647528
28649005
28651382
28673128
28675039
28680478
28698098
28701150
28720084
28754705
28799725
28801604
28803482
28824563
28825188
28826205
28837821
28840778
28846199
28854738
28869338
28871248
28876041
28884354
28888551
28893188
28899215
28904252
28922502
28936306
28938890
28986243
28988281
29038252
29049397
29062965
29072327
29072352
29075867
29076621
29087704
29089597
29089930
29108621
29111438
29115043
29137643
29141192
29142827
29145122
29145843
29148103
29151160
29153651
29164417
29164506
29177939
29178787
29178966
29191109
29193517
29196644
29201141
29233695
29247008
29268790
29305513
29316787
29316926
29323472
29330181
29331350
29344811
29355574
29392386
29395959
29397710
29420726
29425938
29427435
29432812
29435693
29438446
29445038
29471489
29478233
29479345
29483542
29500004
29520601
29522826
29523552
29537126
29557518
29557768
29558858
29564525
29571737
29574741
29578576
29580618
29580925
29594358
29596827
29605941
29631180
29636817
29643457
29663127
29667817
29671147
29673223
29685154
29685355
29704438
29709649
29724782
29725721
29736347
29737393
29741348
29744279
29753071
29753327
29760774
29766331
29766793
29773073
29775852
29804137
29846672
29858204
29859597
29859602
29867827
29876603
29878158
29885290
29898721
29899275
29906256
29907151
29908566
29940118
29981572
29982619
29983038
29984738
29998212
30003296
30023797
30024935
30029656
30031819
30031852
30039929
30046665
30048680
30054757
30060409
30065086
30092487
30102770
30109397
30109629
30122124
30131070
30134636
30144560
30150644
30150671
30154248
30173772
30190534
30196009
30209745
30210489
30217197
30218378
30223026
30229865
30232266
30238140
30241531
30249939
30262872
30268811
30270521
30274551
30276713
30289689
30291266
30308046
30308476
30311712
30318833
30319554
30341076
30357503
30359263
30365945
30386427
30392965
30394028
30397021
30405597
30414914
30416490
30420330
30424300
30425699
30445641
30446890
30450544
30458240
30463959
30474553
30478154
30481728
30484125
30485791
30488696
30488920
30498972
30499272
30516051
30537644
30555839
30558416
30562884
30564850
30579891
30587200
30594649
30597517
30604236
30610289
30644007
30662895
30663007
30664686
30666532
30684355
30687273
30691254
30706208
30707252
30707564
30712085
30729285
30748039
30767351
30791233
30798357
30818264
30851150
30857537
30858843
30858878
30877357
30909908
30912351
30927493
30937497
30937555
30939382
30943966
30953121
30954454
30959173
30962820
30972584
30975146
30976317
30986989
30989410
30993221
30995928
31011369
31016135
31022947
31041469
31055761
31055912
31055970
31072617
31076339
31081628
31085637
31089703
31106985
31117497
31126462
31132723
31134020
31136796
31141615
31146079
31150803
31164873
31180185
31184369
31191483
31195044
31197939
31198861
31212656
31217415
31226315
31237684
31239379
31240367
31289903
31294849
31298526
31301358
31307581
31311182
31317533
31358612
31370116
31382874
31399771
31399865
31417519
31420796
31428064
31433066
31434564
31437746
31447790
31449877
31451111
31474718
31486873
31511549
31522285
31537974
31541312
31544527
31570531
31583448
31616665
31618998
31620432
31648597
31655587
31670736
31671040
31671716
31673873
31683510
31686146
31689352
31692915
31731968
31752618
31758959
31773365
31776607
31790583
31812596
31815278
31828448
31849906
31867522
31879822
31890587
31902803
31906967
31926306
31950445
31964372
31971504
31989219
31998705
32019787
32025500
32036484
32039507
32060028
32070345
32072789
32073722
32117117
32139953
32140378
32144105
32146493
32146930
32148002
32156807
32167475
32175008
32198399
32201760
32202411
32217691
32232530
32234471
32242019
32251291
32290475
32296988
32316987
32318565
32327663
32382107
32385515
32391351
32398078
32436991
32443885
32444473
32453397
32456643
32458148
32470291
32471433
32474971
32490790
32493332
32504628
32521697
32530496
32535763
32537377
32542109
32556410
32561727
32567265
32577397
32593757
32602337
32623008
32624726
32624739
32624795
32625521
32625914
32626077
32626082
32626083
32626100
32626174
32626205
32626227
32626239
32626243
32626264
32626319
32626320
32626342
32626351
32626390
32626391
32627539
32649183
32650225
32659445
32699195
32704318
32712859
32750493
32751941
32763926
32774207
32778124
32807756
32813974
32822353
32822422
32827704
32840643
32850723
32854378
32854502
32864855
32865881
32874184
32874228
32874230
32874286
32874289
32874293
32876764
32885332
32893457
32902709
32905949
32912682
32924355
32926092
32936374
32961297
32970182
32978133
32978386
32991924
32992032
33002506
33008408
33012080
33015020
33021685
33025611
33036990
33050339
33051010
33083859
33084479
33088933
33095135
33095214
33098975
33131008
33132239
33145168
33148889
33153325
33169576
33178676
33193127
33198305
33199604
33209151
33220868
33238211
33242127
33243241
33244921
33251110
33285509
33302489
33310719
33343731
33363126
33382575
33383576
33391396
33392171
33403293
33470174
33478007
33478126
33478381
33498785
33514753
33521845
33532712
33539090
33541153
33542927
33553115
33569648
33577648
33580690
33582518
33585420
33585425
33593066
33593398
33605147
33645536
33650120
33669405
33671140
33711360
33711885
33722651
33752285
33771625
33775210
33783153
33783155
33791825
33796877
33800875
33802915
33805131
33850195
33856569
33859981
33869152
33885142
33897668
33897859
33897860
33912549
33924554
33940039
33945844
33954950
33959203
33963930
33968573
33971881
34009533
34018325
34019768
34026744
34056170
34075749
34082775
34085445
34085449
34089621
34091150
34096577
34097118
34098735
34124022
34131780
34132489
34150510
34165971
34187467
34203422
34217803
34221804
34222694
34224896
34278012
34290951
34303376
34310855
34311028
34314893
34322178
34329707
34343343
34348702
34351735
34352645
34367120
34373439
34390613
34395409
34401958
34402937
34419880
34425465
34436681
34445771
34450195
34463802
34471588
34483223
34492336
34492380
34516717
34519841
34526022
34529230
34532515
34536319
34542981
34560435
34584039
34592997
34605403
34607462
34621731
34628038
34631687
34632124
34632220
34656671
34657425
34659141
34660554
34662101
34663317
34669078
34675363
34678383
34688880
34703502
34722482
34753673
34762142
34777299
34789412
34798253
34802109
34821377
34824977
34837493
34837555
34851612
34855356
34856366
34864214
34864880
34867870
34869258
34869279
34870372
34870736
34902029
34910901
34921951
34928605
34934458
34934460
34944401
34949178
34952576
34958433
34976160
34976962
34982253
34984877
34984885
34988066
35015509
35031676
35033086
35038553
35040429
35064357
35065259
35087070
35088592
35090458
35096794
35102737
35106837
35139706
35142919
35153321
35167276
35167670
35173152
35178585
35180315
35181703
35183721
35185806
35205323
35209232
35211108
35220456
35223787
35224830
35234398
35234402
35247829
35255090
35265054
35287716
35288270
35290032
35292099
35311011
35311556
35331232
35338005
35348933
35362472
35387228
35394419
35407118
35433642
35435456
35456781
35456828
35470606
35472638
35475161
35495724
35497351
35500281
35527247
35568867
35583740
35625472
35629932
35630371
35630406
35630445
35643507
35646884
35684346
35687270
35710026
35714769
35729563
35741367
35750243
35759036
35763071
35767097
35797847
35803058
35808131
35858440
35878987
35879766
35889076
35902409
35910619
35917915
35919755
35925494
35926511
35931248
35931894
35944822
35950295
35963485
35989030
35989300
35998313
36007762
36017356
36030574
36033683
36033839
36044571
36087402
36089467
36094194
36094654
36099191
36109385
36110303
36123702
36130640
36159706
36160252
36178056
36182956
36184013
36185436
36194264
36203106
36212995
36224443
36225165
36226358
36246361
36284544
36286523
36291707
36307781
36312938
36334975
36341775
36350124
36368990
36374037
36374274
36382403
36383019
36409290
36420162
36445153
36460048
36463830
36464143
36466343
36469781
36477904
36499645
36509305
36517879
36518375
36531695
36534341
36541778
36549106
36563956
36566842
36567121
36572334
36576637
36578077
36588959
36592319
36609377
36671763
36677485
36688035
36694718
36698977
36708995
36731613
36740737
36756166
36786915
36788287
36801302
36803485
36829651
36838266
36838984
36849884
36878578
36881760
36897266
36905370
36918890
36925999
36926688
36931556
36933819
36937275
36942105
36943318
36944486
36949028
36972749
37003455
37027231
37032885
37061714
37071336
37077297
37085192
37087971
37088739
37093208
37095132
37097502
37098917
37107584
37120372
37142865
37143059
37146873
37149082
37154718
37162369
37170167
37175199
37200843
37230944
37244302
37246985
37259192
37271379
37286071
37286072
37290713
37301357
37324439
37324714
37328405
37348112
37350137
37366016
37377432
37380039
37389345
37395871
37401585
37417004
37443355
37448445
37449409
37451533
37452397
37463859
37464396
37524856
37532060
37543944
37555949
37563123
37579915
37581345
37589157
37596674
37604260
37606753
37607052
37608211
37622359
37622360
37642851
37644492
37654705
37667306
37669547
37676548
37679597
37679814
37683565
37689914
37699686
37699694
37699874
37699882
37707996
37729854
37735384
37741424
37748563
37754766
37768042
37832852
37833813
37839643
37846083
37851920
37857081
37888465
37925085
37925500
37935620
37968827
37971189
37992937
37996724
38012344
38044953
38047707
38056688
38063314
38079400
38090711
38103752
38104701
38132333
38136957
38151830
38160746
38160817
38180273
38204395
38206115
38206123
38227582
38231880
38234301
38236045
38257399
38260893
38286394
38288444
38295803
38303604
38305911
38310624
38316230
38348399
38348908
38354920
38354939
38365536
38369050
38385148
38402147
38407604
38415189
38433040
38496319
38499686
38507812
38509974
38520822
38532881
38543657
38545740
38545968
38563097
38568465
38569079
38582485
38582923
38585213
38598883
38607270
38607454
38635392
38647759
38647854
38650231
38653035
38664309
38674747
38693567
38701175
38701983
38718091
38725068
38727744
38731757
38732022
38747135
38779352
38783320
38784795
38792114
38800740
38814711
38829907
38860925
38880268
38901555
38914487
38918796
38930958
38937154
38944415
38946081
38967005
38968705
38973919
38975019
38975718
38996414
39004689
39007091
39013608
39050686
39080980
39086458
39152436
39163968
39173715
39198298
39200518
39203523
39224149
39272184
39282302
39285401
39319722
39319728
39329634
39373177
39380689
39383016
39390488
39390608
39393651
39402655
39416452
39416921
39417425
39437154
39438921
39455323
39468526
39475655
39476177
39480191
39515670
39536884
39585436
39607706
