18523192
18547668
19645766
19852808
19935878
21665195
21859256
22237982
22443682
23089182
23317855
23873391
24165138
24568164
24878566
25062020
25555751
25974656
25984509
25998813
26048942
26132635
26513253
26748923
28221877
28232819
28303125
29102134
29204140
29270766
29454685
30117756
30315374
30550840
30717032
30738108
31050248
31118922
31555228
31622508
32036894
32078682
33101235
33417975
33677554
33774683
33992361
34099300
34183235
35711752
35722296
35722305
36211338
36339506
37678039
37689845
37893766
37986541
38137986
38497656
38540861
38963769
