16825636
17267966
20139022
21439390
22180609
22199215
23563230
24434962
24720223
25972855
26940874
26940875
28414448
28884091
30001522
30230652
31076926
31639130
31641517
32482258
32690600
33897881
33920646
34006193
34884399
35308380
35496671
35604764
35698917
35854696
35863023
35945336
35959379
36107983
36253620
36511688
36792573
37052305
37424334
37655696
37671197
37894412
38518452
38520258
38563656
38730627
38862253
38891933
38961511
39065182
39309525
39388022
39568726
16825636
17267966
20139022
21439390
22180609
22199215
23563230
24434962
24720223
25972855
26940874
26940875
28414448
28884091
30001522
30230652
31076926
31639130
31641517
32482258
32690600
33897881
33920646
34006193
34884399
35308380
35496671
35604764
35698917
35854696
35863023
35945336
35959379
36107983
36253620
36511688
36792573
37052305
37424334
37655696
37671197
37894412
38518452
38520258
38563656
38730627
38862253
38891933
38961511
39065182
39309525
39388022
39568726
