18048720
19651732
20580498
21516314
23538906
24408950
24994102
25401077
25858843
26385412
28060828
28710269
28821355
31325223
31727707
31733960
31889061
31956519
32538737
32733398
33025059
33178147
33265063
33303669
33667802
33737361
33986101
33992922
34088178
34110242
34207615
34264809
34468196
34489897
34660554
34742809
34801314
34801719
34913710
35085972
35142543
35630284
35665370
35856606
35880585
36181696
36313826
36346223
36468866
36688659
37060452
37218382
37302315
37323539
37343849
37515608
37655899
37758153
38273092
38488369
38980484
39377611
