10319510
12543918
15158270
15686833
16339163
16437059
16625148
16928805
17020546
17403048
17595998
18417425
18473102
23041083
23788592
24031342
24349474
24896819
25463388
25504132
25721051
25763063
26038504
26098507
26272577
26408270
27033941
27086159
27258408
27278903
27282095
27982303
28472618
28500802
29777636
29934034
30345088
32307314
35390628
36129918
36145472
36201904
36249734
36288062
36467637
36809758
37014605
37917733
37921482
38241644
38782111
39195606
39211242
39591643
10319510
12543918
15158270
15686833
16339163
16437059
16625148
16928805
17020546
17403048
17595998
18417425
18473102
23041083
23788592
24031342
24349474
24896819
25463388
25504132
25721051
25763063
26038504
26098507
26272577
26408270
27033941
27086159
27258408
27278903
27282095
27622673
27982303
28472618
28500802
29777636
29934034
30345088
32307314
35390628
36129918
36145472
36201904
36249734
36288062
36467637
36809758
37014605
37917733
37921482
38241644
38782111
39195606
39211242
39591643
