2742218
3150411
3711302
9044705
11248520
12023082
12902287
12957918
14687210
15294824
15482436
15752444
15900966
16121225
17066909
18074178
18767694
19011070
19364642
19473254
19504045
19617386
19903390
20051198
20171856
21076485
21216919
21673982
22150997
22691684
22706513
22827309
23100654
23313768
23317855
23536849
23587958
23666029
23929227
24026928
24152877
24268182
24291178
24309109
24498985
24657043
24824638
25039289
25190354
25196111
25384056
25433178
25454517
25638268
25940948
26119187
26248383
26294947
26355540
26689883
26832666
26853289
27236224
27243236
27282003
27284137
27498509
27540071
27722827
28040180
28082144
28375579
28377637
28491055
28572930
28629229
29061750
29091215
29134289
29351668
29472760
29628916
29642290
29800825
29908916
29980699
29982994
29987921
29988579
30054366
30065892
30145765
30154783
30279153
30387240
30430006
30723505
30753569
30785775
30947032
30967970
31106946
31181270
31433635
31493870
31497388
31609646
31811215
32439671
32547340
32599701
32712659
32846260
33021681
33090918
33150063
33342235
33424369
33488726
33510724
33955542
34097486
34170758
34177820
34197197
34288945
34319767
34351219
34371134
34461516
34472973
34504809
34516244
34689726
34812530
34970231
35042553
35061852
35489314
35586133
35862664
35873176
35970421
35976100
36180829
36200771
36246266
36338068
36525156
36569078
36728698
36802273
36877062
36908981
36923499
36973903
36975994
36987013
37014210
37017546
37032871
37204552
37580886
37601382
37602227
37662740
37815509
37930451
38041722
38063029
38099614
38321998
38465735
38486043
38535496
38912872
39046566
39162443
39246410
39300338
39305780
39315836
39330280
39353273
39362131
39366657
39410149
2742218
3150411
3711302
9044705
11248520
12023082
12902287
12957918
14687210
15294824
15482436
15752444
15900966
16121225
17066909
18074178
18767694
19011070
19364642
19473254
19504045
19617386
19903390
20051198
20171856
21076485
21216919
21673982
22150997
22691684
22706513
22827309
23100654
23313768
23317855
23536849
23587958
23666029
23929227
24026928
24152877
24268182
24291178
24309109
24498985
24657043
24824638
25039289
25190354
25196111
25384056
25433178
25454517
25638268
25940948
26119187
26248383
26294947
26355540
26689883
26832666
26853289
27236224
27243236
27282003
27284137
27498509
27540071
27722827
28040180
28082144
28375579
28377637
28491055
28572930
28629229
29061750
29091215
29134289
29351668
29472760
29628916
29642290
29800825
29908916
29980699
29982994
29987921
29988579
30054366
30065892
30145765
30154783
30279153
30387240
30430006
30723505
30753569
30785775
30947032
30967970
31106946
31181270
31433635
31493870
31497388
31609646
31811215
32299378
32439671
32547340
32599701
32712659
32846260
33021681
33090918
33150063
33342235
33424369
33488726
33510724
33955542
34097486
34170758
34177820
34197197
34288945
34319767
34351219
34371134
34461516
34472973
34504809
34516244
34689726
34812530
34970231
35042553
35061852
35489314
35586133
35862664
35873176
35970421
35976100
36180829
36200771
36246266
36338068
36525156
36569078
36728698
36802273
36877062
36908981
36923499
36973903
36975994
36987013
37014210
37017546
37032871
37195180
37204552
37580886
37601382
37602227
37662740
37815509
37930451
38041722
38063029
38099614
38321998
38465735
38486043
38535496
38912872
39046566
39162443
39246410
39300338
39305780
39315836
39330280
39353273
39362131
39366657
39410149
