7547291
8370733
8727888
8816598
8894575
9124857
9157120
9228743
9488824
9505178
9574722
9593121
9817901
9868692
10074508
10342655
10404334
10482033
10535186
11208813
11333587
11451706
11594602
11749760
12160322
12235925
12439810
12499210
12565065
12654678
12855719
12892119
14602367
14657140
15544085
15544086
15589223
15855486
15959988
16369667
17147766
17370571
18809563
19060075
19153032
19440981
19876565
20434850
20624090
21239871
22361761
23806703
23811360
26288572
26324578
26816893
27788054
27834713
28011352
28700261
28888870
28912325
29066761
29221301
29752561
30102894
30248572
30305384
30550229
30588419
31343792
31776886
31880890
31963167
31999641
32605474
32718823
33318249
34239764
34729064
34743096
34807410
34937183
35044941
35082772
35170983
35208706
35352202
35380248
35695820
35708077
35873283
36006324
36352270
36466658
36541778
36942838
37004579
38784795
38846689
39081786
39083712
39448409
39479577
7547291
8370733
8727888
8816598
8894575
9124857
9157120
9228743
9488824
9505178
9574722
9593121
9817901
9868692
10074508
10342655
10404334
10482033
10535186
11208813
11333587
11451706
11594602
11749760
12160322
12235925
12439810
12499210
12565065
12654678
12855719
12892119
14602367
14657140
15315020
15544085
15544086
15589223
15855486
15959988
16369667
17147766
17370571
18809563
19060075
19153032
19440981
19876565
20434850
20624090
21239871
22361761
23806703
23811360
26288572
26324578
26816891
26816893
27032253
27788054
27834713
28011352
28264610
28700261
28757016
28888870
28912325
29066761
29221301
29752561
30102894
30248572
30305384
30550229
30588419
30695529
31343792
31776886
31880890
31963167
31999641
32605474
32718823
33318249
34239764
34729064
34743096
34807410
34937183
35044941
35082772
35170983
35208706
35352202
35380248
35695820
35708077
35873283
36006324
36352270
36466658
36541778
36942838
37004579
38784795
38846689
39046207
39081786
39083712
39448409
39479577
