1704793
1710629
2324922
2768465
2957486
3321364
3533976
3699887
3886548
3930558
4056006
4084862
6201990
6386896
6490858
7477020
7529255
7853132
8379970
8458969
8862606
8896353
9495612
9660335
10086883
10618103
10791707
11155173
11574591
11737506
11826005
12052545
12064685
15150326
15760425
16148543
16148545
16207968
16533825
16706899
16887581
16887710
17554697
17916160
18754784
19052183
19058331
19258189
19885905
20148967
20348308
20519479
21050118
21406111
21438765
21738679
21829448
21887334
21966525
21992484
22092566
22194985
22301611
22349170
22512739
22666490
22882347
22919596
22919636
23152553
23241133
23375869
23437263
23448294
23453517
23466701
23474652
23571589
23600758
23624432
23743174
23743545
23819746
23823497
23952074
23984967
24086553
24105841
24152167
24361090
24574800
24646319
24874462
24918042
24940386
25214843
25411171
25486993
25627875
25657299
25937501
25946126
26002953
26022656
26062576
26100547
26177212
26309350
26643061
26698172
26865939
27195022
27239990
27252786
27313576
27339421
27651834
27677841
27688814
27798443
27893820
27910936
28116789
28205571
28397447
28424670
28630348
28729281
28824443
28824712
29250055
29382867
29508438
29601450
29630846
29636463
29769739
29867807
29946138
30049709
30080379
30087857
30201509
30242194
30252590
30478535
30480810
30486614
30876971
30905214
31281801
31400853
31522142
31540050
31936044
31996394
32111632
32165925
32351922
32667235
33072618
33111662
33436056
33527328
33669494
33677170
33732447
33938367
34156295
34211637
34552702
34669588
34746022
34820966
34841311
34974120
35026418
35283816
35357354
35688483
35979090
36144470
36212901
36782333
36834903
36919874
37000926
37366241
37423597
37607056
37761759
37806074
38019455
38110367
38257873
38274743
38739120
38800100
38945250
39076798
39192839
39374062
39422492
39554152
39603332
