383749
453098
479359
528680
689736
1325873
1370879
1500165
1526231
1734062
1748832
1791343
1995029
2066442
2084446
2111871
2130861
2131168
2150617
2190761
2213468
2312676
2347952
2380375
2454943
2489404
2498150
2600587
2610299
2632666
2637631
2641196
2914729
3212249
3269197
3301451
3346567
3396488
3404648
3444428
3462210
3466553
3484198
3490441
3490521
3522651
3745973
3834137
3860518
3867293
3867294
3868968
3940426
3980332
4025278
4043056
6191807
6341180
6355150
6454698
6520222
6581740
6630460
6769956
6807917
6952820
6979517
7019022
7049946
7054124
7142750
7229018
7545512
7572815
7637194
7641631
7675524
7683441
7786231
7853132
7870469
7964144
7966219
7996059
8064838
8089512
8170272
8226216
8252994
8254315
8255256
8290445
8295553
8315011
8324113
8360361
8536735
8565415
8567909
8589666
8636952
8636953
8648007
8681990
8707750
8707992
8749672
8757839
8784576
8818904
8858682
8934288
8992284
9021323
9067848
9082078
9101752
9103866
9178115
9206932
9220741
9226388
9283142
9284152
9304128
9310682
9322066
9331743
9331765
9331766
9382334
9403504
9542304
9621570
9708210
9741090
9750450
9785111
9823846
9884505
10025866
10029431
10086883
10087875
10093536
10193011
10338189
10385869
10430344
10442424
10447722
10452152
10530911
10555340
10599905
10618091
10671350
10726537
10746501
10791707
10826095
10899873
10982620
10992465
11057461
11072359
11073323
11140553
11155173
11159963
11199764
11230417
11245324
11246310
11267788
11302819
11317256
11317264
11339259
11402009
11482142
11553548
11681202
11737506
11748190
11756985
11771577
11792481
11801935
11845444
11863269
11880397
11957031
11985679
12043159
12121926
12171293
12202549
12594036
12774234
12775007
12790510
12843013
14571116
14662931
14676988
14678471
14747721
14871356
15026958
15043873
15145453
15205444
15297932
15342606
15491464
15496384
15506321
15515208
15515430
15543155
15686838
15691348
15720563
15836514
15870335
15882210
15889436
15905601
16011407
16034212
16216437
16222410
16238597
16239058
16390335
16459520
16489943
16553945
16585650
16620775
16681236
16682079
16735670
16762257
16805672
16840970
16859955
16887597
16887682
16922925
16972613
16989974
16997089
17195457
17412689
17488443
17553799
17612921
17803632
17883418
17898821
18065672
18095094
18157141
18173802
18310039
18337173
18390664
18410499
18477431
18547832
18553932
18729493
18761672
18927421
18954356
18992173
19000680
19022612
19142140
19177854
19200600
19228092
19287848
19495818
19596873
19819330
19947170
20019101
20038916
20062788
20093379
20109987
20142809
20303060
20622729
20624907
20696645
20705280
20705665
20807026
20824961
20831135
21053873
21094139
21118296
21169489
21204001
21321073
21407153
21410554
21507937
21523230
21524712
21593268
21724333
21738290
21822788
21842692
21847553
21883710
22094562
22116986
22246493
22259811
22324467
22339216
22371289
22517004
22661269
22707602
22817758
22835945
23035188
23052149
23060013
23187823
23188581
23197986
23211917
23242802
23275088
23375710
23389727
23405291
23437130
23506057
23527870
23529774
23551549
23798532
23828306
24002617
24101431
24106589
24215937
24346334
24373623
24390528
24401114
24600025
24610586
24616098
24671797
24848553
24858187
24896839
24910026
24917618
25003204
25024367
25102269
25161188
25161960
25197585
25590277
25735951
25918553
26171262
26185692
26274996
26407909
26466704
26714902
26722629
26746720
26853986
26928780
27043888
27132809
27159394
27281992
27294306
27368711
27530021
27557679
27620549
27681235
27891283
27895128
27913087
28033374
28119678
28348798
28379309
28409118
28542458
28576541
28607101
28621324
28696203
28710238
28724342
28727895
28831384
29022552
29040036
29053067
29055106
29162118
29228148
29276565
29306533
29328540
29332889
29397796
29565100
29584512
29651453
29681384
29803336
29998994
30033416
30194969
30212024
30239035
30524604
30561371
30580031
30690443
30692557
30781742
30882349
30921309
31211815
31229651
31253474
31377095
31576949
31681625
31707889
31735587
31793046
31845752
31885228
31891793
32111710
32155466
32161079
32179070
32244052
32280099
32370286
32448130
32457718
32488560
32656998
32665003
32690062
32734403
32749595
32763436
32842750
32885887
32908112
32933859
32993357
33010501
33066738
33127721
33165298
33207582
33329035
33405462
33419248
33540993
33640995
33662565
33711170
33986247
34116990
34127570
34220777
34238216
34249765
34339301
34426398
34463595
34483314
34485000
34615423
34639088
34690767
34695722
34706569
34714174
34725064
34766602
34794869
34851209
35045273
35236673
35272257
35621538
35703248
35755831
35776990
35850669
35898914
35953910
36107787
36162797
36576065
36728360
36729446
36731941
36803460
36898586
37013821
37092999
37140235
37348872
37368066
37393893
37451680
37468663
37608948
37611655
37663038
37680743
37791788
37849286
38011035
38021178
38194450
38357799
38414271
38445307
38446997
38504423
38507529
38536131
38580923
38622589
38656204
38668368
38722527
38835493
38845533
38867204
38877601
38882296
38883040
38890913
39027746
39040826
39100046
39104214
39144839
39162456
39171050
39172646
39327719
39351664
39431214
39438145
39445043
39450494
39507716
39544588
39552595
39553123
39584837
104623
383749
453098
479359
528680
689736
934595
1325873
1370879
1411421
1466122
1500165
1526231
1553442
1734062
1748832
1791343
1839541
1995029
2021238
2066442
2084446
2111871
2130861
2131168
2150617
2190761
2204299
2213468
2312676
2347952
2380375
2454943
2489404
2498150
2600587
2610299
2632666
2637631
2641196
2705672
2914729
2968634
3198459
3212249
3239838
3269197
3301451
3346567
3387679
3395013
3396488
3400910
3403357
3404648
3444428
3462210
3466553
3484198
3490441
3490521
3522651
3745973
3767095
3834137
3860518
3867293
3867294
3868968
3882027
3927803
3940426
3954195
3980332
4025278
4043056
4051289
6191807
6226221
6332102
6341180
6355150
6454698
6497102
6520222
6581740
6630460
6769956
6807917
6952820
6979517
7019022
7049946
7054124
7142750
7229018
7544518
7545512
7572815
7637194
7641631
7675524
7683441
7786231
7824316
7853132
7870469
7964144
7966219
7975151
7996059
8064838
8089512
8170272
8226216
8252994
8254315
8255256
8290445
8295553
8315011
8324113
8360361
8488640
8536735
8565415
8567382
8567909
8589666
8636952
8636953
8648007
8681990
8707750
8707992
8720238
8749672
8757839
8784576
8818904
8858682
8896684
8934288
8992284
9021323
9065882
9067848
9082078
9101752
9103866
9178115
9206932
9220741
9226388
9283142
9284152
9304128
9310682
9322066
9331743
9331765
9331766
9382334
9403504
9542304
9621570
9676593
9693420
9702231
9708210
9741090
9750450
9785111
9823846
9884505
10025866
10029431
10086883
10087875
10093536
10193011
10338189
10385869
10430344
10442424
10447722
10452152
10530911
10555340
10599905
10618091
10671350
10726537
10746501
10791707
10826095
10840575
10899873
10982620
10992465
11020372
11057461
11072359
11073323
11140553
11155173
11159963
11199764
11230417
11245324
11246310
11267788
11302819
11317256
11317264
11339259
11402009
11482142
11553548
11681202
11737506
11748190
11756985
11771577
11792481
11801935
11845444
11863269
11880397
11957031
11985679
12043159
12121926
12171293
12202549
12594036
12774234
12775007
12790510
12843013
14571116
14662931
14676988
14678471
14747721
14871356
15026958
15043873
15145453
15205444
15297932
15342606
15491464
15496384
15506321
15515208
15515430
15543155
15686838
15691348
15720563
15836514
15870335
15882210
15889436
15905601
16011407
16034212
16037782
16216437
16222410
16238597
16239058
16390335
16459520
16489943
16553945
16585650
16620775
16681236
16682079
16735670
16762257
16805672
16840970
16859955
16887597
16887682
16922925
16972613
16989974
16997089
17195457
17412689
17488443
17553799
17612921
17803632
17883418
17898821
18065672
18095094
18157141
18173802
18204030
18310039
18337173
18363989
18390664
18410499
18477431
18547832
18553932
18729493
18761672
18927421
18954356
18992173
19000680
19022612
19142140
19177854
19200600
19228092
19287848
19495818
19596873
19819330
19947170
20019101
20038916
20062788
20093379
20109987
20142809
20303060
20622729
20624907
20696645
20705280
20705665
20807026
20824961
20831135
21053873
21094139
21118296
21169489
21204001
21321073
21407153
21410554
21507937
21523230
21524712
21593268
21724333
21738290
21822788
21842692
21847553
21883710
21897094
22094562
22116986
22246493
22259811
22324467
22339216
22371289
22517004
22661269
22707602
22817758
22835945
23035188
23052149
23060013
23187823
23188581
23197986
23211917
23242802
23275088
23375710
23389727
23405291
23437130
23506057
23527870
23529774
23551549
23798532
23828306
24002617
24049888
24101431
24106589
24215937
24346334
24373623
24390528
24401114
24600025
24610586
24616098
24671797
24848553
24858187
24896839
24910026
24917618
25003204
25024367
25102269
25161188
25161960
25197585
25590277
25735951
25918553
26171262
26185692
26274996
26407909
26417658
26466704
26714902
26722629
26746720
26853986
26928780
27043888
27132809
27159394
27281992
27294306
27368711
27530021
27557679
27620549
27681235
27891283
27895128
27913087
28033374
28119678
28348798
28379309
28409118
28542458
28576541
28607101
28621324
28696203
28710238
28724342
28727895
28831384
29022552
29040036
29050796
29053067
29055106
29162118
29228148
29276565
29306533
29328540
29332889
29397796
29565100
29584512
29651453
29681384
29803336
29998994
30033416
30194969
30212024
30239035
30524604
30561371
30580031
30690443
30692557
30781742
30882349
30921309
31211815
31229651
31253474
31377095
31576949
31681625
31707889
31735587
31793046
31845752
31885228
31891793
32111710
32155466
32161079
32179070
32244052
32280099
32370286
32448130
32457718
32488560
32656998
32665003
32690062
32734403
32749595
32763436
32842750
32885887
32908112
32933859
32993357
33010501
33066738
33127721
33165298
33207582
33329035
33405462
33419248
33440244
33540993
33640995
33662565
33711170
33986247
34116990
34127570
34220777
34238216
34249765
34339301
34344057
34426398
34463595
34483314
34485000
34615423
34639088
34690767
34695722
34706569
34714174
34725064
34766602
34794869
34851209
35045273
35236673
35272257
35405379
35621538
35703248
35755831
35776990
35850669
35898914
35953910
36079646
36107787
36162797
36576065
36692066
36728360
36729446
36731941
36803460
36898586
37013821
37092999
37140235
37348872
37368066
37393893
37451680
37468663
37608948
37611655
37663038
37680743
37791788
37849286
38011035
38021178
38159402
38194450
38357799
38414271
38445307
38446997
38504423
38507529
38536131
38580923
38622589
38656204
38668368
38722527
38835493
38845533
38867204
38877601
38882296
38883040
38890913
39027746
39040826
39100046
39104214
39144839
39162456
39171050
39172646
39327719
39351664
39431214
39438145
39445043
39450494
39507716
39544588
39552595
39553123
39584837
