283
600098
892671
1832737
1857210
2013567
2014006
2022610
2155209
2407728
2447061
2552255
2612887
2644201
2892829
2892830
2994130
3015875
3041240
3343217
3450286
3474492
3474493
3584072
3667520
3782040
3997785
4007493
5108330
5345756
6152282
6164253
6325385
6725208
7085572
7291776
7516490
7808403
8277942
8388530
8419293
14543439
15529871
16345443
16345628
16345715
16345975
16346075
16346121
16346203
16346218
16346239
16346460
16347191
16347593
16593543
16593714
16660682
16662513
16665775
16668681
18983036
18984681
20890093
21770816
22265597
22813963
22858268
23764913
24196581
24221937
24227443
24239274
24264154
24264155
24397311
25002426
25005495
25385989
26060217
26297041
26942203
27601031
29571921
29576402
30165827
31151153
31176475
33509996
34304322
34566909
34777287
35077343
35269493
36406393
39126082
