1358877
1404327
1629902
1753117
1774255
1785919
1821778
1907475
1909546
1960106
2397159
2723037
3139056
4004222
4333320
6311098
6706886
7476555
7592140
7615417
7703025
7759379
7873525
7901215
7904596
7937852
8012591
8085814
8157610
8170738
8200866
8288496
8347427
8444642
8486547
8559070
8567490
8579981
8722186
8980961
8987531
8996856
9131790
9175562
9228758
9228759
9246779
9354391
9406407
9562879
9615484
9713580
9767713
9826013
10028620
10063620
10100902
10388681
10574086
10686129
10698775
10735253
10736005
10930081
10986669
11073918
11229892
11234378
11252505
11283035
11375166
11379284
11384041
11530675
11851806
11883675
11999121
12147077
12351242
12382689
12423921
12514019
12514026
12568574
12594034
12631191
12745235
12781948
12781949
14028239
14028240
14047229
14047230
14051811
14066495
14620909
14870930
14995112
15066778
15066807
15190953
15252717
15508649
15527916
15613003
15836738
15925418
15941626
15949857
15954712
16019271
16054305
16055218
16055221
16118236
16205920
16278028
16332762
16346868
16346954
16346958
16348551
16449434
16467990
16535180
16535280
16553737
16562063
16620203
16649578
16672446
16715824
16719505
16723015
16735728
16834599
16872815
16876896
16884803
16943098
16960076
16983476
17049799
17177514
17241343
17418310
17426542
17650194
17686628
17897218
17921264
17927755
17953562
17976175
17993526
17995686
18026225
18036695
18155310
18223110
18377919
18389690
18456108
18540969
18650274
18691534
18710789
18721684
18838186
19027788
19060081
19081155
19088320
19099460
19104922
19120666
19146533
19164681
19171253
19219988
19233810
19244148
19251932
19358262
19406783
19446352
19481282
19486417
19488750
19669730
19703719
19762819
19762869
19783060
19833402
19895650
20012957
20074643
20139622
20167386
20172231
20227607
20333439
20338439
20354993
20416663
20416703
20444595
20501043
20537273
20556655
20578762
20581179
20630317
20655446
20688231
20696534
20832683
21067675
21071868
21146240
21177044
21262359
21295882
21300508
21329996
21338815
21356457
21420794
21468911
21549056
21569932
21575111
21787933
21806613
21819651
21831762
21831790
21839380
21840803
21897039
21943677
21952940
21959704
22059658
22059662
22060168
22060169
22060170
22060621
22060908
22061260
22061519
22061650
22061810
22061822
22061849
22061889
22062067
22062105
22062781
22063199
22063339
22063710
22063864
22063950
22064148
22123251
22150390
22177712
22186059
22261519
22275308
22282632
22313683
22339693
22363472
22365225
22484960
22491987
22515692
22558538
22594449
22608231
22612969
22644346
22693830
22695175
22815579
22843596
22897881
22916497
22916933
22926033
22986210
23076361
23100653
23122508
23141639
23194733
23239414
23241976
23314366
23347637
23444039
23500611
23572623
23572685
23576016
23611355
23639072
23685467
23728431
23754544
23763660
23810597
23844367
23916590
23948501
24095664
24128554
24130959
24135673
24249102
24371205
24414643
24414666
24424932
24447766
24471087
24493880
24532445
24639205
24676763
24724471
24826965
24845519
24936378
24979684
25008077
25062609
25084666
25097107
25158757
25180667
25349631
25364918
25379552
25434098
25434344
25459995
25460113
25465545
25477694
25583343
25625032
25655225
25791000
25802859
25803578
25851258
25856101
25866789
25880122
25887264
25924957
25954295
25958073
26028762
26060561
26176886
26189714
26241464
26272396
26277311
26300852
26319614
26397032
26399463
26678137
26735574
26760744
26774723
26781239
26782603
26843694
26895351
26907755
26956126
26974248
27023062
27052717
27096744
27118075
27236224
27271320
27317856
27341621
27351835
27378130
27379035
27443041
27539249
27590888
27620467
27637883
27663381
27813217
27834699
27877165
27889157
27904329
27904345
27904391
27994214
28002935
28066360
28088418
28154488
28185076
28189328
28221912
28242419
28342607
28398855
28458347
28460988
28466306
28473394
28527125
28560515
28585686
28677149
28720151
28720951
28743928
28761060
28783535
28843125
28853631
28854862
28873604
28877331
28955833
29021699
29058140
29080817
29081085
29121702
29223035
29305183
29312174
29381895
29395147
29437232
29475435
29530530
29678738
29702317
29725213
29762882
29894935
29930808
29933526
30011647
30056601
30065825
30069686
30166130
30172442
30177230
30177922
30223299
30257614
30258590
30263525
30268612
30322117
30342080
30356740
30405049
30405588
30442133
30448894
30459744
30469432
30473681
30476738
30506258
30506259
30558065
30559735
30609887
30614180
30676861
30695632
30728553
30796707
30810377
30864855
30884729
30887518
30906039
30934409
30934419
30934441
30954499
30974873
30978873
31023799
31024703
31026879
31051562
31060586
31064103
31071855
31084174
31108786
31113100
31113140
31137483
31141625
31142784
31170569
31193267
31219093
31222403
31243723
31248152
31269344
31270565
31294149
31310729
31316478
31326583
31331395
31357436
31384521
31396170
31426404
31428338
31440000
31487912
31500713
31560707
31610179
31623015
31641927
31642537
31649643
31704015
31707776
31763019
31812649
31826478
31838366
31905993
31936736
31950235
31955783
32020301
32092964
32107484
32110486
32123510
32144691
32160253
32168967
32174896
32183247
32193246
32194178
32199192
32328401
32335791
32336362
32359994
32363424
32363766
32363832
32375393
32388703
32466894
32472439
32477296
32481649
32509542
32525185
32539978
32613220
32625836
32652219
32660090
32674395
32704020
32712896
32750462
32782196
32795815
32803347
32825754
32846561
32874341
32969200
32974521
32994968
33022577
33028617
33059384
33061883
33068404
33102586
33132619
33147601
33170380
33177795
33178725
33233086
33264088
33271757
33300795
33310248
33320937
33350238
33350336
33352625
33392833
33475796
33487985
33488551
33502422
33506224
33511444
33592223
33593360
33612226
33635570
33666350
33678876
33713825
33714582
33734244
33808280
33892355
33915904
33933966
33959750
33960989
33987548
33992330
34008189
34019121
34039418
34053518
34057575
34070099
34073637
34087663
34087771
34119114
34126631
34139970
34181131
34206492
34212412
34215824
34218124
34231288
34291212
34295439
34315131
34322175
34322176
34334198
34381426
34399472
34442746
34483789
34507724
34507728
34526534
34549812
34568236
34576749
34576864
34579850
34600098
34603267
34659734
34663045
34681301
34681486
34687568
34721329
34730312
34735552
34738887
34759759
34778581
34785276
34827310
34828815
34836105
34841348
34866901
34899717
34926862
34945495
34955257
34957661
34965016
34975787
34984631
34997440
34998543
35030786
35033121
35056471
35056609
35082079
35083726
35087086
35093088
35095783
35107008
35126328
35152182
35158646
35159535
35159609
35167954
35181108
35198861
35283820
35290741
35293480
35327253
35340998
35343777
35407099
35465996
35525431
35592282
35650642
35650981
35675520
35685527
35716166
35778976
35789803
35795070
35804724
35804730
35809325
35814643
35831426
35864877
35865120
35885366
35946597
35993063
36012326
36069459
36073496
36077441
36080669
36098530
36126574
36192911
36201532
36212837
36252666
36270363
36274744
36282441
36284702
36296175
36309815
36329844
36349455
36360031
36360089
36388845
36415576
36421488
36422981
36425846
36439235
36442246
36443559
36461302
36461402
36496711
36520357
36525768
36541979
36557573
36557716
36557770
36558073
36590538
36613263
36613345
36613352
36655086
36722167
36766145
36789203
36815495
36819708
36832761
36846395
36861996
36870677
36875279
36875851
36875859
36928486
36967406
37005336
37020571
37040014
37048247
37098910
37099058
37100293
37114667
37120189
37125168
37160199
37171680
37174306
37174356
37224904
37231432
37240273
37275132
37279829
37280111
37304349
37332280
37396394
37419937
37434082
37451524
37475602
37480514
37484003
37502424
37506547
37547685
37589786
37597299
37607217
37608143
37630480
37685210
37686739
37696140
37701739
37780276
37790923
37798570
37858306
38027952
38038837
38067075
38068723
38084302
38101739
38127067
38128996
38138034
38155739
38169032
38205047
38220337
38242412
38253824
38254499
38290636
38294545
38332870
38381263
38383810
38397552
38410143
38410149
38425795
38444395
38448100
38469340
38480610
38480613
38488110
38519191
38564170
38582865
38585215
38611328
38611440
38619270
38636163
38638895
38650879
38664612
38667045
38675187
38696094
38735341
38745280
38748306
38771159
38789904
38791577
38791612
38794887
38803853
38853660
38856908
38863595
38891723
38901353
38917654
38931277
38941886
38989023
39004134
39046671
39059920
39059954
39073353
39089084
39122154
39130656
39134513
39139380
39162079
39173982
39210182
39210183
39252023
39285992
39331406
39334988
39335265
39390276
39398120
39427612
39456458
39456506
39461594
39483004
39491387
39501497
39518811
39542325
39567144
39587335
39588097
39597649
