871228
891984
1317210
1368826
1539976
1649091
1653240
2269346
2548569
2833495
2839232
2914729
3021198
3049932
3528859
3828409
6091737
6445268
6812527
6988416
7618869
7717968
7818484
7841199
7883713
8060789
8110768
8182163
8195200
8257655
8304753
8383128
8396123
8439165
8577346
8590406
8643036
8645233
8987652
9097423
9163953
9226913
9313135
9721660
9757558
9785347
9797315
9847416
9871315
10231372
10548566
10585713
10772225
10788375
10792542
10795576
10803900
10840680
10886621
10937824
10983795
11008681
11010864
11055911
11133450
11157209
11319077
11319106
11384041
11499922
11504393
11575500
11673446
11823198
11889111
12005071
12052552
12055304
12069890
12113664
12169860
12374223
12390494
12466891
12545379
12636295
12703606
12766347
12839748
13598706
14156321
14164224
14601871
14730419
14824067
14996463
15030240
15031664
15151223
15193805
15276909
15304729
15354584
15507000
15574930
15574962
15690797
15741157
15882248
15884854
15954591
16081932
16128676
16226014
16233128
16233156
16233635
16233685
16238755
16277403
16299037
16300092
16314691
16332788
16347134
16347135
16347414
16347477
16348285
16348877
16349102
16349457
16448209
16473425
16478122
16533593
16629999
16685066
16732457
16735744
16935247
16957244
17013549
17022451
17046533
17110980
17125974
17141481
17156879
17185556
17195096
17349084
17353072
17369348
17433799
17456184
17462771
17517710
17609163
17635381
17803515
17919270
17933941
17969623
18028332
18042817
18184608
18395902
18397766
18424545
18444997
18454500
18466653
18498642
18524407
18579692
18595980
18626579
18676492
18807995
18843790
18945506
18978162
19004241
19118369
19191953
19334592
19813044
19847949
20038704
20088592
20172231
20228100
20589397
20630608
20668525
20849659
20954806
20961108
20971874
21038096
21074284
21159175
21172397
21176990
21276635
21390145
21406207
21411613
21421303
21515730
21539599
21620505
21854910
21854934
22019987
22082511
22119148
22178491
22194053
22247154
22253706
22306074
22442660
22526328
22528650
22564451
22564942
22661206
22672405
22729537
22806746
22823107
22850385
22982366
23040994
23108441
23211714
23302511
23576036
23584412
23801651
24071026
24242250
24286301
24365073
24518984
24673729
24751204
24814284
24878752
25053103
25150945
25216696
25233451
25261985
25278380
25447642
25455014
25475278
25479375
25577115
25781340
25791252
25886522
26019574
26028708
26079323
26097645
26217685
26256717
26269598
26275229
26277311
26306722
26373724
26409971
26500719
26551688
26597297
26611170
26640113
26689224
26771233
26779303
26974651
27235433
27479799
27488827
27531646
27639668
27738122
27744211
27931189
28247134
28337185
28406170
28503566
28505101
28596074
28642747
28798305
28911620
28976230
29037147
29041832
29099120
29178013
29387363
29488359
29490612
29579979
29704883
29803134
29881727
30050507
30174657
30258413
30299047
30420848
30472801
30497590
30645869
30911787
30956300
31018387
31069075
31152938
31333632
31403887
31652621
31681198
31749568
31890789
31897401
31921383
32061966
32076782
32102319
32134358
32156075
32218552
32356411
32704981
32733422
32831564
32950163
33030792
33047167
33310709
33335514
33357692
33489679
33510408
33612206
33777233
33777234
33805153
33860153
33885925
33955639
33990931
34054787
34180597
34209563
34382008
34484151
34987390
34998552
35056497
35237355
35326788
35346203
35495948
35544788
35681377
35690437
35782920
35879434
36004890
36012472
36289986
36307780
36326134
36334759
36366772
36385348
36394934
36496642
36568899
36613306
36713121
36759843
37175785
37226637
37324655
37332505
37567500
37588883
37641244
37730858
37761158
37935755
37939839
37988603
38051025
38183669
38190444
38221963
38422016
38460783
38482117
38563410
38637087
38850988
39027605
39126946
39288569
39303785
39345151
39374786
39383437
39443658
39526732
39576212
871228
891984
1317210
1368826
1539976
1649091
1653240
2269346
2548569
2833495
2839232
2914729
3021198
3049932
3528859
3828409
6091737
6445268
6812527
6988416
7618869
7717968
7818484
7841199
7883713
8060789
8110768
8182163
8195200
8257655
8304753
8383128
8396123
8439165
8577346
8590406
8643036
8645233
8987652
9097423
9163953
9226913
9313135
9721660
9757558
9785347
9797315
9847416
9871315
10231372
10548566
10585713
10772225
10788375
10792542
10795576
10803900
10840680
10860156
10886621
10937824
10983795
11008681
11010864
11055911
11133450
11157209
11319077
11319106
11384041
11499922
11504393
11575500
11673446
11823198
11889111
12005071
12052552
12055304
12069890
12113664
12169860
12374223
12390494
12466891
12545379
12636295
12703606
12766347
12839748
13598706
14156321
14164224
14601871
14730419
14824067
14996463
15030240
15031664
15151223
15193805
15276909
15304729
15354584
15507000
15574930
15574962
15690797
15741157
15882248
15884854
15954591
16081932
16128676
16226014
16233128
16233156
16233635
16233685
16238755
16277403
16299037
16300092
16314691
16332788
16347134
16347135
16347414
16347477
16348285
16348877
16349102
16349457
16448209
16473425
16478122
16533593
16629999
16685066
16732457
16735744
16848883
16935247
16957244
17013549
17022451
17046533
17110980
17125974
17141481
17156879
17185556
17195096
17349084
17353072
17369348
17433799
17456184
17462771
17517710
17609163
17635381
17803515
17919270
17933941
17969623
18028332
18042817
18184608
18395902
18397766
18424545
18444997
18454500
18466653
18498642
18524407
18579692
18595980
18626579
18676492
18807995
18843790
18945506
18978162
19004241
19118369
19191953
19334592
19813044
19847949
20038704
20088592
20172231
20228100
20589397
20630608
20668525
20849659
20954806
20961108
20971874
21038096
21074284
21159175
21172397
21176990
21276635
21390145
21406207
21411613
21421303
21515730
21539599
21620505
21854910
21854934
22019987
22082511
22119148
22178491
22194053
22247154
22253706
22306074
22442660
22526328
22528650
22564451
22564942
22661206
22672405
22729537
22806746
22823107
22850385
22982366
23040994
23108441
23211714
23302511
23576036
23584412
23801651
24071026
24242250
24286301
24365073
24518984
24673729
24751204
24814284
24878752
25053103
25150945
25216696
25233451
25261985
25278380
25447642
25455014
25475278
25479375
25577115
25781340
25791252
25886522
26019574
26028708
26079323
26097645
26217685
26256717
26269598
26275229
26277311
26306722
26373724
26409971
26500719
26551688
26597297
26611170
26640113
26689224
26771233
26779303
26974651
27235433
27479799
27488827
27531646
27639668
27738122
27744211
27931189
28247134
28337185
28406170
28503566
28505101
28596074
28642747
28798305
28911620
28976230
29037147
29041832
29099120
29178013
29387363
29488359
29490612
29579979
29704883
29803134
29881727
30050507
30174657
30258413
30299047
30420848
30472801
30497590
30645869
30911787
30956300
31018387
31069075
31152938
31333632
31403887
31652621
31681198
31749568
31890789
31897401
31921383
32061966
32076782
32102319
32134358
32156075
32218552
32356411
32704981
32733422
32831564
32950163
33030792
33047167
33310709
33335514
33357692
33489679
33510408
33612206
33777233
33777234
33805153
33860153
33885925
33955639
33990931
34054787
34180597
34209563
34283609
34382008
34484151
34987390
34998552
35056497
35237355
35326788
35346203
35495948
35544788
35681377
35690437
35782920
35879434
36004890
36012472
36289986
36307780
36326134
36334759
36366772
36385348
36394934
36496642
36568899
36613306
36713121
36759843
37175785
37226637
37324655
37332505
37567500
37588883
37641244
37730858
37761158
37935755
37939839
37988603
38051025
38183669
38190444
38221963
38422016
38460783
38482117
38563410
38637087
38850988
39027605
39126946
39288569
39303785
39345151
39374786
39383437
39443658
39526732
39576212
