10648103
10758890
11298245
12030699
12503401
12545212
12633685
15474377
15746335
16209093
16442259
16735107
16904230
16924839
16978364
17397480
17473255
17538653
17701702
17803775
17953590
19468700
19643905
19712435
19796139
20020102
20130696
21152981
21448713
21604099
21953333
22486441
22817876
23041644
23134119
23315406
23572956
24267445
24459830
24640259
24947137
24976886
24976896
25123757
25197432
25498849
26296780
26379638
26496493
26610329
26704062
26915496
27284134
27284135
27348121
27450089
27733511
27788623
28148979
28499096
28628240
28669069
28860254
28955624
29894808
30733794
31521050
31620094
31749774
32183288
32564274
33098438
33153885
33226466
33255160
33355157
33802918
33958646
34210277
35639296
35793390
36287006
37836161
37899486
38392314
39021277
39110140
39474215
