1371064
10849279
11430405
12656179
14742490
15184563
15198944
15653853
15854680
15965121
15989255
16104871
16257233
16916613
16946240
16946241
16957276
17123831
17222142
17240162
17310070
17325443
17332902
17391334
17578416
17761697
17825581
17827034
18042188
18070032
18156264
18187891
18279336
18347942
18616551
18676695
18964085
19022286
19187135
19291243
19373565
19490940
19515074
19605706
19837884
19886890
19943887
20002183
20345385
20447992
20597982
20643210
20686623
20847009
21057054
21091862
21504084
21554959
21984666
22042435
22057868
22191218
22275102
22464490
22535939
22681538
22741028
23000378
23092733
23110227
23544646
23586948
23710045
24004065
24049116
24055027
24376440
24426274
24755740
24960170
25190276
25213234
25264299
25433135
25463291
25527835
25541183
25643807
25670698
25814609
25822312
26096017
26198743
26207048
26344339
26884358
27214518
27693202
28145490
28251783
28522707
28709724
28721241
28822933
28912332
29051747
29083891
29104426
29109705
29112138
29127817
29133276
29225592
29740008
29773633
30135989
30287352
30291439
30467537
30634700
30701232
30742313
30824453
30886606
31343768
31622230
31657947
31801279
31848285
32145141
32214789
32582059
32619624
32619625
32637366
32767211
32858106
33135672
33222338
33243428
33302532
33322639
33342998
33671959
33686859
33812846
33891179
33950022
33998118
34235704
34297464
34339295
34339299
34349168
34468051
34627940
34715124
34745085
34774877
34802159
34942075
35238645
35384695
35834122
35916502
35963899
36121241
36154441
36216228
36333944
36463990
36513322
36619997
36656658
36719217
36920209
36965614
36982495
37044231
37259833
37259836
37394001
37421531
37552473
37741869
38180551
38268102
38321410
38622375
38647850
38705217
38775491
38782326
38871271
38967463
38971360
39002194
39211143
39395215
39422505
