501512
641196
836626
1010878
1056967
1097496
4083013
4496972
4599660
4696833
4712775
4727063
6511332
6550615
7007489
7269856
7334075
8240948
8966968
8985657
8986558
9222227
9241910
9316908
10064257
10226534
10530585
10948134
10949846
10961534
11451687
11688908
11773104
11926652
11977920
12014505
12041821
12071094
12384342
12682131
12751719
12876527
12878539
14500508
14567255
14569285
14613945
14692381
15128725
15215013
15282240
15297534
15316296
15364468
15528745
15749429
15793140
15959606
16165001
16445758
16495644
16521347
16569827
16815552
16924840
16968290
17000783
17007934
17088753
17108264
17152669
17289198
17673478
17900090
18025858
18055599
18283240
18447206
18577764
18760086
19112401
19229487
19297281
19717321
19720753
19762956
19777864
19801801
19812209
19812281
19834321
20049403
20154565
20503587
20566768
20576143
20933000
21167674
21496301
21673472
21733965
21860579
21986363
22008199
22066775
22234128
22251187
22410503
22526440
22665908
22772881
22891247
22951649
23035958
23082432
23199933
23262033
23295341
23359678
23505286
23529729
23706082
23818163
24068012
24075632
24211774
24243285
24480966
24716069
25088467
25096654
25118739
25242308
25278330
25583717
25630477
25864072
26147151
26163518
26219671
26264523
26476652
26484384
26552624
26634165
26793443
26846209
26943827
26952135
27014253
27245934
27256334
27318588
27345426
27412805
27418355
27482804
27553069
27569886
27683211
28073918
28600633
29029114
29062711
29155695
29187842
29194015
29229908
29235359
29254478
29452593
29472325
29541448
29588525
29610205
29684012
29907390
30079059
30193786
30246771
30291901
30449805
31065287
31105654
31139264
31201835
31323426
31352398
31376937
31428696
31611274
31704728
31802379
31804713
31847159
31856459
31865453
31866966
31974073
32224777
32333194
32377878
32594151
32607251
32704231
32744988
32808110
32924341
33177025
33187223
33303671
33408227
33439115
33601804
33972237
34066788
34128785
34136573
34162341
34188743
34356802
34379520
34451401
34470967
34522976
34575058
34663602
34825308
34931554
35083655
35172443
35234138
35760303
35794918
35915981
36164579
36284941
36374518
36432105
36443547
36496808
36509030
36517783
36598712
36696565
36993007
37007518
37133800
37170426
37250746
37260687
37314669
37345298
37363604
37640720
37661420
37813620
37880761
37882541
37940551
38029543
38205064
38270510
38296503
38407210
38461372
38577758
38808974
38820052
38946899
39027797
39035040
39036575
39040254
39108933
39147026
39158189
39173004
39348499
39359975
39501032
