813579
1490919
1624556
2298880
2594603
7426360
7494046
7615748
7888534
7907342
8092851
8240967
8349754
8353242
8370733
8852985
8862563
8867228
8894575
8913489
8953066
8953092
9031885
9409954
9488824
9505178
9593121
9735314
9780425
9868675
9932032
10220896
10404334
10482033
10732668
10826822
11252337
11451706
11864205
12099749
12151574
12235925
12468539
12654678
12673107
12791076
12808083
14579942
14657140
15322601
15490985
15536048
15845432
15855486
16144879
16236359
16406181
17147766
17151206
17191898
17201210
17370571
17409213
18174873
18227183
18346922
18378122
18492161
18562580
19077258
19116057
19153032
19390742
19393478
19828749
19900386
20624090
20671048
20943861
21195570
21821752
22154992
22155833
22450978
22475029
22565181
22938828
23077867
23100336
23196364
23271676
23397249
23440110
23586637
23940879
24151771
24496979
24553616
24574280
24618232
24973133
25008830
25356355
25410920
25647435
25859394
25946249
25955369
26149994
26251495
26544621
26638539
26944378
27150881
27220933
27357981
27582729
27629905
27654073
27664229
27686475
27751312
27767926
27936101
28011352
28036309
28146197
28208859
28279319
28283311
28549450
28572930
28848008
28848236
28888870
29212977
29221301
29242835
29253156
29326010
29339389
29360429
29752561
29903503
29928059
29995109
30076602
30089649
30199500
30305384
30550229
30566218
30567113
30655682
30903537
30918225
31006638
31055716
31101531
31140986
31315959
31343792
31351107
31357945
31451964
31485919
31672247
31736013
31954008
31963167
32011462
32093060
32178586
32387116
32429830
32487026
32659445
32758074
33003679
33166588
33230628
33413116
33434392
33451810
33472898
33579687
33625540
33664184
33738317
33758140
33829510
33894290
33895886
34161555
34239175
34239764
34245025
34299116
34502482
34598679
34624507
34671843
34812137
34814594
34866919
34935719
34976872
35097461
35126341
35138126
35310392
35310849
35346085
35372413
35490091
35625295
35745539
35873283
35905017
36133139
36145444
36287034
36329825
36434697
36434704
36477756
36534203
36537812
36541778
36636842
36775692
36816953
36985124
36986404
36995473
37038476
37139490
37159539
37368178
37576785
37684624
37711242
37773515
37803308
37840830
37936955
37981483
38060419
38141719
38144248
38344026
38533780
38572320
38587823
38684434
38801486
38813526
38846353
38915030
38936471
39157177
39251918
39289626
39328609
39408827
39484380
39494459
39560709
813579
1490919
1624556
2298880
2532713
2594603
2626217
7426360
7494046
7615748
7888534
7907342
8092851
8240967
8349754
8353242
8370733
8852985
8862563
8867228
8894575
8913489
8953066
8953092
9031885
9409954
9488824
9505178
9593121
9735314
9780425
9868675
9932032
10220896
10404334
10482033
10732668
10826822
11252337
11451706
11864205
12099749
12108025
12151574
12235925
12468539
12654678
12673107
12791076
12808083
14579942
14657140
15315020
15322601
15490985
15536048
15845432
15855486
16144879
16236359
16406181
17147766
17151206
17191898
17201210
17370571
17409213
18174873
18227183
18346922
18378122
18492161
18562580
19077258
19116057
19153032
19390742
19393478
19445934
19828749
19900386
20624090
20655624
20671048
20943861
21195570
21821752
22154992
22155833
22450978
22475029
22565181
22605849
22938828
23077867
23100336
23196364
23271676
23397249
23440110
23586637
23940879
24151771
24496979
24553616
24574280
24618232
24973133
25008830
25356355
25410920
25647435
25859394
25946249
25955369
26149994
26251495
26544621
26638539
26944378
27150881
27220933
27357981
27582729
27629905
27654073
27664229
27686475
27751312
27767926
27936101
28011352
28036309
28146197
28208859
28279319
28283311
28549450
28572930
28848008
28848236
28888870
29212977
29221301
29242835
29253156
29326010
29339389
29360429
29752561
29903503
29928059
29995109
30076602
30089649
30199500
30305384
30550229
30566218
30567113
30655682
30695529
30903537
30918225
30979821
31006638
31055716
31101531
31140986
31315959
31343792
31351107
31357945
31451964
31485919
31672247
31736013
31954008
31963167
32011462
32093060
32178586
32387116
32429830
32487026
32659445
32758074
33003679
33166588
33230628
33413116
33434392
33451810
33472898
33579687
33625540
33664184
33738317
33758140
33829510
33894290
33895886
34161555
34239175
34239764
34245025
34299116
34502482
34598679
34624507
34671843
34812137
34814594
34866919
34935719
34976872
35097461
35126341
35138126
35310392
35310849
35346085
35372413
35490091
35625295
35745539
35873283
35905017
36133139
36145444
36287034
36329825
36434697
36434704
36477756
36534203
36537812
36541778
36636842
36775692
36816953
36985124
36986404
36995473
37038476
37139490
37159539
37368178
37576785
37681312
37684624
37711242
37773515
37803308
37840830
37936955
37981483
38060419
38141719
38144248
38344026
38533780
38572320
38587823
38684434
38801486
38813526
38846353
38915030
38936471
39046207
39157177
39251918
39289626
39328609
39408827
39484380
39494459
39560709
