107721
162239
358812
1297243
1571172
1759838
1835340
1854641
1944939
3335484
3355142
3442448
3668496
4004448
4015074
4082823
6853396
7173185
7608951
7699074
7800133
7989541
8073587
8605905
8683849
8690885
8787389
8953078
9105936
9661023
9923526
10172625
10425778
10472846
10530151
10664909
10831857
10860691
10904178
11093675
11367554
11417826
12185691
12488572
12503405
12574279
14657137
14743978
14766306
15130137
15227782
15750321
16054652
16145078
16841887
17133902
17475456
17655191
17701035
18179261
18341294
18416123
18545844
18752624
19001111
19136679
19381478
19674114
19729456
19780489
19795108
19802475
20007762
20132252
20383373
20707600
20813851
21044795
21058154
21103346
21249410
21304198
21502015
21524522
21539624
21851333
21876041
21905634
22183168
22428747
22899781
23227417
23425780
23437319
23538597
23643038
23880167
23887612
24053016
24131819
24324222
24330456
24511739
24679961
24913069
24995177
25008316
25197460
25280843
25313205
25590718
25637876
25726423
26183765
26199735
26413075
26840519
27102205
27212266
27865514
27865985
27902368
27934830
28100054
28209829
28456402
28527793
28578940
28691012
29116818
29167239
29425282
29657429
29729917
29778469
29881665
30272961
30498314
30959767
31237606
31323428
31421888
31510047
31543653
31766488
31828447
32017363
33052802
33083488
33122933
33292734
33568036
33576800
33597408
33727647
33802161
33822096
33898299
33910010
34671662
34878306
34879684
34898472
35024554
35072960
35074334
35334429
35438176
35497942
35575526
35642863
35792781
36413029
37334676
37423356
37572822
37641265
37971276
38043805
38115335
38318162
38370893
38394856
38410390
38647615
38668298
38715571
38876605
39066983
39203392
39203472
39253328
39295576
39395352
107721
162239
358812
542718
682175
1297243
1571172
1759838
1835340
1854641
1944939
3335484
3355142
3442448
3668496
4004448
4015074
4082823
6853396
7173185
7608951
7699074
7800133
7989541
8073587
8605905
8683849
8690885
8787389
8953078
9105936
9661023
9923526
10172625
10425778
10472846
10530151
10664909
10831857
10860691
10904178
11093675
11367554
11417826
12185691
12488572
12503405
12574279
14657137
14743978
14766306
15130137
15227782
15750321
16054652
16145078
16841887
17133902
17475456
17655191
17701035
18179261
18341294
18416123
18545844
18752624
19001111
19136679
19155097
19381478
19674114
19729456
19780489
19795108
19802475
20007762
20132252
20383373
20707600
20813851
21044795
21058154
21103346
21249410
21304198
21502015
21524522
21539624
21851333
21876041
21905634
22183168
22428747
22579134
22899781
23227417
23425780
23437319
23538597
23643038
23880167
23887612
24053016
24131819
24324222
24330456
24511739
24679961
24913069
24995177
25008316
25197460
25280843
25313205
25590718
25637876
25726423
26183765
26199735
26413075
26626182
26840519
27102205
27212266
27865514
27865985
27902368
27934830
28100054
28209829
28456402
28527793
28578940
28691012
29116818
29167239
29425282
29594949
29657429
29729917
29778469
29881665
30272961
30498314
30959767
31237606
31323428
31421888
31510047
31543653
31766488
31828447
32017363
33052802
33083488
33122933
33292734
33568036
33576800
33597408
33727647
33802161
33822096
33898299
33910010
34671662
34878306
34879684
34898472
35024554
35072960
35074334
35334429
35438176
35497942
35575526
35642863
35778767
35792781
36413029
36515883
37334676
37423356
37572822
37641265
37971276
38043805
38115335
38318162
38370893
38394856
38410390
38647615
38668298
38715571
38876605
39066983
39203392
39203472
39253328
39295576
39395352
