1400961
1500503
1624127
1704793
1723076
1883083
1968583
2056034
2099622
2156779
2195067
2260274
2337268
2363326
2592537
2922502
3046108
3199619
3210482
3230140
3393372
3443691
3571477
3628988
3722361
3740609
3756677
3985597
3998100
4062022
6375483
6474793
6838031
7547297
7588831
7857809
8379970
8449408
8449409
8559801
9316909
9674125
10425776
10758898
11094296
11254579
11577152
11966912
12089284
12354800
12358064
12576719
14735214
15528512
15649999
15790708
15812015
16000800
16751519
17369335
17451523
17965346
20023098
20056117
20483675
21438765
22077228
22919636
22966342
23453517
24049900
24580097
25146144
25574036
26220191
26283337
27317896
27417840
27916784
29403020
29638171
30533618
30991493
31727852
32351922
32655094
32655522
33119192
33553097
33564053
34725408
35092769
37144725
37877984
38138021
38252006
