410829
1904457
1936940
2516858
2570081
2689485
2739584
2910086
3111372
3530945
4030098
4589869
4598219
4995651
5924739
6119805
6784675
7181482
7386522
8223744
8326035
8437821
8481014
9331678
10680994
10939646
12148636
12807180
12967199
13152338
13888473
13960231
13989375
15232206
15355536
16559995
17726300
21383037
21656248
22081572
22092382
22461547
22475940
22492445
22607842
23521820
23558362
24131584
24391203
24713045
24897956
25233845
25584532
25745007
26377134
26528535
27005791
27096355
27329036
28363068
28364623
29020506
29079186
29349041
29487437
29692760
29907746
30678042
30914831
31121717
31388207
31466981
31500733
31774832
31902837
32062526
32413097
32726445
32778686
32865761
33406675
33428153
33714234
33750514
33810389
34836500
35308872
35574378
35730935
36127476
36374116
36466834
36682129
36838392
37237157
37405168
37433373
37598592
37643152
38023558
38751047
38963992
39145619
39175052
39261309
39351299
39397790
