1341984
1718953
1786041
2644212
3544811
3881471
3941048
6763304
8027345
8240948
8472928
8806660
9830098
10071864
10858358
11060050
11344150
11491080
11544246
11717518
11796115
12384364
15069667
15128725
16000772
16081971
16083226
16245720
16445758
17224412
17241358
17657539
18388473
20345467
20795784
22280847
23377788
23880736
25490768
25958362
26029910
26210290
26410558
26725036
26860259
26958347
27150511
27339310
27418912
28066351
28110033
28360938
29029114
29102639
29483120
29549832
29800825
30079059
30321658
30389546
31134363
31358582
31756859
32156029
32269151
32330802
33224119
33569047
33982069
34170219
34563009
34609899
34979073
35722284
35940102
36049421
36268225
36518168
36557633
36683683
37235167
37706881
37882541
39004343
39060403
39153300
39193949
39391376
1341984
1718953
1786041
2644212
3544811
3881471
3941048
6763304
8027345
8240948
8472928
8806660
9830098
10071864
10858358
11060050
11344150
11491080
11544246
11717518
11796115
12384364
15069667
15128725
16000772
16081971
16083226
16245720
16445758
17224412
17241358
17657539
18388473
20345467
20795784
22280847
23377788
23880736
25490768
25958362
26029910
26210290
26410558
26725036
26860259
26958347
27150511
27339310
27418912
28066351
28110033
28360938
29029114
29102639
29483120
29549832
29800825
30079059
30321658
30389546
31134363
31358582
31756859
32156029
32269151
32330802
33224119
33569047
33982069
34170219
34563009
34609899
34979073
35722284
35940102
36049421
36268225
36518168
36557633
36683683
37235167
37706881
37882541
39004343
39060403
39153300
39193949
39391376
