1540587
1576286
2751665
2760064
7538508
7567111
7772944
7852552
7872963
7916361
8086552
8300247
8405587
8627029
8681989
8694102
8722944
8765064
8769657
8773623
8779602
8810054
9124261
9144364
9253141
9257145
9297829
9298651
9495016
9509845
9573163
9577978
9691452
9734029
9791948
9794797
9854103
10076115
10089474
10194107
10377256
10379365
10391877
10440451
10493124
10526991
10541909
10587947
10627143
10629809
10673442
10677378
10706799
10711437
10727942
10746775
10816465
10845846
10908026
10986464
11126551
11155998
11282633
11389106
11421027
11442564
11451692
11467833
11526136
11541393
11736659
11791106
11851711
11866765
11953393
11984521
12010542
12037085
12067522
12210551
12324938
12405417
12455705
12470477
12578145
12624082
12628286
12650762
12759592
12807218
12835060
14499994
14607431
14612229
15188892
15212468
15243121
15339879
15352873
15598526
15604769
15743587
15913357
15955066
15991478
15995979
16131658
16157548
16168615
16211382
16233771
16328990
16332774
16463313
16547651
16553826
16629756
16822636
16936348
16944128
17021239
17040221
17064279
17081066
17193247
17223798
17302167
17331533
17392207
17449955
17567905
17586677
17715332
17728184
17879278
17886858
17917448
17933261
18065669
18076047
18085486
18192584
18227608
18246718
18323628
18359626
18359834
18414792
18421151
18637041
18686976
18755630
18784947
18842433
18930008
18973444
19010594
19047825
19061488
19201792
19289099
19292339
19302927
19426277
19449346
19529776
19542343
19567344
19614850
19638006
19646181
19651740
19653890
19700919
19719666
19902365
19941033
20021660
20053608
20131597
20148249
20153589
20237980
20340152
20525860
20563608
20601515
20608725
20647065
20676632
20824974
20859703
21099098
21209167
21217797
21639854
21685287
21789492
21802047
21859934
21948846
21955448
21983703
22005737
22095134
22099546
22138990
22267508
22286736
22307633
22314825
22407680
22428747
22453661
22495564
22526999
22579404
22649642
22669505
22684861
22698673
22766402
23020645
23082529
23196316
23214420
23363833
23414338
23415718
23553615
23584786
23642863
23749021
23848126
23883724
23935051
24005465
24031193
24031236
24081911
24155944
24470885
24569806
24628095
24655432
24872126
24876090
24898178
25002979
25073416
25242942
25291772
25318421
25354910
25369894
25656248
25685397
25838481
25889261
25896365
25938806
25957290
26144562
26163135
26206345
26227610
26229647
26231640
26242786
26537602
26615404
26625239
26665594
26858702
26930863
27103720
27131010
27328268
27379356
27421273
27434277
27537887
27655077
27734009
27753207
27777806
27785661
27919672
28049528
28119820
28184965
28281885
28300153
28330298
28417187
28455785
28604602
28633790
28654560
28720419
28911188
28916147
28991797
29141235
29375522
29413920
29502257
29517430
29619327
29897155
29987389
30100242
30345061
30380643
30498697
30702926
30718766
30729076
30802779
30875574
30884617
30919306
30936664
30951567
30961484
31051003
31081547
31120414
31190304
31325697
31472343
31600165
31642950
31800387
32030334
32357564
32448295
32588141
32717971
32767781
33252382
33254804
33280882
33321321
33547790
33638669
33650409
34098269
34169308
34213986
34313416
34332445
34563172
34660837
34749705
34958300
35162387
35200657
35346886
36095944
36197097
36823535
36948256
37095150
37479429
37535290
38334879
38757698
38791718
38831303
38845804
38930593
38946908
39012130
39382695
39507343
39543675
39545759
