10319481
10555354
11099090
11386422
14576144
14681645
15327650
15585505
16081932
16118577
16204524
16466386
16765860
17046543
18670101
19302311
20087537
20370826
20720029
20919496
21304654
21457417
21585265
21861307
22080573
22495556
22552027
22677263
23346432
23869020
23869769
23877700
24105082
24147537
24430458
24637603
24676747
24947740
24958563
24986864
25520446
25533445
25549405
25796741
25947926
26040829
26400082
26612006
26677246
26822992
27242689
27822648
28060858
28279857
28326685
28442420
28467592
28955083
28993327
29158284
29274283
29373647
29617190
29683480
29761785
29900700
30208875
30395796
30628011
30641735
30701194
30901468
30975002
31196984
31209107
31492655
31634565
31686027
32067637
32079628
32126968
32241904
32265456
32348781
32381601
32515707
32563990
32815419
33205050
33375063
33596468
33648559
33853729
34350192
34475403
34544476
34551799
34559030
34616690
34822777
34982792
35002971
35026131
35056644
35324673
35387878
35585256
35678665
35716165
35802241
35847080
35893664
35959927
36090029
36090094
36278467
36296301
36378698
36494336
36631688
36931530
37074929
37205710
37656793
37712143
38004804
38097563
38098666
38177297
38267864
38648495
38665607
38795705
38841406
38917808
38947502
38997651
39225843
39345212
39369250
39399231
39505460
