9866743
10555340
10565935
11230417
11491323
15488735
15870335
16027144
16272513
17069618
17296746
17766425
18083807
18173801
18201786
18371226
18444825
18544071
18826412
18852249
19202081
19584106
20164186
20584910
20971868
21193474
21301104
21523207
21531841
21576336
21653318
21862581
21868693
21965576
22166217
22251284
22529932
22817758
22887906
23251895
23281853
23316996
23340019
23475979
23695567
23784124
23823757
24048531
24080651
24266944
24532775
24643218
25016927
25023666
25312949
25755271
26018310
26021924
26261225
26315384
26494365
26673783
26780925
26826230
26875613
27316966
27348605
27473166
27529967
27539847
28039332
28448633
28512279
28747897
29258070
29566581
30111628
30242260
30681069
30834847
30847473
31182540
31219733
31428073
31508602
31570960
31588663
31680836
31725203
31871313
31921079
31990790
32141256
32166635
32761388
33055259
33133039
33184348
33208745
33308267
33446688
33526521
33964928
34031498
34362870
34660333
34683666
34883258
34932210
34936835
35273986
35615499
35619650
35637503
35943155
36054683
36160202
36286512
36343978
36359282
36380626
36455385
36507724
36639539
36696407
36834903
36843196
36882425
37120327
37147107
37198979
37204134
37234150
37603952
37800950
38145402
38329812
38488366
38660493
38792837
38821186
38948515
39204040
39360281
39410033
39447641
39460761
39475254
39531154
39597633
9866743
10555340
10565935
11230417
11491323
15488735
15870335
16027144
16272513
17069618
17296746
17766425
18083807
18173801
18201786
18371226
18444825
18544071
18826412
18852249
19202081
19584106
20164186
20584910
20971868
21193474
21301104
21523207
21531841
21576336
21617831
21653318
21862581
21868693
21965576
22166217
22251284
22529932
22817758
22887906
23251895
23281853
23316996
23340019
23475979
23695567
23784124
23823757
24048531
24080651
24266944
24532775
24643218
25016927
25023666
25312949
25755271
26018310
26021924
26261225
26315384
26494365
26673783
26780925
26826230
26875613
27316966
27348605
27473166
27529967
27539847
28039332
28448633
28512279
28747897
29258070
29566581
30111628
30242260
30681069
30834847
30847473
31182540
31219733
31428073
31508602
31570960
31588663
31680836
31725203
31871313
31921079
31990790
32141256
32166635
32761388
32991638
33055259
33133039
33184348
33208745
33308267
33446688
33526521
33964928
34031498
34362870
34660333
34664721
34683666
34883258
34932210
34936835
35273986
35615499
35619650
35637503
35943155
36054683
36160202
36286512
36343978
36359282
36380626
36455385
36507724
36639539
36696407
36834903
36843196
36882425
37120327
37147107
37198979
37204134
37234150
37603952
37800950
38145402
38329812
38488366
38660493
38792837
38821186
38948515
39073451
39204040
39360281
39410033
39447641
39460761
39475254
39531154
39597633
