8240948
9013489
12393205
12727368
12801712
18811720
19392890
19576576
23996279
24018970
24885849
26732726
26822953
26991276
29017450
29075617
29412174
30200616
32287306
32375941
32619689
33505372
33763710
34722980
35304865
35444255
35602039
36017363
36210012
36268225
36349578
36401137
36948016
37204286
37336090
37630674
39332601
39354545
8240948
9013489
12393205
12727368
12801712
18811720
19392890
19576576
23996279
24018970
24885849
26732726
26822953
26991276
29017450
29075617
29412174
30200616
32287306
32375941
32619689
33505372
33763710
34722980
35304865
35444255
35602039
36017363
36210012
36268225
36349578
36401137
36948016
37204286
37336090
37630674
39332601
39354545
