1406276
1547783
1662759
2762130
3162908
7574582
7641143
7896070
8045408
8169198
9039559
9292989
9524960
9541568
9546162
10049708
10423744
10572116
10664130
10727085
11004184
11204782
11248250
11332724
11403404
11679063
11701858
11777576
11807072
12022691
12026179
12419605
12739105
12801423
14968352
15449609
15686551
15746315
15879245
16061300
16348290
16349035
16349436
16382282
16846838
17547674
17601163
17766854
18179219
18184732
18462400
18485653
19118125
19118126
19129491
19219499
19343412
19572487
20135319
20507431
20507490
20687806
20969996
21069909
21332623
21459976
21495844
21543519
22112595
22181713
22482837
22685110
23480693
23771021
24167576
24216222
24510374
24954306
25007437
25213912
25237311
26136271
26251309
26411893
26629794
26732874
26877150
27284129
27588436
27864224
27902266
28029589
28593047
28942496
30305025
30372408
30386313
30695969
30722233
30764134
30780643
30786616
30874337
31191583
31214675
31236845
31774564
31817945
32352330
32499368
32809097
32897774
33349008
33672562
33822220
34175934
34204563
34489914
34982987
35000619
35587838
35641838
35858490
36271987
36528897
37121314
37242470
37245813
37368442
37615722
38338810
