7703026
8042273
8787908
8880319
9731292
9734063
10381660
10831414
11367554
11737193
11928962
12051480
12747407
12788761
15352543
15612627
16033516
16269673
16585638
16623742
16624358
17184340
17188206
17204376
17430918
17604934
17701035
18573561
18625535
18752861
19110383
19157614
19191973
20061042
20141949
20222967
21044795
21056778
21095086
21333369
21411163
21645821
22202869
22202871
22290645
22799214
22933766
22999285
23072691
23104807
23122498
23122502
23122504
23273441
23313004
23498185
23498201
23832005
23880244
23891302
24010600
24057981
24136848
24142792
24361828
24387852
24410408
24863363
24913069
24950081
25064656
25103946
25106039
25393163
25581469
25805616
25991555
26044337
26448648
26611167
26629794
26709171
26718562
26778666
26840519
26854524
26960678
27095684
27426505
27614422
27835773
27865514
28187327
28191705
28416856
28456402
28477002
28531862
28600315
28710456
29078799
29291459
29365048
29397170
29433437
29484988
29497016
29550118
29551445
29778469
30143194
30166139
30176565
30204914
30252142
30265895
30283431
30419937
30721405
30771719
31132119
31421877
31524954
31548061
31649643
31847510
31862717
31864732
31878301
31971995
32138992
32349211
32397076
32546667
32714029
32971750
33019548
33297564
33322552
33574805
33653527
33794368
33804878
33892436
34215422
34276663
34281032
34342815
34526973
34550766
34838572
34878098
35159575
35337592
35400441
35479643
36005303
36109627
36463775
36592848
36701098
37219436
37429971
37511416
37523903
37534320
37569124
37641243
37641265
37760724
37786852
38135052
38157636
38217046
38399800
38490552
38579123
38768556
39200421
39290280
39362467
39591342
