12656189
12839805
15143042
16011753
17207598
18279336
18560584
19191871
19473257
19592536
19780825
19899345
19921875
20309538
20525865
20529072
21057054
21296931
21339958
21451583
21490261
21536670
21642459
21984347
22158392
22189494
22191639
23143104
23239510
23551226
23704993
23761335
23766013
23840768
23861754
23874480
24092784
24141121
24335830
24339968
24370863
24463971
24498982
24607288
24619233
25259845
25344234
25523764
25523774
26026704
26042096
26634766
26636553
26644037
27348808
27554394
27602265
27681896
27690185
28066819
28584701
28596395
28662203
28689690
29025954
29109290
29145488
29204142
29326200
29334418
29338888
29410656
29475863
29555697
29565254
29565257
29611031
29678140
29683648
29920567
30194504
30266603
30300739
30389771
30405564
30518818
30533767
30542077
30762152
30850999
30857983
31001143
31068617
31156583
31380089
31520593
31616794
31814534
31990915
32168754
32276269
32575445
32694137
32696240
32703823
32867668
33036213
33050639
33193161
33277371
33333990
33401388
33417515
33424823
33629516
33674441
33693627
33899623
34168314
34275003
34798199
35336206
35380530
35478638
35639047
35722281
35773344
36115606
36269578
36460091
37277051
37938689
38228019
38340371
38470181
38554560
38650950
38874337
39095694
39226241
39231149
39357629
