25481290
28857034
29663668
29973605
30641967
30816855
31007075
31096909
31223522
32126968
32733788
32814582
33238618
34346706
34530112
34546872
34825005
34831464
34879869
35129506
35258762
36059644
36925044
37065129
37438354
37603952
37836447
37950067
37970720
37980216
38980940
39070266
39456444
25481290
28857034
29663668
29973605
30641967
30816855
31007075
31096909
31223522
32126968
32733788
32814582
33238618
34346706
34530112
34546872
34825005
34831464
34879869
35129506
35258762
36059644
36925044
37065129
37438354
37603952
37836447
37950067
37970720
37980216
38980940
39070266
39456444
