1308004
1309525
1319379
1334270
1335732
1339274
1371064
1385389
1404371
1443530
1471223
1514693
1514793
1542710
1597419
1665279
1685011
1723872
1740135
1745233
1854194
1930165
1931978
1958663
2013697
2034229
2043920
2069948
2071574
2105299
2110714
2111810
2160932
2180915
2204626
2220416
2220421
2223012
2227424
2256783
2303459
2307667
2311938
2339779
2372547
2376571
2383248
2388850
2411368
2450872
2491790
2492504
2540149
2579062
2600086
2626493
2653966
2670926
2671993
2678919
2678923
2678927
2680771
2680772
2687235
2703702
2720095
2730882
2738025
2765486
2768821
2775296
2782108
2828339
2840951
2851709
2994567
3026908
3049575
3087964
3091995
3167018
3301816
3311158
3347497
3363358
3401008
3417663
3513729
3514602
3539917
3885942
3944057
3968061
3989536
3997817
3997854
4010543
6089876
6184363
6307692
6327645
6338499
6547953
6571986
6725283
6746576
6787029
6822478
6824641
6840072
6884513
6983889
7117517
7240082
7476174
7536731
7559349
7578121
7592489
7622495
7676858
7756289
7762412
7798149
7830570
7852322
7866726
7881557
7917423
7918440
7984107
7984243
8017919
8051181
8057370
8065259
8068614
8097558
8119897
8157597
8167139
8173809
8186099
8206831
8206832
8231809
8260504
8282714
8285107
8300523
8341694
8344950
8349095
8370470
8384617
8399314
8408541
8447834
8451303
8472912
8496144
8509338
8516317
8526853
8527447
8529890
8550484
8575367
8662185
8686912
8703001
8733239
8755878
8756458
8764681
8793323
8795252
8798557
8820647
8885832
8888147
8897616
8919773
8987475
8990272
9007973
9020064
9020763
9059630
9126438
9175557
9190823
9219528
9244393
9248078
9286978
9299529
9327569
9352209
9353217
9402752
9426139
9440506
9440535
9523424
9611805
9620967
9642197
9654450
9659397
9701519
9747709
9758781
9772191
9819205
9863057
9872779
9922254
9990077
10027975
10027982
10194361
10348865
10389258
10398554
10423575
10423577
10471295
10478453
10482519
10496975
10529227
10543799
10575544
10581437
10587436
10587447
10608698
10611361
10620680
10632884
10636771
10653723
10671445
10708366
10721898
10770767
10779906
10788385
10796991
10806366
10816463
10844649
10844680
10848974
10850976
10869187
10903148
10922500
10964726
11016584
11018714
11034992
11035955
11053737
11054176
11087393
11114926
11121579
11145453
11157950
11158367
11160812
11222596
11234928
11292769
11292813
11306028
11325243
11327836
11354455
11357409
11371516
11395453
11401580
11410358
11425736
11430405
11443113
11468353
11469801
11489131
11512142
11541393
11558279
11679259
11705942
11717261
11722742
11747297
11755673
11761334
11786252
11810760
11812113
11816060
11827516
11846763
11854465
11869791
11872713
11879184
11882711
11897587
11900533
11906166
11932438
11948168
11967077
11988522
12007808
12054265
12054623
12057938
12067379
12100554
12113461
12146958
12160892
12176318
12200329
12207882
12366834
12401232
12445484
12452967
12460668
12481874
12486064
12489783
12496179
12501420
12517004
12525181
12535126
12559576
12574123
12593844
12594022
12620830
12656179
12656254
12657535
12675810
12691194
12694915
12701089
12701090
12733657
12756442
12777488
12791145
12803382
12810266
12819077
12855728
12866856
12902220
12904534
12909354
12911065
12911709
12943664
12947096
12949095
12962212
12962218
14563530
14569418
14633004
14654435
14669913
14671013
14717450
14766565
14961349
14961350
15023068
15143042
15160603
15175279
15175293
15175301
15184563
15186417
15242645
15255709
15255890
15270501
15317744
15350213
15352872
15357715
15448982
15466044
15479248
15486822
15501799
15509257
15584419
15588123
15595854
15628867
15660791
15668025
15673504
15687380
15704896
15717160
15740742
15759805
15776314
15790567
15805533
15819431
15837332
15838048
15876693
15916958
15962470
16000817
16011761
16023243
16040205
16061331
16098481
16099134
16151215
16185065
16229475
16232697
16266326
16300063
16326114
16328542
16342752
16343434
16346094
16348741
16348749
16348865
16349023
16349455
16352447
16358753
16376028
16411920
16424614
16428430
16430093
16461687
16466635
16478487
16487746
16535505
16547050
16564586
16593602
16593783
16593793
16597969
16640572
16640578
16701587
16706895
16714604
16739527
16740951
16765842
16790775
16807235
16834607
16844243
16846670
16855837
16869892
16885324
16897563
16906759
16910927
16910942
16928452
16931123
16934406
16934939
16938476
16949542
16957276
16965376
16988279
16990134
17015436
17027872
17032221
17032233
17032234
17072680
17092294
17143597
17144671
17158623
17169556
17174325
17174571
17179150
17207598
17220231
17220250
17222131
17234887
17243702
17259316
17265174
17303185
17310070
17310071
17332902
17352493
17368541
17448165
17483280
17512590
17526716
17551713
17557827
17562194
17564618
17578416
17584465
17604643
17619048
17624525
17641929
17651222
17696408
17784866
17803632
17803774
17825231
17850873
17953570
17957758
17961765
17978204
17985929
17998601
18034729
18053731
18062262
18062266
18067321
18070032
18083045
18155308
18180744
18187891
18215018
18215278
18236673
18248440
18261029
18262415
18264585
18279336
18285491
18294448
18295599
18298367
18300384
18301749
18310023
18323683
18341553
18359809
18380973
18437448
18448184
18466970
18467126
18482381
18504060
18536497
18537200
18564424
18573155
18577100
18661296
18678453
18681939
18683654
18692463
18692469
18692576
18723647
18770547
18773978
18786640
18787817
18793453
18798767
18803868
18808382
18834900
18837378
18842628
18852282
18854216
18930077
18948209
18956225
18974962
18978090
19054091
19058134
19060172
19107396
19110353
19115320
19117949
19120655
19124589
19139094
19151181
19187135
19268431
19291243
19302300
19319599
19320539
19328243
19394822
19426825
19428482
19428886
19435287
19463955
19486404
19493004
19496621
19496622
19497371
19501788
19519744
19533733
19542136
19548884
19552526
19555459
19565698
19568782
19594136
19646472
19669834
19672645
19686078
19698743
19709756
19748697
19750236
19751760
19758346
19769255
19778962
19814796
19824634
19843985
19851930
19874484
19886890
19888625
19897068
19900558
19902840
19904385
19920810
19940381
19943887
20002183
20002192
20003745
20007382
20012275
20025244
20025647
20028080
20034573
20043399
20077718
20083605
20086292
20111864
20129765
20132435
20143707
20150890
20163489
20170736
20178981
20188674
20225671
20305064
20307979
20345385
20350525
20371974
20408919
20416262
20420922
20421401
20441767
20477959
20499633
20527983
20543047
20561967
20561997
20572249
20580562
20580834
20602146
20626881
20629797
20637874
20659901
20686623
20692263
20698911
20707909
20726939
20735646
20805991
20809590
20833183
20837056
20847009
20864476
20883796
20883799
20920218
20970116
20971195
21031302
21031306
21031313
21057054
21078940
21091862
21115128
21129419
21146849
21148685
21152248
21152942
21161212
21166310
21216291
21219472
21220028
21237177
21249192
21272649
21325136
21329738
21377471
21378891
21395950
21398530
21477479
21479932
21513763
21514342
21515280
21517918
21523476
21531720
21558705
21559800
21567726
21568851
21613980
21671053
21678949
21689539
21693191
21698190
21699986
21711515
21722118
21763772
21775075
21775956
21824474
21855569
21864694
21867965
21868154
21877918
21883283
21906472
21913926
21922612
21938276
21945879
21946922
21951316
22013751
22017642
22019832
22030024
22055753
22078751
22086997
22092866
22112158
22126646
22126856
22130678
22137598
22178783
22188245
22191218
22194054
22208405
22225728
22229925
22235126
22252100
22285695
22302389
22306693
22307287
22366310
22366311
22372468
22383954
22384269
22402569
22419229
22461546
22471216
22484605
22491136
22573240
22606970
22609718
22633410
22650604
22659618
22673627
22676367
22679477
22681538
22697411
22728564
22738762
22752338
22754012
22843534
22848604
22866957
22885637
22961036
22963763
22965623
22970188
22970852
22984476
22985329
23000267
23000378
23010220
23010308
23019029
23082160
23096695
23097430
23110227
23115018
23144396
23178500
23180547
23198796
23204455
23221718
23236852
23246400
23280154
23286963
23305926
23335587
23353001
23354447
23383078
23447539
23479819
23510693
23545532
23548363
23558683
23567855
23569952
23591758
23602848
23639965
23660411
23665547
23669240
23689940
23707743
23710045
23716618
23724001
23741856
23751331
23756730
23757136
23761194
23761340
23765997
23766006
23766010
23769874
23777289
23777899
23793257
23811351
23817140
23820088
23836769
23838640
23839217
23867289
23888781
23932986
23932987
23942360
23965964
23994279
24012776
24018202
24031965
24039886
24047052
24056099
24058892
24060509
24067418
24102529
24102660
24131105
24132569
24138117
24161758
24161773
24171004
24212540
24212573
24215911
24236081
24239582
24244553
24277587
24296435
24329985
24333436
24336361
24372841
24376440
24412437
24426274
24458378
24464476
24486631
24491837
24505453
24512665
24516418
24528485
24571086
24615382
24637781
24701966
24703635
24704274
24769486
24777664
24794582
24797092
24821424
24853514
24856984
24866092
24879918
24911264
24931626
24944110
24954661
24960170
24972341
24975083
24988360
25002538
25010674
25016236
25043262
25066453
25072536
25081571
25082352
25107972
25120217
25123832
25126824
25141725
25141753
25152495
25159507
25160796
25180847
25181652
25182547
25189202
25191536
25218684
25271126
25301717
25308274
25312696
25313392
25347359
25367076
25414697
25449322
25449376
25463289
25541076
25542510
25630302
25635019
25643807
25655323
25668560
25681078
25734798
25755191
25766281
25794037
25803442
25846924
25849504
25865123
25897858
25903990
25910687
25964331
25982403
25991603
25998438
26063943
26070141
26070390
26082491
26132358
26138555
26140409
26192462
26193669
26198743
26207048
26241874
26248803
26264142
26271600
26285030
26330565
26344624
26364746
26383659
26383670
26386193
26408076
26434714
26440375
26459033
26472618
26476108
26476690
26483489
26495995
26562319
26585302
26616234
26631804
26636765
26644436
26650502
26655930
26660470
26703114
26713223
26785783
26792759
26825678
26848432
26849416
26852056
26870945
26875633
26876330
26920221
26921543
26922490
26925210
26927849
26931390
26971316
26988801
27049472
27074443
27081923
27086156
27109581
27127812
27141809
27150051
27191515
27192145
27196895
27213409
27230628
27247095
27324654
27350615
27354698
27380968
27382376
27415309
27420982
27431930
27463706
27491367
27514787
27517939
27535409
27553601
27559394
27565619
27572513
27635360
27645906
27648859
27667544
27693192
27698391
27709214
27766221
27793716
27810886
27836724
27836725
27868364
27875968
27876622
27894248
27908666
27939874
27966258
28027988
28068190
28089892
28089896
28126438
28126555
28145490
28166465
28169338
28205590
28209836
28232130
28252178
28280714
28303510
28315112
28363588
28365386
28369937
28419854
28438599
28452235
28458660
28479344
28484045
28499965
28522419
28522420
28527323
28587859
28590062
28619164
28624999
28687321
28689775
28698120
28710014
28748495
28757045
28779740
28797637
28803959
28842846
28844966
28853887
28887169
28887768
28917709
28923715
28927688
28939531
28958586
29042192
29055189
29056489
29071174
29083891
29087455
29100985
29101486
29109705
29111407
29127029
29127030
29130165
29130185
29134160
29147114
29154943
29176964
29193152
29222026
29230364
29231719
29246810
29248385
29281768
29305177
29307631
29308273
29318333
29335469
29337246
29337853
29355761
29372680
29382732
29395892
29410771
29411243
29427715
29427722
29430777
29444825
29448028
29486273
29516148
29518558
29531178
29553833
29555694
29595889
29601993
29635065
29644500
29685351
29728393
29729961
29729962
29730005
29739158
29739899
29739943
29765621
29796441
29842930
29843708
29857132
29882274
29882295
29902561
29909274
29928976
29954335
29954861
29954908
29959637
29983956
29987529
30056209
30077624
30097682
30125700
30135989
30182304
30201447
30224438
30255070
30270715
30273757
30287352
30291439
30299063
30349521
30381264
30386313
30399402
30399403
30419397
30423347
30423951
30426005
30445050
30445666
30448509
30453046
30487156
30500549
30536485
30546856
30549879
30550823
30576623
30610902
30622852
30670759
30728641
30742725
30804945
30817993
30837359
30857186
30880308
30904684
30970234
30986432
30988710
31009654
31028898
31059812
31078702
31083492
31110504
31120036
31129186
31176005
31181341
31197972
31200076
31206966
31207301
31243734
31254358
31266202
31288100
31293588
31306758
31323873
31323993
31326562
31347191
31352119
31394160
31419533
31422178
31425831
31430560
31439710
31441117
31472263
31499201
31521726
31542845
31562894
31572451
31586762
31596685
31604149
31607645
31620101
31640552
31641148
31654082
31698068
31704205
31709785
31723163
31734809
31745565
31751630
31760167
31770641
31773499
31780773
31782317
31801695
31827471
31834358
31835332
31848285
31887410
31888034
31911289
31921078
31926291
31931092
31940805
31942862
31963816
31977129
32002529
32012662
32019500
32032761
32038597
32056705
32059079
32095047
32120805
32169942
32214789
32226431
32236115
32259318
32278114
32289514
32299355
32302772
32334129
32347603
32349168
32366592
32371255
32373545
32387463
32387558
32406870
32411572
32419972
32451587
32457724
32458852
32477834
32492464
32546921
32557678
32562869
32588157
32629103
32630518
32637366
32683217
32683506
32705543
32717062
32768706
32815068
32824641
32828846
32830331
32849331
32858106
32866609
32868874
32871343
32941745
32971269
32980468
33013788
33025182
33031900
33065306
33082446
33122410
33139386
33164409
33171991
33181969
33183221
33190007
33232808
33248180
33285163
33291587
33316357
33324424
33333990
33340375
33340590
33348038
33359206
33383068
33391864
33400843
33429891
33472086
33480689
33521040
33525589
33561561
33569748
33571917
33572193
33577890
33582105
33592044
33614522
33633740
33670856
33713523
33785471
33793568
33805730
33819543
33819565
33823212
33826938
33856484
33868233
33868307
33878330
33889141
33920311
33927984
33947022
33947155
33965457
33989448
33998118
34004267
34015493
34015495
34034823
34049068
34091036
34097104
34103011
34118281
34124228
34129868
34153282
34170406
34245329
34267739
34295333
34314796
34316195
34323773
34335683
34349168
34371200
34408739
34428552
34448109
34451443
34456896
34458439
34480240
34486119
34499256
34504482
34551359
34555530
34555531
34566350
34569606
34569863
34617517
34624358
34633869
34638798
34656643
34659116
34660349
34673374
34687884
34711526
34718124
34741552
34748368
34751845
34822732
34822997
34829074
34835400
34855458
34867032
34943773
34959457
34972023
35016116
35037167
35038896
35049757
35054801
35054883
35080444
35085737
35153391
35160912
35174239
35176284
35214145
35218972
35218973
35240202
35240293
35323456
35331762
35364191
35391635
35399010
35405184
35416706
35418956
35429625
35450281
35457143
35472402
35489594
35508554
35525410
35533850
35565570
35572529
35588907
35610210
35612301
35624815
35636699
35639030
35661768
35675521
35690228
35722281
35729615
35735095
35740075
35742917
35745484
35765493
35797848
35798276
35835408
35880931
35892937
35897698
35921922
35921930
35940540
35952999
35963561
35970508
36009626
36016424
36040487
36042821
36044930
36055556
36059498
36075953
36113801
36129386
36154825
36175476
36209842
36232925
36235498
36241004
36257185
36257553
36296336
36301131
36328328
36346224
36352832
36356856
36358345
36372114
36372504
36410534
36419598
36422006
36435369
36460091
36462744
36464721
36509412
36557599
36566013
36581255
36593373
36597602
36602217
36616363
36634796
36646337
36656658
36669603
36679943
36736639
36773712
36781282
36803777
36817435
36834706
36843837
36884014
36927104
36930448
36966382
36967502
36979647
36992186
37025802
37042270
37100310
37107584
37110498
37112848
37137380
37148163
37149238
37169328
37175906
37175982
37207486
37225060
37233487
37237634
37244489
37257570
37271296
37271326
37298202
37314342
37317171
37318383
37320993
37353061
37356679
37364660
37374898
37388236
37414305
37423402
37423436
37448647
37462776
37465025
37509902
37511297
37512934
37530963
37534720
37589492
37619908
37630449
37657557
37662002
37683807
37689229
37728059
37742388
37743438
37744918
37748586
37751557
37764049
37769935
37790619
37812340
37813153
37822351
37851325
37857080
37896051
37896349
37923098
37940083
37951319
37956799
38003392
38004752
38040133
38044417
38066992
38085488
38092094
38104696
38135047
38135810
38144384
38150146
38167225
38171431
38189311
38199263
38242261
38244822
38254350
38257862
38258011
38300462
38303385
38329698
38367180
38373044
38401591
38408546
38411269
38421537
38459562
38473861
38486350
38499217
38508759
38513915
38543554
38555529
38574831
38593891
38606300
38608847
38612301
38631559
38638833
38647329
38677631
38683976
38697375
38708669
38724459
38733729
38785265
38814789
38828162
38838838
38901749
38921593
38930486
38944253
38945413
38962321
38977111
38977113
38981555
39008531
39015569
39027095
39028533
39029335
39032912
39063540
39065061
39069109
39095814
39171358
39173981
39179186
39180247
39187398
39203530
39210618
39219679
39241818
39259315
39259377
39271450
39289879
39307256
39346038
39354382
39366647
39380116
39385726
39389171
39395597
39396559
39420363
39421751
39422505
39450165
39457421
39462613
39481581
39520716
39532191
39536807
39545233
39561480
39561913
39566670
39577788
39590007
39597503
