47208
379061
435964
563693
595371
641241
813356
814672
817626
842915
962216
1060642
1090221
1238041
1357000
1369011
1370023
1496817
1497584
1578037
1583147
1604796
1684585
1695217
1752304
1796686
1866880
1904457
1936152
2024448
2034893
2048285
2076066
2084451
2085229
2229606
2283408
2351619
2365883
2375025
2382062
2454943
2516858
2584171
2625499
2628861
2663909
2672542
2683341
2689485
2728263
2765091
2765092
2776850
2791680
2929195
3043603
3096202
3124405
3212290
3284897
3286694
3287753
3385064
3397430
3400915
3403756
3406536
3513675
3521059
3522651
3523959
3528251
3531259
3537035
3592374
3672914
3737614
3760296
3790089
3794018
3818090
3868968
3900159
3905891
3916277
4063786
4201311
4621649
4627644
4627792
4915060
5102649
5344099
5367508
5533975
5802803
5877987
6030914
6068580
6190299
6352750
6359660
6389466
6408120
6466955
6508744
6530497
6715631
6751309
6989866
7001718
7004149
7006275
7016251
7020874
7023125
7142525
7142526
7194715
7271011
7518989
7624843
7683638
7763446
7836583
7887517
7960146
7975048
8013872
8063375
8063967
8095273
8128804
8128805
8168949
8173550
8293961
8326035
8408872
8417033
8434140
8436679
8451811
8560733
8560739
8578912
8580896
8669375
8675786
8681990
8708092
8745004
8767891
8789694
8794701
8809550
8883335
8885703
9006862
9058273
9098796
9132527
9160425
9160429
9178126
9269059
9276797
9297830
9331734
9331735
9331809
9368376
9387227
9406074
9436102
9465776
9495014
9557128
9596712
9627838
9717296
9770280
9820114
9830108
9852769
9916549
9926458
10022011
10024545
10067691
10328836
10358889
10372420
10416162
10418135
10456923
10474198
10480089
10480092
10483719
10483726
10527118
10528539
10556734
10571330
10579453
10619609
10623559
10708898
10714518
10749451
10828958
10865150
10959438
11119529
11210044
11212022
11278483
11283072
11283100
11286411
11337141
11337144
11384040
11417715
11427573
11682529
11731177
11741851
11779212
11814021
11846021
11852191
11860103
11860105
11888695
11928951
11932145
12009283
12016220
12018412
12086045
12086069
12125183
12199362
12211391
12234346
12359466
12362446
12369408
12416803
12496158
12634093
12729202
12781481
12800868
12809761
12923094
12933824
14521879
14556694
14592732
14638815
14649409
14685025
14711517
14765815
14765830
14861164
15046462
15107042
15136992
15186452
15190945
15207452
15223126
15228553
15232179
15259215
15290961
15290974
15325431
15328218
15351035
15352543
15377611
15453485
15530005
15535958
15633665
15661328
15689035
15734536
15747734
15872274
15876224
15887388
15918484
15956305
15967600
16030820
16030862
16031464
16031858
16032004
16032139
16032286
16032309
16127133
16162522
16162525
16206927
16207514
16357279
16461661
16461695
16461696
16507693
16507696
16516507
16564651
16599304
16678381
16697559
16772573
16786875
16872802
16949677
16950512
16960064
16973306
17020014
17112377
17118174
17183089
17227598
17235153
17235155
17297099
17320434
17322356
17348901
17369210
17464077
17513475
17584471
17616171
17625202
17676080
17699034
17702252
17922934
17933926
17954749
18024686
18024731
18024747
18034824
18082978
18086844
18096938
18242012
18343047
18349229
18378649
18420617
18422251
18425595
18430157
18469106
18487673
18519724
18536771
18602244
18611246
18621422
18641698
18673393
18704848
18819612
18832205
18832235
18951819
18952387
19032024
19038929
19056519
19058930
19109270
19118354
19120233
19121233
19121238
19155148
19175920
19193502
19233788
19283521
19302331
19307623
19364616
19447987
19447993
19471330
19521461
19528580
19528596
19528624
19653514
19700690
19750746
19785910
19815843
19841209
19897756
19919286
19923627
19925655
19930160
20038184
20059934
20065061
20072847
20074762
20103698
20110133
20329647
20519112
20576366
20614000
20667752
20693505
20708860
20723677
20952646
20969677
20970262
20971488
21075893
21094743
21124742
21130586
21134309
21183025
21183029
21279814
21299911
21385204
21409731
21477869
21524507
21531093
21531805
21536150
21541886
21570220
21700022
21700024
21745598
21809074
21851671
21924846
21943677
21944716
21955443
21968538
21972842
22033042
22040338
22082032
22121154
22173272
22189431
22207179
22256911
22265288
22383474
22430996
22440767
22444442
22518846
22588571
22595865
22612980
22708496
22720933
22726316
22851430
22863098
22921631
22959936
22964008
22981579
22981582
23036931
23040028
23082192
23141827
23200465
23227767
23245954
23264498
23327304
23441806
23445624
23472090
23496010
23548292
23578710
23587380
23627380
23632662
23694921
23701404
23719542
23758641
23769372
23774600
23806189
23810981
23866930
23907894
23932138
23958017
24005178
24031473
24049906
24054294
24215609
24226053
24239086
24385846
24443828
24470219
24579284
24580114
24631752
24703745
24721702
24731643
24746132
24768453
24804150
24823898
24973067
25013087
25022682
25108858
25129497
25143827
25173468
25218745
25230074
25242419
25262183
25273869
25294597
25308550
25399106
25427658
25434337
25439441
25459905
25497238
25497825
25578263
25623845
25638330
25653501
25815326
25861725
25895090
25898893
25912858
26003836
26016433
26018417
26048928
26088507
26113347
26190128
26216456
26302854
26427036
26432060
26491180
26497306
26507633
26582308
26608755
26686572
26686709
26707304
26713450
26732695
26738804
26774727
26805990
26812823
26902291
26947302
26987627
27039025
27060835
27096787
27109069
27128950
27187065
27265456
27301776
27372580
27372584
27412456
27412568
27412694
27448858
27527761
27540054
27601682
27623108
27687707
27695696
27818578
27826289
27843558
27871373
27988111
28109600
28161160
28174566
28179116
28183165
28203238
28237588
28259674
28341052
28344976
28351714
28416382
28434736
28449183
28470079
28524019
28545485
28559578
28566081
28589129
28601447
28601455
28669389
28690278
28716189
28760665
28774481
28778322
28780090
28852930
28869109
28877365
28919694
29017611
29083115
29142389
29159916
29258753
29290431
29292007
29468999
29496837
29713459
29729914
29785904
29862454
29908812
29943584
30055920
30100506
30122416
30146281
30172391
30177270
30219416
30426108
30466663
30473339
30504894
30510316
30564609
30827546
30914388
30940606
30959612
30963594
31023170
31038086
31059284
31073889
31113165
31121717
31171032
31182095
31195666
31280743
31308588
31327898
31340816
31376059
31380400
31398534
31421723
31421887
31421888
31447841
31470519
31497459
31535041
31555233
31585645
31611858
31618669
31639136
31668442
31704014
31837784
31849662
31864732
31864733
31864745
31931293
31939019
31968649
31991715
32037160
32057432
32098158
32122596
32188750
32229060
32331896
32375920
32456822
32456828
32474263
32475664
32505957
32545686
32564950
32717473
32729498
32768210
32777908
32883377
32961696
33032469
33045565
33153084
33168108
33189273
33223463
33260788
33263234
33358798
33358822
33376590
33379325
33430135
33542314
33579131
33593888
33594964
33611159
33665459
33670688
33685690
33777017
33827684
33833319
33934869
33941509
34001359
34071296
34071800
34085166
34095274
34105992
34177964
34206268
34218921
34253362
34253366
34267762
34284224
34309977
34334197
34359241
34389143
34391916
34451993
34485432
34570328
34620161
34631863
34643411
34697924
34710800
34789427
34800320
34827356
34832644
34840463
34842300
34864211
34867053
34934457
34938371
34944369
34955276
34966979
35022739
35112684
35142126
35181135
35203812
35215206
35339816
35391729
35489013
35510214
35670874
35677047
35677060
35698325
35799261
36009976
36066834
36139187
36148229
36243811
36336691
36339507
36341072
36371263
36461586
36480332
36494232
36496808
36540100
36562745
36583039
36619707
36772950
36811767
36844415
36882931
36973819
36983957
37016420
37032878
37080785
37235160
37242369
37264425
37331876
37499842
37513782
37533458
37533933
37544431
37547227
37552931
37620551
37624297
37635756
37742500
37769942
37786431
37844492
37852550
37853918
37857121
37863294
37887228
37949401
37987480
38032282
38039842
38104974
38133263
38171428
38187875
38204128
38206970
38281323
38338585
38340554
38373387
38393081
38397769
38461248
38512314
38554822
38569837
38668279
38668437
38698383
38719198
38734661
38787275
38788848
38849801
38897015
38944406
39000720
39059949
39065100
39067757
39077446
39148640
39170596
39199850
39304366
39373785
39412238
39447583
39461020
39463761
39521420
39539056
