1297033
3209519
7705610
7961934
8161191
8169217
8181713
8206923
8268343
8274005
8366084
8380151
8580643
8683591
8781881
9087486
9226915
9434192
9442271
9571056
9687452
10028249
10069388
10369665
10439410
10690649
10716558
10788379
11001264
11068824
11106368
11139162
11571615
11742763
12005442
12216664
12237107
12379146
12407457
12855163
12889835
14532062
14687973
15125174
15244326
15262957
15453718
15569065
15716459
15934927
16131208
16233476
16329879
16604419
16828113
17056692
17576227
17765538
18957398
18973472
19246121
19402403
19794057
19944603
20192821
20405213
20446872
20720091
21221930
21457673
21862476
21972140
22001846
22105517
22128805
22644565
22806027
23021100
23288403
23385155
23586752
23950148
24288029
24291178
24587208
24642427
24955113
25001226
25074407
25576416
25576421
26092555
26462992
26742623
26794214
26867528
26870759
26893438
26987764
27036492
27052863
27429894
27499434
27548264
27569192
27697350
28208607
28213015
28213104
28396543
28399332
28421042
28428290
28451946
28600315
28647233
29022767
29300682
29504912
29609564
29619881
29730522
30075449
30300875
30357425
30496837
30690292
30873130
30877966
30994417
31133310
31174587
31415966
31572313
31627338
31773499
31801241
31903210
32052920
32198174
32273730
32277276
32440713
32454892
32477317
32611704
32805562
32922376
33168102
33385721
33502259
33558540
33574863
33639142
33841823
34261660
34292863
34298891
34421854
34492990
34600047
34609628
34777276
34859954
35086130
35142546
35170744
35377178
35405557
35407042
35633670
35686660
35718162
35739766
35862956
35919963
36095868
36184039
36235487
36307524
36369999
36500844
36675631
36689831
36918890
36948016
36961583
37138626
37292198
37315368
37324868
37354270
37528119
37564221
37572464
37586428
37692162
37751014
37762390
37972223
37973678
38052128
38053512
38057706
38130237
38165444
38206028
38369147
38443775
38460008
38615447
38647030
38651126
38708669
38748977
38852787
39024671
39057779
39078906
39193018
39404341
39472001
39566443
