358812
542718
610502
641525
942208
1426997
1441774
1534327
1534328
1547832
1569030
1624418
1714034
1759838
1835340
1884984
1953294
1993769
2071709
2162991
2480992
2753846
2775349
2778172
2846632
2922571
3624108
3668496
6086584
6098534
6340953
6477033
6602348
6726013
6847033
7077292
7130375
7337390
7526614
7540244
7576540
7592379
7685306
7703025
7703026
7730272
7768782
7801525
7966270
8024736
8024975
8042273
8042900
8042901
8065269
8121414
8231807
8232209
8423155
8459675
8463168
8472912
8550467
8631711
8706888
8708092
8787389
8854188
8878037
8880301
8880319
8880328
8982076
8998998
9058285
9084146
9105936
9198277
9212399
9310861
9387227
9553801
9573174
9670551
9706803
9717289
9731292
9741115
9830127
10085071
10094709
10430946
10438764
10472846
10496871
10554224
10589722
10618236
10698802
10714994
10728610
10731611
10735859
10746101
10747232
10774259
10777069
10831857
10843049
10941799
10972734
11030573
11079700
11123475
11131893
11133951
11200538
11298231
11322694
11417826
11470359
11526011
11559409
11589557
11710840
11750814
11849340
11872124
11904409
11931563
11999121
12043159
12142144
12147502
12360671
12435514
12437030
12589763
12700009
12800992
12829282
12902246
12902297
12906403
14500019
14656161
14657137
14666989
14748085
14766306
15066777
15078537
15084125
15239693
15317796
15479426
15527916
15659199
15715714
15837431
16000737
16297478
16300071
16337767
16380267
16387403
16503066
16585638
16624358
16782222
16943094
16978351
17054440
17091740
17098422
17183218
17184340
17218029
17233729
17291615
17335837
17436810
17475456
17521919
17532333
17616625
17628130
17636987
17714408
17890333
17893164
17981942
17993395
18001032
18044454
18206776
18236668
18434100
18625535
18673393
18678444
18752861
18948134
18950962
18977613
19062076
19110383
19120924
19200122
19233814
19251335
19253936
19623717
19674114
19684166
19689886
19763896
19876776
19889901
20141949
20151397
20202339
20387014
20486010
20528174
20538309
20557451
20598860
20627391
20663610
20674188
20688237
20819397
20847111
20875035
20922381
21095086
21140219
21143714
21164574
21177044
21366722
21377808
21524522
21555189
21621655
21645821
21672099
22059607
22059658
22060168
22060169
22060170
22060780
22060850
22060878
22061525
22061592
22061796
22061810
22061849
22061920
22062067
22062161
22062228
22062552
22062705
22062750
22062823
22062837
22063199
22063339
22063710
22063950
22064035
22064190
22064299
22202871
22344642
22459837
22475947
22491245
22536017
22659289
22682365
22713755
22816491
22916911
22926033
22946602
23064880
23083631
23141829
23155006
23266237
23274660
23280142
23313673
23390765
23392900
23415536
23498185
23572623
23833752
23887612
24002789
24031331
24031574
24102081
24142792
24350480
24361828
24387852
24410408
24597303
24723103
24727086
24931524
24950081
24952781
25013142
25059796
25059860
25061757
25092709
25122477
25148258
25319723
25467994
25475289
25497238
25497825
25536764
25566208
25581469
25724303
25787926
25851258
25867520
25889261
25891423
25991555
26001060
26207047
26276706
26289722
26546424
26654914
26735574
26830747
26874419
26903967
26971013
26990729
27084015
27095684
27192326
27266633
27309482
27341621
27407294
27426505
27427871
27451178
27461254
27574829
27771685
27800388
27800431
27865514
27904402
27932683
28011132
28092613
28124138
28261187
28428778
28438941
28456402
28477997
28525654
28527793
28717325
28740238
28762531
28830581
28850086
28871227
28911390
28964518
29017503
29055204
29112318
29120803
29177138
29196291
29256369
29334060
29397170
29489448
29525303
29550159
29551445
29584701
29675012
29686504
29702317
29705416
29778469
29873235
29908812
29970062
29985866
30015454
30017019
30042679
30065825
30077662
30166139
30208988
30236663
30252142
30263671
30283431
30319582
30427304
30469413
30622417
30669863
30687698
30695632
30767340
30795821
30894841
30906039
31000562
31009262
31108735
31120689
31121803
31133993
31138341
31191696
31207813
31214565
31225789
31266490
31289643
31293539
31327898
31352302
31421877
31454585
31494521
31500280
31524954
31649643
31680836
31731036
31750778
31847510
31860659
31890173
31918211
31941915
31950105
32043916
32062526
32123510
32138987
32138992
32245640
32281590
32338740
32397076
32446871
32449679
32466433
32468180
32482216
32527474
32539975
32582564
32591381
32647396
32664371
32846544
32884698
32971750
33019548
33212972
33678876
33738327
33838885
33892436
34087663
34180582
34205941
34218124
34316207
34456739
34650526
34828853
34835318
34879684
34945490
34946212
34962581
34965861
35001006
35011191
35053074
35072960
35198993
35202455
35211998
35267369
35287820
35337592
35353289
35454681
35508992
35540619
35660256
35956506
36009729
36126574
36140940
36189200
36208450
36267187
36283318
36304967
36406445
36434660
36461302
36504762
36586389
36670385
36715862
36746312
36970674
36970683
36999856
37107373
37140369
37196810
37256236
37351843
37467398
37523903
37524910
37524911
37532681
37533118
37547698
37569124
37583512
37641265
37691956
37696140
37701746
37709482
37754738
37834035
37839122
37986490
38056569
38060084
38067008
38164696
38171197
38309873
38332421
38372826
38379807
38447309
38545378
38579123
38604402
38643676
38791718
38840702
38849728
38917654
38950087
39115561
39124365
39272489
39338336
39364126
39447265
39551977
39553752
