1622275
7508333
7517339
8033886
8111029
8339912
8405465
8420795
8458855
8590403
8590406
8633849
9057325
9131789
9203395
9212412
9762899
9885189
10395461
10561563
10792541
10875331
11010866
11034481
11207726
11437268
11598813
11722897
11761362
11763129
11815855
11976316
12080423
12361245
12392531
12401230
12422527
12452587
12481996
12620827
12969298
14651855
14651860
14871209
14976729
15067391
15296189
15365763
15384492
15490560
15883865
15954617
16179797
16255147
16255248
16631265
16957199
17241347
17846750
17927739
17935925
18192381
18192393
18245454
18399462
18534036
18648669
18824107
18943024
18944027
18944335
18944570
18944895
18944904
18944953
18945054
18945088
19018991
19018999
19194799
19301748
19364319
19522563
19704516
19873752
20002575
20128699
20400561
20412629
20447991
20458935
20526836
20695226
21062112
21438679
21479554
21510777
21687530
21802235
21879791
21922914
21936661
21999159
22081572
22098337
22326627
22672649
22713078
22752914
23001675
23006580
23067263
23120989
23135900
23169888
23429275
23738754
23768656
23802869
23821058
23851100
24014525
24060828
24173936
24242253
24309731
24313381
24554636
24632627
24885539
24913050
24921925
24936863
24940988
25127615
25208240
25224561
25289010
25395174
25460993
25481293
25820645
25917599
25937329
25953184
26060431
26075829
26159537
26403819
26410454
26469746
26539169
26595113
26599211
26623996
26734014
26823582
26836214
26992141
27007732
27118979
27157571
27412674
27442535
27452898
27494458
27792456
27839071
28068400
28248277
28319117
28319994
28330130
28418289
28432096
28558918
28559607
28609745
28677494
28796837
28868644
28935724
28952422
29134663
29160202
29297963
29305184
29346329
29457632
29479358
29528201
29624494
29628816
29723290
29762531
29790031
29867843
29888669
30009352
30050508
30115841
30141597
30172306
30248904
30254615
30269341
30299055
30307676
30345870
30369848
30412457
30466581
30511854
30533783
30603947
30607743
30621587
30648817
30673530
30682309
30688618
30688623
30688625
30694115
30699688
30699746
30699977
30703902
30708518
30727358
30743436
30743471
30743687
30764345
30764404
30769542
30769601
30769626
30780975
30812234
30812593
30818678
30823162
30823287
30832039
30832078
30832128
30841105
30841129
30841279
30845470
30845502
30878620
30884182
30934783
31016497
31091183
31155256
31295263
31315175
31334679
31362973
31428874
31578822
31604763
31725349
31784552
31799900
31843615
31878275
31892706
31910230
31924620
32013272
32106569
32126507
32130588
32285207
32445616
32535393
32626290
32674440
32751229
32967338
33082729
33107795
33137950
33167465
33180909
33369478
33373896
33466616
33484618
33524179
33524890
33639082
33716251
33766789
33803105
33807972
33837930
33926450
33983875
34017321
34031470
34052318
34077226
34361965
34443974
34445148
34451590
34451612
34543054
34569829
34666675
34695298
34698084
34752900
34823103
34828351
34890250
34918769
34999464
35053136
35142424
35144359
35154207
35178040
35208859
35341314
35388876
35406912
35432427
35441490
35549324
35563004
35620684
35767906
35807589
35930961
35983620
36040162
36079637
36107753
36116105
36129764
36324009
36363752
36389212
36613768
36614659
36731748
36826035
36840143
36968412
36978462
36982399
36985299
37060669
37071226
37087288
37111950
37175200
37289240
37299079
37324660
37571008
37601248
37708309
37717723
37866894
37990046
38187997
38201051
38228018
38276273
38284094
38284314
38381965
38434116
38654330
38655589
38733725
38765677
38822872
38914943
38925504
39004247
39007232
39028765
39113961
39200085
39467939
39471242
