11837296
12450829
15023961
15582739
16033466
16233780
16288835
16489950
16946611
17174429
17177514
17188771
17293526
17517708
18176534
18489025
18630699
19028404
19204894
19222580
19243908
19413761
19426261
19700215
19703719
19758326
19833402
19895650
19914580
20167386
20416703
20472719
20580986
20722740
21097615
21282025
21300507
21356457
21356460
21356463
21383037
21445893
21569953
21700007
21729073
21839380
21951900
22146687
22200451
22271629
22307833
22342455
22350936
22475947
22608236
22635989
22885743
23011950
23023756
23046923
23053097
23078355
23221534
23323221
23347637
23464916
23565762
23568210
23576016
23747630
23957391
24010616
24031571
24230472
24361837
24492829
24751063
24794619
24817864
24827499
24936378
24992519
25039289
25080006
25451001
25475311
25574459
25583343
25678547
25691882
25856101
25882072
25904036
25924957
25963776
26060561
26104520
26142846
26338118
26494804
26594208
26601690
26678137
27012236
27084703
27088869
27197991
27272700
27311801
27321351
27374130
27375243
27550198
27663381
27992769
27999400
28058448
28067304
28125161
28189140
28276067
28330225
28489022
28527125
28573604
28576365
28578265
28619799
28784523
28821024
28959301
28983008
29032650
29081085
29184254
29195991
29201203
29316448
29393319
29475435
29502392
29559966
29628253
29654473
29660455
29725210
29772465
29786847
29867806
30042003
30096901
30172442
30177230
30194998
30197633
30258590
30263303
30263311
30310406
30349680
30360392
30405588
30408458
30430360
30474707
30485765
30510705
30533633
30609036
30619127
30662432
30786935
30827567
30838447
30887606
30954033
31050261
31093443
31100643
31159278
31216608
31226979
31294149
31338566
31396170
31421792
31434237
31466654
31528033
31537147
31602728
31687553
31694205
31703858
31749787
31781070
31834648
31862715
31910700
31976556
31986244
32017095
32100692
32180979
32228749
32246087
32257919
32296568
32314089
32373729
32379992
32388703
32447432
32508785
32512101
32523797
32524178
32539978
32713254
32719789
32775134
32806122
32816971
32825246
32872680
32878603
32899506
32927810
32969200
33000248
33003556
33013748
33085038
33266168
33279004
33404172
33418399
33489684
33525419
33612219
33666350
33672491
33736289
33832911
33838222
33898502
33924761
33975974
33987818
33992395
34019121
34070813
34092710
34163450
34164781
34189594
34234766
34240754
34342279
34402055
34455330
34526973
34574114
34600098
34603976
34663045
34732640
34776827
34881980
34946039
34946052
34946084
34952097
35010147
35051234
35081681
35082079
35126329
35175890
35181108
35206710
35208769
35287855
35293480
35354766
35397016
35536505
35568093
35594939
35633128
35635993
35663880
35865276
35947292
35954024
36076885
36119359
36140946
36143987
36175491
36189367
36267909
36274712
36328735
36360089
36386685
36414746
36461307
36519845
36520357
36556500
36563533
36600415
36613237
36716627
36722167
36733919
36766145
36832935
36876855
36900515
36909846
36911327
37048370
37089563
37110385
37154417
37172659
37269640
37317327
37391847
37399863
37446188
37454506
37479437
37482799
37484002
37689876
37751008
37858306
37903874
37987480
38032191
38036594
38107150
38144786
38144833
38165444
38188564
38201097
38225131
38248481
38253975
38448100
38473129
38505268
38535258
38544858
38563257
38566382
38611436
38798294
38808277
38848899
38879336
38917489
38958438
39033825
39061912
39071702
39173287
39199931
39204534
39270612
39280944
39410149
39442848
39456300
39458351
39483004
39554831
39576101
39593391
11837296
12450829
15023961
15582739
16033466
16233780
16288835
16489950
16946611
17174429
17177514
17188771
17293526
17517708
18176534
18489025
18630699
19028404
19204894
19222580
19243908
19413761
19426261
19700215
19703719
19758326
19833402
19895650
19914580
20167386
20416703
20472719
20580986
20722740
21097615
21282025
21300507
21356457
21356460
21356463
21383037
21445893
21569953
21700007
21729073
21839380
21951900
22146687
22200451
22271629
22307833
22342455
22350936
22475947
22608236
22635989
22885743
23011950
23023756
23046923
23053097
23078355
23221534
23323221
23347637
23464916
23565762
23568210
23576016
23728431
23747630
23957391
24010616
24031571
24230472
24361837
24492829
24751063
24794619
24817864
24827499
24936378
24992519
25039289
25080006
25451001
25475311
25574459
25583343
25678547
25691882
25856101
25882072
25904036
25924957
25963776
26060561
26104520
26142846
26338118
26494804
26594208
26601690
26678137
27012236
27084703
27088869
27197991
27272700
27311801
27321351
27374130
27375243
27550198
27663381
27992769
27999400
28058448
28067304
28125161
28189140
28276067
28330225
28489022
28527125
28573604
28576365
28578265
28619799
28784523
28821024
28959301
28983008
29032650
29081085
29184254
29195991
29201203
29316448
29393319
29475435
29502392
29559966
29628253
29654473
29660455
29725210
29772465
29786847
29867806
30042003
30096901
30172442
30177230
30194998
30197633
30258590
30263303
30263311
30310406
30349680
30360392
30405588
30408458
30430360
30474707
30485765
30510705
30533633
30609036
30619127
30662432
30786935
30827567
30838447
30887606
30954033
31050261
31093443
31100643
31159278
31216608
31226979
31294149
31338566
31396170
31421792
31434237
31466654
31528033
31537147
31602728
31687553
31694205
31703858
31749787
31781070
31834648
31862715
31910700
31976556
31986244
32017095
32100692
32180979
32228749
32246087
32257919
32296568
32314089
32373729
32379992
32388703
32447432
32508785
32512101
32523797
32524178
32539978
32713254
32719789
32775134
32806122
32816971
32825246
32872680
32878603
32899506
32927810
32969200
33000248
33003556
33013748
33085038
33266168
33279004
33404172
33418399
33489684
33525419
33612219
33666350
33672491
33736289
33832911
33838222
33898502
33924761
33975974
33987818
33992395
34019121
34070813
34092710
34163450
34164781
34189594
34234766
34240754
34342279
34402055
34455330
34526973
34574114
34600098
34603976
34663045
34732640
34776827
34881980
34946039
34946052
34946084
34952097
35010147
35051234
35081681
35082079
35126329
35175890
35181108
35206710
35208769
35287855
35293480
35354766
35397016
35536505
35568093
35594939
35633128
35635993
35663880
35865276
35947292
35954024
36076885
36119359
36140946
36143987
36175491
36189367
36267909
36274712
36328735
36360089
36386685
36414746
36461307
36519845
36520357
36556500
36563533
36600415
36613237
36716627
36722167
36733919
36766145
36832935
36876855
36900515
36909846
36911327
37048370
37089563
37110385
37154417
37172659
37269640
37317327
37391847
37399863
37446188
37454506
37479437
37482799
37484002
37689876
37751008
37858306
37903874
37987480
38032191
38036594
38107150
38144786
38144833
38165444
38188564
38201097
38225131
38248481
38253975
38448100
38473129
38505268
38535258
38544858
38563257
38566382
38611436
38798294
38808277
38848899
38879336
38917489
38958438
39033825
39061912
39071702
39173287
39199931
39204534
39270612
39280944
39410149
39442848
39456300
39458351
39483004
39554831
39576101
39593391
