106919
110824
383747
415097
417781
722428
814807
827879
972188
1372291
1468529
1554823
1612771
1725072
1774246
1904825
1974848
2024965
2041952
2127349
2277628
2463970
2483993
2501351
2509070
2570968
3008082
3088031
3097079
3112512
3121756
3122640
3123263
3132371
3148634
3728028
3889044
3891778
3924995
3926813
4198720
4213226
6184233
6205016
6219168
6371040
6374834
6401776
6409342
6425356
6434640
6436315
6438184
6546936
6602809
6803684
6813359
7130749
7427704
7520730
7643745
7685283
8190068
8326855
8606352
8809542
8870623
8935664
8996109
9919812
10030542
10030544
10048033
10225902
10340715
10531275
10648099
10750621
10767527
10844690
11057965
11073924
11152396
11208792
11283034
11325979
11334887
11683469
11806758
11864957
11865418
12031482
12055301
12065503
12126908
12202769
12208601
12380714
12438387
12519193
12525923
12538166
14556992
14734192
15039331
15040943
15213166
15314188
15315478
15339202
15347757
15378443
15755597
15784588
15824424
15849920
15953032
16026250
16115701
16135405
16202144
16238823
16503987
16511177
16682101
16734888
16825411
16849737
16861678
16907742
16954390
16965515
16966413
17159225
17407055
17712231
17825091
17921703
18191311
18305155
18451061
18718812
18803504
18822386
19201877
19203353
19460600
19476432
19553555
19751688
19762442
20172999
20363948
20709949
20808844
20937766
21092259
21105983
21148522
21464080
21795847
22028815
22798652
22825445
23035186
23222722
23296384
23350293
23803905
23813677
24097834
24690385
24910087
25017717
25115777
25291770
25742719
25814628
25964847
26195766
26223223
26321007
26855742
26876441
27006840
27018131
27301077
27322634
27629899
27814682
28382026
28662181
29467915
29491238
29605532
30016236
30087172
30251949
30322851
30420631
30883192
31048443
31356239
31586462
32031617
32411400
32873462
33008028
33168608
33196407
33900407
33917456
34233953
34483276
34623441
34712047
34784048
34978884
35051351
35238737
35369513
35584870
35652645
35811666
36462524
36714354
38048806
38126782
38242128
38381035
38412465
38563734
39180405
