3597758
8000966
8063773
8621679
8855615
9038146
9221190
9703955
10609533
10896223
11731147
11923268
11958932
12450133
14672727
14729071
14765661
15991478
16822636
17557831
17629434
18379841
18523194
19564159
20390950
22075581
22307508
22561594
22866576
23148100
23812276
23834407
23859944
24010623
24569266
24652573
26023207
26236492
26505149
26872347
26915918
27098598
29067002
30092741
30357425
30656965
30676255
31408796
31442862
31583212
31769802
32194522
32213434
32798981
32960371
33228385
33664740
33862864
33950513
34479305
34596724
34683378
35211835
35718261
36313823
36458620
36775162
36846763
36936540
37030501
37469470
38325740
38587796
39283088
39483704
