11931151
15813838
25527456
29045349
31141234
32272752
32602753
33512312
33876477
34199239
34252073
34831464
35426398
35578355
35698917
35795165
35832043
35883066
36054683
36695274
36768705
36893736
36913464
37073724
37698429
37699401
37743379
37934002
37973916
38034007
38961767
39185003
39316685
39533019
11931151
15813838
25527456
29045349
31141234
32272752
32602753
33512312
33876477
34199239
34252073
34831464
35426398
35578355
35698917
35795165
35832043
35883066
36054683
36695274
36768705
36893736
36913464
37073724
37698429
37699401
37743379
37934002
37973916
38034007
38961767
39185003
39316685
39533019
