7569325
7642120
7828870
9324266
10591014
10637340
10848966
11302502
11846380
14523019
14747344
15064988
15542087
15642699
15971619
16076143
16423651
16799746
17073940
17953600
17995674
18072737
18218019
18263719
18281087
19967376
20132311
20138824
22094050
22115438
23919831
24271162
25180173
25257245
25324547
25481098
25920724
26115538
26150459
26375388
26564055
27412985
27520819
28853682
30092344
30217696
30536130
30718611
30761115
30867922
31323845
31513263
32009148
32664473
33046683
33415847
33786643
34110067
34557329
35201973
38312500
38613501
38824112
