1447058
2272492
9323472
9797315
10618129
10835030
10970419
11060051
11092850
11556914
14766891
17899464
18651188
19709251
20433865
20622242
21354938
21767709
21793445
22107095
22192623
22266160
22526722
22702827
22978557
23104952
23397855
23664184
23729827
24164051
24867243
25055628
25470229
25539747
25619014
25686375
25860249
26383654
26404586
26461081
27112579
27350248
27511310
27731342
27987523
28193172
28476097
28934313
28975826
30328362
30339512
30647774
30668801
31339483
31393167
31480206
31890921
31910839
32271095
32466367
33064913
33308279
33503188
33541174
34359193
34451532
34489892
34607145
34767595
34942014
34983636
34987629
34989986
35151160
35282803
35526479
35739309
36178147
36316408
36527124
36794931
36794948
36823606
36926260
37042779
37119567
37341706
37556292
37717481
37764094
37989000
38073364
38280311
38338877
38399654
38525653
38732016
38786138
38867002
38989282
39012584
39210929
39216269
39356407
39374734
39405831
39510311
39608281
