1539577
1541597
1592699
1608172
1761891
1910033
1929301
2041149
2108992
2123926
2272492
2275539
2705463
7594786
7785979
8110922
8114067
8141728
8353250
8396526
8708407
8723479
9114380
9279729
9338486
9350415
9363016
9412874
9435051
9498133
9506283
9655432
9731276
9836839
9877366
9884489
10089253
10480049
10523541
10618129
10834961
10882701
10882702
11040427
11060051
11060057
11060090
11092850
11269371
11282266
11349969
11430498
11521276
11682529
11699586
11792481
11810596
11847942
11864154
11864347
11915237
11977919
12071093
12135849
12458137
12467497
12467694
12522540
12525898
12543923
12632652
12807187
12808082
14567254
14597003
14617670
14629841
14638478
14692380
15007872
15388750
15585502
15764177
15767825
15933045
16162139
16280513
16418983
16887570
16892251
17027086
17617184
17899464
18155310
18211016
19258279
19322715
19750274
19895650
19933345
20042062
20132375
20433865
20553344
20639015
20930374
21183650
21569931
21658089
21667269
22062552
22473142
23184155
23328945
23400969
23427029
23548478
24396636
24525601
24605454
24681304
25317357
25549405
25634754
25786461
26200650
26505733
27111397
27987112
28438014
28774859
28866136
29081464
29175606
29990761
30155476
30357216
30607341
30697198
30825701
30838346
31012010
31154752
31339483
31346170
31374082
32335280
32405962
32563263
33348682
33390541
33505093
33762281
34204046
34273082
34566904
34743984
34796095
34861549
34945639
35147847
35228404
35326843
35453797
35536516
36139992
36900089
36909846
36929156
37116421
37241995
37766704
37919410
37954234
38100390
38259280
38535596
38536399
38700341
38833914
38873884
39356407
39467681
39504695
39584815
1539577
1541597
1592699
1608172
1761891
1910033
1929301
2041149
2108992
2123926
2272492
2275539
2705463
7594786
7785979
8110922
8114067
8141728
8353250
8396526
8708407
8723479
8762621
9114380
9279729
9338486
9350415
9363016
9412874
9435051
9498133
9506283
9655432
9731276
9836839
9877366
9884489
10089253
10480049
10523541
10618129
10834961
10882701
10882702
11040427
11060051
11060057
11060090
11092850
11269371
11282266
11349969
11430498
11521276
11682529
11699586
11792481
11810596
11847942
11864154
11864347
11915237
11977919
12071093
12135849
12458137
12467497
12467694
12522540
12525898
12543923
12632652
12807187
12808082
14567254
14597003
14617670
14629841
14638478
14692380
15007872
15388750
15585502
15764177
15767825
15933045
16162139
16280513
16418983
16887570
16892251
17027086
17617184
17692662
17899464
18155310
18211016
19258279
19322715
19750274
19895650
19933345
20042062
20132375
20433865
20553344
20639015
20930374
21183650
21569931
21658089
21667269
22062552
22473142
23184155
23328945
23390911
23400969
23427029
23548478
24396636
24525601
24605454
24681304
25317357
25549405
25634754
25786461
26200650
26505733
27111397
27987112
28438014
28774859
28866136
29081464
29175606
29990761
30155476
30357216
30607341
30697198
30825701
30838346
31012010
31154752
31339483
31346170
31374082
32335280
32405962
32563263
33348682
33390541
33505093
33762281
34204046
34273082
34566904
34743984
34796095
34861549
34945639
35147847
35228404
35326843
35453797
35536516
36139992
36900089
36909846
36929156
37116421
37241995
37766704
37919410
37954234
38100390
38259280
38535596
38536399
38700341
38833914
38873884
39356407
39467681
39504695
39584815
