1393829
1890188
2202780
3739460
7567122
8027345
8652349
9105940
9300809
9925524
11295459
11451687
11557504
11931166
12384342
12508898
12654765
12821491
15155245
15243122
16804682
17451977
17803135
17870668
17875998
19401267
19667382
19884377
19901091
20198919
20627716
21762699
21876065
22532071
22702827
23030300
23541191
23580557
23670078
24211774
24233592
24265499
24285645
24309742
24625739
25265761
25382389
25667392
25828704
26001376
26376471
26537514
26822285
27148175
27345493
27347484
27873675
27923736
28466204
28646667
28821942
28853686
28983007
29484175
29548983
30477153
30768621
31685461
32268700
32327519
32351477
32528687
32607823
32741928
32991273
33098821
33230153
33236244
33329415
33735446
33995307
34204872
34227210
34289613
34428264
34629764
34659162
34719286
34827877
34828891
34830335
35137119
35211835
35406936
35744715
35807396
36525156
36558807
36608845
36671374
36677505
36826511
37060827
37296251
37458601
37930431
38075908
38136714
38273092
38647288
38820426
39010965
39178936
39216995
39218095
39227167
39366657
39521156
39597755
1393829
1890188
2202780
3739460
7567122
8027345
8652349
9105940
9300809
9925524
11295459
11451687
11557504
11931166
12384342
12508898
12654765
12821491
15155245
15243122
16804682
17451977
17803135
17870668
17875998
19401267
19667382
19884377
19901091
20198919
20627716
21762699
21876065
22532071
22702827
23030300
23541191
23580557
23670078
24211774
24233592
24265499
24285645
24309742
24625739
25265761
25382389
25667392
25828704
26001376
26376471
26537514
26822285
27148175
27345493
27347484
27873675
27923736
28466204
28646667
28821942
28853686
28983007
29484175
29548983
30477153
30768621
31685461
32268700
32327519
32351477
32528687
32607823
32741928
32991273
33098821
33230153
33236244
33329415
33735446
33995307
34204872
34227210
34289613
34428264
34629764
34659162
34719286
34827877
34828891
34830335
35137119
35211835
35406936
35744715
35807396
36525156
36558807
36608845
36671374
36677505
36826511
37060827
37296251
37458601
37930431
38075908
38136714
38273092
38647288
38820426
39010965
39178936
39216995
39218095
39227167
39366657
39521156
39597755
