1363106
1381922
1383675
1406279
1655921
1703458
1802539
1867026
2081883
2099143
2154166
2229987
2334874
2455085
2480132
2482433
2652096
2690736
2779486
2857430
3155161
3172595
3370928
3517061
3606096
3631041
3667518
3833377
4008900
4056003
4067225
6202906
6363287
6413613
6442318
6476829
6500710
6508314
6511869
6525583
6536785
6625388
6625569
6630464
6746884
6761362
6824317
6852913
6971864
7035373
7153353
7174046
7333985
7506031
7648946
7684810
7783680
7885249
8139466
8157311
8160051
8186099
8340347
8495439
8729211
8870406
9160077
9410248
10348876
10458742
10507993
10535267
10971757
11145275
11257600
11411647
11497085
11577718
11578764
11837387
11975536
12220989
12479411
12555529
12687298
12761101
14660396
15117923
15134888
15212731
15329935
15341329
15500975
15621444
15633683
15635032
15664910
15825019
15996742
16013386
16014422
16085806
16096691
16232577
16232989
16348618
16427154
16801422
16866063
16870413
16965376
17554439
17680656
17966587
18318712
18319466
18599703
18639408
18706941
19427174
19547923
19954074
19956341
20132688
20693669
20824676
20824973
21139853
21237194
21344147
21441874
21683552
21756934
21897008
22034163
22286904
22540001
23012440
23092520
23326727
23522652
23665957
23706502
23724001
23749976
23755875
23789767
23895343
23996153
24033791
24441165
24653717
24818692
24822116
24954661
25167817
25225263
25242722
25380369
25573928
25612558
25801772
25834431
26052324
26100039
26115633
26461264
26540391
26569229
26903604
26913027
27129958
27497189
27649032
27905630
28330077
28363079
28416870
28424671
28626761
28928424
29051089
29111399
29111407
29111483
29375513
29434398
29565731
29706341
29867866
29906477
30061559
30552187
30675320
30814987
30905409
31026897
31121696
31121705
31162815
31189560
31364581
31452855
31702534
31802743
31957098
31958331
31977129
32307553
32624965
32801574
32849481
33074088
33546407
33569748
33689580
33742508
33829291
33889141
34149632
34249169
34409148
34490150
34653331
34745077
35212619
35395487
35421458
35508788
35669988
35895240
36079620
36212018
36219973
36269578
36288406
36333143
36531817
36602217
36625646
36656040
36966895
36981215
37101014
37274080
37368451
37737725
37943041
38029070
38259280
38264987
38311027
38432963
38486350
38605016
38647910
38650982
38678354
38891866
38971349
39003345
39123565
39193622
