18758729
21525230
23118458
24403303
25320449
26180132
29478241
29753873
31174587
31178042
32088137
34415303
34617784
35145889
35377171
36235209
36401227
37482191
37532306
37579554
38148332
38148496
38543664
38633817
38689210
38737265
38780241
11820231
18758729
21525230
23118458
24403303
25320449
26180132
29478241
29753873
31174587
31178042
32088137
34415303
34617784
35145889
35377171
35842048
36235209
36401227
37482191
37532306
37579554
38148332
38148496
38543664
38633817
38689210
38737265
38780241
