8863448
11054710
11718545
11931144
12039729
12361251
12508877
12576154
12883877
14679895
14982371
15340793
15523913
15859460
16091930
16117106
16902024
16965373
17279449
17351032
17882513
17934786
18034235
18083210
18158237
18593643
19329656
19688380
19709245
19879691
20587384
20833430
21060738
21364303
21558710
21717318
22112688
22183046
22410227
22806721
23520851
23675499
23682152
23771781
25312872
25459703
25750647
26093965
26475106
26616826
26635740
26654914
26787467
26840035
26970052
27372012
27812150
27989999
28095919
28141500
28223861
28276609
28444568
28561275
28633064
29444347
29472536
30108569
30120613
30290351
30357425
30731414
30753997
31111431
31664492
31739628
31771908
31922466
31926472
32001719
32161360
32270248
32375985
32474783
32718600
33058985
33178147
33693598
33746918
33833744
33926576
33930760
34225658
34841301
35075552
35372134
35616375
35760253
36013937
36443410
36559732
36626739
36786610
37060452
37392508
37603551
37815994
37966238
38002229
38185422
38519488
38587505
38674697
38785713
38842778
39272367
39524022
8863448
11054710
11718545
11931144
12039729
12361251
12508877
12576154
12883877
14679895
14982371
15340793
15523913
15859460
16091930
16117106
16902024
16965373
17279449
17351032
17882513
17934786
18034235
18083210
18158237
18593643
19329656
19688380
19709245
19879691
20587384
20833430
21060738
21364303
21558710
21717318
22112688
22183046
22410227
22806721
23520851
23675499
23682152
23771781
25312872
25459703
25750647
26093965
26475106
26616826
26635740
26654914
26787467
26840035
26970052
27372012
27812150
27989999
28095919
28141500
28223861
28276609
28444568
28561275
28633064
29444347
29472536
30108569
30120613
30290351
30357425
30731414
30753997
31111431
31664492
31739628
31771908
31922466
31926472
32001719
32161360
32270248
32375985
32474783
32718600
33058985
33178147
33693598
33746918
33833744
33926576
33930760
34225658
34841301
35075552
35372134
35616375
35760253
36013937
36443410
36559732
36626739
36786610
37060452
37392508
37603551
37815994
37966238
38002229
38185422
38519488
38587505
38674697
38785713
38842778
39272367
39524022
