203634
307364
310659
311618
317079
342538
348716
359505
887039
1281234
1291843
1318294
1350139
1350300
1356926
1359380
1370430
1372291
1404326
1411847
1416845
1477217
1486890
1492255
1500508
1520967
1541531
1561586
1569347
1605612
1616655
1618845
1625315
1635549
1636361
1644771
1647460
1661361
1663518
1707945
1730493
1743374
1781092
1816492
1839925
1845282
1855979
1856485
1882362
1883543
1939592
1982953
2059363
2088539
2146242
2153697
2154426
2159259
2165860
2171110
2172895
2179558
2201248
2202406
2223605
2237585
2251526
2331407
2332158
2337844
2502065
2507222
2537695
2541656
2629710
2650859
2651088
2662437
2668228
2668230
2672256
2672262
2676322
2679402
2684012
2687678
2690615
2693334
2787274
2788154
2788389
2788660
2799580
2817857
2942458
2946262
2956702
2959199
2984108
2985711
2991120
3003036
3010843
3015016
3015775
3020002
3020721
3032608
3042435
3044978
3053568
3053917
3101590
3141171
3143583
3258676
3260705
3264133
3264554
3283255
3286513
3293526
3318086
3323169
3328556
3332784
3460983
3485507
3489097
3489439
3490427
3492376
3492766
3494128
3494322
3494720
3500188
3512872
3517183
3566241
3764627
3872313
3872617
3876325
3876396
3876995
3877717
3878601
3879658
3884483
3888902
4002094
4546438
6095473
6098034
6125676
6139629
6183910
6200440
6208218
6273382
6276368
6282205
6282212
6287927
6293639
6299156
6311803
6324665
6325397
6333510
6335300
6336300
6351957
6355314
6391783
6411268
6424563
6440883
6547744
6600526
6601649
6601847
6603249
6605392
6606394
6606880
6607219
6608798
6610455
6610690
6635447
6658630
6754945
6765563
6799142
6802870
6816403
6967297
6971872
6973943
6974538
6976815
6980682
6982973
6983323
6983858
6983859
6984048
6984050
7018398
7046641
7050782
7153512
7482103
7496539
7540625
7553570
7561133
7586673
7590712
7591078
7607403
7616954
7622219
7622236
7622888
7650727
7665520
7700133
7729882
7729916
7768598
7773593
7783597
7790083
7790433
7795096
7795108
7817258
7817262
7819350
7834712
7844388
7846148
7890379
7947712
7960145
7974076
7979020
7979300
7989562
8003900
8005696
8042123
8053087
8090082
8098052
8133088
8140483
8140487
8163507
8169411
8188362
8195605
8239617
8240960
8254191
8255206
8305570
8321733
8324045
8349759
8361391
8363390
8385592
8386096
8412616
8430358
8440935
8452188
8454337
8454369
8458959
8478062
8486955
8550483
8550517
8559038
8562752
8568301
8586712
8605903
8613384
8613391
8652728
8663048
8675292
8675349
8699082
8748271
8751920
8763705
8785253
8799783
8825086
8828227
8838178
8843430
8849652
8876358
8880534
8894821
8904044
8907769
8918243
8919733
8938639
8945545
8961054
8996084
9009327
9015881
9032761
9041329
9045839
9108104
9111750
9143881
9153735
9169782
9180178
9194711
9234768
9234821
9260947
9292349
9402077
9423852
9484894
9488422
9511768
9545154
9579075
9587174
9596767
9607840
9634308
9652440
9652447
9652713
9674891
9682476
9682479
9704943
9712686
9712775
9712780
9746611
9756778
9764937
9806035
9811662
9815220
9815221
9815237
9822303
9829160
9863586
9884340
9916106
9918324
9933604
10023349
10023369
10024565
10090856
10091669
10148587
10191238
10203386
10214412
10225936
10228064
10320348
10375627
10377108
10417132
10417154
10441398
10448339
10448361
10452639
10456960
10479178
10496878
10496915
10496916
10569746
10569755
10618099
10654864
10676978
10678980
10689182
10701208
10720530
10720550
10722634
10735874
10747137
10768950
10776830
10816485
10847206
10946289
10987452
11004172
11023070
11035757
11036053
11076947
11083812
11095835
11157928
11158114
11179316
11179317
11179379
11254619
11273741
11317002
11326018
11339253
11349097
11369755
11369756
11394975
11399138
11401958
11401984
11447144
11453636
11500438
11517937
11520032
11544207
11544241
11570857
11584729
11599734
11601991
11705900
11779370
11796625
11818898
11852790
11854222
11890549
11895928
11896765
11953409
11964905
11984440
12010972
12010986
12056572
12100552
12161151
12171666
12186325
12202104
12228324
12240879
12293269
12354868
12361914
12369921
12379693
12444138
12488076
12537725
12555668
12567167
12576620
12615992
12616144
12704119
12794202
12902578
12927521
12969375
13398367
13900049
14500520
14533820
14573688
14573692
14582649
14638786
14638812
14742562
15039306
15155648
15164065
15173146
15186579
15271912
15388716
15488736
15501753
15555881
15571499
15618171
15784532
15784585
15788921
15804526
15838019
15855757
15876546
15908371
15914198
15918786
15953025
15968073
15972475
16046468
16101433
16113304
16177350
16185082
16207916
16299270
16304641
16313618
16390960
16422259
16426809
16427513
16428791
16434747
16552053
16581731
16619156
16622201
16872858
16880000
16951363
16971402
17015664
17030566
17123907
17172329
17289219
17313685
17328851
17436224
17443459
17553398
17598041
17620373
17656857
17662691
17676659
17704897
17893130
17923525
17965355
18159525
18208764
18212073
18227178
18375807
18385226
18412810
18422457
18462159
18489725
18565588
18678665
18716769
18754324
19015257
19051024
19066198
19103206
19103932
19118582
19195446
19199547
19304967
19397884
19432549
19451237
19451245
19468937
19552526
19572804
19650831
19666733
19710342
19854700
19901864
19918177
19970501
20086092
20132178
20230355
20249401
20309929
20346910
20385557
20443736
20584974
20605985
20609397
20654280
20805330
20877088
20921795
21097735
21185881
21347851
21390728
21390729
21413302
21413340
21444663
21482041
21515774
21571970
21576329
21606544
21646451
21925811
21939541
22100216
22105012
22144477
22156895
22239475
22335265
22340627
22686457
22782821
22930807
23001266
23027536
23064538
23064541
23230298
23306199
23330152
23541304
23667232
23704961
23729647
23753629
23980107
23995689
24042118
24220352
24434511
24520065
24535694
24597521
24709959
24844153
24885682
24902122
24909546
24914217
24914988
24961160
25025680
25078082
25103048
25103064
25201944
25258485
25271477
25427632
25532465
25632942
25774793
25870061
25897604
25902140
26056381
26147869
26289420
26362174
26374122
26378189
26477829
26538551
26618479
26658654
26694983
26812077
26847887
26930707
27122592
27268712
27389258
27419816
27429000
27459270
28027326
28081686
28217702
28223611
28223612
28489855
28590237
29020192
29045605
29198180
29226307
29240636
29508609
29553314
29617372
29649298
29749871
29792307
29897409
29917039
30115969
30315109
30400890
31036601
31201356
31213562
31565145
31608961
31692707
31695443
31775589
31876865
31902016
31926439
31961303
32163252
32771642
32825080
33036234
33112853
33228858
33436440
33591973
33613541
33717675
33729413
33854985
33895137
34008730
34052582
34292647
34572612
34765930
34803955
34822569
34873027
35351731
35377183
35868971
35876728
36332483
36352984
36443187
36453940
36534698
36568332
36744942
36972419
37339944
37594273
37756291
37824787
38150487
38360847
38454820
38633399
38680788
38739120
38776332
38780215
38814945
39045730
39109153
39146379
39240843
39287406
39424576
39509913
203634
307364
310659
311618
317079
342538
348716
359505
887039
1281234
1291843
1318294
1350139
1350300
1356926
1359380
1370430
1372291
1404326
1411847
1416845
1477217
1486890
1492255
1500508
1520967
1541531
1561586
1569347
1605612
1616655
1618845
1625315
1635549
1636361
1644771
1647460
1661361
1663518
1707945
1730493
1743374
1781092
1816492
1839925
1845282
1855979
1856485
1882362
1883543
1939592
1982953
2059363
2088539
2146242
2153697
2154426
2159259
2165860
2171110
2172895
2179558
2201248
2202406
2223605
2237585
2251526
2331407
2332158
2337844
2502065
2507222
2537695
2541656
2629710
2650859
2651088
2662437
2668228
2668230
2672256
2672262
2676322
2679402
2684012
2687678
2690615
2693334
2787274
2788154
2788389
2788660
2799580
2817857
2942458
2946262
2956702
2959199
2984108
2985711
2991120
3003036
3010843
3015016
3015775
3020002
3020721
3032608
3042435
3044978
3053568
3053917
3101590
3141171
3143583
3258676
3260705
3264133
3264554
3283255
3286513
3293526
3318086
3323169
3328556
3332784
3460983
3485507
3489097
3489439
3490427
3492376
3492766
3494128
3494322
3494720
3500188
3512872
3517183
3566241
3764627
3872313
3872617
3876325
3876396
3876995
3877717
3878601
3879658
3884483
3888902
4002094
4546438
6095473
6098034
6125676
6139629
6183910
6200440
6208218
6273382
6276368
6282205
6282212
6287927
6293639
6299156
6311803
6324665
6325397
6326691
6333510
6335300
6336300
6351957
6355314
6391783
6411268
6424563
6440883
6547744
6600526
6601649
6601847
6603249
6605392
6606394
6606880
6607219
6608798
6610455
6610690
6635447
6639108
6658630
6754945
6765563
6799142
6802870
6816403
6967297
6971872
6973943
6974538
6976815
6980682
6982973
6983323
6983858
6983859
6984048
6984050
7018398
7046641
7050782
7153512
7482103
7496539
7540625
7553570
7561133
7586673
7590712
7591078
7607403
7616954
7622219
7622236
7622888
7650727
7665520
7700133
7729882
7729916
7768598
7773593
7783597
7790083
7790433
7795096
7795108
7817258
7817262
7819350
7834712
7844388
7846148
7890379
7947712
7960145
7974076
7979020
7979300
7989562
8003900
8005696
8042123
8053087
8090082
8098052
8133088
8140483
8140487
8163507
8169411
8188362
8195605
8239617
8240960
8244351
8254191
8255206
8305570
8321733
8324045
8349759
8361391
8363390
8385592
8386096
8412616
8430358
8440935
8452188
8454337
8454369
8458959
8478062
8486955
8550483
8550517
8559038
8562752
8568301
8586712
8605903
8613384
8613391
8652728
8663048
8675292
8675349
8699082
8748271
8751920
8763705
8785253
8799783
8825086
8828227
8838178
8843430
8849652
8876358
8880534
8894821
8904044
8907769
8918243
8919733
8938639
8945545
8961054
8996084
9009327
9015881
9032761
9041329
9045839
9108104
9111750
9143881
9153735
9169782
9180178
9194711
9234768
9234821
9260947
9292349
9402077
9423852
9484894
9488422
9511768
9545154
9579075
9587174
9596767
9607840
9634308
9652440
9652447
9652713
9674891
9682476
9682479
9704943
9712686
9712775
9712780
9746611
9756778
9764937
9806035
9811662
9815220
9815221
9815237
9822303
9829160
9863586
9884340
9916106
9918324
9933604
10023349
10023369
10024565
10090856
10091669
10148587
10191238
10203386
10214412
10225936
10228064
10320348
10375627
10377108
10417132
10417154
10441398
10448339
10448361
10452639
10456960
10479178
10496878
10496915
10496916
10569746
10569755
10618099
10654864
10676978
10678980
10689182
10701208
10720530
10720550
10722634
10735874
10747137
10768950
10776830
10816485
10847206
10946289
10987452
11004172
11023070
11035757
11036053
11076947
11083812
11095835
11157928
11158114
11179316
11179317
11179379
11254619
11273741
11317002
11326018
11339253
11349097
11369755
11369756
11394975
11399138
11401958
11401984
11447144
11453636
11500438
11517937
11520032
11544207
11544241
11570857
11584729
11599734
11601991
11705900
11751218
11779370
11796625
11818898
11852790
11854222
11890549
11895928
11896765
11953409
11964905
11984440
12010972
12010986
12056572
12100552
12161151
12171666
12186325
12202104
12228324
12240879
12293269
12354868
12361914
12369921
12379693
12444138
12488076
12537725
12555668
12567167
12576620
12615992
12616144
12704119
12794202
12902578
12927521
12969375
13398367
13900049
14500520
14533820
14573688
14573692
14582649
14638786
14638812
14742562
15039306
15155648
15164065
15173146
15186579
15271912
15388716
15488736
15501753
15555881
15571499
15618171
15784532
15784585
15788921
15804526
15838019
15855757
15876546
15908371
15914198
15918786
15953025
15968073
15972475
16046468
16101433
16113304
16177350
16185082
16207916
16299270
16304641
16313618
16390960
16422259
16426809
16427513
16428791
16434747
16552053
16581731
16619156
16622201
16872858
16880000
16951363
16971402
17015664
17030566
17123907
17172329
17289219
17313685
17328851
17436224
17443459
17553398
17598041
17620373
17656857
17662691
17676659
17704897
17893130
17923525
17965355
18159525
18208764
18212073
18227178
18375807
18385226
18412810
18422457
18462159
18489725
18565588
18678665
18716769
18754324
19015257
19051024
19066198
19103206
19103932
19118582
19195446
19199547
19304967
19397884
19432549
19451237
19451245
19468937
19552526
19572804
19650831
19666733
19710342
19854700
19901864
19918177
19970501
20086092
20132178
20230355
20249401
20309929
20346910
20385557
20443736
20584974
20605985
20609397
20654280
20805330
20877088
20921795
21097735
21185881
21347851
21390728
21390729
21413302
21413340
21444663
21482041
21515774
21571970
21576329
21606544
21646451
21925811
21939541
22100216
22105012
22144477
22156895
22239475
22335265
22340627
22686457
22782821
22930807
23001266
23027536
23064538
23064541
23230298
23306199
23330152
23541304
23667232
23704961
23729647
23753629
23980107
23995689
24042118
24220352
24434511
24520065
24535694
24597521
24709959
24844153
24885682
24902122
24909546
24914217
24914988
24961160
25025680
25078082
25103048
25103064
25201944
25258485
25271477
25427632
25532465
25632942
25774793
25870061
25897604
25902140
26056381
26147869
26289420
26362174
26374122
26378189
26477829
26538551
26618479
26658654
26694983
26812077
26847887
26930707
27122592
27268712
27389258
27419816
27429000
27459270
28027326
28081686
28217702
28223611
28223612
28489855
28590237
29020192
29045605
29198180
29226307
29240636
29508609
29553314
29617372
29649298
29749871
29792307
29897409
29917039
30115969
30315109
30400890
31036601
31201356
31213562
31565145
31608961
31692707
31695443
31775589
31876865
31902016
31926439
31961303
32163252
32771642
32825080
33036234
33112853
33228858
33436440
33591973
33613541
33717675
33729413
33854985
33895137
34008730
34052582
34292647
34572612
34765930
34803955
34822569
34873027
35351731
35377183
35868971
35876728
36332483
36352984
36443187
36453940
36534698
36568332
36744942
36972419
37339944
37594273
37756291
37824787
38150487
38360847
38454820
38633399
38680788
38739120
38776332
38780215
38814945
39045730
39109153
39146379
39240843
39287406
39424576
39509913
