1281976
1288798
1290791
1312590
1313100
1313106
1313107
1315389
1317427
1319357
1324301
1324302
1324305
1325846
1328062
1332988
1336047
1357016
1390107
1398963
1400984
1408358
1408362
1431309
1464104
1481764
1494447
1494449
1494450
1527685
1528627
1528630
1528635
1552469
1599251
1625150
1625154
1625317
1645404
1665573
1726544
1758517
1774320
1800380
1832457
1832458
1836497
1870068
1890173
1894349
1920011
1937818
1937850
1939047
1952836
2037354
2050896
2050897
2072241
7473013
7478753
7478755
7478762
7478767
7496956
7507660
7513001
7525481
7539406
7539837
7548548
7548558
7548560
7548580
7553378
7557341
7560223
7560233
7562320
7562327
7562347
7565172
7567061
7567062
7567064
7593696
7597416
7602664
7608849
7622639
7640674
7641631
7642257
7675514
7686072
7686781
7706543
7722848
7740086
7748540
7775676
7790101
7790524
7796488
7806673
7852609
7853124
7853125
7853128
7853129
7853130
7853132
7868248
7870467
7870469
7871359
7878415
7891253
7907659
7929861
7929977
7936718
7936724
7965553
7989619
8006931
8008428
8008430
8012604
8039652
8056301
8063390
8083438
8083788
8106950
8107060
8118535
8133415
8133417
8144737
8148788
8152838
8152839
8157769
8180485
8188371
8195974
8195981
8227458
8233568
8247608
8260004
8260009
8289021
8290878
8295107
8297958
8324134
8324135
8324136
8324137
8351128
8357246
8366411
8377663
8381179
8381866
8388414
8390893
8393106
8396177
8410615
8427495
8429541
8459781
8463936
8463942
8473532
8478088
8510980
8510981
8517803
8518750
8518751
8518755
8518762
8524965
8530742
8537869
8544210
8546586
8550860
8550862
8550866
8583022
8583161
8586886
8590668
8602338
8602339
8602345
8604254
8613564
8618087
8620588
8620592
8626206
8642574
8667133
8674976
8675741
8689734
8704994
8708939
8708956
8724705
8724708
8724711
8727911
8739161
8739166
8739172
8746044
8747674
8783055
8786627
8794965
8809306
8809549
8811482
8849845
8849850
8866317
8869494
8877655
8884636
8884645
8904847
8910839
8915018
8915026
8931245
8936322
8941758
8941760
8941766
8951624
8951630
8959563
8959565
8961558
8971649
8973727
9002880
9003238
9006012
9021323
9028199
9028255
9029446
9036576
9037612
9048462
9049799
9050176
9061728
9062856
9083896
9100195
9138195
9151583
9151584
9155677
9171509
9171510
9178115
9180180
9182743
9196214
9206427
9210087
9220512
9222046
9226388
9227136
9249633
9266340
9276981
9284152
9310676
9310704
9310707
9337029
9337848
9345789
9350211
9353030
9354029
9358364
9372425
9395099
9402504
9407404
9411079
9421310
9442426
9444590
9456680
9467351
9467372
9467379
9467387
9467388
9467400
9469606
9483884
9495612
9495618
9524322
9526910
9526920
9527568
9536278
9542074
9542075
9543189
9543192
9550035
9553868
9565285
9569804
9571899
9573496
9573800
9573805
9573819
9573820
9573822
9586470
9587274
9590895
9627957
9650877
9654126
9655032
9657318
9663026
9663117
9671997
9677819
9693397
9697992
9706861
9706862
9719033
9722267
9722273
9722720
9747334
9759015
9760895
9763332
9777588
9785453
9797047
9797247
9802558
9802709
9802715
9802719
9823846
9826397
9839562
9846793
9848540
9854085
9872113
9879519
9879956
9916061
9923506
9926767
9926768
9988340
10052771
10074526
10084996
10085012
10086624
10089154
10093527
10096448
10100039
10102550
10203506
10203541
10220176
10223399
10322610
10368051
10369568
10371001
10371248
10384401
10412851
10423739
10423740
10424388
10432629
10439028
10440638
10447722
10471570
10488167
10495708
10499279
10508011
10520968
10522212
10522213
10530208
10530240
10530254
10531230
10535646
10543754
10543769
10551058
10559178
10569731
10588489
10589806
10596616
10614904
10632520
10634119
10635221
10635291
10659994
10693296
10695934
10702557
10711615
10725172
10726523
10726537
10768009
10776924
10776926
10791704
10797085
10807119
10816455
10824034
10832097
10842858
10863377
10869492
10883867
10883871
10888357
10895690
10899873
10906266
10914791
10914798
10914807
10928970
10929872
10932905
10948175
10960022
10980176
10983884
10992465
11002412
11005152
11021394
11022767
11023183
11034118
11037755
11063387
11075959
11084150
11089368
11092692
11140556
11144405
11154402
11154406
11154438
11155171
11155172
11155173
11159963
11168244
11168745
11199721
11199726
11199732
11199767
11202881
11202893
11210080
11218493
11218514
11251657
11251658
11268114
11273014
11292769
11307190
11314884
11314886
11324213
11327065
11327077
11328836
11350507
11350526
11357072
11359249
11361180
11374358
11374470
11383022
11389513
11394403
11398832
11398996
11408950
11422244
11422582
11429938
11442847
11447173
11451705
11453114
11482142
11485266
11487143
11488856
11488857
11507550
11519695
11556558
11577952
11577953
11577954
11594003
11598583
11600394
11686813
11686820
11694077
11705193
11705942
11737511
11737515
11737657
11740732
11759856
11762870
11781142
11791111
11795450
11799736
11800436
11800468
11808376
11846195
11846851
11858203
11860556
11868601
11887461
11895543
11908470
11952732
11968834
11985513
11988511
12002813
12005141
12007648
12009183
12009188
12017175
12064843
12090455
12111574
12113551
12148655
12149943
12175371
12175374
12196223
12200976
12206757
12211497
12234847
12366861
12381070
12415477
12445225
12450517
12472995
12479628
12483235
12485330
12507243
12507842
12539530
12540220
12546094
12546101
12576156
12578311
12589956
12597711
12615878
12625826
12627274
12654095
12654101
12656508
12666946
12666949
12701770
12702113
12716333
12716334
12716335
12723840
12724371
12724387
12728301
12738955
12752649
12752919
12753363
12753472
12753473
12753913
12783282
12785172
12787203
12795792
12814313
12828664
12837513
12855722
12877258
12885849
12886961
12930519
12930529
12937592
12938679
12941071
12962428
12970005
14557000
14574605
14584866
14594839
14607865
14641442
14643404
14687228
14716261
14759706
14761124
14766881
14871191
14871344
14986909
15016017
15016019
15016040
15025229
15055430
15102043
15107068
15107069
15107070
15107645
15127993
15142209
15181322
15183882
15206912
15211927
15212354
15266289
15295960
15312101
15317561
15324352
15325758
15327644
15329567
15341348
15356501
15367191
15380777
15455735
15455740
15458342
15482437
15491312
15491316
15491344
15491347
15491349
15491463
15505507
15508747
15508748
15515818
15536858
15553977
15560836
15580129
15584257
15591601
15598414
15611609
15619879
15623054
15627441
15642056
15646054
15665448
15691348
15691352
15720569
15722627
15736890
15752111
15793117
15830645
15836518
15840783
15853975
15857093
15882210
15882229
15886266
15889436
15898933
15902062
15917691
15919188
15943764
15943770
15958206
15966886
15983248
15995644
15998275
16012459
16087299
16101964
16104962
16171445
16173383
16220801
16229357
16238592
16238595
16239058
16268997
16269128
16304448
16314967
16324485
16341728
16352873
16353031
16367855
16369381
16369686
16390469
16395549
16427456
16429180
16441740
16441780
16460260
16476021
16490986
16499715
16513386
16534043
16579698
16579700
16579704
16584351
16584357
16585650
16586023
16626372
16630308
16634497
16671872
16673792
16677284
16677332
16683675
16701590
16806047
16836903
16837243
16841550
16842503
16856899
16881801
16887563
16887570
16887597
16887601
16887605
16887665
16887667
16887668
16899096
16945032
16953818
16970621
16979483
16982271
17014526
17015454
17021091
17051640
17063027
17064390
17064394
17074906
17076781
17081784
17120973
17130992
17172525
17177252
17193988
17199543
17207381
17209786
17229113
17234549
17263160
17263560
17286127
17305623
17309590
17314356
17319360
17335366
17347537
17397314
17397315
17452955
17470016
17470025
17470026
17471038
17488439
17530037
17539719
17546221
17555412
17559797
17567788
17584471
17600538
17629461
17645300
17653931
17678431
17689115
17727652
17760541
17760542
17850606
17869137
17889698
17894423
17897190
17899310
17912965
17964192
17993455
18065672
18069178
18086168
18160759
18173797
18230105
18243157
18279182
18287326
18302616
18326855
18360673
18363738
18380965
18400000
18400025
18412726
18436030
18436598
18447205
18447853
18465191
18498901
18502971
18524268
18547832
18560463
18565108
18565132
18582336
18634922
18672992
18672993
18705525
18712174
18718748
18771363
18793359
18804350
18814211
18834241
18834247
18834252
18841752
18843894
18929268
19018029
19031785
19046305
19053921
19053922
19053926
19069337
19088890
19097755
19099976
19121507
19146705
19150408
19177855
19184295
19196771
19228092
19236536
19247445
19322644
19329223
19386852
19405834
19407153
19430039
19451301
19457170
19485826
19505801
19538937
19540450
19554393
19572891
19572892
19586997
19637485
19637996
19641151
19654360
19656037
19679682
19693550
19702957
19708869
19762989
19772671
19792846
19799718
19814715
19819812
19832799
19832801
19839485
19852608
19879369
19884734
19893968
19929953
19930094
19931406
19937216
20002682
20006468
20035024
20059413
20088983
20088984
20096084
20140039
20151809
20155438
20155507
20193770
20214441
20219690
20305865
20308299
20337663
20370418
20373538
20381790
20396365
20412864
20429938
20465032
20491536
20498762
20500696
20528699
20549955
20560458
20572764
20572919
20607056
20646351
20657863
20662307
20670687
20688951
20701895
20733264
20844819
20880875
20955352
21054554
21057037
21083570
21086009
21091345
21112536
21158427
21158907
21160219
21163008
21180677
21184839
21192988
21198645
21206931
21208407
21214870
21233793
21244761
21254239
21261620
21264361
21284689
21309717
21314733
21340603
21342003
21375559
21386152
21386208
21386213
21392048
21410554
21417585
21431261
21457185
21486182
21488934
21491990
21492236
21513472
21523222
21523225
21524712
21527470
21533621
21569094
21574831
21612712
21613949
21621645
21658104
21678158
21688602
21724088
21729246
21763894
21772720
21793826
21811692
21827233
21830010
21839857
21864411
21866899
21916371
21918594
21922330
21928086
21929616
21941429
21945879
21967952
21972936
22030151
22074222
22103335
22145357
22145775
22150619
22169888
22193554
22220822
22257880
22313692
22320070
22324488
22368239
22368259
22368985
22376058
22393563
22401128
22402617
22413030
22414835
22417880
22427297
22429191
22443519
22443521
22466881
22514678
22531876
22545184
22546352
22554902
22564019
22565224
22571226
22594540
22621847
22642916
22649688
22655057
22680302
22684253
22691114
22693528
22694350
22698715
22704805
22710412
22715643
22727529
22765511
22767485
22769443
22789022
22794217
22824245
22849907
22878796
22890195
22897652
22905716
22934839
22988660
22996215
22998386
23018230
23030242
23033653
23039819
23041992
23088524
23107050
23116446
23124752
23127822
23133617
23141872
23162335
23173827
23173872
23199017
23207319
23224675
23266804
23278531
23289803
23294114
23297645
23306233
23327648
23328097
23329319
23335585
23336115
23368885
23411301
23413629
23441850
23534379
23538426
23551701
23572799
23623310
23633772
23638858
23645178
23646850
23653650
23674898
23675952
23679350
23688097
23737674
23743616
23745336
23745964
23798540
23852060
23859000
23890391
24007199
24011184
24024983
24025042
24036419
24040571
24040572
24086784
24121919
24138192
24144271
24174754
24221579
24252501
24261910
24267704
24278920
24288439
24298807
24320204
24335143
24340084
24346334
24355228
24439468
24451851
24451862
24461411
24478074
24505483
24534490
24564835
24583092
24594108
24612063
24640241
24656409
24662076
24665919
24683780
24684025
24709428
24711565
24720498
24727003
24736219
24736944
24747615
24748407
24806388
24820755
24834145
24835305
24861390
24861845
24875331
24881214
24918364
24926331
24928297
24930639
24943760
24945514
24949828
25001360
25019109
25024367
25039504
25052707
25054150
25065393
25091293
25098260
25106846
25107981
25114379
25173070
25177642
25178742
25199931
25217278
25232962
25233105
25252124
25260731
25263382
25266040
25316464
25340203
25387288
25387289
25394610
25399962
25412607
25426790
25430459
25440112
25454723
25474262
25526624
25530681
25536224
25565631
25568808
25581046
25591021
25601508
25605993
25623818
25631494
25654035
25658087
25658942
25665430
25668296
25674314
25711725
25756960
25759232
25763757
25765460
25797107
25827437
25847068
25879057
25888404
25924695
25926392
25935303
25949060
25971786
25986950
25996787
26002454
26024407
26033167
26034550
26053503
26062839
26064260
26077225
26096116
26097349
26101061
26103050
26121972
26170876
26193958
26209620
26216344
26248812
26259070
26291297
26294638
26313005
26345599
26347298
26386229
26403890
26406499
26419675
26424287
26427036
26437752
26447754
26461083
26469348
26470857
26478974
26484315
26511379
26513268
26522598
26550526
26557034
26561994
26564745
26596937
26604572
26604581
26604595
26606331
26617937
26632711
26645327
26646777
26655950
26662717
26672414
26676022
26691322
26750739
26791469
26838600
26861944
26870849
26871443
26875613
26919939
26949701
27020914
27042576
27058704
27110949
27127325
27143825
27183718
27191390
27193146
27227499
27239990
27287170
27301874
27325868
27330709
27339856
27340161
27353076
27420109
27441707
27469171
27469569
27472955
27476978
27479737
27485551
27542376
27552307
27552374
27563508
27585669
27585775
27602578
27620215
27632268
27660886
27666672
27671471
27699574
27717180
27722787
27726169
27727287
27753430
27786617
27790459
27793138
27820156
27833893
27876716
27894820
27974831
27982490
28033374
28050493
28067105
28093069
28126355
28193569
28198980
28249232
28274501
28276583
28279857
28298816
28349674
28359872
28367891
28367899
28383606
28386896
28440740
28457849
28460249
28510876
28512280
28548883
28576147
28578027
28579042
28619155
28623321
28630069
28638241
28649401
28667678
28674708
28713765
28748030
28755761
28761156
28800622
28803419
28808698
28821458
28822764
28844191
28848499
28874750
28934361
28983469
28987726
28989139
29023524
29041913
29084415
29094233
29110296
29146851
29232563
29242687
29279572
29303754
29306935
29327449
29327500
29340343
29352461
29373772
29401401
29402871
29410255
29420847
29430094
29505065
29520798
29521212
29534128
29539696
29539710
29539759
29539789
29539847
29633646
29642940
29653193
29668903
29721223
29728099
29744187
29882907
29882939
29883945
29913204
29943369
29955390
29970631
29972457
29988826
30024999
30025275
30039349
30048057
30095173
30118806
30188855
30189320
30202609
30231244
30243260
30345964
30356383
30365870
30386996
30392706
30397915
30450546
30468900
30475431
30483378
30505364
30530235
30542916
30575059
30667163
30669938
30692740
30695540
30700425
30729346
30800247
30808354
30828815
30833975
30862537
30918216
30927646
30988877
31007867
31084561
31106894
31111123
31130713
31143001
31174997
31182149
31198338
31206573
31211815
31230388
31257792
31268051
31292965
31315377
31330445
31342509
31344909
31356381
31357852
31367145
31393600
31417514
31417518
31430531
31479805
31492606
31496562
31502207
31521732
31537147
31605582
31632667
31641894
31655839
31671566
31687180
31730263
31758435
31765020
31770260
31771977
31793046
31795139
31799694
31831970
31838294
31889858
31890661
31899475
31901280
31913843
31916034
31925865
31962136
31988023
32007684
32010645
32023661
32027610
32046045
32057978
32070755
32107365
32109938
32214064
32276980
32280099
32282725
32285818
32329066
32333174
32366948
32369987
32384777
32385879
32454322
32497654
32503390
32532033
32544646
32582191
32611860
32635588
32670905
32700516
32714973
32750671
32760103
32763436
32764360
32780228
32785473
32857044
32858118
32865464
32879714
32885473
32897213
32901713
32933859
32935363
32978483
33003527
33004892
33011399
33034173
33042892
33066545
33082657
33089288
33103954
33107981
33112888
33117325
33123229
33133417
33147687
33156979
33174005
33186726
33223468
33255092
33304856
33350176
33353919
33368278
33381183
33383903
33402424
33456534
33463085
33482304
33512709
33578802
33600089
33600958
33622023
33772970
33774716
33794847
33800047
33802109
33819769
33837744
33914825
33923666
33932297
33934384
33935124
34041870
34093848
34158697
34167373
34169804
34216116
34222492
34303029
34328481
34365426
34386186
34392403
34412595
34413397
34447054
34447307
34503249
34534554
34576835
34613503
34631597
34659955
34683380
34683666
34698557
34707622
34712209
34713993
34718358
34745444
34804168
34821641
34835510
34896999
34946084
34953183
34956932
34965620
34991888
35004349
35028071
35048038
35061858
35111477
35122548
35139675
35187875
35208792
35268804
35273925
35282488
35292756
35321298
35321313
35364661
35367366
35379855
35480234
35592523
35613350
35625221
35625330
35646552
35689551
35791444
35829773
35861776
35862729
35884141
35890542
35935717
35940971
35951554
35955456
35959306
35961112
35978527
35986029
36013417
36049430
36053007
36070584
36075265
36083851
36095084
36110822
36126528
36170305
36245273
36289875
36295072
36302646
36303164
36398568
36416468
36445134
36497685
36500223
36506809
36526586
36529123
36530443
36547540
36551346
36556459
36560955
36569059
36622053
36633093
36640857
36650527
36656051
36688805
36721476
36724261
36768711
36770464
36781937
36803460
36812865
36814951
36837503
36837504
36841279
36873972
36919705
36927049
36938439
36968802
36980362
36985242
37008776
37017684
37043490
37086047
37110385
37125513
37140235
37145081
37154987
37191548
37191955
37204148
37211309
37213663
37231271
37234672
37288191
37291703
37314331
37315307
37346862
37367261
37369626
37395521
37536958
37599575
37602453
37609623
37632683
37655344
37672083
37723004
37742798
37750632
37753264
37760818
37787951
37789859
37801450
37822817
37822820
37840153
37872501
37887710
37888151
37889702
37896269
37921960
37922985
37955234
38029104
38078032
38093556
38138191
38193176
38220090
38247746
38249491
38287724
38305743
38317400
38331747
38357336
38388556
38404290
38409911
38490705
38491387
38496143
38515216
38538383
38575895
38587683
38595373
38644421
38674317
38682052
38685821
38687029
38689063
38690496
38719087
38728106
38743207
38775019
38786158
38789533
38791137
38826609
38882878
38882883
38919733
38921706
38930439
38940519
38942052
38975276
38979477
39000406
39015311
39026754
39042815
39058349
39064580
39064605
39072352
39128436
39131522
39140115
39203357
39203395
39269543
39335081
39419327
39436120
39458274
39506436
39589428
39596308
39597602
