809467
1316413
1559624
3939582
5493596
8871112
9573080
9647809
10843070
10856652
12149323
12237628
12438404
12588421
12670069
12972635
16230184
16447101
16553843
16965354
16988245
17005802
17059467
17184325
17502304
17877778
18411284
18418885
18432039
19156580
19282975
19367737
19573605
19648335
19903951
19912342
19925874
19948869
20133416
20305015
20385752
20412906
20419168
20479208
20605703
20693674
20890845
21030503
21390569
21734653
21744326
21845850
21866337
21907793
21912459
22056161
22083706
22226641
22316585
22448002
22539000
22573738
22629342
22693410
22808157
22846917
23016308
23056520
23168754
23185346
23298379
23617246
23919998
24050571
24080849
24265721
24285651
24291662
24459463
24794195
24813010
24905338
24943108
25053998
25084378
25124936
25156462
25635270
25661498
25725906
25733930
25750218
25788241
25859220
25869280
25873373
25875100
26267872
26416871
26574055
26577657
26694451
26914908
26950606
27342653
27521363
27527701
27570236
27756178
27824278
27867804
28254966
28260585
28280032
28456518
28504576
28574626
28846702
28878691
28927409
29038128
29065710
29188665
29269494
29429763
29492333
29718358
29954448
30240699
30358729
30506255
30696752
31012733
31178854
31300207
31467111
31513025
31550285
31564082
31641087
31951193
31990804
32193689
32320981
32409549
32409551
32409555
32439676
32518196
32525961
32817455
32842049
32861687
33038393
33042131
33160356
33217908
33629947
33656436
34063526
34204294
34264810
34268384
34660337
34756073
34937183
34948426
35086915
35118412
35208739
35266820
35389247
35489617
35646732
35647888
35745728
35871770
35932762
35983325
36160242
36304005
36579104
36800374
36985236
37032888
37058538
37366621
37432374
37442975
37543728
37884815
37909284
38010361
38064523
38093481
38245586
38248848
38265199
38275205
38334326
38358269
38644962
38690990
38789535
38854974
39006741
39011013
39037318
39116654
39120153
39178040
39210185
39373018
39475249
39544282
