16825636
19628614
20139022
20369227
22180609
26294633
26613342
26990039
27913996
28323133
29158284
30007918
30242233
30267315
31324278
32132998
32156386
32405407
33687943
34330600
34660667
34732258
34764725
34815833
34962114
35297188
35318288
35651499
35779098
35844600
35934064
35945336
36361859
36509384
36585238
36634616
36870672
37047729
37126194
37400423
37630442
37714436
37737162
37749820
37871735
38147032
38150707
38237593
38364863
38818297
38823020
38840699
38901796
39084973
39185473
39218875
39236963
39237540
39357422
39360281
39526896
39532207
39586125
16825636
19628614
20139022
20369227
22180609
26294633
26613342
26990039
27913996
28323133
29158284
30007918
30242233
30267315
31324278
32132998
32156386
32405407
33687943
34330600
34660667
34732258
34764725
34815833
34962114
35297188
35318288
35651499
35779098
35844600
35934064
35945336
36361859
36509384
36585238
36634616
36870672
37047729
37126194
37400423
37630442
37714436
37737162
37749820
37871735
38147032
38150707
38237593
38364863
38818297
38823020
38840699
38901796
39084973
39185473
39218875
39236963
39237540
39270883
39357422
39360281
39526896
39532207
39586125
