358743
402788
842351
1324818
1401031
1520804
1583131
1873978
1915510
1923682
1958367
2056049
2308886
2350142
2359906
2603424
2682950
2688590
2730785
3049663
3055196
3130447
3134646
3189372
3292580
3308781
3326125
3335623
3337967
3429633
3534752
3544811
3555059
3581309
3591214
3706211
3709097
3760596
3764217
3782457
3808839
3919991
3985754
3990452
4059864
6274144
6434059
6465865
6468370
6468371
6470125
6476925
6578452
6613942
6622347
6668069
6826703
6829524
6838679
6839259
6858976
6922855
7068914
7136665
7520730
7588859
7615773
7735407
7892088
8000550
8040128
8056546
8091526
8233740
8345991
8347509
8494736
8532424
9142783
9179137
9276427
9326695
9435039
9531414
9674892
9726357
9764556
9810657
9815248
9827297
10069312
10223137
10394189
10547947
10653579
10723701
10749477
10878736
10941437
11014623
11028199
11113660
11115245
11157905
11158500
11234709
11332678
11381434
11419916
11723690
11755854
11865547
11961447
12409394
12468850
12674914
12905136
14515832
14690666
14983196
15041561
15041952
15041953
15049217
15094954
15172344
15241689
15300433
15330728
15361737
15482240
15607635
15653049
15670227
15711488
16024681
16041457
16092454
16094222
16462965
16721144
16732151
16751740
16802628
16807042
16904782
16941131
17018942
17065283
17098895
17468645
17566390
17634294
17634309
17641126
17643001
17956825
18213436
18251654
18491827
18525362
18600193
18686465
18725349
18757541
19047250
19074654
19106774
19308540
19369442
19465661
19593253
19603602
19733598
19830146
19830211
19884874
19994673
20145101
20182400
20357599
20465860
20478779
21227988
21248099
21276404
21321033
21371961
21443941
21455474
21458708
21494171
21552181
21602333
21640559
21733665
21789499
21909715
22052404
22114963
22125036
22135251
22146739
22190987
22390653
22529075
22572754
22582375
22693588
22737437
22806593
23014360
23031309
23045489
23093386
23180480
23224317
23243304
23248230
23271444
23348810
23353051
23374128
23439494
23447636
23479041
23713331
23784119
23796935
23856785
23957786
24002068
24008805
24096731
24098695
24119927
24131988
24135511
24488842
24664507
24750782
24766502
24921624
24982837
25049250
25105896
25143574
25144797
25217199
25232082
25282461
25348607
25428974
25553604
25567222
25598333
25727838
25732253
25742075
25751682
25858109
25887824
25941133
26096866
26148872
26186293
26199777
26281080
26307167
26407421
26506055
26545728
26574009
26625369
26651429
26658382
26715611
26738763
26869328
26917458
27045037
27070599
27095882
27124204
27169533
27174185
27277204
27408498
27420804
27455444
27586302
27639784
27669685
27714987
27745829
27760194
27939255
27956728
28002357
28002358
28204806
28317027
28373088
28432046
28525210
28539344
28607765
28650419
28661965
28699877
28760709
28794176
28802585
28847286
28874408
28874430
28874431
28914110
28918656
28946848
28947652
28991319
29058252
29181961
29246347
29263015
29290233
29309653
29478504
29507023
29569505
29581191
29620718
29629576
29705992
29707061
29762362
29875189
29909593
29920709
30016451
30045866
30137534
30177557
30251525
30346002
30405113
30457738
30471785
30512407
30524953
30527965
30571808
30604277
30613443
30648623
30653632
30706296
30734096
30961502
30977884
30986431
31130517
31212877
31232893
31239373
31258423
31335573
31477357
31477454
31504582
31628868
31639667
31722963
31738731
31783013
31925952
31982291
32035372
32131120
32158303
32176189
32184066
32461253
32669182
32730482
32824831
32828444
33006465
33125432
33128310
33219654
33260488
33309121
33413991
33417393
33427802
33486790
33564018
33641413
33641416
33655677
33657599
33657600
33674248
33844667
33847142
33910963
34259365
34265316
34284735
34463401
34535438
34591802
34596625
34615931
34840310
34923507
34925328
35048321
35056474
35208685
35241399
35336094
35336211
35353876
35465371
35544297
35601438
35626882
35630439
35744752
35763692
35924594
35986339
36069736
36102720
36103272
36111747
36304526
36309905
36455981
36474096
36537792
36552939
36568420
36645537
36677303
36728824
36729685
36729984
36820638
37110317
37144759
37195188
37253715
37315629
37433692
37460464
37630683
37741341
37763974
37878769
37882538
37964812
37980513
38046225
38053576
38174943
38174945
38257992
38275444
38504031
38543601
38601005
38637678
38720946
39092388
39095668
39430668
39446985
39457201
39486010
39542310
39581493
358743
402788
842351
1324818
1401031
1520804
1583131
1873978
1915510
1923682
1958367
2056049
2308886
2350142
2359906
2603424
2682950
2688590
2730785
3049663
3055196
3130447
3134646
3189372
3292580
3308781
3326125
3335623
3337967
3429633
3534752
3544811
3555059
3581309
3591214
3706211
3709097
3760596
3764217
3782457
3808839
3919991
3985754
3990452
4059864
6274144
6434059
6465865
6468370
6468371
6470125
6476925
6578452
6613942
6622347
6668069
6826703
6829524
6838679
6839259
6858976
6922855
7068914
7136665
7520730
7588859
7615773
7735407
7892088
8000550
8040128
8056546
8091526
8233740
8345991
8347509
8494736
8532424
9142783
9179137
9276427
9326695
9435039
9531414
9674892
9726357
9764556
9810657
9815248
9827297
10069312
10223137
10394189
10547947
10653579
10723701
10749477
10878736
10941437
11014623
11028199
11113660
11115245
11157905
11158500
11234709
11332678
11381434
11419916
11723690
11755854
11865547
11961447
12409394
12468850
12674914
12905136
14515832
14690666
14983196
15041561
15041952
15041953
15049217
15094954
15172344
15241689
15300433
15330728
15361737
15482240
15607635
15653049
15670227
15711488
16024681
16041457
16092454
16094222
16462965
16721144
16732151
16751740
16802628
16807042
16904782
16941131
17018942
17065283
17098895
17468645
17566390
17634294
17634309
17641126
17643001
17956825
18213436
18251654
18491827
18525362
18600193
18686465
18725349
18757541
19047250
19074654
19106774
19308540
19369442
19465661
19593253
19603602
19733598
19830146
19830211
19884874
19994673
20145101
20182400
20357599
20465860
20478779
21090051
21227988
21248099
21276404
21321033
21371961
21443941
21455474
21458708
21494171
21552181
21602333
21640559
21733665
21789499
21909715
22052404
22114963
22125036
22135251
22146739
22190987
22390653
22529075
22572754
22582375
22693588
22737437
22806593
23014360
23031309
23045489
23093386
23180480
23224317
23243304
23248230
23271444
23348810
23353051
23374128
23439494
23447636
23479041
23713331
23784119
23796935
23856785
23957786
24002068
24008805
24096731
24098695
24119927
24131988
24135511
24488842
24664507
24750782
24766502
24921624
24982837
25049250
25105896
25143574
25144797
25217199
25232082
25282461
25348607
25428974
25553604
25567222
25598333
25727838
25732253
25742075
25751682
25858109
25887824
25941133
26096866
26148872
26186293
26199777
26281080
26307167
26407421
26506055
26545728
26574009
26625369
26651429
26658382
26715611
26738763
26869328
26917458
27045037
27070599
27095882
27124204
27169533
27174185
27277204
27408498
27420804
27455444
27586302
27639784
27669685
27714987
27745829
27760194
27939255
27956728
28002357
28002358
28204806
28317027
28373088
28432046
28525210
28539344
28607765
28650419
28661965
28699877
28760709
28794176
28802585
28847286
28874408
28874430
28874431
28914110
28918656
28946848
28947652
28991319
29058252
29181961
29246347
29263015
29290233
29309653
29478504
29507023
29569505
29581191
29620718
29629576
29705992
29707061
29762362
29875189
29909593
29920709
30016451
30045866
30137534
30177557
30251525
30346002
30405113
30457738
30471785
30512407
30524953
30527965
30571808
30604277
30613443
30648623
30653632
30706296
30734096
30961502
30977884
30986431
31130517
31212877
31232893
31239373
31258423
31335573
31477357
31477454
31504582
31628868
31639667
31722963
31738731
31779271
31783013
31925952
31982291
32035372
32131120
32158303
32176189
32184066
32461253
32669182
32730482
32824831
32828444
33006465
33125432
33128310
33219654
33260488
33309121
33413991
33417393
33427802
33486790
33564018
33641413
33641416
33655677
33657599
33657600
33674248
33844667
33847142
33910963
34259365
34265316
34284735
34463401
34535438
34591802
34596625
34615931
34840310
34923507
34925328
35048321
35056474
35208685
35241399
35248296
35336094
35336211
35353876
35465371
35544297
35601438
35626882
35630439
35744752
35763692
35924594
35986339
36069736
36102720
36103272
36111747
36304526
36309905
36455981
36474096
36537792
36552939
36568420
36645537
36677303
36728824
36729685
36729984
36820638
37110317
37144759
37195188
37253715
37315629
37433692
37460464
37630683
37741341
37763974
37878769
37882538
37964812
37980513
38046225
38053576
38174943
38174945
38257992
38275444
38504031
38543601
38601005
38637678
38720946
39092388
39095668
39430668
39446985
39457201
39486010
39542310
39581493
