22413005
22539957
22570692
23209245
23887905
24225027
24482527
24625032
24735398
25792047
25803051
25903921
26229029
26307771
26467299
26733980
27303376
27839070
27839073
28012109
28299978
28319994
28395253
28800363
28912766
28921772
29033917
29297963
29371347
29457632
29486275
29619040
29700139
29800700
30064374
30233505
30248904
30258425
30312341
30373513
30423804
30618082
30673477
30687274
30689407
30694126
30699774
30872786
31368647
31692847
31878301
31953332
32068796
32139754
32183694
32456249
32569728
32600255
32911204
32948050
32983224
33226678
33559747
33861631
33951075
33961214
33961220
34062832
34072830
34145331
34208600
34835395
35054882
35192621
35254130
35696807
35750797
35812926
36037153
36089681
36214559
36422324
36958995
36985194
36985610
37068480
37104544
37160956
37198660
37223796
37375900
37504099
37540022
37687036
37914755
38139383
38151794
38460421
38474041
39240997
22413005
22539957
22570692
23209245
23887905
24225027
24482527
24625032
24735398
25792047
25803051
25903921
26229029
26307771
26467299
26733980
27303376
27839070
27839073
28012109
28299978
28319994
28395253
28800363
28912766
28921772
29033917
29297963
29371347
29457632
29486275
29619040
29700139
29800700
30064374
30233505
30248904
30258425
30312341
30373513
30423804
30618082
30673477
30687274
30689407
30694126
30699774
30872786
31368647
31692847
31878301
31953332
32068796
32139754
32183694
32456249
32569728
32600255
32911204
32948050
32983224
33226678
33559747
33861631
33951075
33961214
33961220
34062832
34072830
34145331
34208600
34835395
35054882
35192621
35254130
35696807
35750797
35812926
36037153
36089681
36214559
36422324
36958995
36985194
36985610
37068480
37104544
37160956
37198660
37223796
37375900
37504099
37540022
37687036
37914755
38139383
38151794
38460421
38474041
39240997
