10319462
10826799
10826836
11117968
11451674
12177347
12782378
12874351
14633208
14656538
15158211
15381270
15381275
15388463
15573952
15682280
15690631
15717267
15943072
16280160
16935325
17185536
17317791
17391870
17533147
17650151
18227089
18298931
18723867
18950966
18950970
19202171
19286403
19687238
20228367
20800518
20860486
20976071
20980178
21214636
21314912
21658867
21719838
21908308
21979443
22036200
22280482
22493128
23105027
23505718
23564593
24111488
24364434
24812227
24816542
25066238
25249439
25252649
25358497
25854004
26103808
26220935
26576707
26619187
26849001
26913523
27087534
27218014
27542129
27576537
27754466
27862609
27893834
27894718
27939160
28223970
28338777
28345224
29191191
29314736
29536596
30018602
30251925
30778341
31299566
32216676
32630694
32639528
32804203
33040386
33375583
34276577
34358007
34479551
34578134
34971504
35175138
35625072
36009916
36015020
37145100
37882558
38103533
39060998
39206090
39457913
