2915026
8580901
8975610
9023191
9114411
9515912
9649513
9731304
9766242
10103258
10482505
10714998
10758910
11121489
11918798
12072558
12202604
12511502
12631892
14633100
15102800
15128557
15213179
15862460
16957240
17005008
17241358
17760271
17895240
17971080
18592734
18715828
18757540
18939738
18952875
19486419
19495420
19815668
19840847
20438619
21812720
21876672
22052214
22247511
22773789
23462113
23818865
23969046
24336369
25679309
26319716
27282333
27736780
28684570
28851823
28967207
29360880
29924692
30112646
30448702
30672329
30728092
31098338
31320434
31398404
31695452
31801462
31937675
32111072
32579098
33030743
33941609
34355364
34923900
36226828
36274687
37317144
37449248
37486130
38382341
38501873
38676483
39055762
39481373
39516109
