11491340
12682862
14657143
16524654
16568318
17117981
17211635
17349044
17647036
18024680
18374368
18391447
18459797
18615233
19125546
19172265
19619863
19638289
19651723
22038966
22544784
22561591
22745775
23024141
24441514
24967613
25036843
25401077
25621282
25657282
27313307
27590809
27936485
28671344
28930694
28932445
30065937
30276230
30390601
30395899
30565024
30619779
32222921
32353053
32518167
32586023
32874179
32934808
33445012
34628573
35777234
35905607
35944863
35970217
37856979
38125568
38350280
38365081
38399800
38611483
38666619
38727835
38930712
39431819
11491340
12682862
14657143
16524654
16568318
17117981
17211635
17349044
17647036
18024680
18374368
18391447
18459797
18615233
19125546
19172265
19619863
19638289
19651723
22038966
22544784
22561591
22745775
23024141
24441514
24967613
25036843
25401077
25621282
25657282
27313307
27590809
27936485
28671344
28930694
28932445
30065937
30276230
30390601
30395899
30565024
30619779
32222921
32353053
32518167
32586023
32874179
32934808
33445012
34628573
35777234
35905607
35944863
35970217
37856979
38125568
38350280
38365081
38399800
38611483
38666619
38727835
38930712
39431819
