22307297
22558460
23041637
23347062
25053814
25210772
25239900
25768110
25805518
25852743
26011669
26140264
26330094
27482088
27482856
27717118
27730366
27849596
28207182
28966892
29087008
29164717
29233893
29520453
29608282
30249635
30990837
31026366
31378758
31584186
31863068
31936625
32001655
32723788
32842927
33920750
33975963
34160267
34784973
35604118
35867384
36460809
36985184
37210527
37307477
37312882
37906569
38024324
38225461
38302671
38442124
38519112
38786925
38881661
39012136
39105596
39441627
39464101
22307297
22558460
23041637
23347062
25053814
25210772
25239900
25768110
25805518
25852743
26011669
26140264
26330094
27482088
27482856
27717118
27730366
27849596
28207182
28966892
29087008
29164717
29233893
29520453
29608282
30249635
30990837
31026366
31378758
31584186
31863068
31936625
32001655
32723788
32842927
33920750
33975963
34160267
34784973
35604118
35867384
36460809
36985184
37210527
37307477
37312882
37906569
38024324
38225461
38302671
38442124
38519112
38786925
38881661
39012136
39105596
39441627
39464101
