1299798
1322371
1351484
1420190
1429455
1459957
1470049
1555762
1624444
1729194
1879920
1884986
1888724
1894364
1918572
1918573
1945494
2005230
2054351
2059972
2066484
2098715
2110445
2182385
2182537
2182544
2199505
2254435
2276164
2329945
2353808
2387292
2475745
2612885
2838503
3216798
3241622
3316938
3479083
7487566
7512095
7520835
7537076
7543122
7567067
7568071
7591096
7600233
7706164
7728832
7729891
7786231
7850844
7867050
7870471
7870472
7903444
7929764
7934882
7934893
7936717
7962905
8039886
8054717
8114071
8188337
8225600
8264436
8293957
8354467
8357679
8408881
8409433
8448770
8449879
8510978
8510979
8514415
8519057
8519477
8563122
8565415
8613367
8636957
8688393
8704962
8828203
8833135
8926089
8930585
8935092
8941773
8953725
8955674
8955992
8995803
9002802
9069554
9079939
9082145
9088536
9126181
9156382
9283142
9303384
9322066
9333159
9354347
9423856
9442493
9467399
9495607
9508952
9518649
9524440
9529071
9573819
9573822
9596721
9623900
9650869
9666664
9687100
9696261
9712794
9745119
9745120
9775073
9788817
9797205
9807121
9813811
9836455
9872108
10065949
10085031
10093536
10096451
10102550
10204478
10204479
10207179
10325340
10403465
10509480
10517614
10529529
10555340
10565935
10599905
10605111
10632520
10658650
10678713
10678950
10707943
10722517
10755632
10768934
10817749
10919787
10945186
10952619
10966431
11106426
11137293
11154404
11169141
11202340
11229930
11230417
11240861
11240867
11254610
11261879
11264282
11269730
11307110
11326015
11375160
11383630
11442713
11472910
11481292
11500457
11507932
11527799
11550706
11576785
11598029
11641570
11694563
11695753
11745167
11799279
11816366
11905002
11908470
12072926
12120707
12184590
12202549
12217730
12440086
12504614
12507216
12593207
12595464
12610830
12620862
12654102
12682118
12711168
12753469
12754239
12773059
12790510
12808082
12821449
12957916
14500015
14517857
14571116
14602602
14650985
14693523
14693554
14706749
14970243
14977937
15056649
15071038
15117935
15183886
15185482
15251199
15322048
15358427
15450309
15488735
15519474
15591739
15731049
15788225
15811059
15814969
15865462
15870335
15944283
15981779
16000775
16030232
16041016
16048525
16101961
16159530
16164562
16204339
16272513
16291867
16324140
16324591
16329834
16416490
16428407
16428739
16436723
16441779
16489943
16508276
16534200
16585650
16597990
16619842
16707704
16739666
16765553
16796680
16922925
16951354
16971639
16989974
17052892
17069618
17176917
17319876
17383646
17438917
17459765
17488443
17488447
17526848
17530037
17548487
17557287
17634727
17678897
17694749
17766424
17855723
17904095
17956487
18026220
18028054
18077037
18223108
18228269
18255158
18303023
18316382
18368234
18379778
18384349
18402602
18424523
18477431
18485065
18512955
18535638
18621904
18628950
18708515
18768217
18805978
18821994
18837224
19085053
19120655
19121071
19151140
19193846
19228092
19228292
19230860
19273645
19278720
19286780
19327742
19358376
19388092
19388837
19396958
19397986
19411973
19423627
19458177
19497755
19565279
19572895
19584106
19737900
19749049
19783800
19815843
19901894
20154130
20158524
20225702
20233920
20398271
20507989
20616191
20633048
20739692
20803062
20927511
21041504
21064001
21147955
21179700
21193474
21195122
21196732
21207790
21219369
21247740
21261622
21327556
21410554
21421785
21460080
21485314
21523207
21525793
21746941
21798371
21799198
21811052
21816764
21858058
21895662
21896156
21932651
21960683
21966432
21966490
22010405
22022641
22022828
22037854
22075030
22075753
22077758
22104105
22114408
22119044
22189124
22221039
22240883
22241302
22266273
22341432
22347584
22378913
22416895
22422084
22432701
22443543
22485034
22493304
22496649
22508519
22522720
22570923
22619600
22673754
22687800
22741580
22759314
22760039
22879891
22879961
22887906
22908534
22963456
23049864
23089753
23114769
23151277
23264054
23269740
23278531
23289803
23293486
23340019
23413961
23420856
23442413
23443163
23556545
23576536
23658745
23812080
23815431
23866104
23966484
23990300
24006481
24019702
24079976
24080651
24112723
24112724
24340084
24397790
24498253
24501546
24567409
24579284
24610586
24613243
24642751
24713909
24721231
24750767
24769315
24773294
24785888
24814824
24881929
24899021
24949828
24998324
25001578
25002537
25023972
25091293
25107971
25110288
25117941
25232962
25232963
25260731
25341202
25383835
25440509
25448632
25466327
25483862
25511777
25616316
25620959
25638530
25710028
25710466
25754666
25807064
25811847
25839359
25918553
25919457
26010014
26033167
26056055
26124069
26170452
26243234
26251314
26252751
26319990
26354809
26380300
26427036
26433355
26461083
26482011
26577602
26651833
26655396
26705856
26746720
26755532
26769934
26801579
26834007
26875613
26887119
26972979
26996070
27032997
27102127
27103585
27113357
27190184
27232358
27244668
27296270
27303717
27316966
27350615
27352729
27374405
27455031
27469171
27509353
27516758
27534397
27643392
27652698
27671462
27790973
27802316
27875793
27982224
27993975
28033374
28065676
28067105
28187188
28193570
28202416
28229593
28274037
28276583
28296966
28380676
28440740
28473881
28481721
28512279
28634238
28652733
28681361
28684920
28764202
28766815
28778494
28796424
28874232
28937897
28961884
29025642
29031240
29048299
29054025
29081915
29081982
29124888
29146888
29306533
29327482
29410321
29412250
29421528
29460538
29482049
29520825
29535701
29540276
29566581
29570912
29661931
29771975
29786766
29959041
29989557
30036941
30039909
30040747
30079509
30099741
30114261
30134371
30159825
30185668
30219392
30303560
30315206
30324925
30392142
30502966
30535674
30545317
30671034
30688370
30689403
30723364
30767047
30807649
30808354
30843785
30847473
30877119
30918216
30920629
30920631
30920634
30920639
30975483
31030274
31041198
31058627
31077449
31084561
31127738
31173692
31226983
31236901
31270923
31302459
31308084
31375698
31379946
31389008
31417514
31437202
31448060
31452954
31481387
31501281
31701561
31711423
31722703
31732935
31825025
31886429
31887057
31929180
31943573
31955046
32042100
32062496
32102416
32111586
32155008
32182151
32183522
32194617
32244784
32245500
32302339
32326753
32329166
32334114
32342037
32370286
32384777
32389944
32403180
32429151
32515413
32529471
32539911
32554054
32581220
32592931
32620717
32645434
32665810
32857044
32859139
32937742
32944156
32989624
32999235
33010501
33010943
33038518
33042871
33096869
33167597
33183206
33207582
33208788
33221773
33224129
33231303
33238885
33268071
33277566
33302119
33329035
33391628
33465168
33470272
33491375
33530340
33583397
33613063
33627509
33667279
33732447
33781179
33794846
33813017
33889308
33892839
33910998
33917114
33955697
34006665
34024849
34031726
34049794
34123936
34144677
34154404
34264098
34313893
34328481
34332321
34359504
34418114
34454421
34469191
34472981
34550067
34554489
34559627
34646784
34650542
34675902
34683666
34683730
34698719
34714925
34770860
34804997
34825862
34866248
34891152
34908459
34931394
34946084
34953626
35139675
35143955
35160348
35203495
35314292
35327374
35328404
35367366
35470434
35478282
35561142
35581016
35599725
35621538
35630409
35782137
35800217
35835959
35876607
35877328
35923175
35987920
36114681
36156446
36199237
36233328
36244678
36246249
36261354
36283959
36290534
36321824
36334517
36350830
36369979
36397044
36398428
36416468
36418687
36473689
36523462
36529123
36551404
36585796
36605405
36688378
36704192
36768657
36773754
36843196
36853013
36937294
36942960
36942961
37009863
37049941
37083612
37096222
37157029
37228507
37271541
37306639
37370309
37384901
37408693
37431832
37433380
37435755
37437424
37438136
37438953
37483902
37508179
37520598
37626595
37673353
37674277
37680743
37698342
37702594
37752498
37762317
37768099
37771364
37875431
37877656
37999618
38024144
38051004
38110178
38128820
38281622
38304711
38319113
38380100
38391561
38419865
38435376
38477807
38489085
38490424
38533132
38541514
38542256
38633042
38651872
38657216
38668368
38672071
38687072
38759390
38764065
38765854
38791469
38807660
38809132
38825451
38877601
38940519
38969195
38976717
39024167
39115027
39125925
39156445
39173342
39174419
39193978
39203379
39261123
39418776
39422492
39425255
39447641
39516251
39536298
39559706
39588362
1299798
1322371
1351484
1420190
1429455
1459957
1470049
1555762
1624444
1729194
1879920
1884986
1888724
1894364
1918572
1918573
1945494
2005230
2054351
2059972
2066484
2098715
2110445
2182385
2182537
2182544
2199505
2254435
2276164
2329945
2353808
2387292
2475745
2612885
2838503
3216798
3241622
3316938
3479083
7487566
7512095
7520835
7537076
7543122
7567067
7568071
7591096
7600233
7706164
7728832
7729891
7786231
7850844
7867050
7870471
7870472
7903444
7929764
7934882
7934893
7936717
7962905
8039886
8054717
8114071
8188337
8225600
8264436
8293957
8354467
8357679
8408881
8409433
8448770
8449879
8510978
8510979
8514415
8519057
8519477
8563122
8565415
8613367
8636957
8688393
8704962
8828203
8833135
8926089
8930585
8935092
8941773
8953725
8955674
8955992
8995803
9002802
9069554
9079939
9082145
9088536
9126181
9156382
9283142
9303384
9322066
9333159
9354347
9423856
9442493
9467399
9495607
9508952
9518649
9524440
9529071
9550018
9573819
9573822
9596721
9623900
9650869
9666664
9687100
9696261
9712794
9745119
9745120
9775073
9788817
9797205
9807121
9813811
9836455
9872108
10065949
10085031
10093536
10096451
10102550
10204478
10204479
10207179
10325340
10403465
10509480
10517614
10529529
10555340
10565935
10599905
10605111
10632520
10658650
10678713
10678950
10707943
10722517
10755632
10768934
10817749
10919787
10945186
10952619
10966431
11106426
11137293
11154404
11169141
11202340
11229930
11230417
11240861
11240867
11254610
11261879
11264282
11269730
11307110
11326015
11375160
11383630
11442713
11472910
11481292
11500457
11507932
11527799
11550706
11576785
11598029
11641570
11694563
11695753
11745167
11799279
11816366
11905002
11908470
12072926
12120707
12184590
12202549
12217730
12440086
12504614
12507216
12593207
12595464
12610830
12620862
12654102
12682118
12711168
12753469
12754239
12773059
12790510
12808082
12821449
12957916
14500015
14517857
14571116
14602602
14650985
14693523
14693554
14706749
14970243
14977937
15056649
15071038
15117935
15183886
15185482
15251199
15322048
15358427
15450309
15488735
15519474
15591739
15731049
15788225
15811059
15814969
15865462
15870335
15944283
15981779
16000775
16030232
16037782
16041016
16048525
16101961
16159530
16164562
16204339
16272513
16291867
16324140
16324591
16329834
16416490
16428407
16428739
16436723
16441779
16489943
16508276
16534200
16585650
16597990
16619842
16707704
16739666
16765553
16796680
16922925
16951354
16971639
16989974
17052892
17069618
17176917
17319876
17383646
17438917
17459765
17488443
17488447
17526848
17530037
17548487
17557287
17634727
17678897
17694749
17766424
17855723
17904095
17956487
18026220
18028054
18077037
18223108
18228269
18255158
18303023
18316382
18368234
18379778
18384349
18402602
18424523
18477431
18485065
18512955
18535638
18621904
18628950
18708515
18768217
18805978
18821994
18837224
19085053
19120655
19121071
19151140
19193846
19228092
19228292
19230860
19273645
19278720
19286780
19327742
19358376
19388092
19388837
19396958
19397986
19411973
19423627
19458177
19497755
19565279
19572895
19584106
19737900
19749049
19783800
19815843
19901894
20154130
20158524
20225702
20233920
20398271
20507989
20616191
20633048
20672730
20739692
20803062
20927511
21041504
21064001
21147955
21179700
21193474
21195122
21196732
21207790
21219369
21247740
21261622
21327556
21410554
21421785
21460080
21485314
21523207
21525793
21617831
21746941
21798371
21799198
21811052
21816764
21858058
21895662
21896156
21932651
21960683
21966432
21966490
22010405
22022641
22022828
22037854
22075030
22075753
22077758
22104105
22114408
22119044
22189124
22221039
22240883
22241302
22266273
22341432
22347584
22378913
22416895
22422084
22432701
22443543
22485034
22493304
22496649
22508519
22522720
22570923
22619600
22673754
22687800
22741580
22759314
22760039
22879891
22879961
22887906
22908534
22963456
23049864
23089753
23114769
23151277
23264054
23269740
23278531
23289803
23293486
23340019
23413961
23420856
23442413
23443163
23556545
23576536
23658745
23812080
23815431
23866104
23966484
23990300
24006481
24019702
24079976
24080651
24112723
24112724
24340084
24397790
24498253
24501546
24567409
24579284
24610586
24613243
24642751
24713909
24721231
24750767
24769315
24773294
24785888
24814824
24881929
24899021
24949828
24998324
25001578
25002537
25023972
25091293
25107971
25110288
25117941
25232962
25232963
25260731
25341202
25383835
25440509
25448632
25466327
25483862
25511777
25616316
25620959
25638530
25710028
25710466
25754666
25807064
25811847
25839359
25918553
25919457
26010014
26033167
26056055
26124069
26170452
26243234
26251314
26252751
26261225
26319990
26354809
26380300
26427036
26433355
26461083
26482011
26577602
26651833
26655396
26705856
26746720
26755532
26769934
26801579
26834007
26875613
26887119
26972979
26996070
27032997
27102127
27103585
27113357
27190184
27232358
27244668
27296270
27303717
27316966
27350615
27352729
27374405
27455031
27469171
27509353
27516758
27534397
27643392
27652698
27671462
27790973
27802316
27875793
27982224
27993975
28033374
28065676
28067105
28187188
28193570
28202416
28229593
28274037
28276583
28296966
28380676
28440740
28473881
28481721
28512279
28634238
28652733
28681361
28684920
28764202
28766815
28778494
28796424
28874232
28937897
28961884
29025642
29031240
29048299
29054025
29081915
29081982
29124888
29146888
29306533
29327482
29410321
29412250
29421528
29460538
29482049
29520825
29535701
29540276
29566581
29570912
29661931
29771975
29786766
29959041
29989557
30036941
30039909
30040747
30079509
30099741
30114261
30134371
30159825
30185668
30219392
30303560
30315206
30324925
30392142
30502966
30535674
30545317
30671034
30688370
30689403
30723364
30767047
30807649
30808354
30843785
30847473
30877119
30918216
30920629
30920631
30920634
30920639
30975483
31030274
31041198
31041849
31058627
31077449
31084561
31127738
31173692
31226983
31236901
31270923
31302459
31308084
31375698
31379946
31389008
31417514
31437202
31448060
31452954
31481387
31501281
31701561
31711423
31722703
31732935
31825025
31886429
31887057
31929180
31943573
31955046
32042100
32062496
32102416
32111586
32155008
32182151
32183522
32194617
32244784
32245500
32302339
32326753
32329166
32334114
32342037
32370286
32384777
32389944
32403180
32429151
32515413
32529471
32539911
32554054
32581220
32592931
32620717
32645434
32665810
32857044
32859139
32937742
32944156
32989624
32991638
32999235
33010501
33010943
33038518
33042871
33096869
33167597
33183206
33207582
33208788
33221773
33224129
33231303
33238885
33268071
33277566
33302119
33329035
33391628
33465168
33470272
33491375
33530340
33583397
33613063
33627509
33667279
33732447
33781179
33794846
33813017
33889308
33892839
33910998
33917114
33955697
34006665
34024849
34031726
34049794
34123936
34144677
34154404
34264098
34313893
34328481
34332321
34359504
34418114
34454421
34469191
34472981
34550067
34554489
34559627
34646784
34650542
34675902
34683666
34683730
34698719
34714925
34770860
34804997
34825862
34866248
34891152
34908459
34931394
34946084
34953626
35139675
35143955
35160348
35203495
35314292
35327374
35328404
35367366
35470434
35478282
35561142
35581016
35599725
35621538
35630409
35782137
35800217
35835959
35876607
35877328
35923175
35987920
36114681
36156446
36199237
36233328
36244678
36246249
36261354
36283959
36290534
36321824
36334517
36350830
36369979
36397044
36398428
36416468
36418687
36473689
36523462
36529123
36551404
36585796
36605405
36688378
36704192
36768657
36773754
36843196
36853013
36937294
36942960
36942961
37009863
37049941
37083612
37096222
37157029
37228507
37271541
37306639
37370309
37384901
37408693
37431832
37433380
37435755
37437424
37438136
37438953
37483902
37508179
37520598
37626595
37673353
37674277
37680743
37698342
37702594
37752498
37762317
37768099
37771364
37875431
37877656
37999618
38022358
38024144
38051004
38110178
38128820
38281622
38304711
38319113
38380100
38391561
38419865
38435376
38477807
38489085
38490424
38533132
38541514
38542256
38633042
38651872
38657216
38668368
38672071
38687072
38759390
38764065
38765854
38791469
38807660
38809132
38825451
38877601
38940519
38969195
38976717
39024167
39115027
39125925
39156445
39173342
39174419
39193978
39203379
39261123
39418776
39422492
39425255
39447641
39516251
39536298
39559706
39588362
