12807185
15746322
15830808
15960666
16631379
16927067
17011045
17054797
17142357
17145089
17239438
17257264
17297087
17696886
17975073
18179588
18316133
18424038
18456355
18552180
18793198
18832202
19127732
19201980
19271288
19298510
19343943
19463781
19523706
19552776
19692336
19903404
19913696
20492248
20510773
20537393
21255070
21419508
21531471
21704418
21784913
22068485
22260135
22265297
22365354
22452824
22588175
22762999
22960690
23094819
23182362
23261532
23290229
23405327
24010601
24031521
24037409
24412962
24463156
24549192
24594164
24747893
24747901
24858287
25046980
25207953
25312872
25600580
25662972
26119189
26781316
26782187
26865233
26998709
27107120
27217362
27489131
27600975
27617232
27682080
27751567
28231186
28491055
28512315
28906433
29049954
29495109
29545781
29724839
30081251
30210467
30300792
30307684
30742322
30762266
30884649
30910087
31139264
31202420
31285009
31399404
31429485
31855662
31891793
32038547
32118300
32355239
32479869
32539954
32539984
32627213
32708353
32781677
32815526
32874178
33401210
33489790
33504925
33508581
33742725
33916889
34022615
34109745
34204143
34441699
34607035
34650526
34683489
34827877
34945498
34967915
35195301
35206036
35674201
36128199
36144396
36368602
36408694
36496842
36670385
36677415
36736753
37087535
37090867
37249588
37290872
37310210
37414116
37478851
37505828
37532681
37541242
37705293
37750577
37810133
37964614
38038467
38197696
38217949
38254369
38301298
38432055
38729711
38938914
38958914
39195789
39410200
