528679
535389
1830776
1857370
2097844
2180421
2199507
2220165
2254420
2356183
2445352
2454623
2483644
2490392
2687316
2752934
2761013
3113096
3311635
3584421
3591113
3710318
3711276
3782782
3887747
3977310
6341403
6475378
6649049
6651127
6736224
6746891
7076822
7076823
7730201
7883642
7946129
7954711
8026357
8027345
8126201
10772223
10872084
11060050
11079706
11094276
11131069
12498305
12967503
15496381
16085330
16339954
16751516
17034758
17407578
18641143
18776681
19378262
19494062
19505577
20375478
20848208
21151611
22265296
22265297
23024408
24116118
25969137
26808495
28081123
28798182
28959316
28959328
29069099
29474542
29524727
29535699
30070086
30516117
30634243
30866351
30965479
30965482
31135335
31967578
34142205
35029822
35546578
38829455
39547510
