10319462
10826799
11953396
12384581
12509420
12682364
14500507
14742549
15213139
15474723
15501762
15614121
15688042
15731091
15790704
15972471
16113300
16153755
16177376
16237102
16297651
16368976
16681844
16710454
16735724
16954392
16988226
16995947
17015458
17038047
17073942
17082623
17116296
17118987
17178782
17202368
17208039
17239501
17349723
17501981
17502393
17544801
17680801
17785841
17925038
17942608
17954522
18023394
18250429
18250455
18292563
18322226
18354185
18362126
18369471
18424746
18641348
18652549
18663004
18803626
18852236
19026505
19040663
19109220
19155509
19159428
19159430
19180467
19204735
19281569
19320661
19336525
19345037
19392981
19398542
19404403
19470744
19494332
19501917
19542374
19583801
19667042
19687238
19698810
19728926
19737908
19805535
19812198
19841073
20011695
20026449
20040079
20056182
20102413
20107183
20124098
20180848
20187773
20190137
20228193
20231405
20370824
20434582
20505822
20602634
20618179
20622889
20653101
20660610
20868270
20974982
20976071
21037093
21078858
21109628
21149587
21199910
21294648
21296978
21321103
21421002
21440617
21536799
21573182
21576327
21609745
21628568
21642541
21695078
21767592
21769086
21783211
21788382
21807906
21825059
21896012
21909260
22006569
22075089
22079265
22158739
22168579
22238459
22290151
22309187
22331066
22421110
22425040
22427926
22431649
22431650
22674501
22724018
22728762
22745717
22870337
22884019
22937700
22943883
23043454
23189125
23201171
23285133
23362001
23414449
23416214
23449591
23478318
23480519
23614243
23620186
23644176
23691028
23741420
23753624
23796320
23843274
23870458
23940777
23951133
23956419
23967058
23999313
23999314
24009891
24038087
24073293
24096029
24100657
24161793
24188757
24204262
24238108
24291713
24292583
24342653
24343644
24363344
24428415
24445600
24531835
24549331
24585717
24631212
24695778
24700815
24711570
24723309
24778450
24842924
24866804
24914180
24938746
24961692
24976530
24983626
24992718
25044245
25077421
25139290
25287930
25472923
25552370
25624153
25646821
25673672
25712926
25738816
25798928
25824829
25865776
25870225
25897100
25915629
25939505
26015483
26059520
26099591
26211324
26222048
26262558
26344246
26416908
26423798
26429534
26519447
26597987
26645958
26663988
26706820
26726882
26733499
26755533
26838343
26929328
27192556
27218014
27271744
27418355
27467585
27486990
27556515
27576537
27600502
27668800
27712952
27799333
27942584
27965446
28093789
28194020
28217555
28228394
28238632
28385608
28413133
28431099
28442719
28459057
28461392
28518165
28542376
28584162
28602608
28660207
28739800
28739831
28797102
28801359
28855311
28864426
28973037
29038127
29133348
29289422
29324305
29363185
29522221
29550196
29552679
29624589
29657985
29661927
29661932
29893841
30038048
30051926
30144190
30293763
30321322
30374357
30442635
30551267
30558842
30625140
30700982
30703475
30805313
30833332
30858342
30881362
30962403
30967464
31015194
31085708
31107947
31160363
31160366
31170215
31197357
31249813
31285254
31333682
31348541
31373361
31385279
31388084
31501283
31538048
31599954
31604170
31626972
31787950
31818961
31871102
31891165
31899500
31931876
31965142
32084556
32253468
32315215
32376576
32386746
32411400
32413046
32487756
32533831
32626664
32684836
32724139
32747602
32895152
32989630
33014435
33044378
33083025
33087404
33098152
33139384
33144378
33257535
33381598
33452873
33489937
33504621
33558321
33608454
33635920
33682583
33863788
33865675
33928045
33936096
34067003
34125599
34325744
34358171
34390765
34396406
34424753
34724387
34738268
34919679
34978925
35100010
35197138
35258318
35377358
35498397
35622163
35693111
35803706
35876584
35983029
36125608
36175276
36350146
36374101
36411712
36472670
36636722
36658328
36799886
36844602
36853051
36985179
36992088
37036335
37039695
37125189
37143655
37195751
37204235
37237698
37247619
37434451
37497542
37513710
37628738
37759658
37850749
37889004
38047677
38101679
38115433
38166152
38247825
38271477
38501887
38561234
38587825
38605527
38659756
38826233
38858418
38862192
38879567
38895407
38897891
38969067
38979332
39025257
39066427
39071441
39152044
39386616
39460301
39528548
39535210
39536454
