11425750
12361275
12892151
14657154
16346275
16346801
16584862
17329774
19656922
19949836
21204940
21528581
21906328
21912851
22489111
22760058
22805917
23007525
23090571
23257908
23274958
23759600
23907221
23985542
24033808
24708309
24762175
25051896
25660942
26253576
26476319
26543735
27609930
27623963
27771162
28188207
28450503
28664521
28702008
28945538
29062721
29167262
29550419
30415327
30465324
30576131
31111431
31272719
31316079
31546283
32416401
32625972
32709720
33343732
33715029
33769668
33963474
34075672
34256737
34442641
34489033
34595248
34818799
34824539
35355385
35664931
35898292
36084460
36246246
36432852
36610183
36776386
37089186
37389331
37737118
37816810
37881019
37894043
37930436
37991716
38082291
38213415
38495150
38631248
38634012
38836684
39004025
39022771
39128153
39295543
39411977
39461961
