12499227
12574272
12646645
12654783
12654818
12654828
12682147
12710612
12737542
12740667
12778780
12804116
12804164
12804377
12819090
12834611
12843101
12847092
12853406
12860623
12860670
12860678
12869507
12874338
12887018
12904385
12909412
12918816
12933880
12938008
12949322
12955649
12958265
12965936
14500485
14531890
14531896
14532192
14570131
14570132
14570133
14592715
14605135
14605197
14607867
14638757
14639548
14676620
14677924
14680123
14688569
14695079
14713314
14742506
14745044
14765733
14959782
14993322
15018773
15036142
15061284
15074632
15100980
15113857
15122530
15131214
15146982
15146989
15155684
15179926
15185953
15194126
15200624
15200875
15213131
15214026
15214027
15225103
15225980
15228721
15230452
15233638
15236505
15236507
15236514
15236641
15243077
15266739
15271934
15271939
15297529
15322037
15325059
15358660
15362824
15368740
15381804
15385454
15477043
15485049
15497129
15498168
15515879
15557606
15561862
15570564
15578453
15605643
15617521
15618156
15627334
15627349
15650082
15664962
15682514
15695682
15696612
15732017
15732591
15750101
15757574
15760455
15764167
15816159
15822569
15833971
15845235
15856623
15857659
15858156
15879137
15893990
15908372
15935572
15956424
15962792
15962800
15970171
15971902
16005178
16007950
16011426
16011433
16022780
16027306
16028877
16028881
16041027
16043300
16081884
16181517
16202127
16204571
16210480
16231653
16237220
16239567
16261882
16261930
16263231
16290092
16293433
16299303
16299317
16299364
16300116
16318705
16318722
16318739
16319684
16330039
16334946
16339070
16412057
16428787
16443383
16461655
16469062
16472522
16472523
16481536
16481544
16481545
16481549
16481550
16481551
16481553
16481556
16481557
16485466
16495562
16521416
16521860
16524782
16530481
16531117
16550334
16552034
16569376
16584322
16584330
16584332
16598024
16600247
16619631
16621285
16623735
16626404
16642760
16699161
16714578
16717118
16738890
16796517
16816958
16829620
16841867
16841871
16846745
16859027
16869829
16870861
16876385
16881415
16881419
16882029
16882301
16897568
16919405
16922860
16948578
16957192
16966408
16989562
16989563
16989567
17009720
17028227
17032476
17033789
17038691
17038693
17076894
17092773
17114684
17114685
17114687
17114695
17114714
17114724
17114727
17114728
17114729
17114745
17114752
17114753
17114757
17114760
17114761
17114767
17114768
17114772
17114773
17114775
17123248
17135539
17135540
17157441
17160612
17172334
17187573
17187574
17187576
17197625
17197627
17215333
17217089
17217096
17250594
17255439
17259454
17275372
17286796
17288633
17339347
17342346
17346310
17348913
17357327
17367468
17391395
17397342
17403880
17427705
17436230
17442796
17445320
17460117
17466470
17475757
17483233
17493756
17507511
17521390
17553970
17575245
17582569
17587335
17619261
17627442
17649687
17679503
17682850
17682851
17687112
17690416
17693556
17766422
17878377
17883869
17893131
17898182
17905983
17912805
17943406
17967854
17979533
17979540
17979984
17984264
17993656
17998313
18021025
18047394
18047398
18094110
18171216
18201980
18229868
18245258
18247465
18252125
18260514
18260527
18263838
18281631
18285495
18287755
18293019
18302532
18303773
18328630
18344803
18349358
18349366
18367562
18378408
18401688
18402145
18403608
18412972
18429692
18429696
18454598
18468796
18471056
18485118
18495855
18507907
18507918
18536621
18537881
18551326
18551370
18597660
18598645
18603403
18628500
18640728
18648997
18671858
18689664
18714881
18716449
18726669
18755383
18756787
18759563
18764690
18765732
18770537
18770564
18781886
18783353
18789001
18791211
18805584
18820068
18828480
18843892
18945185
18945191
18946461
18947166
18973402
18973438
18973443
18973448
18978058
18998174
18999892
19017912
19018569
19030892
19039769
19047357
19058544
19060060
19119948
19120182
19120229
19150176
19159966
19168967
19190221
19192148
19194084
19202169
19214757
19223475
19271998
19273271
19273636
19281295
19283084
19298404
19298405
19305056
19307214
19327022
19331658
19345508
19354021
19363228
19374638
19374649
19374650
19380038
19392892
19395744
19413369
19416279
19416284
19422467
19438657
19456815
19496436
19523294
19527130
19538269
19543390
19548992
19556569
19564373
19565457
19572472
19575227
19575231
19596771
19630205
19635886
19636428
19645301
19645847
19649743
19650738
19681699
19695712
19713360
19723846
19725770
19744685
19761477
19769046
19779398
19793126
19811878
19836896
19837515
19857248
19858302
19881921
19897306
19899616
19915816
19943915
19961668
19961674
19996448
19998007
20014900
20016821
20020810
20020814
20025738
20036281
20047263
20047265
20053580
20059806
20066784
20077398
20082693
20084536
20090047
20145730
20170925
20174550
20175090
20193314
20207197
20209806
20212090
20228110
20331643
20345488
20372158
20377869
20377872
20392928
20398321
20405320
20409364
20426690
20453131
20460222
20495165
20513551
20515685
20528172
20558015
20561656
20565721
20584162
20584163
20584164
20584165
20591440
20600793
20618646
20660616
20670295
20684755
20688684
20688686
20688687
20688707
20716207
20729315
20739748
20739755
20832089
20846013
20846015
20846016
20868431
20884769
20950628
21041333
21050436
21073144
21078141
21083370
21112165
21117995
21142961
21146335
21158500
21177886
21186774
21199155
21215905
21314927
21323423
21324269
21337955
21349982
21359090
21395206
21395415
21410387
21417929
21417930
21453011
21461190
21463497
21485387
21498646
21518464
21529407
21536789
21554371
21560563
21569524
21612528
21612531
21643481
21665575
21684091
21686062
21687416
21689825
21698150
21719836
21728058
21734137
21734244
21736486
21736488
21739932
21762494
21771511
21771512
21771516
21771541
21771542
21771545
21771546
21777736
21781141
21786632
21788712
21790699
21803311
21824347
21827514
21843364
21844238
21846585
21867420
21880854
21890069
21908268
21908321
21918026
21919727
21921109
21921936
21923254
21923272
21947341
21947342
21964802
21965342
21976758
22003270
22015246
22022820
22043075
22043078
22058372
22066989
22067085
22098465
22108012
22108013
22144454
22204789
22205824
22212234
22214269
22217177
22226382
22252875
22274164
22286986
22305337
22309859
22321996
22324206
22362364
22365338
22371172
22381686
22386178
22389475
22402940
22431531
22434363
22445929
22452970
22462444
22470348
22487426
22493124
22515036
22515314
22517868
22520814
22522688
22526723
22534515
22539470
22548563
22551055
22558468
22563784
22607068
22607070
22607827
22621773
22679887
22702526
22709801
22738055
22742800
22747758
22753375
22764312
22773070
22813904
22832744
22835153
22841007
22859615
22859824
22878540
22882652
22883182
22906497
22907813
22919928
22925024
22935132
22935149
22950642
22955502
22993783
23017244
23025695
23042964
23043871
23045805
23047332
23050849
23069260
23071137
23082534
23082961
23105025
23140895
23143840
23146170
23160026
23167501
23169998
23171835
23182272
23182274
23182545
23190684
23197835
23199272
23199275
23263964
23273169
23277122
23278475
23278812
23289394
23303504
23305021
23328633
23333106
23339197
23339970
23349900
23372198
23388398
23414797
23415850
23421886
23425801
23427666
23428204
23451170
23460988
23473225
23497548
23499481
23528990
23540128
23553260
23568904
23569877
23571115
23576542
23590318
23591484
23607428
23611429
23630955
23633715
23634938
23637292
23692778
23751470
23770268
23772578
23776567
23777784
23778619
23786850
23788590
23790982
23817701
23817880
23829053
23838022
23838023
23867362
23870197
23885337
23901084
23906393
23908971
23952975
23992798
23994335
24001524
24021884
24023963
24054985
24055106
24107203
24141091
24167608
24246709
24252265
24252955
24282414
24283328
24319060
24330631
24338316
24345313
24359556
24363017
24376092
24401487
24424312
24427743
24451102
24484637
24491396
24506421
24507434
24507485
24512760
24582511
24582513
24589107
24589111
24589112
24589118
24597657
24602324
24603998
24604443
24605473
24614604
24630708
24637068
24647253
24679245
24686067
24689680
24689833
24690191
24693971
24694049
24698498
24699849
24728556
24731287
24734213
24738852
24741909
24745148
24745728
24745731
24745766
24781911
24846527
24848130
24848684
24860791
24865688
24868903
24877080
24889035
24895629
24897864
24940999
24941391
24953506
24953751
24957468
24973323
24974092
24984562
25003154
25017971
25023709
25033668
25057802
25059374
25066603
25072989
25075540
25113979
25113987
25113989
25118439
25120960
25121407
25124446
25127160
25127161
25127547
25129860
25132534
25143748
25150725
25171252
25172281
25177343
25213231
25215241
25228371
25232722
25271737
25276942
25305312
25308709
25312718
25331818
25342575
25356364
25358853
25382469
25385549
25400116
25405006
25406442
25409274
25417645
25437207
25437606
25441762
25448422
25465046
25465390
25468763
25481346
25487348
25511457
25520947
25523223
25528899
25528917
25533148
25556513
25561342
25566398
25589174
25616567
25618174
25638478
25658707
25661650
25669216
25680735
25685942
25686301
25700042
25705208
25711458
25721255
25727560
25748051
25749661
25776603
25809075
25812385
25815810
25825233
25830102
25833289
25838178
25867940
25885888
25886403
25888490
25889985
25916245
25924278
25971318
25980768
25985721
25988437
25996657
25999228
26047199
26051478
26065623
26069228
26096626
26096752
26104117
26111122
26117444
26134933
26152408
26152413
26157152
26158273
26179101
26183310
26186700
26187418
26188998
26197035
26205515
26225157
26227797
26231851
26281444
26289115
26318263
26322277
26335476
26336232
26338146
26340562
26346451
26369714
26375033
26378972
26387062
26393476
26394065
26398775
26402378
26403103
26403105
26403115
26408585
26408601
26424601
26428857
26430734
26431688
26432519
26433656
26449360
26453093
26467109
26482948
26494821
26530982
26537046
26544981
26565929
26581374
26593260
26596894
26609692
26621564
26627444
26645342
26645855
26647983
26666827
26691251
26718986
26721866
26726019
26726806
26728197
26734888
26739031
26748871
26778486
26790735
26799474
26833325
26837364
26870937
26872274
26904518
26906926
26911835
26919143
26920921
26951985
26961274
26965234
26968160
26973816
26974185
27003378
27004451
27007527
27019326
27020736
27038248
27045038
27078648
27084481
27086148
27090504
27109775
27130537
27139447
27151067
27160725
27177475
27180603
27188749
27207099
27232123
27234215
27237545
27248292
27261855
27262951
27270190
27270383
27270389
27325400
27327629
27329450
27357128
27416728
27417532
27432829
27447224
27447235
27456776
27477510
27479929
27480409
27482714
27509682
27522835
27523941
27531003
27532208
27546888
27550334
27561965
27614473
27618775
27638113
27666778
27686386
27703927
27706159
27707682
27713867
27765073
27787203
27812829
27828762
27841969
27860010
27871295
27876073
27876614
27883378
27904685
27908984
27922802
27923669
27939637
27956767
27965644
27975075
27978844
27986546
28011185
28011722
28028138
28031351
28035112
28035113
28044365
28055326
28055579
28063832
28072914
28093540
28096373
28109769
28118097
28122249
28131594
28151084
28151608
28151609
28189511
28195158
28197924
28202075
28214195
28229048
28238642
28248955
28250258
28255923
28257433
28261565
28270232
28298245
28331130
28348982
28351721
28378977
28378988
28381313
28410148
28435891
28438088
28438220
28448211
28455331
28457353
28457822
28491415
28502642
28504439
28504633
28522284
28526564
28539197
28545549
28558749
28582983
28600768
28605964
28615038
28633503
28669382
28678004
28697801
28722568
28725639
28745029
28749278
28749289
28764743
28781347
28784148
28797056
28799685
28807858
28811035
28829732
28835291
28840782
28848718
28861402
28869191
28890111
28902261
28905230
28911844
29022768
29029144
29037826
29038575
29047399
29054570
29055641
29056701
29056724
29056733
29056734
29120859
29121976
29127991
29141715
29155280
29160357
29171663
29178391
29179774
29181388
29186493
29195857
29197186
29202206
29202672
29232397
29249727
29258801
29258802
29269242
29280490
29306724
29310697
29351070
29361971
29398603
29399369
29421225
29426471
29436346
29437094
29453420
29456968
29468169
29491236
29491242
29492770
29495651
29500125
29506103
29523202
29523210
29525801
29536364
29554900
29554918
29554928
29554931
29554933
29554947
29554970
29558990
29558992
29566306
29567147
29589118
29606620
29610046
29626656
29631317
29633708
29649132
29650038
29653174
29654675
29654732
29657007
29664950
29678402
29678403
29679202
29686681
29709988
29713635
29733258
29738078
29762516
29776377
29776392
29788994
29843834
29859884
29897842
29907187
29910483
29948363
29969382
29983263
30001350
30016223
30016241
30020499
30029581
30053108
30055987
30060959
30061607
30066107
30085216
30085857
30097348
30101828
30116923
30119642
30123779
30151669
30176908
30178195
30195006
30206012
30207871
30217516
30223986
30230270
30242261
30245088
30274412
30274459
30274474
30327827
30353471
30381676
30385074
30419740
30428915
30450885
30455057
30458847
30466964
30466965
30470470
30482899
30502860
30502866
30503893
30524954
30534383
30539351
30542290
30559180
30563470
30592745
30592905
30606222
30615168
30615589
30616666
30621134
30624020
30630276
30635034
30640035
30655036
30670048
30671773
30683169
30691522
30700321
30700657
30700658
30711437
30766793
30773320
30833198
30833200
30862835
30878078
30878569
30882316
30902833
30903777
30904539
30909613
30909941
30909955
30909972
30914515
30940200
30943150
30991112
31000483
31002073
31009533
31013005
31014623
31014639
31014655
31014716
31014832
31014863
31023629
31029698
31044232
31057429
31067231
31112094
31157221
31158343
31171465
31176411
31176664
31182246
31184023
31186200
31196180
31200977
31203977
31211655
31214181
31214605
31220153
31235752
31238733
31247976
31253201
31257244
31269975
31276519
31285697
31292479
31293540
31295054
31300132
31327746
31375956
31419222
31437677
31444126
31484700
31492171
31496338
31506314
31520000
31522333
31524885
31525571
31533303
31533745
31539395
31540167
31543918
31564642
31577814
31580216
31590072
31590678
31596318
31602827
31610803
31618432
31622262
31628739
31630482
31631052
31694625
31712240
31720842
31721463
31722384
31731011
31734862
31752967
31752997
31775857
31783486
31790650
31822398
31823859
31837919
31839473
31841657
31850236
31852765
31853763
31856227
31862465
31864403
31885226
31896541
31900233
31909489
31921918
31961312
31971489
31976829
31992623
31998617
32008999
32028054
32035054
32035897
32039255
32044431
32057400
32090486
32102367
32111251
32118063
32121019
32132189
32141700
32155394
32155963
32156478
32159462
32180352
32187009
32199907
32211428
32213011
32228658
32233979
32234120
32244550
32247015
32264920
32267389
32271774
32273163
32283047
32284823
32305236
32305237
32306908
32318051
32326861
32331444
32332817
32334005
32365910
32378157
32381072
32389537
32397321
32414173
32431559
32447028
32448523
32492279
32493470
32493778
32526836
32532309
32562372
32584697
32598238
32598241
32605544
32605566
32614824
32631790
32661123
32662513
32665019
32723635
32723639
32723651
32723653
32723659
32727555
32734076
32757238
32768516
32817454
32862889
32864308
32891899
32928930
32959772
32984632
32985586
32986535
32993925
32993937
32994497
33010631
33032588
33059172
33068307
33092135
33121172
33126686
33126690
33130214
33158098
33160190
33168841
33176719
33194960
33202197
33217891
33220685
33233767
33260091
33270585
33302522
33315999
33316206
33316536
33344080
33348021
33356081
33360805
33363242
33369490
33385938
33401478
33429219
33431703
33452588
33459790
33461099
33466622
33468215
33475465
33493073
33497885
33511396
33524939
33530571
33546428
33546761
33547531
33549978
33557465
33566387
33567793
33578255
33581169
33590859
33592978
33592983
33596200
33620135
33635619
33648322
33649467
33661033
33669573
33673273
33673353
33673864
33676201
33686775
33712007
33747981
33755546
33764206
33767683
33770340
33774480
33774481
33775067
33799376
33801532
33818454
33818768
33835943
33839778
33864876
33893109
33916759
33920445
33922459
33956091
33960531
33970003
33975193
33988703
34001256
34016173
34022939
34051756
34064818
34069232
34070977
34073765
34076536
34077527
34078417
34105984
34126152
34129613
34134753
34140472
34141849
34161867
34161869
34179165
34180074
34203236
34205547
34216802
34221442
34229999
34242071
34246293
34250067
34250769
34251570
34258218
34280696
34287128
34289040
34322535
34326415
34332568
34336980
34357923
34358050
34379883
34406842
34416566
34427664
34437040
34446082
34465023
34520993
34528136
34529897
34537749
34544283
34548672
34553290
34578102
34578146
34578222
34582467
34585963
34591210
34625049
34656046
34660192
34670700
34679815
34684214
34684247
34684266
34773849
34782490
34792293
34820166
34823480
34828065
34835343
34894522
34906141
34929604
34941839
34946216
34949216
34958171
34959511
34959550
34983738
34998998
35057826
35059343
35071375
35074944
35087891
35135613
35154030
35162074
35193661
35202227
35208729
35227947
35239508
35245369
35248157
35263192
35275116
35284894
35286554
35299078
35306450
35309039
35335606
35335639
35366679
35382677
35390092
35402298
35408905
35416505
35446170
35454246
35456142
35490230
35490548
35493769
35534857
35565648
35580215
35583265
35594157
35597188
35624477
35631063
35631073
35631122
35640022
35662065
35687596
35689113
35689686
35696376
35719343
35727121
35744630
35744742
35756069
35765092
35766324
35767753
35777304
35787416
35787417
35816827
35831668
35844076
35862781
35867580
35876734
35889152
35890063
35892170
35898544
35920050
35921400
35927748
35932455
35932842
35940078
35970093
35982297
36014983
36018752
36054010
36055896
36094906
36096862
36112255
36116840
36136591
36167934
36183414
36230463
36242679
36257186
36264197
36271430
36271802
36273749
36290277
36298621
36335680
36345066
36357826
36363814
36365018
36374034
36403321
36409075
36435213
36436292
36444404
36467722
36471231
36504351
36508582
36552379
36556330
36560405
36573611
36582833
36670826
36677332
36677449
36677450
36680999
36707862
36725159
36736131
36737288
36746092
36766222
36793116
36823761
36830507
36836536
36836826
36838322
36839444
36839488
36839540
36855167
36878629
36882870
36896712
36901316
36944122
36972513
36985168
36986312
36986392
36988415
37012899
37030013
37044019
37052414
37053492
37080265
37089773
37110242
37110292
37116420
37121216
37125231
37142151
37156099
37166314
37168237
37168564
37184407
37204319
37221073
37223345
37228668
37247570
37253745
37255356
37267407
37325256
37356166
37368717
37370494
37375471
37387375
37392874
37402208
37408071
37415819
37443916
37467211
37504634
37515307
37520189
37544642
37551419
37587504
37611506
37623989
37627365
37639831
37641117
37645379
37680762
37691149
37703795
37704990
37708802
37733353
37747883
37759206
37759774
37763260
37769585
37803346
37839669
37843237
37853498
37866329
37874161
37882777
37890206
37903502
37922668
37935533
37986028
37986042
37989861
38015408
38021190
38033637
38035456
38035680
38038253
38086248
38090114
38110148
38150911
38151633
38153063
38157309
38184725
38199521
38291133
38329335
38335834
38336752
38340833
38360157
38380961
38395915
38396605
38412423
38412957
38415594
38438941
38442543
38444700
38459063
38494476
38525235
38525759
38533383
38536208
38536514
38549474
38567802
38567942
38574814
38602373
38614967
38636298
38637614
38674679
38676858
38680790
38682292
38685096
38703185
38717067
38723399
38727242
38739673
38756415
38762942
38765730
38767137
38788485
38792791
38807283
38811622
38820870
38855195
38857239
38858141
38869727
38891563
38908470
38921747
38922016
38940115
38947161
38976750
38980020
38982550
38997520
39004878
39012114
39025546
39027084
39035771
39043336
39057813
39057968
39057997
39065062
39079570
39091677
39102427
39106308
39114313
39116823
39123716
39123777
39182156
39199902
39199911
39203517
39207157
39214519
39217389
39224900
39238018
39255218
39277996
39305339
39305438
39305492
39321670
39324816
39338567
39338592
39344720
39344722
39344735
39346691
39366188
39368217
39383453
39383837
39396569
39399650
39457880
39463709
39510362
39528734
39539313
39550988
39551770
39573900
39574137
39578064
39582901
39597609
