9925588
11252516
11283096
11837296
11931163
12038579
12054246
12200324
12351242
12423921
12494920
12734290
14574101
14626220
15582739
15992614
15998122
16278028
16834600
16943090
17021203
17049799
17052757
17517708
17650194
17726300
17995840
18444977
18452899
18834642
18838186
19088320
19217182
19243908
19493582
19669730
19730939
19747607
19758326
19895650
20722740
21040157
21156010
21207960
21272950
21282025
21296447
21482440
21504525
21596906
21603260
22133745
22200451
22265314
22374947
22475947
22594449
22608236
22897881
23053097
23075796
23124754
23141639
23160868
23194554
23200659
23314371
23541194
23696433
23933743
24031236
24031520
24274497
24299811
24327736
24594786
24971076
25015032
25049913
25279760
25437059
25454699
25475311
25583343
25584777
25603169
25678547
25700525
25759008
25882072
25913004
26001525
26049782
26212965
26256717
26474074
26494804
26594208
26608755
26649737
26678137
26800864
26836614
26858714
26861959
26950294
26957978
26976853
27050481
27088869
27159339
27233126
27572508
27645923
27743669
28126938
28325577
28370869
28572960
29030182
29058140
29268969
29319514
29337101
29520720
29530530
29567328
29614769
29654473
29680501
29786847
29992104
30166150
30172442
30469432
30485765
30597254
30599931
30647699
30781845
30797339
30838447
30885323
30887518
30888350
30941115
30996412
31009656
31050261
31100643
31145958
31196110
31244418
31254555
31338566
31421792
31474718
31523511
31602728
31629514
31715230
31763019
31816378
31936625
31998561
32097827
32100692
32107294
32180655
32226414
32228749
32303548
32333954
32442778
32464536
32468435
32508785
32524178
32525768
32539978
32589090
32610159
32617026
32702068
32927810
32961748
33081842
33233119
33279004
33288171
33352462
33444386
33475896
33482833
33571152
33646382
33652047
33799242
33815312
33978770
33992335
34037943
34098436
34199014
34453308
34497657
34571097
34650545
34663045
34821891
34883258
34925267
35030182
35058551
35152182
35168614
35181327
35524154
35643037
36045662
36312995
36328735
36429171
36461307
36520357
36523861
36557680
36744089
36758963
36766134
36873575
36900515
36911327
36915561
36916915
36998141
37375107
37446188
37482799
37569212
37591132
37607217
37608379
37632675
37722646
37780240
37858306
37863143
37871735
37884233
37987480
38024365
38158467
38225117
38231152
38231883
38395559
38397763
38425795
38428765
38448100
38468236
38507800
38731087
38745280
38778551
38798294
38867956
39024167
39061286
39065109
39078724
39229615
39361901
39401740
39486284
