10028266
10843070
12149323
12513982
12588421
14662931
15289553
16041251
16542416
17202272
17510259
18315434
18397461
18485781
18579722
19277101
19282975
19912342
20305015
20534435
20711427
21030503
21059957
21075899
21169489
21376827
21783170
22021225
22073175
22316585
22383775
22475947
22517004
22719852
22818098
23168754
23202727
23916636
23919998
24080849
24403560
24450540
24805362
24896831
24905338
24961922
25053998
25169082
25265254
25524398
25661498
25752224
25859220
25869280
25993616
26143346
26269625
26349657
26443453
26577657
26818677
26914908
26963809
27107961
27161352
27226349
27470959
27521363
27567124
27570236
27694231
27756178
27790434
27914761
28103952
28147438
28201724
28219862
28234976
28260585
28301987
28504576
28624570
28640154
28847941
28878691
28903767
28931859
28943876
28947665
28951208
29038128
29188665
29246012
29269494
29305501
29367601
29492333
29505773
29563617
29643849
29674608
29718358
29791775
29954448
30177353
30232199
30249322
30267143
30349508
30358729
30407498
30498641
30546437
30597027
30610448
30628011
30682384
30696752
31026271
31047708
31237400
31242505
31300207
31337831
31367983
31370796
31409678
31435492
31573603
31577818
31654610
31660406
31749298
31781627
31791041
31838792
31841701
31883841
31915713
31948257
31971984
31990804
31998661
32019222
32046375
32057732
32109181
32175393
32193689
32206831
32214382
32293557
32353967
32380174
32409537
32433252
32507987
32508748
32520883
32527048
32528446
32610432
32719372
32723796
32801180
32822500
32842049
32861687
32892671
32903746
32974104
33028395
33160356
33181534
33194936
33207260
33217908
33221964
33256024
33294139
33375526
33517811
33521838
33656436
33866885
33903897
33905152
33911705
33960055
33967963
33978602
34063526
34094994
34139060
34268384
34304424
34311774
34315695
34362937
34374560
34414130
34448602
34460815
34497114
34500080
34548031
34560047
34604101
34621690
34643408
34659157
34660337
34756073
34761471
34799549
34841560
34881196
34946178
35086915
35144405
35163545
35168186
35190561
35241796
35266820
35366417
35413875
35456131
35525353
35553675
35565271
35569127
35579443
35582911
35646732
35647888
35719334
35774454
35801409
35909180
35916526
35949516
35969846
35983325
36004326
36070870
36076948
36102507
36153619
36160242
36171433
36171447
36188424
36304005
36312946
36353544
36357861
36383025
36386617
36387363
36483454
36504254
36552306
36557621
36579104
36604622
36611432
36629413
36658503
36677431
36683675
36729966
36773299
36842517
36847550
36975801
37026365
37032888
37043391
37060795
37107694
37110255
37175971
37180436
37199621
37207618
37228662
37234911
37240844
37366621
37432374
37491404
37534938
37568379
37573043
37721699
37731597
37760832
37762139
37843556
37863066
37958862
38064523
38212576
38242824
38248335
38311069
38319107
38334326
38358269
38368751
38407720
38429975
38465235
38519882
38550866
38644962
38735876
38802950
38803950
38886729
38898981
38899893
38912205
38960954
39006741
39018186
39026297
39116654
39120153
39120306
39158008
39163861
39208866
39302529
39345194
39373018
39403199
39408372
39423813
39450338
39455640
39475249
39487440
39506630
39513726
39519065
39537205
