7641682
9719679
11342718
12114976
12957789
13679821
14739998
14983097
15016777
15534914
15693121
15696094
16027777
16259000
16437654
16489270
16914438
18425641
19527524
20338179
20352970
20352973
20813680
20945607
21892875
22530090
22691356
23408781
23574378
23602005
23747105
23871144
23890127
24004578
24426123
24680732
24688674
24874917
25058396
25080319
25365915
25562424
25609335
25825077
25837321
25837439
26150984
26277552
26306636
26675137
26934832
27084056
27121590
27469300
27515025
27697488
27796570
27867835
28039507
28193216
28327289
28376863
28482284
28827052
28914342
28959285
29151220
29751659
30016537
30140765
30267565
30428383
30465084
30638508
30699241
30991754
31148217
31186110
31208387
31261773
31421726
31479883
31491549
31495493
31743710
31990134
32211388
32374383
32423672
33115654
33587243
33731300
33815324
33834253
33902585
33914740
34562941
34637916
34688919
34842065
35181629
35953030
36252874
36579187
37164269
37261455
37362211
37514084
37842513
38090711
38151908
38797692
39004912
39007090
39028993
39044288
39117107
39339388
39577844
