824037
907327
914365
1224640
1588587
2108028
2306666
2359905
2370108
2594456
2867973
3117970
3132371
3149878
3304917
3859210
3891778
3943903
3952472
4000991
5646715
6369982
6374834
6434640
6546936
7520730
8404915
8549200
8868437
8868438
8961557
9031704
9745120
9889224
10211707
10722463
11054158
11073924
11208793
12171293
12324342
12608164
12902270
12967818
14576113
15117935
15347757
15356972
15679240
16318912
16503987
17021225
17727199
17982718
19762442
21390726
21894453
22207596
22291908
23470196
23554203
24097834
24575808
25946126
26271750
26347298
27161979
27888365
28090057
29165520
29253543
29643500
30022122
30074474
30104869
30408494
30528912
30913125
31351257
31502122
32223307
32334937
32845827
33186726
33642434
33910998
34362870
34747462
35281306
35323040
35422064
35432273
36108613
36431317
36507724
36722952
36764395
36892308
37052605
37127761
37227290
37345463
37371963
37711686
37752498
37769185
37876206
38228600
38376204
38381035
38391574
38444657
38710815
38847202
38927226
39210455
39411431
39454929
824037
907327
914365
1224640
1588587
2108028
2306666
2359905
2370108
2594456
2867973
3117970
3132371
3149878
3304917
3859210
3891778
3943903
3952472
4000991
5646715
6369982
6374834
6434640
6546936
7520730
8404915
8549200
8868437
8868438
8961557
9031704
9745120
9889224
10211707
10722463
11054158
11073924
11208793
12171293
12324342
12608164
12902270
12967818
14576113
15117935
15347757
15356972
15679240
16318912
16503987
17021225
17727199
17982718
19762442
21390726
21894453
22207596
22291908
23470196
23554203
24097834
24575808
25946126
26271750
26347298
27161979
27888365
28090057
29165520
29253543
29643500
30022122
30074474
30104869
30408494
30528912
30913125
31351257
31502122
32223307
32334937
32845827
33186726
33642434
33910998
34362870
34747462
35281306
35323040
35422064
35432273
36108613
36431317
36507724
36722952
36764395
36892308
37052605
37127761
37227290
37345463
37371963
37711686
37752498
37769185
37876206
38228600
38376204
38381035
38391574
38444657
38710815
38847202
38927226
39210455
39411431
39454929
