1366437
1441774
1759838
1835340
3181159
3705446
7501365
7848779
8042273
8526502
8659081
8775972
8919932
9081309
9734063
10843049
12859661
14657137
17194841
18065673
18367884
18988936
19910485
19924476
19932136
20213184
22179253
22475947
22585615
23200659
24031194
24119540
24422860
24679961
25395233
26044428
27181257
27355014
27897124
27906649
28456402
28527793
29503642
29550118
29651173
30419937
31434672
32303548
33863703
33892436
34401360
35640854
35959259
35973469
36074251
36907276
36982388
37737608
37846982
37929155
38225117
38519524
38668298
38820726
38966055
39098161
39229615
39452371
39553752
39556157
