1382536
9872783
10319457
10319463
11482638
11792199
11832522
12710627
14657148
14768468
15055238
15132566
15184564
15506246
15568785
15674861
15879281
15987663
16276494
16329935
16388397
16514021
17290869
17351040
18191384
18704520
18759475
19701611
19786096
19816979
20093013
20406283
20665017
21087383
21504809
21916438
22364438
22451106
22561116
22689231
23096349
23592177
23734151
23979563
24166155
24192819
24618091
24727932
25249052
25318592
25436114
25538872
25561256
25985830
26091174
26091189
26296662
26403705
26751253
26801925
26992747
27106264
27133504
27727521
27990737
28232431
28535844
28792369
28917932
28942900
29180361
29454985
29502182
29572211
29694786
29871914
29932442
30095388
30176545
30258713
30354150
30481405
30637904
30745281
31070993
31195329
31335890
31760456
31883939
32120320
32165388
32441615
32506034
32765479
32784000
32851479
32984811
33079031
33164140
33169764
33900431
33934020
34009405
34073991
34145331
34586147
34762582
35806655
36976306
37198660
37357232
37464396
37630427
38188179
39119516
1382536
9872783
10319457
10319463
11482638
11792199
11832522
12710627
14657148
14768468
15055238
15132566
15184564
15506246
15568785
15674861
15879281
15987663
16276494
16329935
16388397
16514021
17290869
17351040
18191384
18704520
18759475
19701611
19786096
19816979
20093013
20406283
20665017
21087383
21504809
21916438
22364438
22451106
22561116
22689231
23096349
23592177
23734151
23979563
24166155
24192819
24618091
24727932
25249052
25318592
25436114
25538872
25561256
25985830
26091174
26091189
26296662
26403705
26751253
26801925
26992747
27106264
27133504
27727521
27990737
28232431
28535844
28792369
28917932
28942900
29180361
29454985
29502182
29572211
29694786
29871914
29932442
30095388
30176545
30258713
30354150
30481405
30637904
30745281
31070993
31195329
31335890
31760456
31883939
32120320
32165388
32441615
32506034
32765479
32784000
32851479
32984811
33079031
33164140
33169764
33900431
33934020
34009405
34073991
34145331
34586147
34762582
35806655
36976306
37198660
37357232
37464396
37630427
38188179
39119516
