7491236
7494028
7494043
7498668
7534931
7535830
7538511
7542443
7543264
7544366
7544512
7545181
7548500
7551113
7559957
7561200
7565174
7572813
7591104
7608806
7615711
7768623
8240958
8547519
8553962
8574831
8582740
8584313
8586847
8603944
8618486
8618634
8631227
8645765
8645787
8667399
8712787
8729380
8783692
8784569
8788996
8810011
8810946
8818889
8823702
8827032
8842286
8844102
8862597
8880497
8880885
8893399
8908605
8908613
8912359
8921888
8922830
8944742
8950424
8952548
8990308
8991636
9023040
9023643
9041393
9055996
9057914
9063244
9076813
9130002
9140557
9151470
9157299
9157300
9163438
9190717
9196200
9196420
9196486
9207369
9224472
9224751
9226264
9230357
9230358
9230387
9230394
9247895
9259103
9260762
9272384
9274034
9276397
9284029
9284376
9293091
9293099
9308505
9312753
9350752
9352257
9355199
9364933
9366828
9371348
9378764
9394562
9418257
9455513
9461414
9463512
9476226
9477525
9499776
9534680
9565109
9565446
9574898
9627605
9627652
9632625
9636850
9652454
9665953
9673287
9682711
9691742
9702836
9705382
9714815
9730179
9738053
9747069
9761060
9763023
9768882
9775583
9780582
9784568
9790875
9792380
9795899
9801332
9817520
9826373
9839873
9839874
9853027
9862313
9868676
9874661
9887661
9920964
9922863
9930000
9932833
10030575
10047560
10048617
10064243
10069107
10074515
10074535
10077908
10078182
10093604
10093952
10203518
10222672
10228301
10229038
10325344
10338522
10348234
10365031
10379716
10391863
10399647
10400104
10405413
10447753
10452652
10479179
10482296
10485354
10488160
10488170
10506816
10534662
10535269
10537781
10565929
10570789
10587303
10588914
10614075
10618271
10642694
10655367
10655688
10682759
10687006
10702501
10702548
10746763
10748868
10749166
10770599
10770788
10772100
10782400
10790087
10790137
10811077
10834521
10834954
10835846
10844606
10855838
10867845
10882236
10882662
10906262
10907691
10913865
10916128
10921956
10935415
10948113
10949815
10965658
10973702
10979428
10987731
10992509
11004097
11006911
11008109
11009305
11020412
11020414
11040157
11045918
11048289
11063291
11068677
11071035
11072674
11083791
11089210
11095849
11099929
11103022
11112671
11117643
11119554
11132671
11137430
11144381
11146830
11158141
11176245
11179367
11181164
11189710
11191808
11193351
11205454
11205638
11207598
11257996
11260879
11265556
11267793
11283031
11295338
11303841
11338477
11339132
11379192
11404464
11410341
11421028
11424490
11433560
11440202
11447190
11458191
11470985
11474027
11476439
11478603
11480644
11482599
11486295
11494569
11496560
11517562
11521278
11525353
11525355
11526194
11527817
11531989
11544240
11553014
11553533
11553587
11553594
11559306
11578546
11587306
11589885
11605190
11642619
11685779
11688584
11692296
11696847
11705641
11715399
11716593
11757975
11787880
11791094
11791975
11791987
11801791
11803150
11837209
11837299
11843827
11846614
11864111
11868771
11874902
11880432
11887039
11922191
11944808
11967118
11983902
12005447
12019735
12027509
12030392
12037055
12048711
12051353
12076266
12078126
12088662
12093675
12117969
12131048
12135236
12135274
12139390
12165620
12169609
12173772
12184374
12199539
12203159
12204950
12219899
12234274
12243898
12354855
12361825
12387781
12396847
12434424
12447758
12454170
12454174
12456377
12471592
12474487
12488072
12489289
12495192
12498568
12523479
12532216
12532565
12540561
12542930
12543767
12564316
12574272
12574279
12584000
12591895
12608089
12615216
12618448
12621974
12634331
12643827
12647335
12653141
12658133
12667258
12678262
12680718
12682728
12695049
12736430
12741593
12741894
12764550
12778351
12799150
12812344
12842212
12843112
12853405
12860622
12860661
12860662
12860663
12860664
12904438
12905141
12906736
12910745
12941162
12957381
14524617
14557957
14605141
14605199
14609477
14641271
14659047
14679462
14688569
14700670
14711929
14715763
14742988
14750122
14759468
14766538
14766832
14766898
14978335
15010059
15013998
15015065
15029049
15039632
15049812
15070983
15071060
15071067
15075043
15099499
15103910
15135511
15137484
15155610
15155669
15198195
15210978
15219970
15231811
15243077
15243113
15298152
15305701
15307019
15307578
15327793
15350993
15359889
15363760
15365864
15365888
15369661
15378747
15455512
15475278
15476060
15494918
15495931
15534369
15552314
15557658
15558448
15567127
15573198
15585501
15590554
15617526
15628802
15629311
15642951
15652295
15671737
15673067
15682209
15696612
15714406
15723970
15734128
15746844
15768135
15777581
15807903
15827285
15845521
15860668
15891120
15900951
15953033
15956379
15962801
15972511
16031983
16054323
16081914
16094224
16098227
16102656
16106195
16109957
16113290
16113825
16149211
16189275
16224169
16255053
16275939
16290092
16296330
16303741
16314249
16328936
16334219
16370318
16375109
16379647
16395116
16395190
16412683
16434226
16443383
16444416
16446874
16456322
16464897
16472522
16481530
16481531
16485476
16490335
16507491
16547414
16550191
16581294
16584332
16599169
16622186
16669837
16672593
16697237
16704774
16725305
16751739
16757642
16825371
16827686
16870863
16870878
16893981
16898887
16916864
16919405
16926411
16935770
16936024
16940128
16948578
16949848
16953102
16964341
17005337
17041206
17060468
17073081
17111046
17111290
17114712
17114713
17114721
17121462
17130969
17133166
17136337
17144434
17174500
17217089
17217106
17239132
17241393
17252927
17254639
17294935
17319959
17321078
17331050
17337229
17337934
17362453
17378931
17379723
17398157
17401716
17419187
17420917
17442105
17443304
17443443
17447481
17458800
17471154
17493068
17493900
17532594
17541640
17546106
17553243
17572294
17583666
17600049
17624560
17627437
17633303
17635689
17638185
17649663
17654352
17678436
17682904
17703405
17711736
17719256
17785470
17852890
17889484
17916395
17921442
17922599
17942646
17953088
17956487
17982727
18037886
18065487
18069561
18087840
18094131
18094753
18098053
18098054
18165862
18173081
18187281
18190312
18258096
18273527
18289294
18292236
18294428
18295347
18312287
18327472
18334491
18346149
18349375
18368229
18377522
18400536
18403608
18424863
18443019
18444576
18452613
18454406
18455348
18465733
18489542
18500601
18501673
18507907
18533210
18567451
18595894
18598628
18622149
18622151
18627378
18641856
18651873
18666174
18679728
18688279
18696078
18706780
18710315
18714850
18722212
18724780
18757822
18777770
18828717
18842353
18843081
18937735
18957643
18990198
19010441
19019574
19046522
19052161
19076842
19086373
19097835
19141385
19169895
19175739
19209738
19253255
19255530
19261640
19284965
19298547
19302579
19303175
19320261
19333998
19348961
19384797
19402763
19402978
19416269
19500857
19542333
19553582
19560291
19560704
19608044
19616394
19625597
19636985
19657996
19685089
19696500
19716241
19728239
19738506
19742443
19785710
19790029
19793123
19793125
19795614
19796889
19801700
19847604
19874186
19913372
19941605
19963231
20006827
20007401
20042306
20059723
20061459
20070235
20072078
20080497
20137751
20138558
20138559
20148999
20197720
20228110
20332424
20344917
20345572
20374571
20377863
20380135
20392182
20392912
20418395
20472484
20519021
20548954
20567991
20569013
20570199
20584166
20589186
20602637
20610682
20625509
20646795
20646798
20646879
20649715
20654119
20668914
20683276
20695898
20702675
20704655
20797506
20802081
20817587
20823366
20825068
20836844
20846591
20863631
20870259
20933137
20947664
20964799
20973657
21034304
21035278
21038808
21044238
21064000
21071251
21099401
21120356
21122232
21122238
21142966
21153829
21168288
21186508
21213248
21220684
21243990
21267628
21271032
21282991
21284512
21285862
21319324
21404904
21404906
21418587
21457660
21471345
21485388
21489243
21490304
21501464
21529405
21536788
21539606
21594549
21612535
21615498
21637717
21682805
21686936
21702667
21736485
21737965
21764936
21767354
21771478
21803311
21816218
21824634
21826435
21840042
21844337
21848606
21876745
21888520
21904049
21904053
21904064
21906064
21908662
21909443
21918021
21919728
21935779
21941214
21948745
21981119
21981612
22018646
22022820
22032579
22043280
22045736
22049052
22092615
22138983
22181817
22184936
22229763
22232189
22247389
22262096
22267672
22269175
22304899
22316326
22347553
22356473
22358366
22374182
22381119
22391473
22450112
22450733
22489645
22496839
22514476
22516098
22519749
22521739
22551055
22561046
22577862
22607073
22635269
22653356
22669953
22674942
22701524
22729571
22730532
22748513
22749487
22785507
22791485
22819621
22823274
22835153
22856444
22862881
22865803
22882849
22902161
22918844
22920888
22924138
22924722
22925024
22926397
22956995
22975857
22990968
23020038
23043897
23104292
23118473
23144761
23163214
23163798
23166739
23167236
23182545
23184416
23188571
23200028
23282705
23327372
23328718
23349900
23350290
23351927
23359593
23391794
23400696
23401934
23414770
23424700
23433322
23446023
23481153
23484416
23518653
23552796
23563383
23578183
23587194
23587235
23587343
23602630
23612827
23628125
23677149
23681239
23683861
23740723
23756805
23774977
23778615
23790720
23811032
23813816
23822598
23874563
23878158
23930734
23994344
23995644
24031650
24033511
24056468
24064423
24080238
24090891
24106074
24107122
24107217
24120155
24127458
24151576
24152635
24247021
24248115
24268654
24310419
24311595
24315039
24334464
24341682
24359423
24378742
24403980
24445204
24445821
24470912
24470916
24475360
24478415
24486812
24517118
24575798
24626408
24654245
24655431
24670154
24682330
24740780
24741910
24814868
24820922
24829973
24834970
24853542
24883140
24896298
24920774
24933445
24960257
24972870
24997792
25026365
25052114
25057911
25076441
25120352
25120960
25123865
25199244
25200851
25214279
25259959
25292107
25293409
25307685
25317626
25320386
25325313
25325316
25327962
25355744
25384710
25389574
25398062
25424254
25433804
25497596
25503777
25548900
25580791
25582566
25590435
25596149
25610689
25627940
25638478
25665525
25682495
25686301
25740763
25753276
25804947
25852867
25853722
25857345
25865162
25869466
25873511
25881557
25934240
25940800
25963015
25980841
25988437
25999230
26001741
26021493
26044784
26047187
26051222
26066633
26070666
26077806
26108374
26113319
26121631
26135983
26138812
26146758
26161064
26162871
26164171
26184640
26254984
26269454
26273806
26308573
26315358
26361690
26363063
26369716
26379764
26393956
26407263
26407443
26454564
26460082
26545331
26551620
26567841
26611956
26611968
26645342
26646679
26659816
26709149
26712205
26724735
26727156
26728406
26750477
26795079
26819786
26865692
26868534
26900749
26965788
26968530
26981874
26996048
27000538
27008366
27012917
27012922
27051576
27127672
27145996
27159039
27160725
27161220
27226890
27237545
27262077
27316654
27330461
27406565
27422429
27453220
27509682
27515099
27598022
27598290
27648778
27662446
27742481
27746451
27790856
27872616
27885316
27917836
27938417
27955752
28006985
28028681
28029424
28130406
28141857
28150014
28165916
28182175
28199763
28209111
28249707
28256443
28263407
28285589
28285590
28285597
28322716
28346866
28360154
28385003
28398939
28403058
28411218
28446372
28490714
28665750
28669017
28691834
28693313
28700390
28707827
28780918
28819488
28878740
28884961
28887102
28899872
28906180
28927427
28929965
28935172
28969827
29034332
29068281
29077073
29093103
29095386
29116007
29141959
29147875
29159996
29165519
29165524
29176527
29197186
29203105
29217417
29258801
29263486
29316554
29336912
29390335
29429763
29436346
29451890
29453213
29488546
29500561
29504674
29507029
29513260
29519505
29540455
29554918
29554931
29558992
29561507
29572216
29594802
29630475
29664377
29668398
29681345
29703000
29713803
29728431
29730195
29799351
29806608
29936799
29942769
29950000
29962482
29967720
29982178
30027827
30041935
30060840
30061846
30085290
30092749
30155407
30257897
30272535
30307643
30368695
30376658
30441948
30503356
30516832
30519067
30546597
30556266
30589638
30616666
30657130
30677793
30709361
30710644
30728050
30730266
30735549
30765826
30823678
30825447
30852734
30886729
30902757
30931274
30940084
30961995
30995436
31002845
31014497
31014651
31018411
31026253
31035691
31072742
31112095
31115789
31130517
31174687
31175861
31214606
31278547
31303461
31307480
31398532
31436150
31437677
31486313
31510678
31528758
31541582
31565105
31595296
31630482
31631052
31660786
31718355
31745036
31758684
31780437
31801196
31801777
31812210
31822209
31828013
31833975
31841657
31885244
31891215
31904102
31913159
31935348
31941695
32013778
32029063
32035056
32065761
32101706
32122915
32135054
32143533
32153254
32156478
32164559
32175623
32222714
32233019
32267802
32276590
32280584
32318966
32334794
32343095
32358069
32404788
32419222
32464301
32480433
32490388
32517705
32546517
32568056
32675149
32678094
32730338
32768232
32777455
32779899
32785721
32826721
32841466
32858821
32891052
32898669
32903135
32928287
32947795
32950265
32974747
33001978
33002917
33021197
33024565
33032158
33068307
33118059
33146308
33155512
33182237
33194860
33207065
33215205
33230057
33242882
33279012
33292796
33295852
33302522
33334612
33389938
33396491
33399668
33444310
33449053
33458999
33500373
33508979
33592996
33609991
33646062
33661136
33731411
33746452
33797675
33799577
33802018
33802644
33810195
33829350
33919891
33922245
33922378
33946563
33999468
34031126
34145690
34157764
34164299
34165046
34200906
34205734
34206636
34215457
34224716
34296984
34362324
34402723
34413042
34438095
34446396
34456130
34533457
34548238
34569759
34571518
34578146
34578241
34578253
34641972
34682125
34684210
34720266
34739391
34755483
34826649
34835343
34843992
34848411
34896287
34926712
34946103
34953974
34983610
35094696
35125201
35145008
35153405
35155282
35164974
35197960
35203980
35211636
35215121
35215127
35246430
35258479
35262411
35265048
35279619
35284882
35307917
35308575
35314550
35338639
35351795
35379004
35435766
35446822
35450442
35473988
35498750
35500593
35506856
35544635
35545848
35549887
35584856
35631082
35633583
35659778
35708399
35849047
35849566
35878354
35879782
35889995
35910598
36038877
36041799
36072697
36085039
36158150
36165788
36185510
36189365
36214431
36240663
36244126
36247815
36263337
36315437
36316689
36334845
36345218
36383248
36422865
36520680
36558737
36633562
36699968
36729948
36738077
36775003
36920315
36950155
36973097
36977910
36986288
36989099
37068860
37072873
37118886
37164827
37227273
37262044
37267407
37271506
37305840
37326985
37343664
37363214
37470477
37510201
37513797
37544169
37544996
37559398
37581719
37602640
37660454
37732747
37743475
37805521
37847065
37903305
37906026
37908904
37913970
37922474
37922477
37980941
37986028
37989328
38021983
38033637
38125733
38254213
38286581
38287977
38288381
38300353
38303085
38324875
38346057
38401221
38417187
38443588
38447104
38472519
38544857
38550787
38584900
38637335
38649899
38668291
38674610
38697215
38729657
38763867
38790371
38804365
38816921
38851625
38901330
38907790
38907961
38911703
38912188
38913229
38947161
38983285
38984890
39025537
39044602
39057997
39077245
39079016
39082790
39109349
39134642
39135548
39143614
39144650
39156225
39195624
39229389
39230263
39234940
39270751
39280565
39281824
39286673
39315960
39319444
39325867
39326850
39328406
39336466
39353573
39364568
39369199
39383453
39447862
39504334
39524488
39524988
39537838
39540783
39611834
