521481
1327789
1433905
1472713
1494227
1906261
1960855
2019681
2041155
2086814
2113792
2127928
2253497
2259834
2287060
2345135
2416153
2504597
2506028
2570791
2584173
2663406
2785904
3034144
3087274
3088346
3129392
3142012
3182417
3197461
3210297
3263350
3264132
3277997
3300528
3310868
3324173
3325434
3327965
3328641
3496845
3524498
3529797
3569007
3623698
3632601
3890729
3909335
6219865
6291454
6333207
6472199
6490860
6874899
7328007
7562008
7729888
7795527
7811097
7844396
7867311
7872757
7940580
8051793
8077990
8106899
8109948
8111828
8150976
8243035
8254900
8360983
8494373
8502572
8515560
8786624
8878588
8941426
8961557
9493467
9763741
9832268
9839568
10072775
10103240
10418178
10428940
10449462
10465127
10548042
10835229
10859431
11030433
11055901
11126551
11157923
11178731
11337221
11417826
11418511
11482772
11934304
12052092
12088382
12193633
12564525
12568332
12702330
12796820
12797879
12901421
14504433
14992855
15128530
15134888
15332708
15528723
15732602
15985073
16139515
16192438
16192440
16259000
16369735
16514040
16797710
17220406
17634003
18281117
18315877
18683661
18719184
19284388
19295652
19368267
19556373
19739000
19999986
20066029
20333440
20496582
20573620
20709916
20883132
21459904
21917010
21936667
21986831
22683240
22748116
22754063
22808174
22915136
22926370
22958880
23183210
23439291
23587958
23811573
24204801
24275114
24458876
24484534
24504382
24599977
24655914
25002979
25128344
25170941
25174508
25210072
25288087
25315769
25320434
25583719
25644211
25764027
26061151
26061412
26130312
26198414
26417357
26482302
26503189
26568901
26627914
26748982
26824874
26824951
27273065
27386606
27459019
27569886
27667823
27760824
27873695
27984803
28099780
28104655
28112086
28154560
28197768
28636666
28854628
28939601
29084590
29110324
29268741
29306966
29321302
29339308
29435240
29438055
29496594
29541448
29624284
29728111
29734397
29968036
29976590
30139654
30156516
30204914
30238643
30253445
30370202
30374104
30687816
30782422
30915952
30978428
31123013
31128286
31325615
31381925
31423123
31499097
31549428
31573705
31648237
31709943
31812764
31870291
31992187
32311502
32325019
32345737
32729473
32735431
32816727
32864203
32951105
32974526
32979594
33013722
33139274
33166759
33183231
33193173
33296764
33299817
33787713
33824199
33918377
34111650
34204872
34226257
34245899
34252677
34352189
34448689
34765765
35027913
35047418
35091375
35214648
35271716
35321659
35331232
35350303
35458437
35545332
35558133
35690653
35755319
35768955
35862988
35894621
35905022
35907366
36242679
36432105
36687647
36704308
36707480
36786915
36794959
36858185
36948016
36978406
37077245
37158737
37196810
37314358
37337442
37471548
37484407
37536658
37601562
37630499
37643493
37662279
37732774
37732781
37789331
37859304
37887763
37960796
37980374
38000548
38067008
38149860
38372826
38399800
38452556
38543523
38597544
38691195
38714595
38802235
38857285
38922267
39009477
39021729
39033227
39056011
39083686
39133760
39245329
39248569
39323428
39372506
39452310
39494882
39522286
319651
521481
1327789
1433905
1472713
1494227
1906261
1960855
2019681
2041155
2086814
2113792
2127928
2253497
2259834
2287060
2345135
2416153
2504597
2506028
2570791
2584173
2663406
2785904
3034144
3087274
3088346
3129392
3142012
3182417
3197461
3210297
3263350
3264132
3277997
3300528
3310868
3324173
3325434
3327965
3328641
3496845
3524498
3529797
3569007
3623698
3632601
3890729
3909335
6219865
6291454
6333207
6472199
6490860
6874899
6996543
7328007
7562008
7729888
7795527
7811097
7844396
7867311
7872757
7940580
8051793
8077990
8106899
8109948
8111828
8150976
8243035
8254900
8360983
8494373
8502572
8515560
8786624
8878588
8941426
8961557
9493467
9763741
9825491
9832268
9839568
10072775
10103240
10418178
10428940
10449462
10465127
10548042
10835229
10859431
11030433
11055901
11126551
11157923
11178731
11337221
11417826
11418511
11482772
11934304
12052092
12088382
12193633
12564525
12568332
12702330
12796820
12797879
12901421
14504433
14992855
15128530
15134888
15332708
15528723
15732602
15985073
16139515
16192438
16192440
16259000
16369735
16514040
16797710
17220406
17634003
18281117
18315877
18683661
18719184
19284388
19295652
19368267
19556373
19739000
19999986
20066029
20333440
20496582
20573620
20709916
20883132
21459904
21917010
21936667
21986831
22683240
22748116
22754063
22808174
22915136
22926370
22958880
23183210
23439291
23587958
23721991
23811573
24204801
24275114
24458876
24484534
24504382
24599977
24655914
25002979
25128344
25170941
25174508
25210072
25288087
25315769
25320434
25583719
25644211
25764027
26061151
26061412
26130312
26198414
26417357
26482302
26503189
26568901
26627914
26748982
26824874
26824951
27273065
27386606
27459019
27569886
27667823
27760824
27873695
27984803
28099780
28104655
28112086
28154560
28197768
28636666
28854628
28939601
29084590
29110324
29268741
29306966
29321302
29339308
29435240
29438055
29496594
29541448
29624284
29728111
29734397
29968036
29976590
30139654
30156516
30204914
30238643
30253445
30370202
30374104
30687816
30782422
30915952
30978428
31123013
31128286
31325615
31381925
31423123
31499097
31549428
31573705
31648237
31709943
31812764
31870291
31992187
32311502
32325019
32345737
32729473
32735431
32816727
32864203
32951105
32974526
32979594
33013722
33139274
33166759
33183231
33193173
33296764
33299817
33787713
33824199
33918377
34111650
34204872
34226257
34245899
34252677
34352189
34448689
34765765
35027913
35047418
35091375
35214648
35271716
35321659
35331232
35350303
35458437
35545332
35558133
35690653
35755319
35768955
35862988
35894621
35905022
35907366
36242679
36432105
36687647
36704308
36707480
36786915
36794959
36858185
36948016
36978406
37077245
37158737
37196810
37314358
37337442
37471548
37484407
37536658
37601562
37630499
37643493
37662279
37732774
37732781
37789331
37859304
37887763
37960796
37980374
38000548
38067008
38149860
38372826
38399800
38452556
38543523
38597544
38691195
38714595
38802235
38857285
38922267
39009477
39021729
39033227
39056011
39083686
39133760
39245329
39248569
39323428
39372506
39452310
39494882
39522286
