1349543
1383675
1402070
1650342
1696928
1697780
1800566
1804756
1808459
2044934
2066602
2254038
2272498
2482433
2782878
3007571
3182988
3188168
3606111
3668195
3693548
3722029
3789697
6357081
6469354
6517767
6642640
6675346
6738382
6824317
6874901
6881769
6881770
6885157
7037833
7568465
7594800
7646502
7768818
7968677
8013878
8050719
8090995
8114069
8139466
8141782
8294349
8324759
8348932
8355623
8427811
8501233
8528091
8619880
8837444
8919774
8926065
8996933
9087960
9125568
9128176
9284134
9394556
9490076
9602021
9767128
9826766
9872804
10037216
10224020
10347079
10482300
10531221
10678967
10792515
10803502
11021935
11293479
11319123
11330345
11412322
11592635
11692861
12387827
12406742
12406743
12409420
12761101
12829301
15143042
15215626
15272201
15357715
15632448
15665456
15715856
15740026
15848196
16013386
16076113
16113506
16300063
16348134
16535661
16553836
16714849
16965376
17001922
17026482
17061527
17116978
17576228
17614235
18319466
18568402
18570268
18599703
18925423
18931974
19143841
19198993
19539033
19561182
19891709
19913702
19954074
19966027
20059616
20141327
20364601
20415149
20447992
20454692
20528940
20735646
21030943
21078967
21110901
21118298
21161212
21574461
21669071
21731695
22049941
22177227
22365393
22488068
22574119
22885749
23178262
23209200
23516211
23563836
23603239
23608373
23643874
24033791
24334844
24420888
24682339
24751414
24917311
25040152
25152055
25246027
25252051
25340549
25580216
25742659
25744216
25915771
26236294
26614991
26641275
26730584
26851782
27160384
27832083
27863546
28045686
28324231
28536384
28677232
29054522
29111407
29791974
30446560
30955768
31121696
31121705
31202969
31207800
31523510
31678536
31826705
31977129
32082185
32408383
32929189
33285164
33477474
33484252
33628259
33637574
33813704
33907368
33992402
34015480
34149632
34255280
34490150
34922017
35250932
35464931
35464960
35702884
35748957
36212018
36271946
36308945
36412036
36526034
36679943
36868535
37087026
37274080
37283750
37380063
37481101
37616193
37735754
37891478
37991223
38239724
38311027
38338079
38342414
38885802
39043427
39236940
39437593
39558231
