2001143
2091948
2913032
3384937
11101598
11547884
12383826
12427223
12600387
15991478
16310563
16822636
17000041
17097713
17910097
19302927
19527166
19535231
20473969
21268896
21482864
21503776
21762552
22000035
22059293
22363438
23916949
23930068
23930071
24116076
24377248
24612459
24693469
25883290
26179756
26184853
26567474
27299920
27313312
28083663
28176460
28202080
28326071
28330494
28529854
29334060
29878628
30419473
31631769
31751195
32035290
32874093
33507101
33715081
34479287
34484277
34576797
34578589
34603978
34917058
34971500
35208754
35532863
35619673
35659526
35740183
35852908
36001048
36057979
36729653
36841232
36868930
37317130
37725099
37923975
38351169
38484575
39204745
39234543
