22544797
22773645
22800291
22888191
22923412
23153046
23204411
23281935
23316874
23360748
23363057
23479747
23479750
23479751
23480482
23511384
23600617
23774611
23917146
23955471
24015929
24041542
24053159
24060741
24085396
24118060
24220761
24242248
24275111
24374378
24462927
24463969
24468425
24733489
24733917
24803319
24898385
24950250
25000268
25028492
25037978
25063656
25105899
25278523
25377868
25381236
25565465
25576615
25579666
25595619
25610435
25686300
25714365
25835017
25909816
26101958
26162439
26348832
26364315
26374290
26474376
26502734
26508873
26541266
26551549
26555247
26607034
26636352
26718631
26748009
26894610
26903979
26958645
27116079
27155798
27303735
27379063
27455459
27522174
27621279
27631786
27708637
27809491
27829029
27844293
27856620
27881975
27903429
27909745
28002948
28007851
28075122
28087526
28159790
28188205
28213734
28233989
28273571
28274623
28494362
28618081
28631290
28672697
28803405
28809851
28914537
29031631
29040506
29040515
29069488
29088371
29112726
29223901
29245034
29283566
29385441
29390082
29419787
29718172
29867784
29879467
29916096
29946299
30045527
30087670
30097751
30104577
30114555
30131775
30171004
30186256
30326388
30339222
30365883
30457846
30519233
30533629
30558413
30658979
30665163
30848269
31035191
31209752
31316484
31332202
31374391
31416865
31525867
31631234
31642015
31693350
31765134
31841802
31913608
32034217
32135063
32159535
32441516
32502751
32551613
32903289
32957273
33127155
33151674
33316619
33479489
33531396
33545437
33673241
33683880
33899920
34044306
34140942
34160266
34174623
34283573
34611238
34619124
34621731
34659183
34788060
35056550
35149497
35239320
35290215
35298122
35348674
35549250
35665806
35674428
35710945
35923400
35988762
36158759
36399881
36463679
36866930
37216485
37227386
37332513
37428517
37481998
37594161
37673179
37695749
37856784
38004793
38109066
38192294
38342459
38402932
38508042
39389249
39504695
39507334
