11594591
12133608
12747638
15012827
15038445
15609873
15616279
15648833
15819432
15962470
15962472
16269729
16623748
16768718
17058606
18159670
18363654
18599714
19347170
19486238
19531097
19565269
20377642
20453210
20636343
21387991
21401646
21848120
22506758
22645157
22724390
23992106
24090541
24274927
24973065
25219765
25451001
26418855
26433630
26960291
27010301
27134184
27777744
28567482
28613984
28744871
28861057
29453634
29761493
29806080
29977408
30236057
30291367
30383870
30411368
30627126
30763617
30877014
31580938
31742733
31786689
32080799
32129174
32256847
32381115
32492465
32802204
33024633
33193237
33544251
33568681
33905598
33915806
33962693
34061372
34832595
35215075
35531301
35731505
36296491
36683696
37360528
37589492
37731496
37764049
37806325
37950508
37975241
38138020
38185263
38409849
38682771
38801516
39259377
39370018
39380674
39469720
39498134
39596266
