12656147
17082407
17259616
17765348
20859654
21592712
21642488
22791043
23109597
23386320
23497899
24033716
24274015
24380350
24737020
24744015
25410940
25575343
26221086
26453993
26536808
27460204
27800364
27877162
28581020
28663293
28769881
30033663
30137508
30743669
30837345
30877115
30994417
31097496
31128345
31417521
31744250
31907003
32028204
32035290
32524747
32537904
32657018
32708144
32817155
32825007
32980965
33231747
33609007
33629945
33810444
33838437
34093493
34163458
34579492
34700019
35067913
35211835
35246726
35336223
35380531
35435700
35953051
35956503
36005635
36215464
36260504
36432846
36501436
36559542
36674141
36829422
37356021
37466886
37626979
37708810
38062128
38111882
38329367
38358431
38439045
38513913
38522952
38740717
38818456
38857817
39338497
12656147
17082407
17259616
17765348
20859654
21592712
21642488
22791043
23109597
23386320
23497899
24033716
24274015
24380350
24737020
24744015
25410940
25575343
26221086
26453993
26536808
27460204
27800364
27877162
28581020
28663293
28769881
30031092
30033663
30137508
30743669
30837345
30877115
30994417
31097496
31128345
31417521
31744250
31907003
32028204
32035290
32524747
32537904
32657018
32708144
32817155
32825007
32980965
33231747
33609007
33629945
33810444
33838437
34093493
34163458
34579492
34700019
35067913
35211835
35246726
35336223
35380531
35435700
35953051
35956503
36005635
36215464
36260504
36432846
36501436
36559542
36674141
36829422
37356021
37466886
37626979
37708810
38062128
38111882
38329367
38358431
38439045
38513913
38522952
38740717
38818456
38857817
39338497
