1296922
1369291
1493903
1630925
1657877
2775425
3926494
3926496
6306590
7665483
7765650
7789800
7832808
8226628
8366083
8390818
8447828
8457597
8987585
9043130
9055427
9200220
9301103
9305792
9351204
9453160
9503615
9734049
10099590
10832643
10886617
11157275
11166817
11330700
11734888
11930953
12361257
12483554
12680944
12834271
12892924
14511653
15670745
15752332
16133326
16214251
16232420
16232703
16233574
16346581
16386324
16499984
16535681
16957106
17161485
17277227
17453192
17681150
17993565
18571262
18676492
18838821
18950887
19200331
19251897
19542117
19577815
19638423
19711069
19924479
20096472
20117853
20129077
20141944
20478638
20541119
20699583
20889778
21039665
21239225
21356451
21447012
21554859
21821764
21839382
21843965
21903289
21926224
21983703
22016572
22056425
22146687
22155126
22265289
22265314
22347549
22365351
22441885
22526778
22666442
22950009
23194734
23524057
23638801
23664257
23682741
23764217
23810597
23810669
23866910
23902333
24099461
24358116
24385356
24413595
24462702
24559734
24708950
24862920
24903876
24916156
25036846
25049913
25088041
25575969
25648427
25852661
25889523
26253254
26369782
26399411
26425801
26566045
26605993
26630753
26676481
26691589
26712629
26802571
27162390
27185089
27392873
27404460
27450560
27451452
27454854
27493201
27515897
27539854
27611790
27667143
27681379
27904401
28159272
28223973
28283415
28484812
28486419
28567373
28619110
28748023
28770302
28789688
28932219
28955605
29121704
29208444
29352086
29430583
29511074
29552715
29616313
29655875
29727857
29785501
29915049
30008048
30054357
30098357
30177922
30368690
30413892
30510547
30579775
30679112
30805740
30911787
30956860
31005368
31250590
31302559
31447789
31448145
31767156
31851582
31921009
31941390
31995463
31998811
32015144
32117676
32305370
32327801
32471257
32518763
32531735
32606322
32764333
32872546
32950138
32950153
32965769
33026498
33036188
33156446
33174682
33218820
33292931
33386897
33505385
33593582
33664725
33686416
33875203
33876452
33904376
33990301
34021811
34066556
34105982
34401578
34431753
34778911
34818103
34821723
34946945
35182093
35344598
35350179
35390361
35407002
35616735
35724485
35857437
35892627
36144343
36246224
36466629
36504784
36738389
36998906
37107438
37354051
37511799
37621398
37849822
37930061
37934610
38137274
38293436
38581637
38699711
38952965
38974593
38998659
39139979
39171262
39323883
39341788
39446089
