393169
533071
1098532
1299169
1299170
1340186
1393829
1394318
1394327
1408816
1433251
1447059
1510436
1556085
1592683
1657086
1664418
1703456
1705611
1716201
1718234
1761901
1774276
1804049
1883998
1923776
1930558
1938974
1993773
2004829
2036370
2120748
2130804
2216049
2218242
2346566
2429042
2606108
2753835
2970195
3057140
3078792
3088346
3152806
3199444
3240566
3254120
3273465
3440458
3468319
3529797
3547276
3597207
3619933
3729395
3771410
3968202
5770669
6104464
6312395
6350342
6356727
6476832
6502929
6509019
6676689
6756905
6958873
6999020
7025793
7051807
7234512
7240404
7247361
7488524
7494030
7511987
7518747
7535188
7539717
7653161
7688960
7719279
7744044
7793969
7814573
7867651
7968529
8003071
8090993
8156055
8157751
8162732
8168946
8189802
8244902
8328790
8383109
8444811
8504816
8556734
8565006
8647107
8765061
8783707
8821399
8830041
8870241
8900070
8916544
8932311
8940433
9002188
9013489
9072760
9072762
9072768
9090816
9105940
9114222
9119027
9161610
9183004
9195098
9203343
9310852
9339543
9356699
9356725
9404509
9443811
9481879
9490075
9553801
9562874
9569690
9632251
9658571
9713770
9859645
10091216
10326311
10335589
10340714
10405374
10537188
10537189
10542050
10555323
10565961
10669698
10683466
10736806
10772159
10817695
10828397
11032484
11036059
11057506
11086705
11102426
11118652
11123465
11232764
11269405
11282605
11335142
11428574
11454340
11456025
11456189
11563518
11742550
11770828
11864254
11899055
11916678
11931166
11939120
12084070
12092962
12132774
12380755
12730713
12807204
12876518
12886610
12927704
12929824
13696727
14505884
14624659
14640415
14666987
14761716
14987520
14996789
15000567
15013412
15014062
15033270
15035375
15046311
15058814
15179604
15183874
15240313
15276988
15466560
15471997
15476713
15527919
15629933
15639246
15756379
15766600
15961298
16000455
16038176
16083446
16156982
16163467
16308222
16349260
16420989
16430517
16535048
16707023
16838169
16896583
16943094
16982793
17007934
17013472
17050821
17081508
17133818
17297889
17493908
17523471
17531089
17534416
17557841
17659441
17664321
17953550
17981942
18074224
18093756
18155310
18230550
18231655
18257229
18283240
18456115
18611409
18683661
18692931
18719190
18759227
18769918
18795976
18811720
18836891
18837224
18930803
19011031
19011836
19112401
19170858
19171267
19190412
19198074
19219283
19269572
19388837
19426267
19658320
19661513
19706748
19734282
19802404
19913696
20003963
20097823
20132689
20140298
20140313
20673614
20924038
20980579
21216482
21299775
21553084
21706224
21795516
21890891
22056107
22062111
22062162
22103737
22169179
22177851
22265286
22265297
22410503
22661922
22834340
23214191
23276652
23290227
23290229
23298547
23391228
23498179
23541191
23643833
23710696
23741456
23818163
23827554
23836531
23927934
23928119
23992506
24152499
24291178
24422558
24510022
24736131
24736143
24768868
24795516
25075225
25113043
25174508
25178935
25380369
25473655
25475278
25541016
25548040
25563917
25679309
25700416
25744214
25817809
25828704
25833676
25960912
26019641
26029910
26102989
26142846
26176586
26338113
26339930
26416306
26611167
26678131
26829846
26852809
27085741
27141819
27171009
27232184
27284146
27313299
27358401
27393875
27478029
27554149
28257478
28284024
28316780
28379194
28400020
28402186
28537065
28576361
28586429
28698604
28713788
28763982
28873711
28906111
28911410
29377407
29524727
29566147
30008719
30026546
30039873
30079833
30088458
30172957
30181439
30221799
30265895
30373891
30426005
30596703
30687295
30690292
30812137
30866244
30884649
30885897
30913595
30913665
30913686
30925643
30939711
31003955
31071865
31071901
31084109
31085164
31128286
31142484
31159012
31275267
31337154
31434281
31474970
31507542
31524539
31649922
31672159
31807954
31842990
31878078
31891793
31911661
32062786
32085569
32111359
32156029
32204328
32346328
32539968
32607823
32676711
32710700
32802568
33098821
33224119
33260016
33299817
33384344
33407900
33737914
33907080
33923137
33978469
34196842
34205871
34271055
34570716
34827877
34828982
34985299
34997845
35008123
35083655
35159485
35206510
35225670
35435729
35561525
35630320
35705585
35738383
35761618
35891291
36080356
36090085
36171782
36359489
36367550
36462815
36525156
36532452
36587027
36677415
36937291
37022168
37047729
37111459
37248499
37349674
37364321
37374926
37384974
37445766
37518884
37732782
37752889
38067008
38137291
38275703
38305857
38320694
38329345
38391231
38472800
38490552
38611432
38646847
38770022
38897524
38922457
39061271
39126543
39203813
39331631
39393259
39419727
39507176
39597618
