12641709
12969284
15046573
15046588
15064992
15479417
15480864
15545423
15937698
16107756
16473003
16542404
16602689
16644195
16683266
16709445
16782171
16930569
16944960
17692114
18007043
18025579
18183386
18443744
18704528
18815904
19070660
19107605
19280125
19304850
19320977
19787414
20718292
20817844
21315194
21856988
22212694
22328744
22347595
22806791
22907515
23132347
23683704
23797510
24069213
24233591
24413972
24682607
25069018
25267353
25573470
25748845
25791847
25881956
26339949
26603441
26790418
26881066
26975884
27182549
27657656
27789644
27924363
28378223
28968534
29698417
29698436
29976611
30471860
30525476
30620883
31145676
31388213
31701242
31771094
32271820
32527772
32693140
33085568
34669438
34946651
35438518
35511349
35878772
36208685
36458220
37120730
37704517
37908087
38255796
38697441
39075266
12641709
12969284
15046573
15046588
15064992
15479417
15480864
15545423
15937698
16107756
16473003
16542404
16602689
16644195
16683266
16709445
16782171
16930569
16944960
17692114
18007043
18025579
18183386
18443744
18704528
18815904
19070660
19107605
19280125
19304850
19320977
19787414
20718292
20817844
21315194
21856988
22212694
22328744
22347595
22806791
22907515
23132347
23683704
23797510
24069213
24233591
24413972
24682607
25069018
25267353
25573470
25748845
25791847
25881956
26339949
26603441
26790418
26881066
26975884
27182549
27657656
27789644
27924363
28378223
28968534
29698417
29698436
29976611
30471860
30525476
30620883
31145676
31388213
31701242
31771094
32271820
32527772
32693140
33085568
34669438
34946651
35438518
35511349
35878772
36208685
36458220
37120730
37704517
37908087
38255796
38697441
39075266
