26010
26673
29893
39608
45489
47325
182257
191644
210371
231662
306994
339955
413665
426781
656508
681277
690073
711667
712853
762109
809591
824647
834250
863882
963699
999630
1083914
1113077
1138866
1147980
1155927
1157934
1158850
1175769
1177310
1177312
1240101
1245839
1339956
1360982
1366859
1367238
1367540
1367948
1368003
1368060
1373436
1392567
1409974
1427097
1429443
1512701
1549564
1567815
1587474
1627543
1628841
1639263
1678536
1784817
1812491
1872026
1898923
1900455
1901054
1908402
2005622
2005860
2010920
2023257
2030964
2055471
2055483
2110091
2112381
2114118
2123811
2160224
2235511
2265762
2370887
2374727
2408522
2415171
2418011
2424885
2464738
2472777
2501158
2502471
2504281
2515431
2599355
2665810
2666166
2673278
2696173
2806909
2808401
2812029
2830166
2843299
2914867
2954801
2997128
2999078
3007290
3008649
3016148
3016781
3024534
3050134
3054497
3063644
3071739
3081489
3081490
3086305
3106158
3110129
3111368
3114424
3125174
3129270
3133451
3139998
3145814
3173493
3190767
3257756
3265469
3282170
3286644
3297926
3299378
3299704
3302273
3311177
3313059
3315009
3326519
3329733
3334089
3386721
3449602
3481020
3488213
3488214
3491781
3516996
3517850
3520553
3842743
3872124
3872408
3875315
3896711
3912145
3920200
3920841
3924897
4412359
4448979
4525426
4553460
4626541
4627588
4633157
4643331
4689949
4705380
4711156
4723904
4963774
4963775
4965575
4989884
4990832
5031049
5031050
5119489
5357027
5435500
5497888
5541018
5543958
5568179
5660062
5808344
5809217
6090391
6090398
6117551
6123347
6156671
6164657
6170539
6172418
6182566
6183169
6185474
6193759
6210229
6255284
6258997
6260584
6313480
6313670
6314712
6315540
6316278
6332649
6334606
6410988
6427178
6609154
6753953
6791708
7123998
7476942
7516656
7547973
7578273
7607219
7650741
7695649
7711042
7758469
7764220
7766088
7766401
7782159
7789535
7858423
7866746
7872963
7877175
7909543
7944369
7946082
8003042
8004636
8039494
8047536
8052251
8083171
8095933
8142395
8162185
8182059
8183279
8186089
8201623
8272429
8286327
8299155
8316212
8344276
8377204
8404902
8418836
8476297
8487771
8494892
8507637
8528007
8538511
8571125
8605150
8637875
8741987
8778784
8899981
8931144
8937565
8951809
9010933
9094422
9102546
9160109
9231905
9232032
9281417
9297088
9325333
9336842
9515932
9578582
9726872
9757110
9761909
9790845
9860869
10089345
10089471
10099399
10099614
10194383
10196127
10378267
10386620
10593587
10655643
10737181
10924103
10989179
11036525
11104666
11169386
11204764
11222585
11234382
11267650
11283286
11293705
11359794
11389725
11410277
11429457
11432786
11434926
11453991
11456297
11483013
11504884
11524019
11583167
11699647
11746949
11782522
11804334
11837291
11856304
11929278
11945787
11997021
12019515
12039781
12049626
12062526
12101298
12111148
12226187
12368103
12382115
12423891
12460750
12483600
12489121
12524032
12556126
12596853
12598537
12624955
12651114
12675592
12676684
12738633
12807189
12816534
12833216
12836705
14499573
14500872
14580797
14592426
14602648
14618387
14664526
14697229
14714151
14741376
14762003
14976231
14985541
15014930
15059629
15109737
15113687
15184171
15225989
15274613
15345396
15546416
15586816
15596363
15604765
15630563
15653875
15715945
16033520
16114094
16173398
16232602
16232625
16233024
16233236
16233519
16243288
16250231
16300908
16346439
16347093
16391147
16446001
16475221
16516372
16579456
16607942
16625836
16629029
16637328
16661361
16672493
16699573
16707694
16731980
16739957
16762330
16782415
16788051
16789108
16797765
16814610
16835841
16897470
16907724
16934902
16944130
16980498
16987434
17004909
17064773
17123489
17177574
17186140
17196696
17310272
17320379
17391722
17496963
17511612
17530228
17555270
17562282
17586671
17587859
17612603
17655689
17704766
17761415
17768344
17827323
17844999
17898845
17907780
17934737
17935948
17953685
17976171
18050959
18052124
18179538
18298451
18319476
18335278
18351657
18374441
18482834
18500811
18553751
18560598
18573559
18584616
18584627
18587865
18587901
18587980
18588140
18600863
18600872
18604494
18676675
18769877
18820908
18845426
18944392
18957859
18979229
19041913
19061923
19075814
19090116
19120637
19184461
19247799
19292823
19435226
19439642
19466478
19508197
19542274
19637629
19645673
19652358
19674188
19712408
19761257
19789841
19809258
19820923
19841977
19842068
19898544
19916084
19933584
19935889
19941639
19944473
19962130
19962134
19966000
20006438
20016811
20041781
20087918
20124706
20150929
20208443
20372028
20380146
20492185
20593182
20599380
20624459
20625734
20638145
20709850
20713103
20801027
20813135
20814730
20817842
20946913
20951110
20967460
20971906
21044046
21076485
21104084
21118702
21141122
21183239
21219716
21221936
21232939
21235220
21237217
21262282
21278265
21310062
21335978
21366893
21391672
21429298
21507388
21515778
21547798
21551302
21568297
21617349
21665467
21670980
21671997
21735259
21754944
21774329
21780143
21780825
21786380
21809019
21810402
21811596
21819557
21824291
21858429
21870159
21872538
21889958
21907234
21914895
21935588
21949544
21968725
21979064
21993479
22017648
22019398
22020314
22029651
22029857
22040458
22046969
22070830
22075636
22083279
22097779
22127128
22183144
22252803
22257263
22257446
22318896
22350068
22365392
22367935
22385216
22399722
22408246
22418084
22453659
22476971
22480991
22509851
22520222
22531627
22551674
22561851
22561853
22581589
22619969
22628498
22629294
22671984
22677773
22677979
22685147
22720735
22775008
22805938
22869080
22924833
22934352
22981824
22982610
22987248
23028379
23043837
23053112
23075168
23081771
23108702
23117674
23160135
23174269
23181595
23196984
23200657
23209201
23236845
23253117
23265519
23266849
23275049
23306133
23314361
23314366
23329061
23357245
23387377
23391926
23454292
23455449
23483288
23516223
23519834
23521121
23541032
23553741
23565829
23571124
23577299
23624094
23626928
23637711
23670314
23676905
23685270
23718003
23727811
23744287
23750951
23756779
23761292
23762763
23770444
23797331
23813340
23825735
23829709
23833642
23838040
23873640
23874669
23878226
23881443
23905794
23911473
23923536
23923542
23935892
23936776
23952642
23961220
23973839
23990072
23994699
24012512
24020904
24043450
24064466
24068498
24071577
24085393
24091247
24098433
24132666
24164115
24164268
24164289
24229421
24233590
24258791
24277414
24280513
24290653
24293733
24319380
24332628
24349428
24354768
24370986
24426131
24426149
24426157
24441510
24446932
24463274
24471064
24493945
24499361
24503983
24527448
24530369
24547697
24548079
24558978
24584252
24598011
24609498
24610713
24612247
24615526
24615687
24616230
24616257
24623107
24632400
24641281
24660634
24675861
24684540
24690635
24690914
24691870
24697146
24698790
24702101
24712753
24747716
24769902
24795707
24814798
24832089
24847778
24859524
24861342
24889125
24902704
24904564
24934960
24948774
24986065
25036971
25048240
25059875
25060609
25062479
25074353
25078814
25087911
25097431
25104035
25119988
25149655
25187685
25197456
25197462
25198855
25199258
25199563
25209511
25211522
25212614
25238955
25252459
25261512
25267487
25285593
25288929
25288943
25294724
25299644
25299960
25322261
25323721
25341472
25355936
25359911
25362510
25365175
25366212
25407729
25416137
25421163
25427716
25434210
25439890
25441601
25451753
25464087
25468427
25472439
25475292
25481056
25484880
25509353
25509395
25511625
25512025
25514373
25517039
25540046
25541516
25557002
25557819
25557820
25563420
25573933
25586328
25588529
25613522
25625034
25639040
25640398
25658640
25660401
25676753
25681188
25681191
25681192
25689464
25709013
25725457
25725465
25736432
25740801
25756620
25764969
25767235
25783002
25784898
25791847
25800047
25801969
25803299
25808616
25835027
25846929
25849813
25858278
25866429
25883273
25895094
25910648
25921807
25953857
25970693
25976169
25989039
25996156
26009750
26011252
26011557
26018288
26019494
26035127
26036027
26060434
26092061
26123083
26133043
26140441
26149667
26160009
26171785
26188308
26199552
26217321
26222828
26236296
26242387
26268540
26272562
26284057
26296537
26297906
26299754
26299781
26314414
26337367
26342462
26344273
26346121
26347185
26347755
26350801
26362119
26369962
26370336
26375163
26379654
26400739
26410449
26430040
26455814
26460787
26496638
26518268
26518441
26519395
26528531
26538191
26540162
26541369
26543437
26558794
26564038
26571658
26577655
26586881
26607897
26655454
26664954
26671753
26672445
26672917
26681628
26685621
26686611
26691486
26696998
26702995
26707697
26718470
26740755
26747251
26752595
26762026
26765124
26781121
26781320
26781678
26783071
26808445
26820322
26822828
26823600
26829106
26856450
26869996
26892720
26907762
26912322
26916714
26932244
26933936
26945577
26945590
26975321
26992794
26999956
27025068
27035066
27053756
27067079
27092166
27103342
27110057
27114322
27122203
27142029
27150333
27150334
27150918
27160576
27161758
27162377
27165015
27174261
27175828
27182958
27183998
27184127
27194952
27200058
27239477
27243566
27251036
27254757
27260154
27263830
27267622
27294522
27296443
27298603
27312701
27314317
27323751
27373509
27373920
27381335
27396121
27430510
27445991
27460865
27481703
27507023
27507445
27513952
27530146
27539744
27541497
27570306
27575333
27578391
27583463
27611603
27646210
27664733
27664740
27670086
27671697
27708652
27719931
27722375
27723315
27727491
27730334
27747356
27752498
27780963
27787755
27797724
27812526
27826807
27836719
27838909
27840979
27842869
27855517
27863465
27912317
27918491
27925169
27934031
27937752
27939684
27940096
27957629
27965639
27989764
27994575
27999972
28039774
28040156
28041832
28044456
28050849
28050857
28066362
28070544
28088196
28090278
28091587
28092002
28093209
28112210
28120195
28124780
28130767
28131539
28154555
28163698
28164794
28176460
28191883
28197131
28197690
28204884
28213029
28219382
28219523
28242930
28244029
28291380
28321368
28324364
28324477
28324546
28324580
28330279
28363654
28365354
28376795
28382029
28384588
28401458
28455550
28457958
28460924
28476667
28481506
28517918
28521229
28525654
28531554
28532451
28545259
28555132
28560847
28571306
28571307
28574306
28578227
28583081
28585422
28587617
28588570
28600796
28626668
28636439
28647117
28657581
28664219
28690159
28719340
28724263
28732724
28733288
28741666
28744833
28751732
28754632
28756127
28763483
28803260
28824571
28832120
28840402
28842846
28844975
28846195
28855909
28869562
28870341
28873597
28878496
28899090
28900441
28904348
28911502
28917834
28920176
28925953
28936838
28955633
28961818
28978203
29018313
29044981
29045133
29077011
29077888
29090851
29101598
29101733
29111704
29121702
29124466
29134097
29157810
29180295
29184254
29186395
29189900
29202700
29204317
29218414
29226031
29230232
29232909
29238921
29247572
29249066
29251817
29253319
29277233
29280555
29282825
29288594
29304029
29309236
29312278
29314285
29314469
29338423
29341842
29375501
29424683
29427424
29439688
29442024
29446976
29447287
29450115
29453255
29453688
29458043
29459891
29473989
29486411
29487574
29547907
29551214
29564121
29596960
29648449
29651158
29652669
29698535
29702138
29702421
29714096
29729336
29737437
29741826
29755447
29761893
29777829
29799309
29807400
29853165
29855042
29859892
29869718
29888388
29893088
29898867
29907529
29907615
29913149
29930072
29933991
29985434
29995877
29996620
30002997
30003464
30015440
30030233
30031472
30061502
30091245
30099892
30115969
30117660
30120119
30120645
30125703
30141599
30141849
30141886
30143892
30146698
30179289
30195391
30200767
30203187
30210477
30221117
30227296
30243385
30251004
30251231
30263301
30263468
30283150
30285152
30285749
30294240
30295868
30297045
30301311
30303444
30305029
30309561
30359751
30366262
30369116
30374716
30380825
30381171
30384906
30389529
30391317
30405544
30405657
30406296
30406346
30445592
30460829
30467499
30471120
30471337
30480418
30489645
30501023
30533784
30543111
30554311
30596699
30603878
30603963
30642469
30647644
30671050
30674007
30677334
30682996
30686827
30695712
30699936
30706640
30733737
30744815
30746611
30804972
30810956
30812559
30822193
30830445
30832108
30834486
30838447
30847034
30866628
30873147
30878620
30880180
30891680
30897483
30898089
30900037
30907064
30929605
30943605
30955229
30956662
30964236
30964325
30967850
30971238
30975808
30978801
30982315
31001829
31002111
31053917
31055146
31061284
31067264
31074681
31087908
31088352
31098827
31108786
31111431
31134460
31137632
31156586
31176475
31191487
31207889
31210783
31218650
31219230
31219564
31232308
31243734
31246026
31246421
31264099
31271109
31275703
31284943
31286217
31320818
31322486
31333608
31338543
31349173
31352508
31375487
31386159
31393167
31407219
31413231
31417134
31424471
31428064
31442862
31465875
31483848
31485468
31497388
31516550
31528339
31557504
31568665
31580420
31581363
31601062
31623124
31630240
31632218
31665025
31669946
31671281
31673777
31675066
31687392
31694203
31696021
31696207
31715659
31734434
31739073
31741422
31742290
31747270
31756605
31759024
31760024
31771146
31776225
31781054
31784950
31784951
31793783
31811889
31824938
31832841
31836790
31837088
31841937
31842360
31842877
31846773
31855694
31861934
31862509
31870288
31883885
31887379
31894376
31897537
31918182
31926284
31938970
31954122
31955739
31973845
31974158
31976130
31981306
31982854
31988831
31989448
32002598
32017555
32027900
32038545
32038550
32039187
32040605
32044021
32047357
32056215
32079403
32085415
32111210
32154350
32180959
32183580
32190658
32194577
32219482
32222680
32240706
32242927
32250009
32258866
32272400
32276327
32300795
32325213
32331647
32353226
32361649
32365662
32365691
32369478
32374310
32399789
32402399
32425896
32442570
32443519
32484905
32488618
32492021
32536566
32539950
32542685
32547339
32556931
32556932
32577851
32585817
32614907
32621124
32624798
32625523
32625616
32625860
32625864
32626169
32626171
32626268
32626506
32633607
32639629
32640687
32665792
32692280
32699323
32710168
32715680
32719949
32724140
32749660
32765583
32768845
32778917
32794764
32815728
32825632
32827872
32840729
32846310
32867972
32870457
32874224
32874236
32874302
32882776
32908418
32912696
32916846
32922419
32924087
32924362
32942857
32944805
32954686
32956384
32956793
32960302
32962766
32973341
32983037
32997385
33000419
33010275
33048960
33060819
33063212
33078570
33081407
33084964
33088501
33089240
33097500
33102848
33121206
33124404
33124680
33129652
33140140
33144885
33152809
33189071
33205288
33211366
33224216
33226581
33228003
33232445
33240796
33240950
33245440
33255575
33278447
33280382
33281760
33282230
33282236
33287813
33289241
33289407
33325723
33356220
33374079
33383944
33387595
33391199
33392823
33393308
33411929
33420315
33442935
33445684
33460520
33477596
33478805
33505087
33510732
33519992
33520585
33523421
33532183
33540220
33544364
33544924
33548150
33561461
33572917
33573182
33592223
33630062
33631366
33646457
33650220
33653343
33665789
33668259
33668643
33671171
33674993
33679639
33689311
33712147
33721203
33727180
33731109
33758248
33779934
33798719
33801094
33802666
33812562
33839507
33858522
33859242
33869283
33897861
33899316
33900565
33914927
33929595
33930417
33933810
33964177
33968244
33974665
33976316
33997347
34008152
34010101
34015563
34025803
34049541
34064519
34066922
34071470
34086133
34090033
34093620
34094854
34096779
34101313
34103586
34113368
34114085
34119201
34139525
34140993
34150896
34173842
34175435
34180603
34180606
34181159
34194109
34194412
34200967
34216658
34220246
34222035
34245640
34249391
34261851
34265351
34280033
34299554
34303774
34303961
34311732
34320359
34335509
34354390
34360485
34366598
34373438
34378160
34378980
34378986
34382164
34384169
34398423
34410152
34415389
34422005
34435869
34436243
34443509
34443655
34456948
34480626
34484132
34491099
34494700
34502882
34510303
34512576
34523054
34538716
34564178
34570959
34574855
34583082
34591661
34599994
34603274
34611527
34623584
34645869
34647847
34656832
34659348
34664128
34664468
34675143
34679179
34679680
34680832
34682217
34683420
34684889
34685934
34695706
34708509
34717106
34721361
34740552
34740624
34742021
34745051
34746206
34756081
34761085
34777321
34796353
34822536
34825384
34827195
34827365
34827959
34828975
34829976
34832680
34833876
34835361
34835523
34864226
34869254
34875839
34897250
34905359
34913995
34920383
34944232
34944289
34946111
34954102
34959528
34970243
34974122
34982230
34986046
34991225
34991716
34994000
34997335
35032955
35039210
35055983
35061923
35065137
35068361
35069484
35069576
35072508
35077231
35080439
35107331
35114794
35121218
35137293
35145928
35161323
35161427
35161438
35163617
35164396
35183721
35184199
35201642
35202630
35208702
35208782
35208872
35214890
35218993
35223795
35231686
35250060
35256663
35274019
35277802
35283881
35293898
35297645
35304210
35314117
35332200
35337253
35346203
35368293
35377511
35390741
35407002
35448859
35456879
35470622
35470823
35472466
35475500
35497355
35504017
35512239
35536569
35565558
35565934
35568093
35580796
35597695
35604328
35612705
35620100
35643496
35644456
35677418
35677864
35711797
35728422
35730125
35732803
35741746
35743880
35757793
35767906
35774453
35782484
35788449
35793151
35793153
35793970
35807503
35814672
35814682
35835382
35840836
35843526
35844917
35856701
35868259
35882927
35894052
35906551
35913211
35917672
35933471
35958126
35966703
35984403
35984991
35985398
35992677
35996807
35997331
36000263
36012806
36014053
36016452
36033913
36052710
36072504
36087231
36094421
36099660
36110310
36114594
36116146
36121233
36121540
36129276
36142159
36144452
36150354
36159666
36159706
36166149
36213630
36230072
36230100
36232419
36243085
36261966
36275534
36277040
36280009
36286175
36290294
36296169
36297756
36334472
36334743
36334825
36338047
36352269
36358345
36367472
36386928
36388520
36394712
36406417
36407626
36410217
36422044
36426779
36428313
36429242
36431599
36439093
36452300
36458223
36473160
36523751
36527786
36531390
36536234
36538096
36553715
36570225
36585549
36587550
36588174
36608408
36611655
36621745
36632621
36634244
36634665
36635489
36668873
36678385
36724027
36724248
36743572
36771257
36771565
36778878
36780973
36795258
36802037
36813058
36814714
36819051
36840316
36857902
36876063
36876786
36877314
36899631
36907904
36929355
36929653
36939156
36940875
36983504
36986457
36987039
36987330
36994576
37007512
37011842
37015178
37037897
37046080
37055595
37055827
37090471
37096395
37100310
37110750
37112046
37114793
37125175
37170549
37176793
37176882
37181301
37183209
37188640
37189223
37214100
37240310
37242273
37265494
37315862
37317138
37317201
37333651
37367623
37374932
37375030
37388456
37402243
37406107
37427858
37432122
37445197
37446158
37446606
37480606
37499217
37512832
37512962
37520297
37520441
37529618
37583945
37584890
37624706
37625297
37628083
37630451
37630615
37634771
37641595
37645460
37650012
37652982
37659787
37660450
37667202
37673927
37674059
37691617
37692204
37700863
37701018
37706503
37709210
37709234
37734207
37740157
37740438
37744928
37752899
37764059
37779991
37781531
37787520
37791524
37793074
37802457
37803646
37826939
37829003
37833470
37836169
37851246
37869663
37875638
37886428
37894042
37901825
37919016
37932353
37939120
37940238
37945959
37958876
37959016
37965559
37979849
37994626
37998854
38003803
38009166
38012823
38018097
38023856
38023909
38027440
38029129
38030944
38035137
38035141
38035962
38053437
38060139
38066948
38068694
38072331
38072810
38075636
38075935
38089002
38096260
38129052
38132743
38133178
38138028
38138073
38144793
38160746
38173058
38189906
38189984
38194830
38205807
38219365
38240797
38246103
38251231
38259936
38259940
38303140
38307335
38310779
38319095
38330650
38333584
38342309
38377852
38389854
38393143
38399823
38405110
38405589
38410147
38414770
38432182
38433111
38441977
38457886
38475518
38484112
38491079
38515623
38519180
38535181
38545390
38591025
38598883
38611463
38623272
38631413
38632051
38633184
38633698
38636380
38642140
38647608
38652228
38666864
38666980
38674596
38676716
38689148
38708392
38710854
38721818
38723822
38741669
38745279
38751508
38751722
38755297
38760133
38775801
38783711
38786713
38788497
38790803
38792831
38803604
38808274
38833859
38848632
38850460
38854004
38890167
38891005
38891242
38891594
38911470
38912806
38921396
38929376
38930431
38930628
38930629
38948222
38952982
38956640
38957116
38957751
38966135
38970998
38974727
38982640
38989016
38991649
38997545
38998518
39020234
39033227
39047617
39079269
39113835
39162861
39179321
39189211
39195513
39202955
39203375
39204621
39204649
39220339
39223475
39224266
39225770
39243685
39263153
39263443
39273989
39276878
39277120
39281311
39293109
39293317
39293379
39311577
39322149
39336095
39338436
39339566
39348005
39359630
39363902
39376233
39376562
39399536
39407675
39409759
39414209
39420351
39437432
39447657
39453228
39466852
39483026
39483675
39489321
39500163
39510464
39522903
39524532
39529752
39545221
39545962
39555520
39590764
39592029
39592916
39597515
39597768
39599433
39603034
39604316
