83152
201608
279900
364964
387751
498798
542135
595298
793633
1390110
1441199
1544573
1556079
1572539
1577685
1698277
1708377
1720664
1753887
1779750
1780576
1849633
1879948
1901498
1901820
1908794
1936938
1956771
1975664
1992485
2049526
2060765
2104612
2132784
2207164
2275861
2318804
2322937
2357470
2394716
2444556
2444558
2448791
2478713
2501503
2708324
2786189
2808301
2822658
2826447
2834319
3038846
3141576
3217561
3253856
3256232
3312102
3326041
3340543
3378626
3405203
3419421
3448724
3481422
3502716
3660581
3667229
3667235
3717939
3745117
3745126
3751721
3765306
3887399
3936937
4063067
4066560
4612102
6084546
6094981
6095194
6160144
6169010
6187002
6201476
6206654
6208457
6208458
6210267
6272066
6277632
6289267
6289408
6324119
6338497
6384426
6392418
6511323
6547954
6619146
6724620
6750757
6758777
6870714
6960228
7093258
7123056
7123059
7150569
7213725
7236590
7236612
7262083
7301591
7354003
7388005
7388006
7388026
7433124
7451451
7476192
7504241
7513847
7521527
7534276
7582895
7606168
7619794
7658467
7687343
7703858
7809132
7828871
7852840
7907804
7975056
8044823
8058824
8112597
8169205
8170990
8233831
8253673
8253782
8282191
8322544
8347516
8347517
8423141
8434920
8464722
8471722
8495362
8527148
8539034
8552636
8604303
8635731
8657612
8710835
8748175
8749843
8770565
8815084
8844861
8901498
8953539
8995799
9072080
9170268
9188690
9190020
9202414
9211239
9249065
9302216
9343922
9440514
9498566
9557132
9573185
9586062
9588108
9618887
9705652
9717452
9718298
9766210
10498720
10512041
10572300
10689167
10721724
10747118
10843078
11060083
11118738
11126579
11126580
11163719
11376960
11423192
11731157
11844618
12057968
12069276
12183538
12379056
12383637
12427276
12576593
14527727
14597175
14602921
14964115
15530747
15663077
15729893
15750104
15932982
16293373
16324858
16642877
16727906
16788201
16870783
17150903
17265768
17361779
17405622
17469281
17600181
17606362
17682889
17911291
17966273
17969714
17972304
17981406
18062246
18234866
18634752
18678244
18757908
18941287
18989743
19218595
19446411
19502315
19551484
19696314
20091126
20462161
21726966
21756321
21908324
21951488
21994928
22172532
22558362
22673397
22836035
23558376
23658230
23759248
24000185
24565080
24939895
25059705
25069622
25323717
25323727
25638988
25774095
26040761
26085615
26088269
26089408
26149260
26174672
26516086
26943994
27123588
27488189
27542414
27649681
28111131
28115382
28346546
28671064
28729256
28754725
28830505
28893065
29519518
30086851
30315701
30397847
30531986
30538929
30574997
30645947
30736863
30929577
31071461
31228086
31340571
31635322
31705356
32270856
32273025
32601044
32625293
32629984
32728480
33083610
33211173
33448706
33601778
33685366
34203625
34321522
34475711
34934457
35087481
35106092
35481631
35511588
35774105
35835047
36014052
36049268
36226029
36376306
36376915
36422368
37043886
37790116
38143857
38147988
38193814
38664764
38930500
39014419
39061526
39225972
39304865
39347878
83152
201608
279900
364964
387751
498798
542135
595298
793633
1390110
1441199
1544573
1556079
1572539
1577685
1698277
1708377
1716774
1720664
1722304
1753887
1779750
1780576
1809213
1849633
1879948
1901498
1901820
1908794
1936938
1956771
1975664
1992485
2049526
2060765
2104612
2132784
2207164
2275861
2318804
2322937
2357470
2394716
2444556
2444558
2448791
2478713
2485543
2501503
2708324
2786189
2808301
2822658
2826447
2834319
3038846
3056135
3141576
3217561
3253856
3256232
3287526
3312102
3326041
3340543
3378626
3405203
3419421
3448724
3481422
3502716
3660581
3667229
3667235
3717939
3745117
3745126
3751721
3765306
3887399
3936937
4063067
4066560
4612102
6084546
6094981
6095194
6160144
6169010
6187002
6201476
6206654
6208457
6208458
6210267
6272066
6277632
6289267
6289408
6324119
6338497
6384426
6392418
6511323
6547954
6619146
6724620
6750757
6758777
6870714
6960228
7093258
7123056
7123059
7150569
7159311
7213725
7236590
7236612
7262083
7301591
7354003
7388005
7388006
7388026
7433124
7451451
7476192
7504241
7513847
7521527
7534276
7582895
7606168
7619794
7658467
7687343
7703858
7809132
7828871
7852840
7907804
7975056
8044823
8058824
8112597
8169205
8170990
8233831
8253673
8253782
8282191
8322544
8347516
8347517
8423141
8434920
8464722
8471722
8495362
8527148
8539034
8552636
8604303
8635731
8657612
8710835
8748175
8749843
8770565
8815084
8844861
8901498
8953539
8995799
9072080
9170268
9188690
9190020
9202414
9211239
9249065
9302216
9343922
9440514
9498566
9557132
9573185
9586062
9588108
9618887
9705652
9717452
9718298
9766210
10498720
10512041
10572300
10689167
10721724
10747118
10843078
11060083
11118738
11126579
11126580
11163719
11376960
11423192
11731157
11844618
12057968
12069276
12183538
12379056
12383637
12427276
12576593
14527727
14597175
14602921
14964115
15530747
15663077
15729893
15750104
15932982
16293373
16324858
16642877
16727906
16788201
16870783
17150903
17265768
17361779
17405622
17469281
17600181
17606362
17682889
17911291
17966273
17969714
17972304
17981406
18062246
18234866
18634752
18678244
18757908
18941287
18989743
19218595
19446411
19502315
19551484
19696314
20091126
20462161
21726966
21756321
21908324
21951488
21994928
22172532
22558362
22673397
22836035
23558376
23658230
23759248
24000185
24565080
24939895
25059705
25069622
25323717
25323727
25638988
25774095
26040761
26085615
26088269
26089408
26149260
26174672
26516086
26943994
27123588
27488189
27542414
27649681
28111131
28115382
28346546
28671064
28729256
28754725
28830505
28893065
29519518
30086851
30315701
30397847
30531986
30538929
30574997
30645947
30736863
30929577
31071461
31228086
31340571
31635322
31705356
32270856
32273025
32601044
32625293
32629984
32728480
33083610
33211173
33448706
33601778
33685366
34203625
34321522
34475711
34934457
35087481
35106092
35481631
35511588
35774105
35835047
36014052
36049268
36226029
36376306
36376915
36422368
37043886
37790116
38143857
38147988
38193814
38664764
38930500
39014419
39061526
39225972
39304865
39347878
