6051
12154
14109
18217
18639
20150
21175
21523
33117
40995
50048
56916
62857
77894
96257
96929
97301
107171
109126
109401
109402
119034
144834
147930
171670
182073
184906
189750
194534
196159
196658
200600
218515
228160
228161
234460
234747
237787
240851
331006
338899
345276
354442
374335
404290
422564
430028
437282
437283
443992
447680
447681
447686
457603
457682
464582
467663
476567
485133
497149
497164
498138
512636
521433
540268
543159
573662
573748
592797
597795
615109
618845
623497
629939
632292
637569
641008
648724
648725
650670
651562
658048
661626
668030
672463
672464
672670
680866
720334
721126
721127
738746
743238
745002
751909
772130
779553
782565
786904
804017
804436
805118
807704
812956
820673
824042
829910
845126
846485
856004
856790
857915
879732
885878
885879
885880
889863
895386
921754
921755
957909
971320
974902
977547
978841
985376
994349
999295
1010842
1085756
1085757
1092357
1098744
1100201
1104423
1106774
1107222
1111583
1112801
1123344
1124316
1137385
1137395
1137396
1137405
1154945
1180872
1191251
1198916
1210357
1221028
1240273
1252996
1262310
1268196
1292477
1310791
1319278
1325383
1331001
1334270
1336563
1352683
1368562
1418079
1435262
1458367
1471825
1488552
1488556
1501713
1527058
1531970
1537546
1555758
1556552
1584079
1615023
1624470
1653167
1657866
1660454
1665195
1692812
1701560
1724546
1748873
1777355
1787803
1789655
1795213
1798672
1800634
1856597
1866699
1883331
1901654
1938900
1953799
1954242
1971749
2009922
2023362
2052623
2082148
2104492
2106913
2114191
2121783
2127614
2153655
2156112
2191078
2199300
2202378
2209895
2224905
2229390
2294152
2323824
2324094
2341164
2345129
2456036
2467181
2470636
2480954
2496980
2503993
2503997
2516880
2547895
2569461
2599362
2612878
2620911
2632668
2635863
2652256
2654539
2667997
2746258
2777756
2806545
2817850
2842799
2863260
2891360
2892108
2896760
2909862
2942636
2987173
3000371
3061453
3087325
3105227
3116490
3126069
3127376
3127539
3137860
3145713
3226228
3279207
3280996
3287753
3289979
3315744
3331085
3342242
3343224
3370650
3384753
3392420
3440025
3440089
3519537
3558356
3566963
3570371
3592373
3619192
3621239
3653931
3654621
3660971
3705506
3711043
3724208
3728214
3745113
3747558
3747705
3759906
3782054
3800555
3823819
3833662
3833669
3833694
3841017
3841542
3853966
3877858
3893435
3933210
3980471
3995406
4005711
4010540
4077161
4105096
4113889
4136561
4139295
4141739
4143099
4200672
4204039
4220076
4239593
4282838
4310866
4324242
4325683
4327508
4337332
4342812
4389793
4404431
4425672
4429969
4502937
4552940
4562799
4623285
4632324
4652567
4657139
4690961
4691386
4716544
4723068
4741892
4741910
4745267
4749726
4790850
4790932
4793884
4808895
4811552
4816630
4828528
4840434
4916405
4924836
4924838
4925435
4941561
4942761
4957222
4959802
5014933
5017887
5034223
5038198
5040786
5053464
5071388
5078877
5079067
5086655
5117557
5136449
5141665
5144215
5166136
5295216
5315708
5316573
5340345
5347966
5353534
5365364
5370027
5410970
5433524
5437732
5438047
5453532
5462508
5475679
5475680
5479524
5497301
5500292
5501654
5531497
5531566
5559612
5586755
5607096
5644441
5726179
5726204
5726213
5739148
5742032
5745677
5752032
5783468
5783478
5788504
5792676
5801439
5809729
5821984
5832279
5874532
5884106
5890540
5922295
5948324
5951271
5951551
5961177
5966265
6010587
6021418
6030461
6034036
6048780
6049379
6058033
6085252
6145417
6147340
6154530
6163948
6166835
6168632
6173740
6177616
6179798
6181183
6198315
6206198
6214895
6253767
6289767
6290395
6297598
6307736
6339018
6339181
6362832
6368426
6372572
6379784
6389044
6464659
6465738
6470677
6477957
6486760
6501266
6508073
6508074
6516537
6520602
6546395
6602935
6614924
6645984
6654844
6659854
6667087
6705792
6706966
6706967
6726178
6728683
6769502
6811691
6811692
6822534
6826523
6849953
6852687
6852688
6853393
6859401
6870194
6882866
6885719
6912073
6930653
6933148
6989958
6995326
7002798
7030274
7051044
7054140
7061029
7061496
7077296
7096262
7118926
7118938
7129549
7142122
7150277
7168369
7179349
7208576
7223123
7224782
7225412
7247380
7251572
7305326
7305941
7315537
7320699
7334001
7343642
7347565
7358709
7364726
7365454
7370003
7406599
7407711
7417453
7419132
7419493
7429371
7451404
7451405
7476185
7476195
7489918
7489919
7529012
7534413
7538688
7551043
7558311
7569783
7588770
7590178
7592430
7592990
7604044
7604045
7609603
7614433
7615081
7623662
7636859
7642133
7642533
7644534
7650033
7663426
7673210
7696430
7737482
7746156
7751221
7759478
7764135
7765445
7768157
7773382
7773417
7803462
7809112
7811008
7819287
7826328
7830572
7836298
7854120
7856406
7858406
7864376
7868221
7875717
7885234
7899512
7910936
7928982
7958472
7961429
7982497
7986015
8000545
8000546
8002018
8027668
8031050
8039054
8040931
8045427
8051267
8065266
8072827
8083238
8093238
8125243
8132154
8132518
8149383
8162182
8196545
8208136
8226625
8248628
8288551
8316080
8349558
8363387
8393827
8399336
8408541
8418047
8426607
8458954
8459767
8466947
8473863
8513061
8540740
8541807
8550025
8550187
8550466
8550480
8552639
8557572
8570621
8574396
8576057
8576916
8585727
8585728
8585730
8594325
8596439
8596440
8610119
8621083
8621097
8631674
8631826
8633206
8636044
8647369
8655485
8655555
8655566
8663383
8682782
8692009
8704992
8706724
8733116
8733228
8748248
8757813
8794763
8800816
8806641
8807046
8808947
8809745
8828210
8830260
8830711
8841393
8842710
8843442
8862568
8868442
8870251
8876238
8878580
8885395
8890748
8891143
8891145
8892841
8896513
8900018
8900059
8907487
8907489
8910503
8914922
8917504
8917570
8918226
8921903
8931333
8932306
8932528
8939436
8939440
8939897
8945562
8945590
8947487
8955410
8971706
8981996
8982091
8986825
8995236
9034323
9044265
9054972
9073067
9084176
9084178
9098059
9098072
9103972
9124847
9125582
9139909
9140972
9141669
9142806
9143318
9145897
9159528
9169204
9178431
9179842
9185847
9192093
9199416
9202184
9207204
9209023
9228484
9229098
9243799
9244267
9245815
9248086
9257748
9260945
9271081
9274023
9278431
9282749
9284169
9294446
9297833
9317035
9324274
9335277
9341146
9352074
9353032
9353939
9371349
9380506
9382887
9387237
9393721
9401044
9402018
9402029
9420031
9422594
9425059
9427395
9427405
9438400
9450313
9473032
9495740
9512537
9517959
9533459
9541026
9555906
9559785
9573199
9573214
9574680
9593741
9599585
9603894
9607835
9611795
9632259
9655195
9666025
9666957
9669658
9671779
9673018
9682381
9687386
9692181
9694888
9698372
9705430
9705513
9711831
9718207
9719676
9720034
9720865
9720877
9720878
9721311
9725231
9733688
9765584
9766200
9767585
9768276
9780234
9785446
9791104
9791129
9794435
9795143
9795994
9802011
9804803
9806974
9809415
9811635
9811672
9822818
9846755
9852030
9862957
9864340
9869590
9882658
9883470
9884232
9891296
9894918
9921478
9921479
9921480
9931474
9933629
9949810
9973360
9973365
9987795
9989274
9989944
9990078
10049249
10049298
10049692
10063807
10080959
10087218
10092667
10097154
10103210
10196766
10200973
10206696
10208805
10217485
10219873
10227476
10231573
10233685
10315152
10333556
10336611
10347765
10348851
10348853
10374253
10376836
10384130
10400584
10402076
10408093
10411262
10419962
10422690
10431837
10438049
10438745
10446237
10466210
10476028
10481025
10499299
10500768
10510238
10512639
10517603
10517605
10531370
10537213
10542168
10542234
10548730
10548751
10555330
10572138
10582900
10589994
10594364
10603413
10618227
10618433
10620015
10620682
10628850
10629169
10629183
10644694
10645447
10647083
10652095
10656115
10658666
10660056
10660497
10702292
10702355
10707257
10708368
10708369
10709463
10712684
10728558
10734203
10768957
10784059
10801784
10815738
10816731
10817733
10819298
10851013
10852861
10852869
10852894
10855661
10858225
10866802
10867233
10869086
10869170
10878117
10880571
10889206
10894747
10898673
10899880
10899899
10913817
10925203
10937884
10968643
10974107
10974108
10978158
10986252
10998270
11004176
11035739
11045626
11052913
11064188
11064205
11069663
11073729
11073937
11073941
11079442
11083637
11092856
11094273
11101667
11112631
11113452
11114922
11123548
11123671
11123672
11123691
11136814
11137649
11150671
11158364
11160374
11179309
11181364
11185735
11250077
11251819
11251835
11252327
11257028
11257547
11277926
11278451
11283297
11302790
11309127
11358435
11373123
11390686
11395463
11401966
11425478
11425536
11437392
11447506
11449609
11463789
11471832
11478899
11479701
11488816
11495282
11495285
11496007
11496008
11544235
11549020
11549416
11552951
11553579
11554791
11557458
11557484
11567012
11570974
11576606
11577073
11581225
11583850
11584596
11677227
11678665
11698368
11705902
11705926
11707328
11709313
11716786
11717254
11717265
11722747
11728726
11739759
11739760
11739761
11750829
11751110
11771758
11772411
11782521
11796724
11800581
11800587
11807068
11811618
11812235
11814670
11831854
11832516
11836093
11849542
11849545
11854248
11882713
11886197
11888165
11899706
11914348
11932443
11945420
11946084
11947153
11959546
11966400
11971010
12000834
12007815
12010964
12023885
12029057
12033919
12052567
12054803
12057006
12063260
12068013
12072441
12076818
12079383
12082169
12083515
12084054
12101288
12106014
12122024
12130659
12149464
12153113
12165345
12173780
12193615
12204559
12207698
12209262
12234013
12234471
12355367
12368427
12368428
12368432
12368433
12368434
12368437
12368439
12368441
12368442
12368443
12368447
12375100
12384335
12406221
12406775
12410821
12414747
12417583
12420157
12427759
12444676
12446629
12450848
12453216
12462348
12466274
12467615
12473104
12473649
12480893
12482750
12482950
12486050
12490705
12496255
12499203
12501242
12509987
12514036
12529011
12538025
12542471
12547619
12555580
12565899
12581360
12581642
12591871
12593673
12595455
12620630
12628650
12634345
12654922
12659768
12669068
12670676
12674827
12676127
12679366
12694921
12709313
12717039
12719430
12724395
12754249
12755481
12760681
12767342
12773167
12775670
12775723
12777499
12781192
12782376
12795618
12805268
12809551
12809568
12824550
12826660
12829695
12834010
12837805
12851411
12855181
12855717
12860311
12867481
12897018
12900031
12906837
12923099
12940978
12945045
12949087
12949106
12949157
12951764
13036079
13069464
13143037
13172243
13302691
13319645
13449037
13819958
13845181
13849090
13863583
13896311
13958686
13984205
14007457
14039061
14045229
14066471
14080790
14113109
14162518
14188717
14190066
14197402
14235505
14293001
14294806
14312618
14336173
14361984
14370184
14480158
14500465
14506008
14506032
14507364
14534313
14554249
14556794
14560664
14575702
14592705
14593448
14600231
14613961
14617171
14623976
14641176
14646086
14656995
14662956
14662964
14680711
14693532
14695899
14698575
14702306
14706739
14725567
14766927
14778057
14824149
14907733
14967601
14976314
14977362
14977927
14987005
14987764
14987776
15039328
15052311
15059632
15060088
15063805
15073295
15090599
15100302
15101979
15102847
15117926
15121875
15135390
15142642
15143482
15147351
15150247
15152807
15158675
15178251
15182284
15184555
15185971
15205406
15213164
15215089
15251201
15258569
15263002
15273144
15289559
15292142
15294902
15296785
15306024
15314236
15317744
15341642
15342574
15345226
15364582
15382047
15385466
15446873
15447630
15447943
15451098
15451099
15466031
15476969
15500486
15504836
15511231
15517689
15522883
15531435
15532981
15533305
15545441
15545488
15553785
15556758
15557600
15563844
15567275
15571628
15576843
15590712
15598543
15618191
15620024
15625887
15634688
15661908
15664917
15673735
15673755
15680239
15681149
15687187
15687379
15687380
15699196
15699201
15716431
15717126
15722451
15730777
15743935
15758213
15758215
15774877
15774884
15774887
15774900
15792637
15793137
15795375
15805104
15805521
15812019
15828163
15828170
15855526
15866927
15869465
15882999
15922871
15923126
15930158
15933004
15942014
15942015
15949925
15972512
15978616
15995221
16000728
16000729
16000730
16000745
16008979
16030020
16031192
16031881
16039859
16040206
16041080
16048332
16077011
16077132
16091047
16091848
16098710
16109955
16114094
16125237
16127044
16127056
16129670
16133993
16140533
16159107
16159124
16159762
16159791
16164565
16166521
16166531
16177304
16177323
16192441
16194230
16203168
16207431
16210318
16212035
16232643
16237011
16237013
16237035
16238622
16238626
16245793
16248983
16251328
16256438
16260182
16262797
16266794
16267284
16267291
16304170
16304180
16313172
16313624
16319499
16324276
16325580
16337720
16339949
16352610
16352824
16359921
16368226
16371246
16373429
16375991
16377694
16381882
16385053
16391123
16413184
16415166
16439521
16450070
16452415
16455649
16469750
16481315
16490213
16493068
16508079
16511084
16514162
16524692
16542876
16557769
16557844
16558002
16559848
16561687
16562129
16562847
16569869
16579974
16584627
16585755
16585780
16595643
16597963
16620389
16622018
16622053
16630260
16638535
16643903
16648362
16648861
16667191
16677310
16681836
16687411
16690195
16704981
16709676
16719562
16725377
16731979
16735737
16742589
16757153
16785538
16792411
16797928
16803893
16806798
16814781
16839634
16864078
16873027
16896544
16902752
16908186
16918475
16920742
16923950
16931599
16940050
16943347
16945913
16946267
16946268
16949369
16952951
16954303
16978022
16980473
16980499
16980506
16997990
17003060
17015450
17021205
17021226
17021309
17043130
17046819
17050608
17066962
17070048
17074898
17074913
17076665
17087501
17089148
17095513
17109059
17112641
17116967
17142388
17143269
17172340
17173678
17176104
17183214
17189438
17197041
17208445
17208488
17209034
17242037
17258432
17258454
17259625
17287144
17295914
17299039
17303419
17306300
17319935
17337570
17339358
17340011
17345858
17346035
17360246
17368913
17370578
17376702
17376770
17379577
17390213
17427288
17434691
17445478
17464056
17483222
17490474
17496088
17496093
17496960
17510062
17514767
17517379
17526707
17526710
17538658
17543333
17548501
17557815
17573469
17577575
17583212
17586560
17590537
17601781
17606615
17617692
17623030
17630736
17630969
17635188
17636869
17637345
17638697
17640872
17644601
17644602
17660435
17660436
17664267
17668018
17698424
17712751
17714599
17766411
17784850
17784859
17804795
17822967
17826740
17827284
17848100
17849286
17854402
17873049
17888619
17888739
17893901
17900043
17906131
17921287
17933535
17938218
17949993
17960928
17961594
17963325
17965159
17970586
17979227
17981972
17986264
18006503
18022777
18023590
18024514
18028308
18031532
18031974
18032424
18034340
18048912
18048919
18048930
18055597
18061613
18068979
18070832
18070971
18071244
18078756
18083811
18085750
18092805
18147919
18156250
18173285
18174142
18175374
18177305
18187888
18221489
18248429
18275136
18277534
18281464
18287038
18304349
18304818
18310015
18310019
18310020
18310137
18311074
18316738
18318505
18324436
18326566
18341212
18344361
18349144
18359434
18368234
18371202
18373355
18373646
18387683
18390660
18390674
18391425
18394163
18402702
18403782
18408023
18412151
18417403
18424526
18424702
18430720
18434314
18439872
18439873
18439874
18445621
18450455
18452585
18453720
18458127
18461140
18479969
18487035
18489786
18502542
18505459
18535147
18538548
18544071
18550732
18554329
18556206
18556798
18557704
18559650
18565220
18567661
18573680
18574247
18582112
18594775
18627460
18649046
18649772
18653319
18656956
18658266
18667563
18667565
18672904
18678487
18684956
18689485
18689490
18702526
18703500
18704271
18706230
18708494
18714980
18718518
18723625
18752967
18757811
18757812
18757813
18771745
18776007
18778048
18782045
18795795
18804030
18805974
18824837
18826253
18826970
18832301
18835406
18849433
18952871
18955433
18957600
18989931
19004785
19011038
19016780
19020353
19025562
19028890
19030939
19053270
19060135
19068228
19075057
19076229
19080603
19097862
19098105
19107824
19111590
19114484
19137533
19146576
19146577
19153821
19154331
19159459
19168955
19174563
19201798
19208627
19210624
19218386
19220063
19222581
19233923
19236086
19240020
19244294
19257911
19325122
19329431
19332809
19332834
19357814
19383714
19395561
19421329
19423629
19428723
19439410
19445953
19456862
19460455
19478446
19496931
19505149
19505805
19524332
19543527
19556295
19561094
19564134
19564154
19581406
19581465
19595631
19596878
19609444
19638342
19648025
19648248
19653213
19654261
19661058
19661130
19668859
19682253
19682257
19684133
19715780
19717607
19722080
19732058
19733176
19744987
19755141
19760663
19766723
19771724
19778963
19781824
19801408
19801875
19814810
19815074
19820093
19843229
19852111
19854905
19856302
19861007
19901982
19911579
19922075
19926651
19931887
19932688
19933836
19936295
19937210
19942658
19944079
19949067
19949759
19954457
19956571
20003273
20006300
20006304
20025664
20030344
20030858
20036523
20055916
20056418
20057975
20061478
20062806
20064433
20075070
20076909
20083674
20085764
20087805
20090975
20093291
20094657
20102184
20118231
20133138
20133807
20138056
20139184
20150242
20161351
20167072
20167624
20179771
20181675
20186169
20188740
20202936
20206184
20209361
20215111
20221673
20233304
20233930
20270730
20299402
20331426
20344608
20352111
20363787
20364020
20375425
20378648
20391760
20400545
20401593
20406773
20412585
20420449
20452357
20455546
20456370
20457615
20459763
20483615
20487026
20497227
20498849
20521809
20526830
20529853
20537175
20537903
20543044
20545844
20545852
20556653
20558725
20560059
20560066
20560070
20560073
20560074
20561528
20569083
20573597
20586283
20586430
20601476
20618852
20619975
20624223
20624965
20631680
20637039
20656688
20659288
20675473
20675480
20678902
20686769
20692326
20696500
20696869
20697591
20700526
20705052
20719993
20724386
20735479
20736081
20738222
20739223
20796028
20798167
20798343
20807200
20810423
20851171
20864541
20883320
20926395
20929442
20933470
20952419
20952578
20955364
20966096
20971917
20980200
20987008
20998026
21030587
21036780
21042264
21051548
21060211
21062372
21075796
21081761
21092733
21105745
21114505
21115799
21129420
21143326
21151497
21183637
21193400
21196469
21208358
21209917
21219450
21219454
21232949
21233299
21251882
21277343
21283627
21298013
21300103
21304610
21332993
21335037
21335456
21336990
21341068
21346818
21359846
21362467
21372133
21383100
21393153
21396418
21398489
21410778
21411303
21415119
21418641
21429630
21439037
21442547
21445360
21450551
21451732
21462918
21470298
21489660
21490808
21496246
21502624
21531798
21541743
21543842
21543864
21543870
21547575
21565928
21569686
21571059
21574383
21575707
21576426
21592464
21596824
21613307
21622974
21627103
21628895
21639843
21656815
21676874
21683681
21689690
21700630
21705623
21718348
21726965
21730122
21732963
21736914
21747743
21751489
21752697
21762531
21772930
21774179
21782791
21788136
21790937
21795801
21795802
21803988
21808560
21819455
21821769
21838250
21840972
21840994
21856847
21857792
21858695
21870809
21873494
21879841
21882007
21888227
21892180
21900527
21909674
21918299
21920421
21935379
21952433
21972977
21976733
21982925
21984791
21984794
21986914
21989627
21991340
22004792
22007661
22008214
22008463
22014150
22024828
22026918
22035248
22037849
22050772
22053209
22056691
22059487
22069462
22075031
22088319
22090404
22091866
22101845
22102255
22112933
22127144
22130381
22136524
22138550
22142398
22149706
22164297
22168006
22174691
22188395
22194445
22194452
22195042
22199354
22209468
22224870
22233438
22233444
22235967
22252831
22253795
22265661
22274807
22275355
22282335
22287622
22328222
22343354
22353253
22354303
22354968
22356601
22357284
22359499
22363734
22363768
22366418
22367083
22371116
22383957
22384065
22405039
22405649
22410281
22437825
22446694
22459211
22506030
22507203
22509481
22520756
22523658
22530024
22546648
22547814
22564842
22586093
22590585
22591178
22609911
22610443
22611433
22616579
22628184
22636779
22641846
22646013
22648414
22650367
22655049
22658664
22661693
22675536
22684914
22703373
22704240
22714285
22715276
22719928
22726990
22735598
22740025
22752905
22778419
22787192
22789014
22798073
22805817
22820329
22828590
22834700
22844533
22864992
22868761
22885758
22888372
22889184
22893559
22899555
22905567
22912881
22916289
22923793
22926642
22949201
22952243
22954584
22956756
22957139
22960551
22970148
22970255
22970802
22975264
22982230
23009640
23014988
23019158
23027750
23029216
23038254
23047950
23064392
23084079
23085346
23090428
23100782
23104642
23113903
23116887
23118472
23118955
23121560
23141113
23148223
23150662
23155047
23160121
23164409
23165241
23167250
23167261
23168404
23169799
23171424
23184707
23195184
23198659
23204463
23205944
23214433
23224598
23233486
23250743
23251422
23261833
23262169
23268609
23272800
23275532
23275726
23284742
23288538
23289458
23291528
23292779
23303491
23314046
23333882
23336673
23342495
23343519
23352854
23364516
23365533
23383506
23387305
23396914
23422411
23457790
23458421
23458474
23461520
23468310
23468864
23471967
23474303
23478953
23480849
23482562
23489718
23503307
23518036
23523424
23537553
23549043
23550160
23560592
23565273
23579398
23590462
23591156
23593152
23600706
23601637
23609448
23611424
23612788
23618714
23620593
23629716
23642041
23651353
23662430
23663047
23664678
23689720
23695579
23734992
23735230
23746808
23747411
23749163
23749971
23754544
23757270
23760274
23760605
23789118
23792697
23795683
23802026
23803605
23813678
23819599
23832254
23836904
23841574
23852148
23858033
23863267
23874930
23877358
23895734
23902464
23905016
23907008
23913320
23927792
23930019
23932989
23942420
23956776
23962235
23980617
23982126
23990327
23997220
24002136
24012630
24013632
24036848
24045420
24059867
24073205
24075143
24093492
24094162
24100088
24112767
24126580
24126912
24131522
24148991
24150658
24167255
24167260
24171907
24176019
24184341
24200931
24243718
24244524
24250805
24266988
24285655
24314557
24335314
24339214
24339782
24342191
24361479
24376605
24379196
24388645
24411013
24411680
24414399
24417450
24434114
24439826
24444367
24463011
24478046
24479855
24481187
24481536
24495981
24497635
24504137
24505389
24525621
24528777
24530503
24530527
24535256
24536093
24549842
24558240
24571790
24573673
24575808
24582452
24582981
24584815
24591586
24597853
24607937
24627486
24637753
24637754
24639491
24642256
24652708
24661941
24675085
24681608
24684623
24688874
24690454
24690581
24715891
24722253
24740689
24748621
24749867
24752273
24756475
24760966
24769337
24786571
24792177
24794449
24803520
24825023
24828577
24835198
24843173
24855140
24861678
24874666
24878921
24890219
24902951
24915878
24916895
24934223
24936051
24949109
24950047
24955490
24957055
24957619
24959401
24962732
24984520
24984796
24986881
24987104
24989695
24997995
25001931
25006539
25015887
25016370
25037163
25039052
25047842
25049090
25049411
25058581
25058675
25059528
25063946
25089258
25092027
25108240
25108291
25113069
25114165
25116618
25118234
25122556
25129171
25150529
25153492
25163484
25170075
25182646
25192360
25194334
25195741
25195887
25197070
25198656
25200080
25210044
25217589
25217634
25223716
25231986
25238079
25246478
25251321
25286942
25287944
25297690
25299393
25300873
25303009
25313389
25316557
25345012
25345155
25350535
25352547
25352598
25362573
25365321
25375643
25380641
25386849
25389518
25390359
25403821
25406714
25408994
25409504
25422262
25422308
25426325
25434596
25435632
25443504
25450225
25456076
25462832
25467442
25486995
25505644
25511435
25516959
25522318
25525207
25534729
25534741
25534743
25536284
25548767
25557627
25572306
25603150
25604746
25614114
25636840
25637529
25642228
25645924
25651977
25657281
25658110
25660291
25664794
25691587
25691591
25691599
25693161
25695462
25697715
25701596
25750048
25750082
25754266
25754998
25765907
25766629
25767122
25778990
25779315
25781377
25801151
25807382
25812481
25819161
25822634
25825498
25841100
25846449
25857273
25861988
25866893
25870258
25874691
25904896
25907064
25915607
25919952
25934225
25936537
25936776
25940844
25943244
25955403
25957580
25965344
25967101
25970481
25971440
25986906
25994226
25995039
25999286
25999340
26001558
26015371
26021693
26022243
26031846
26033620
26035302
26042100
26044118
26047929
26048808
26060922
26066798
26070686
26078723
26079795
26082110
26083682
26089409
26089410
26089411
26089412
26089413
26089414
26089415
26114871
26121049
26125998
26147490
26149121
26156642
26157429
26163401
26170411
26179484
26195594
26211627
26217786
26225431
26243556
26247874
26252358
26256431
26258172
26261090
26263247
26293913
26295286
26304551
26309039
26315030
26318054
26322943
26337150
26348349
26349831
26350458
26373870
26375486
26379182
26380409
26380930
26391403
26413301
26420670
26434659
26445444
26451307
26471254
26474554
26475112
26476134
26482235
26496944
26498723
26506338
26510047
26513661
26522442
26525286
26536359
26542220
26546485
26547373
26559815
26560079
26562541
26564235
26568365
26577656
26585386
26588672
26589796
26597215
26607739
26627655
26628098
26630542
26635798
26642200
26647211
26655196
26685303
26701652
26706821
26712622
26713219
26717859
26729618
26742696
26749825
26779346
26786219
26786650
26786654
26794499
26801203
26806099
26810200
26827139
26833451
26834038
26847904
26858712
26888023
26893024
26903417
26904001
26904380
26905094
26912121
26915388
26927984
26933057
26941228
26944840
26953339
26953889
26964898
26965057
26972108
26974537
26976449
26977111
26978037
26985313
26993465
26996828
27010232
27022029
27025629
27028886
27032189
27035556
27035801
27045860
27045943
27050157
27065768
27080770
27089314
27092112
27113139
27114277
27114527
27120981
27129781
27146086
27146385
27164074
27164097
27184428
27190152
27190237
27190284
27194804
27225460
27236064
27241889
27242231
27245412
27255303
27262564
27270600
27271013
27283385
27287527
27304077
27316672
27321674
27345061
27346745
27349932
27349953
27351106
27353316
27357669
27375559
27378031
27378575
27379076
27389257
27400835
27420559
27439674
27457409
27481930
27483162
27484389
27503641
27514659
27516972
27517804
27519524
27524616
27564239
27564552
27566276
27566542
27578753
27579369
27588436
27609233
27609432
27613236
27619156
27623057
27626294
27630635
27634911
27637879
27640309
27642196
27659385
27668545
27671498
27688332
27693734
27704298
27709585
27729551
27738556
27741286
27742463
27755980
27759382
27762279
27765619
27776120
27784279
27804278
27825305
27845849
27846571
27856585
27860310
27864111
27865396
27871791
27872278
27873644
27881532
27899559
27901051
27917833
27918137
27931688
27942565
27955925
27984057
27986825
28004574
28013239
28028468
28033704
28043556
28043557
28043633
28049371
28063354
28067906
28069821
28074051
28077628
28087528
28103726
28115505
28121156
28126742
28128207
28130364
28141495
28149053
28156101
28167532
28168306
28194149
28194371
28198348
28205597
28209712
28217856
28219528
28220152
28220755
28224118
28228097
28228470
28235402
28237035
28237766
28247991
28257845
28261567
28262820
28278765
28300196
28302782
28302785
28317754
28317807
28348827
28348981
28364227
28375146
28377529
28377755
28377757
28383891
28387828
28396544
28416555
28418062
28419153
28421415
28422568
28424668
28427611
28428316
28428773
28429162
28438925
28440335
28442574
28442758
28446771
28446822
28446902
28447386
28451184
28464471
28484428
28489377
28506901
28507027
28510107
28517109
28527119
28558683
28566651
28567623
28595381
28597345
28601525
28620367
28628249
28629354
28630124
28634401
28634849
28639742
28646112
28646325
28652423
28659909
28671529
28683309
28689112
28695854
28697587
28698380
28703128
28703701
28705154
28705712
28705967
28708393
28710631
28710635
28713776
28717421
28721240
28724694
28735047
28739828
28748182
28752922
28754952
28762586
28768708
28770668
28771901
28784812
28790995
28811342
28819202
28823472
28828700
28829246
28836767
28841831
28843272
28843989
28846409
28855252
28855253
28857325
28861399
28874378
28883607
28900018
28917089
28925834
28928145
28931561
28943571
28948099
28951477
28955852
28963943
29018126
29031422
29038038
29038252
29044406
29052269
29058657
29061744
29070902
29074662
29096645
29101285
29107550
29122858
29122861
29122862
29122864
29124214
29124568
29126315
29134701
29142389
29146853
29149017
29163430
29187838
29195272
29197082
29197343
29205551
29208586
29209072
29217790
29224732
29225037
29225091
29247008
29258954
29273966
29276826
29291384
29311276
29311277
29326199
29326668
29326670
29326683
29332650
29345334
29347843
29352597
29362232
29362471
29364226
29364903
29371367
29376490
29390083
29402941
29422632
29428388
29431074
29437626
29466714
29467300
29470790
29472341
29476473
29484598
29488662
29490073
29497021
29503973
29516880
29519132
29523328
29523332
29526700
29531181
29544082
29555845
29559119
29568875
29569300
29572459
29573683
29575247
29581123
29581302
29590418
29611894
29619019
29628767
29632012
29635474
29636755
29658702
29662082
29663670
29670633
29675445
29675446
29684089
29686140
29690500
29702144
29704591
29706526
29712875
29717709
29717852
29728457
29733942
29735762
29739437
29749650
29757625
29760207
29768238
29773010
29779778
29784887
29786655
29793410
29798914
29799716
29802186
29809155
29844400
29852200
29867856
29873124
29874861
29891545
29891642
29902462
29915116
29920558
29924998
29930032
29934571
29941598
29945244
29948114
29980599
29981934
29982829
29988377
29988402
29995988
30003661
30006464
30006469
30013272
30014627
30021876
30022971
30038002
30039929
30065086
30079057
30084767
30091899
30092117
30108910
30158647
30160378
30169502
30181124
30186454
30190182
30192424
30198884
30198886
30205962
30205972
30206241
30207005
30226377
30227740
30233521
30233550
30240108
30249701
30249939
30256755
30257807
30258409
30258411
30266832
30271391
30279094
30281201
30287353
30288253
30308476
30311878
30312643
30316512
30316784
30317660
30319771
30324906
30338121
30341292
30345230
30356080
30361386
30361441
30366125
30366126
30372528
30377199
30386884
30397062
30404827
30409901
30411052
30414838
30418577
30427073
30428395
30428416
30472521
30474709
30477147
30477427
30478083
30487163
30507163
30510199
30511362
30514518
30515134
30515375
30518849
30527747
30533744
30533760
30538179
30539658
30546046
30547686
30549608
30556557
30563740
30566665
30567740
30570724
30582694
30603964
30609766
30619211
30643892
30664686
30675370
30675730
30680327
30683723
30685363
30685506
30696899
30705672
30706339
30715060
30718534
30726069
30730218
30730737
30735204
30740456
30742339
30745367
30746523
30760790
30761112
30792519
30794538
30811481
30818784
30828981
30833934
30834367
30834698
30842987
30861059
30877199
30890613
30895448
30908529
30914728
30923246
30937925
30948168
30948183
30951240
30953691
30962152
30966332
30984135
30993320
30996894
30997306
31000162
31003982
31006617
31009487
31011178
31015909
31027152
31035758
31054279
31061828
31072027
31072888
31078419
31081628
31088763
31091188
31096118
31099247
31101915
31101917
31106455
31110045
31113875
31113891
31114557
31116989
31119154
31125617
31128244
31137605
31138627
31147428
31147431
31153521
31160336
31174039
31176094
31177589
31182095
31183418
31187113
31210153
31210161
31221343
31226315
31234768
31238823
31239378
31241021
31242975
31264955
31266866
31270210
31279528
31281018
31281365
31285242
31293560
31294500
31296672
31301842
31321600
31346026
31346236
31358343
31358794
31358912
31366629
31370112
31378370
31381312
31382591
31383667
31391891
31392895
31395640
31401536
31402116
31409683
31412123
31434362
31444398
31450332
31456773
31459961
31467269
31481950
31487148
31497667
31517107
31521502
31526453
31528809
31537662
31544946
31548273
31570530
31584013
31584159
31593717
31596045
31597161
31601950
31604936
31619537
31619920
31624148
31624974
31632266
31639092
31655553
31658388
31659009
31681204
31687804
31706043
31713670
31720544
31731061
31731062
31733183
31741730
31746727
31762229
31788573
31792243
31797682
31810444
31818925
31824474
31827098
31833106
31858996
31860439
31870758
31871194
31877031
31880185
31882539
31886769
31887453
31892310
31911463
31932744
31937110
31939065
31939732
31948961
31953145
31955953
31958639
31978426
31992616
31994828
32013776
32017790
32019613
32024895
32025943
32037686
32038540
32054715
32058021
32059479
32075233
32094162
32095527
32101684
32111737
32117088
32117140
32117414
32117813
32121069
32122997
32145349
32165393
32181921
32182721
32182992
32192413
32209683
32210596
32231652
32232337
32242064
32250176
32253341
32254051
32254053
32258918
32265867
32276418
32293251
32293873
32301689
32317393
32344725
32357186
32357366
32363534
32365915
32368226
32379526
32389745
32409529
32423951
32425916
32428188
32429486
32430409
32436380
32439563
32439911
32450809
32472054
32472729
32474482
32474486
32474491
32474534
32474537
32474543
32481879
32485035
32499357
32513117
32525613
32526474
32533861
32554804
32558500
32566706
32572338
32582083
32582196
32587578
32596197
32601219
32610461
32615006
32625021
32636380
32646900
32650510
32659324
32662926
32665276
32674978
32676116
32678058
32703827
32707988
32723820
32726339
32728686
32738179
32751237
32751900
32781051
32793136
32793184
32811434
32811496
32816349
32816976
32816978
32817159
32840352
32843629
32862158
32862164
32863985
32887931
32900960
32913259
32928928
32931894
32936060
32946043
32973726
32974504
32975083
32975308
32975727
32989037
32993774
32997986
32999813
33002847
33006405
33013801
33021500
33024050
33036410
33042041
33042856
33055026
33058293
33072044
33086595
33087442
33106268
33148829
33154012
33154015
33154743
33155979
33162754
33163415
33164573
33166604
33186785
33193164
33208519
33220096
33248387
33257524
33260418
33268492
33279599
33288625
33290182
33299175
33304334
33325357
33339285
33339823
33343518
33343552
33344432
33346952
33350902
33352401
33361193
33361293
33373956
33374765
33382235
33382590
33390674
33414321
33416849
33420031
33453316
33453875
33462496
33468593
33471823
33479607
33485863
33488260
33494273
33498785
33534143
33535567
33544079
33544157
33582396
33582576
33584576
33593559
33594002
33597931
33603724
33603746
33613477
33621482
33627396
33629066
33643419
33649150
33653882
33654763
33663204
33664137
33667101
33669411
33671144
33707330
33707371
33722846
33729912
33737362
33744958
33746976
33753427
33753820
33757409
33763648
33772870
33777836
33780444
33785614
33785625
33799191
33800635
33801872
33822039
33824663
33833023
33836580
33853951
33857164
33876763
33879617
33886315
33913567
33918623
33927046
33955473
33960821
33974923
33975973
33980681
33992958
34004588
34006663
34008246
34012976
34017340
34064643
34064944
34071265
34088850
34099723
34107684
34123066
34127732
34152351
34168231
34197200
34199531
34209966
34211042
34224347
34235480
34235651
34235660
34235668
34236221
34236958
34240144
34248636
34248902
34251178
34265158
34276591
34288118
34291902
34295573
34296047
34297925
34302035
34319744
34322125
34330928
34336191
34349904
34355905
34356374
34364491
34372584
34382828
34383749
34389619
34395315
34400280
34417177
34421882
34424047
34438944
34438951
34449124
34460298
34467445
34485766
34492336
34516281
34516286
34522793
34531869
34536516
34539614
34549994
34567751
34572657
34579341
34582827
34590581
34606341
34617782
34624680
34644222
34665112
34667293
34672710
34676224
34684762
34700110
34708566
34710568
34736355
34741069
34767949
34768965
34782468
34798816
34814151
34817211
34817212
34837716
34849792
34862729
34896395
34903974
34904319
34906734
34929571
34937164
34947680
34956144
34964904
34964907
34965127
34965429
34975815
34978741
34984329
34994548
35003607
35006433
35007529
35042332
35044755
35054958
35060708
35074605
35087402
35101416
35111145
35131667
35133955
35149427
35159170
35166859
35170242
35184552
35189142
35202428
35203542
35204142
35215268
35218800
35222334
35229683
35231975
35234399
35245664
35261129
35271828
35289639
35297678
35298707
35306347
35308348
35314194
35328372
35328580
35330079
35337802
35338694
35353035
35355473
35357210
35362472
35365094
35368061
35388829
35394551
35394745
35397466
35411009
35416664
35421436
35425272
35427117
35435709
35444621
35453260
35478559
35484172
35515796
35536032
35543536
35543537
35566243
35566267
35572598
35575764
35580120
35584661
35590245
35595085
35599744
35603677
35608993
35609801
35624324
35631831
35634445
35659317
35670057
35685938
35696675
35713559
35718063
35718742
35722349
35727726
35750296
35758621
35770905
35773428
35775547
35787552
35788014
35797343
35816546
35819986
35837472
35849922
35851382
35856452
35862962
35863046
35867993
35882287
35898907
35907936
35909599
35909613
35913593
35934909
35941150
35950213
35952902
35969062
35969844
35980182
36013953
36048328
36053379
36071978
36073918
36082708
36104771
36105674
36129274
36132595
36135363
36142240
36148439
36154149
36169423
36171656
36173193
36178924
36186547
36191548
36194264
36209365
36214446
36224685
36244449
36260446
36262396
36264222
36264383
36279104
36282241
36286444
36287003
36318013
36318670
36332135
36339560
36342835
36367461
36394312
36407375
36409114
36416406
36417754
36445139
36448553
36468864
36475606
36499402
36499415
36502992
36507669
36515787
36516340
36524824
36530146
36533863
36534487
36537788
36541811
36557726
36557842
36565806
36571834
36578077
36582695
36598232
36610794
36622376
36634117
36637210
36655995
36660887
36671761
36678434
36692091
36694284
36695572
36716144
36719870
36748577
36758121
36766739
36775124
36780784
36785935
36794884
36804468
36809827
36811320
36823286
36838421
36856664
36862671
36864821
36872433
36882066
36890228
36892121
36916909
36916948
36929086
36943048
36943112
36944713
36952383
36960278
36967885
36976029
36976880
36985341
36990704
37001025
37009497
37013167
37022460
37033483
37036666
37080992
37081437
37089202
37106707
37108247
37110828
37119317
37129848
37141254
37142222
37154718
37154774
37156406
37171533
37190861
37202938
37205764
37210419
37239384
37242440
37255446
37260379
37273644
37284769
37288102
37293600
37305508
37306676
37311288
37311924
37323400
37331005
37336126
37355194
37375075
37377118
37393246
37401981
37433855
37435707
37435857
37436169
37439398
37459722
37495693
37512870
37513221
37526955
37530405
37537629
37538750
37545854
37562848
37563123
37574972
37589273
37599792
37619560
37628885
37631870
37638726
37644325
37665120
37671868
37678706
37681985
37690030
37691650
37692163
37698262
37707314
37711139
37732803
37736771
37743798
37747201
37747938
37749214
37762271
37764979
37778704
37802316
37818841
37821540
37838146
37862100
37863192
37867661
37887707
37894573
37922696
37929833
37931681
37934806
37966202
37989843
37992805
38012984
38014973
38029102
38031611
38039077
38041782
38042942
38047653
38051075
38059429
38067444
38072054
38093709
38099681
38103641
38114215
38114754
38116834
38133153
38133260
38138601
38144119
38145372
38149630
38179948
38189354
38190499
38199552
38218322
38231182
38231936
38252548
38259108
38266152
38275935
38280693
38289931
38296141
38313133
38337112
38348908
38358254
38367664
38367670
38373028
38404920
38410395
38424684
38434142
38443335
38443338
38443434
38443507
38444151
38445868
38449100
38456318
38466105
38467648
38474298
38488964
38495141
38501867
38514663
38522749
38534713
38542939
38545118
38548701
38591887
38592866
38606980
38631426
38636658
38649100
38653035
38656226
38675588
38676533
38697952
38723917
38738599
38744895
38747340
38755122
38776712
38785795
38792231
38799742
38803374
38807377
38823743
38827510
38850688
38860795
38860805
38864527
38884060
38890591
38892325
38902248
38916330
38918410
38923553
38927150
38959403
38980043
38986924
39012146
39017913
39031590
39042832
39062144
39072629
39081888
39084000
39103410
39110213
39113212
39113823
39119203
39126073
39128229
39152186
39170210
39171628
39179666
39180459
39188315
39212351
39222685
39233599
39236267
39255070
39269011
39273250
39287392
39288201
39312837
39313213
39315796
39320104
39342331
39345163
39346838
39349276
39373497
39378764
39384756
39386688
39390679
39395744
39397698
39412514
39417425
39431875
39442483
39452193
39463350
39464821
39478003
39480109
39487375
39499088
39509654
39525346
39531492
39533170
39540732
39548343
39550000
39554140
39556327
39565350
39576712
39595627
39596722
39597669
39598600
39605324
39606116
39606152
6051
12154
14109
18217
18639
20150
21175
21523
33117
40995
50048
56767
56916
62857
77894
96257
96929
97301
107171
109126
109401
109402
119034
144834
147930
171670
181972
182073
184906
189750
194534
196159
196658
200600
218515
228160
228161
234460
234747
237787
240851
331006
338899
345276
354442
374335
404290
422564
430028
437282
437283
443992
447680
447681
447686
457603
457682
464582
467663
476567
485133
497149
497164
498138
512636
521433
540268
543159
573662
573748
592797
597795
615109
618845
623497
629939
632292
637569
641008
648724
648725
650670
651562
658048
661626
668030
672463
672464
672670
680866
720334
721126
721127
738746
743238
745002
751909
772130
779553
782207
782565
786904
804017
804436
805118
807704
812956
820673
824042
829910
845126
846485
856004
856790
857915
879732
885878
885879
885880
889863
895386
921754
921755
957909
971320
974902
977547
978841
985376
994349
999295
1010842
1085756
1085757
1092357
1098744
1100201
1104423
1106774
1107222
1111583
1112801
1123344
1124316
1137385
1137395
1137396
1137405
1154945
1180872
1191251
1198916
1210357
1221028
1240273
1252996
1262310
1268196
1292477
1310791
1319278
1325383
1331001
1334270
1336563
1352683
1368562
1418079
1435262
1458367
1471825
1488552
1488556
1501713
1527058
1531970
1537546
1555758
1556552
1584079
1615023
1624470
1653167
1657866
1660454
1665195
1692812
1701560
1724546
1748873
1777355
1787803
1789655
1795213
1798672
1800634
1856597
1866699
1883331
1901654
1938900
1953799
1954242
1971749
2009922
2023362
2052623
2082148
2104492
2106913
2114191
2121783
2127614
2153655
2156112
2191078
2199300
2202378
2209895
2224905
2229390
2240784
2294152
2323824
2324094
2341164
2345129
2456036
2467181
2470636
2480954
2496980
2503993
2503997
2516880
2547895
2569461
2599362
2612878
2620911
2632668
2635863
2652256
2654539
2667997
2746258
2777756
2806545
2817850
2842799
2863260
2891360
2892108
2896760
2909862
2942636
2987173
3000371
3061453
3087325
3105227
3116490
3126069
3127376
3127539
3137860
3145713
3226228
3279207
3280996
3287753
3289979
3315744
3331085
3342242
3343224
3370650
3384753
3392420
3440025
3440089
3519537
3558356
3566963
3570371
3592373
3619192
3621239
3653931
3654621
3660971
3705506
3711043
3724208
3728214
3745113
3747558
3747705
3759906
3782054
3800555
3823819
3833662
3833669
3833694
3841017
3841542
3853966
3877858
3893435
3933210
3980471
3995406
4005711
4010540
4077161
4105096
4113889
4136561
4139295
4141739
4143099
4200672
4204039
4220076
4239593
4282838
4310866
4324242
4325683
4327508
4337332
4342812
4389793
4404431
4425672
4429969
4502937
4552940
4562799
4623285
4632324
4652567
4657139
4690961
4691386
4716544
4723068
4741892
4741910
4745267
4749726
4790850
4790932
4793884
4808895
4811552
4816630
4828528
4840434
4916405
4924836
4924838
4925435
4941561
4942761
4957222
4959802
5014933
5017887
5034223
5038198
5040786
5053464
5071388
5078877
5079067
5086655
5117557
5136449
5141665
5144215
5166136
5295216
5315708
5316573
5340345
5347966
5353534
5365364
5370027
5410970
5433524
5437732
5438047
5453532
5462508
5475679
5475680
5479524
5497301
5500292
5501654
5531497
5531566
5559612
5586755
5607096
5644441
5726179
5726204
5726213
5739148
5742032
5745677
5752032
5783468
5783478
5788504
5792676
5801439
5809729
5821984
5832279
5874532
5884106
5890540
5922295
5948324
5951271
5951551
5961177
5966265
6010587
6021418
6030461
6034036
6048780
6049379
6058033
6085252
6145417
6147340
6154530
6163948
6166835
6168632
6173740
6177616
6179798
6181183
6198315
6206198
6214895
6253767
6289767
6290395
6297598
6307736
6339018
6339181
6362832
6368426
6372572
6379784
6379787
6389044
6464659
6465738
6470677
6477957
6486760
6501266
6508073
6508074
6516537
6520602
6546395
6602935
6614924
6645984
6654844
6659854
6667087
6705792
6706966
6706967
6726178
6728683
6769502
6811691
6811692
6822534
6826523
6849953
6852687
6852688
6853393
6859401
6870194
6882866
6885719
6912073
6930653
6933148
6989958
6995326
7002798
7030274
7051044
7054140
7061029
7061496
7077296
7096262
7118926
7118938
7129549
7142122
7150277
7168369
7179349
7208576
7223123
7224782
7225412
7247380
7251572
7305326
7305941
7315537
7320699
7334001
7343642
7347565
7358709
7364726
7365454
7370003
7406599
7407711
7417453
7419132
7419493
7429371
7451404
7451405
7476185
7476195
7489918
7489919
7529012
7534413
7538688
7551043
7558311
7569783
7588770
7590178
7592430
7592990
7604044
7604045
7609603
7614433
7615081
7623662
7636859
7642133
7642533
7644534
7650033
7663426
7673210
7696430
7737482
7746156
7751221
7759478
7764135
7765445
7768157
7773382
7773417
7803462
7809112
7811008
7819287
7826328
7830572
7836298
7854120
7856406
7858406
7864376
7868221
7875717
7885234
7899512
7910936
7928982
7958472
7961429
7982497
7986015
8000545
8000546
8002018
8027668
8031050
8039054
8040931
8045427
8051267
8065266
8072827
8083238
8093238
8125243
8132154
8132518
8149383
8162182
8196545
8208136
8226625
8248628
8288551
8316080
8349558
8363387
8393827
8399336
8408541
8418047
8426607
8458954
8459767
8466947
8473863
8513061
8540740
8541807
8550025
8550187
8550466
8550480
8552639
8557572
8570621
8574396
8576057
8576611
8576916
8585727
8585728
8585730
8594325
8596439
8596440
8610119
8621083
8621097
8631674
8631826
8633206
8636044
8647369
8655485
8655555
8655566
8663383
8682782
8692009
8704992
8706724
8733116
8733228
8748248
8757813
8794763
8800816
8806641
8807046
8808947
8809745
8828210
8830260
8830711
8841393
8842710
8843442
8848198
8862568
8868442
8870251
8876238
8878580
8885395
8890748
8891143
8891145
8892841
8896513
8900018
8900059
8900060
8907487
8907489
8910503
8914922
8917504
8917570
8918226
8921903
8931333
8932306
8932528
8939436
8939440
8939897
8945562
8945590
8947487
8955410
8971706
8981996
8982091
8986825
8995236
9034323
9044265
9054972
9073067
9084176
9084178
9098059
9098072
9103972
9124847
9125582
9139909
9140972
9141669
9142806
9143318
9145897
9159528
9169204
9178431
9179842
9185847
9192093
9199416
9202184
9207204
9209023
9228484
9229098
9243799
9244267
9245815
9248086
9257748
9260945
9271081
9274023
9278431
9282749
9284169
9294446
9297833
9317035
9324274
9335277
9341146
9352074
9353032
9353939
9371349
9380506
9382887
9387237
9393721
9401044
9402018
9402029
9420031
9422594
9425059
9427395
9427405
9438400
9450313
9473032
9495740
9512537
9517959
9533459
9541026
9555906
9559785
9573199
9573214
9574680
9593741
9599585
9603894
9607835
9611795
9618292
9632259
9655195
9666025
9666957
9669658
9671779
9673018
9682381
9687386
9692181
9694888
9698372
9705430
9705513
9711831
9718207
9719676
9720034
9720865
9720877
9720878
9721311
9725231
9733688
9765584
9766200
9767585
9768276
9780234
9785446
9791104
9791129
9794435
9795143
9795994
9802011
9804803
9806974
9809415
9811635
9811672
9822818
9846755
9852030
9862957
9864340
9869590
9882658
9883470
9884232
9891296
9894918
9921478
9921479
9921480
9931474
9933629
9949810
9973360
9973365
9987795
9989274
9989944
9990078
10049249
10049298
10049692
10063807
10080959
10087218
10092667
10097154
10103210
10196766
10200973
10206696
10208805
10217485
10219873
10227476
10231573
10233685
10315152
10333556
10336611
10347765
10348851
10348853
10374253
10376836
10384130
10400584
10402076
10408093
10411262
10419962
10422690
10431837
10438049
10438745
10446237
10466210
10476028
10481025
10499299
10500768
10510238
10512639
10517603
10517605
10531370
10537213
10542168
10542234
10548730
10548751
10555330
10572138
10582900
10589994
10594364
10603413
10618227
10618433
10620015
10620682
10628850
10629169
10629183
10644694
10645447
10647083
10652095
10656115
10658666
10660056
10660497
10702292
10702355
10707257
10708368
10708369
10709463
10712684
10728558
10734203
10768957
10784059
10801784
10815738
10816731
10817733
10819298
10851013
10852861
10852869
10852894
10855661
10858225
10866802
10867233
10869086
10869170
10878117
10880571
10889206
10894747
10898673
10899880
10899899
10913817
10925203
10937884
10968643
10974107
10974108
10978158
10986252
10998270
11004176
11035739
11045626
11052913
11064188
11064205
11069663
11073729
11073937
11073941
11079442
11083637
11092856
11094273
11101667
11112631
11113452
11114922
11123548
11123671
11123672
11123691
11136814
11137649
11150671
11158364
11160374
11179309
11181364
11185735
11250077
11251819
11251835
11252327
11257028
11257547
11277926
11278451
11283297
11302790
11309127
11358435
11373123
11390686
11395463
11401966
11425478
11425536
11437392
11447506
11449609
11463789
11471832
11478899
11479701
11488816
11495282
11495285
11496007
11496008
11544235
11549020
11549416
11552951
11553579
11554791
11557458
11557484
11567012
11570974
11576606
11577073
11581225
11583850
11584596
11677227
11678665
11698368
11705902
11705926
11707328
11709313
11716590
11716786
11717254
11717265
11722747
11728726
11739759
11739760
11739761
11750829
11751110
11771758
11772411
11782521
11796724
11800581
11800587
11807068
11811618
11812235
11814670
11831854
11832516
11836093
11849542
11849545
11854248
11882713
11886197
11888165
11899706
11914348
11932443
11945420
11946084
11947153
11959546
11966400
11971010
12000834
12007815
12010964
12023885
12029057
12033919
12052567
12054803
12057006
12063260
12068013
12072441
12076818
12079383
12082169
12083515
12084054
12101288
12106014
12122024
12130659
12149464
12153113
12165345
12173780
12193615
12204559
12207698
12209262
12234013
12234471
12355367
12368427
12368428
12368432
12368433
12368434
12368437
12368439
12368441
12368442
12368443
12368447
12375100
12384335
12406221
12406775
12410821
12414747
12417583
12420157
12427759
12444676
12446629
12450848
12453216
12462348
12466274
12467615
12473104
12473649
12480893
12482750
12482950
12486050
12490705
12496255
12499203
12501242
12509987
12514036
12529011
12538025
12542471
12547619
12555580
12565899
12581360
12581642
12591871
12593673
12595455
12612305
12620630
12628650
12634345
12654922
12659768
12669068
12670676
12674827
12676127
12679366
12694921
12709313
12717039
12719430
12724395
12754249
12755481
12760681
12767342
12773167
12775670
12775723
12777499
12781192
12782376
12795618
12805268
12809551
12809568
12824550
12826660
12829695
12834010
12837805
12851411
12855181
12855717
12860311
12867481
12897018
12900031
12906837
12923099
12940978
12945045
12949087
12949106
12949157
12951764
13036079
13069464
13143037
13172243
13302691
13319645
13449037
13819958
13845181
13849090
13863583
13896311
13958686
13984205
14007457
14039061
14045229
14066471
14080790
14113109
14162518
14188717
14190066
14197402
14235505
14293001
14294806
14312618
14336173
14361984
14370184
14480158
14500465
14506008
14506032
14507364
14534313
14554249
14556794
14560664
14575702
14592705
14593448
14600231
14613961
14617171
14623976
14641176
14646086
14656995
14662956
14662964
14680711
14693532
14695899
14698575
14702306
14706739
14725567
14766927
14778057
14824149
14907733
14967601
14976314
14977362
14977927
14987005
14987764
14987776
15039328
15052311
15059632
15060088
15063805
15073295
15090599
15100302
15101979
15102847
15117926
15121875
15135390
15142642
15143482
15147351
15150247
15152807
15158675
15178251
15182284
15184555
15185971
15205406
15213164
15215089
15230542
15251201
15258569
15263002
15273144
15289559
15292142
15294902
15296785
15306024
15314236
15317744
15341642
15342574
15345226
15364582
15382047
15385466
15446873
15447630
15447943
15451098
15451099
15466031
15476969
15500486
15504836
15511231
15517689
15522883
15531435
15532981
15533305
15545441
15545488
15553785
15556758
15557600
15563844
15567275
15571628
15576843
15590712
15598543
15618191
15620024
15625887
15634688
15661908
15664917
15673735
15673755
15680239
15681149
15687187
15687379
15687380
15699196
15699201
15716431
15717126
15722451
15730777
15743935
15758213
15758215
15774877
15774884
15774887
15774900
15792637
15793137
15795375
15805104
15805521
15812019
15828163
15828170
15855526
15866927
15869465
15882999
15922871
15923126
15930158
15933004
15942014
15942015
15949925
15972512
15978616
15995221
16000728
16000729
16000730
16000745
16008979
16030020
16031192
16031881
16039859
16040206
16041080
16048332
16077011
16077132
16091047
16091848
16098710
16109955
16114094
16125237
16127044
16127056
16129670
16133993
16140533
16159107
16159124
16159762
16159791
16164565
16166521
16166531
16177304
16177323
16192441
16194230
16203168
16207431
16210318
16212035
16232643
16237011
16237013
16237035
16238622
16238626
16245793
16248983
16251328
16256438
16260182
16262797
16266794
16267284
16267291
16304170
16304180
16313172
16313624
16319499
16324276
16325580
16337720
16339949
16352610
16352824
16359921
16368226
16371246
16373429
16375991
16377694
16381882
16385053
16391123
16413184
16415166
16439521
16450070
16452415
16455649
16469750
16481315
16490213
16493068
16508079
16511084
16514162
16524692
16542876
16557769
16557844
16558002
16559848
16561687
16562129
16562847
16569869
16579974
16584627
16585755
16585780
16595643
16597963
16620389
16622018
16622053
16630260
16638535
16643903
16648362
16648861
16667191
16677310
16681836
16687411
16690195
16695992
16704981
16709676
16719562
16725377
16731979
16735737
16742589
16757153
16785538
16792411
16797928
16803893
16806798
16814781
16825490
16839634
16864078
16873027
16896544
16902752
16908186
16918475
16920742
16923950
16931599
16940050
16943347
16945913
16946267
16946268
16949369
16952951
16954303
16978022
16980473
16980499
16980506
16997990
17003060
17015450
17021205
17021226
17021309
17043130
17046819
17050608
17066962
17070048
17074898
17074913
17076665
17087501
17089148
17095513
17109059
17112641
17116967
17142388
17143269
17172340
17173678
17176104
17183214
17189438
17197041
17208445
17208488
17209034
17242037
17258432
17258454
17259625
17287144
17295914
17299039
17303419
17306300
17319935
17337570
17339358
17340011
17345858
17346035
17360246
17368913
17370578
17376702
17376770
17379577
17390213
17427288
17434691
17445478
17464056
17483222
17490474
17496088
17496093
17496960
17510062
17514767
17517379
17526707
17526710
17538658
17543333
17548501
17557815
17573469
17577575
17583212
17586560
17590537
17601781
17606615
17617692
17623030
17630736
17630969
17635188
17636869
17637345
17638697
17640872
17644601
17644602
17660435
17660436
17664267
17668018
17698424
17712751
17714599
17766411
17784850
17784859
17804795
17822967
17826740
17827284
17848100
17849286
17854402
17873049
17888619
17888739
17893901
17900043
17906131
17921287
17933535
17938218
17949993
17960928
17961594
17963325
17965159
17970586
17979227
17981972
17986264
18006503
18022777
18023590
18024514
18028308
18031532
18031974
18032424
18034340
18048912
18048919
18048930
18055597
18061613
18068979
18070832
18070971
18071244
18078756
18083811
18085750
18092805
18147919
18156250
18173285
18174142
18175374
18177305
18187888
18221489
18248429
18275136
18277534
18281464
18287038
18304349
18304818
18310015
18310019
18310020
18310137
18311074
18316738
18318505
18324436
18326566
18341212
18344361
18349144
18359434
18368234
18371202
18373355
18373646
18387683
18390660
18390674
18391425
18394163
18402702
18403782
18408023
18412151
18417403
18424526
18424702
18430720
18434314
18439872
18439873
18439874
18445621
18450455
18452585
18453720
18458127
18461140
18479969
18487035
18489786
18502542
18505459
18535147
18538548
18544071
18550732
18554329
18556206
18556798
18557704
18559650
18565220
18567661
18573680
18574247
18582112
18594775
18595132
18627460
18649046
18649772
18653319
18656956
18658266
18667563
18667565
18672904
18678487
18684956
18689485
18689490
18702526
18703500
18704271
18706230
18708494
18714980
18718518
18723625
18752967
18757811
18757812
18757813
18771745
18776007
18778048
18782045
18795795
18804030
18805974
18824837
18826253
18826970
18832301
18835406
18849433
18952871
18955433
18957600
18989931
19004785
19011038
19016780
19020353
19025562
19028890
19030939
19053270
19060135
19068228
19075057
19076229
19080603
19097862
19098105
19107824
19111590
19114484
19137533
19146576
19146577
19153821
19154331
19159459
19168955
19174563
19201798
19208627
19210624
19218386
19220063
19222581
19233923
19236086
19240020
19244294
19257911
19325122
19329431
19332809
19332834
19357814
19383714
19395561
19421329
19423629
19428723
19439410
19445953
19456862
19460455
19478446
19496931
19505149
19505805
19524332
19543527
19556295
19561094
19564134
19564154
19581406
19581465
19595631
19596878
19609444
19638342
19648025
19648248
19653213
19654261
19661058
19661130
19668859
19682253
19682257
19684133
19715780
19717607
19722080
19732058
19733176
19744987
19755141
19760663
19766723
19771724
19778963
19781824
19801408
19801875
19802419
19814810
19815074
19820093
19843229
19852111
19854905
19856302
19861007
19901982
19911579
19922075
19926651
19931887
19932688
19933836
19936295
19937210
19942658
19944079
19949067
19949759
19954457
19956571
20003273
20006300
20006304
20025664
20030344
20030858
20036523
20055916
20056418
20057975
20061478
20062806
20064433
20075070
20076909
20083674
20085764
20087805
20090975
20093291
20094657
20102184
20118231
20133138
20133807
20138056
20139184
20150242
20161351
20167072
20167624
20179771
20181675
20186169
20188740
20202936
20206184
20209361
20215111
20221673
20233304
20233930
20270730
20299402
20331426
20344608
20352111
20363787
20364020
20375425
20378648
20391760
20400545
20401593
20406773
20412585
20420449
20420720
20452357
20455546
20456370
20457615
20459763
20483615
20487026
20497227
20498849
20521809
20526830
20529853
20537175
20537903
20543044
20545844
20545852
20556653
20558725
20560059
20560066
20560070
20560073
20560074
20561528
20569083
20573597
20586283
20586430
20601476
20618852
20619975
20624223
20624965
20631680
20637039
20656688
20659288
20675473
20675480
20678902
20686769
20692326
20696500
20696869
20697591
20700526
20705052
20719993
20724386
20735479
20736081
20738222
20739223
20796028
20798167
20798343
20807200
20810423
20851171
20864541
20883320
20926395
20929442
20933470
20952419
20952578
20955364
20966096
20971917
20980200
20987008
20998026
21030587
21036780
21042264
21051548
21060211
21062372
21075796
21081761
21092733
21105745
21114505
21115799
21129420
21143326
21151497
21183637
21193400
21196469
21208358
21209917
21219450
21219454
21232949
21233299
21251882
21277343
21283627
21298013
21300103
21304610
21332993
21335037
21335456
21336990
21341068
21346818
21359846
21362467
21372133
21383100
21393153
21396418
21398489
21410778
21411303
21415119
21418641
21429630
21439037
21442547
21445360
21450551
21451732
21462918
21470298
21489660
21490808
21496246
21502624
21531798
21541743
21543842
21543864
21543870
21547575
21565928
21569686
21571059
21574383
21575707
21576426
21592464
21596824
21613307
21622974
21627103
21628895
21639843
21656815
21676874
21683681
21689690
21700630
21705623
21718348
21726965
21730122
21732963
21736914
21747743
21751489
21752697
21762531
21772930
21774179
21782791
21788136
21790937
21795801
21795802
21803988
21804219
21808560
21819455
21821769
21838250
21840972
21840994
21856847
21857792
21858695
21870809
21873494
21879841
21882007
21888227
21892180
21900527
21909674
21918299
21920421
21935379
21952433
21972977
21976733
21982925
21984791
21984794
21986914
21989627
21991340
22004792
22007661
22008214
22008463
22014150
22024828
22026918
22035248
22037849
22050772
22053209
22056691
22059487
22069462
22075031
22088319
22090404
22091866
22101845
22102255
22112933
22127144
22130381
22136524
22138550
22142398
22149706
22164297
22168006
22174691
22188395
22194445
22194452
22195042
22199354
22209468
22224870
22233438
22233444
22235967
22252831
22253795
22265661
22274807
22275355
22282335
22287622
22328222
22343354
22353253
22354303
22354968
22356601
22357284
22359499
22363734
22363768
22366418
22367083
22371116
22383957
22384065
22405039
22405649
22410281
22437825
22446694
22459211
22506030
22507203
22509481
22520756
22523658
22530024
22546648
22547814
22564842
22586093
22590585
22591178
22609911
22610443
22611433
22616579
22628184
22636779
22641846
22646013
22648414
22650367
22655049
22658664
22661693
22675536
22684914
22703373
22704240
22714285
22715276
22719928
22726990
22735598
22740025
22752905
22778419
22787192
22789014
22798073
22805817
22820329
22828590
22834700
22844533
22864992
22868761
22885758
22888372
22889184
22893559
22899555
22905567
22912881
22916289
22923793
22926642
22949201
22952243
22954584
22956756
22957139
22960551
22970148
22970255
22970802
22975264
22982230
23009640
23014988
23019158
23027750
23029216
23038254
23047950
23064392
23084079
23085346
23090428
23100782
23104642
23113903
23116887
23118472
23118955
23121560
23141113
23148223
23150662
23155047
23160121
23164409
23165241
23167250
23167261
23168404
23169799
23171424
23184707
23188570
23195184
23198659
23204463
23205944
23210077
23214433
23224598
23233486
23250743
23251422
23261833
23262169
23268609
23272800
23275532
23275726
23284742
23288538
23289458
23291528
23292779
23303491
23314046
23333882
23336673
23342495
23343519
23352854
23364516
23365533
23383506
23387305
23396914
23422411
23457790
23458421
23458474
23461520
23468310
23468864
23471967
23474303
23478953
23480849
23482562
23489718
23503307
23518036
23523424
23537553
23549043
23550160
23560592
23565273
23579398
23590462
23591156
23593152
23600706
23601637
23609448
23611424
23612788
23618714
23620593
23629716
23642041
23651353
23662430
23663047
23664678
23689720
23695579
23734992
23735230
23746808
23747411
23749163
23749971
23754544
23757270
23760274
23760605
23789118
23792697
23795683
23802026
23803605
23813678
23819599
23832254
23836904
23841574
23852148
23858033
23863267
23874930
23877358
23895734
23902464
23905016
23907008
23913320
23927792
23930019
23932989
23942420
23956776
23962235
23980617
23982126
23990327
23997220
24002136
24012630
24013632
24036848
24045420
24059867
24073205
24075143
24093492
24094162
24100088
24112767
24126580
24126912
24131522
24148991
24150658
24167255
24167260
24171907
24176019
24184341
24200931
24243718
24244524
24250805
24266988
24285655
24314557
24335314
24339214
24339782
24342191
24361479
24376605
24379196
24388645
24411013
24411680
24414399
24417450
24434114
24439826
24444367
24463011
24478046
24479855
24481187
24481536
24495981
24497635
24504137
24505389
24525621
24528777
24530503
24530527
24535256
24536093
24549842
24558240
24571790
24573673
24575808
24582452
24582981
24584815
24591586
24597853
24607937
24627486
24637753
24637754
24639491
24642256
24652708
24661941
24675085
24681608
24684623
24688874
24690454
24690581
24715891
24722253
24726245
24740689
24748621
24749867
24752273
24756475
24760966
24769337
24786571
24792177
24794449
24803520
24825023
24828577
24835198
24843173
24855140
24861678
24874666
24878921
24890219
24902951
24915878
24916895
24934223
24936051
24949109
24950047
24955490
24957055
24957619
24959401
24962732
24984520
24984796
24986881
24987104
24989695
24997995
25001931
25006539
25015887
25016370
25037163
25039052
25047842
25049090
25049411
25058581
25058675
25059528
25063946
25089258
25092027
25108240
25108291
25113069
25114165
25116618
25118234
25122556
25129171
25150529
25153492
25163484
25170075
25182646
25192360
25194334
25195741
25195887
25197070
25198656
25200080
25210044
25217589
25217634
25223716
25231986
25238079
25246478
25251321
25286942
25287944
25297690
25299393
25300873
25303009
25313389
25316557
25345012
25345155
25350535
25352547
25352598
25362573
25365321
25375643
25380641
25386849
25389518
25390359
25403821
25406714
25408994
25409504
25422262
25422308
25426325
25434596
25435632
25443504
25450225
25456076
25462832
25467442
25486995
25495515
25505644
25511435
25516959
25522318
25525207
25534729
25534741
25534743
25536284
25548767
25557627
25572306
25603150
25604746
25614114
25636840
25637529
25642228
25645924
25651977
25657281
25658110
25660291
25664794
25691587
25691591
25691599
25693161
25695462
25697715
25701596
25750048
25750082
25754266
25754998
25765907
25766629
25767122
25778990
25779315
25781377
25801151
25807382
25812481
25819161
25822634
25825498
25841100
25846449
25857273
25861988
25866893
25870258
25874691
25904896
25907064
25915607
25919952
25934225
25936537
25936776
25940844
25943244
25955403
25957580
25965344
25967101
25970481
25971440
25986906
25994226
25995039
25999286
25999340
26001558
26015371
26021693
26022243
26031846
26033620
26035302
26042100
26044118
26047929
26048808
26060922
26066798
26070686
26078723
26079795
26082110
26083682
26089409
26089410
26089411
26089412
26089413
26089414
26089415
26114871
26121049
26125998
26147490
26149121
26156642
26157429
26163401
26170411
26179484
26195594
26211627
26217786
26225431
26243556
26247874
26252358
26256431
26258172
26261090
26263247
26293913
26295286
26304551
26309039
26315030
26318054
26322943
26337150
26348349
26349831
26350458
26373870
26375486
26379182
26380409
26380930
26391403
26413301
26420670
26434659
26445444
26451307
26471254
26474554
26475112
26476134
26482235
26496944
26498723
26506338
26510047
26513661
26522442
26525286
26536359
26542220
26546485
26547373
26559815
26560079
26562541
26564235
26568365
26577656
26585386
26588672
26589796
26597215
26607739
26627655
26628098
26630542
26635798
26642200
26647211
26655196
26685303
26701652
26706821
26712622
26713219
26717859
26729618
26742696
26749825
26779346
26786219
26786650
26786654
26794499
26801203
26806099
26810200
26827139
26833451
26834038
26847904
26858712
26888023
26893024
26903417
26904001
26904380
26905094
26912121
26915388
26927984
26933057
26941228
26944840
26953339
26953889
26964898
26965057
26972108
26974537
26976449
26977111
26978037
26985313
26993465
26996828
27010232
27022029
27025629
27028886
27032189
27035556
27035801
27045860
27045943
27050157
27065768
27080770
27089314
27092112
27113139
27114277
27114527
27120981
27129781
27146086
27146385
27164074
27164097
27184428
27190152
27190237
27190284
27194804
27225460
27236064
27241889
27242231
27245412
27255303
27262564
27270600
27271013
27283385
27287527
27304077
27316672
27321674
27345061
27346745
27349932
27349953
27351106
27353316
27357669
27375559
27378031
27378575
27379076
27389257
27400835
27420559
27439674
27451822
27457409
27481930
27483162
27484389
27503641
27514659
27516972
27517804
27519524
27524616
27564239
27564552
27566276
27566542
27578753
27579369
27588436
27609233
27609432
27613236
27619156
27623057
27626294
27630635
27634911
27637879
27640309
27642196
27659385
27668545
27671498
27688332
27693734
27704298
27709585
27729551
27738556
27741286
27742463
27755980
27759382
27762279
27765619
27776120
27784279
27804278
27825305
27845849
27846571
27856585
27860310
27864111
27865396
27865704
27871791
27872278
27873644
27881532
27899559
27901051
27917833
27918137
27931688
27942565
27955925
27984057
27986825
28004574
28013239
28024526
28028468
28033704
28043556
28043557
28043633
28049371
28063354
28067618
28067906
28069821
28074051
28077628
28087528
28103726
28115505
28121156
28126742
28128207
28130364
28141495
28149053
28156101
28167532
28168306
28194149
28194371
28198348
28205597
28209712
28217856
28219528
28220152
28220755
28224118
28228097
28228470
28235402
28237035
28237766
28247991
28257845
28261567
28262820
28278765
28300196
28302782
28302785
28317754
28317807
28348827
28348981
28364227
28375146
28377529
28377755
28377757
28383891
28387828
28396544
28416555
28418062
28419153
28421415
28422568
28423529
28424668
28427611
28428316
28428773
28429162
28438925
28440335
28442574
28442758
28446771
28446822
28446902
28447386
28451184
28464471
28484428
28489377
28506901
28507027
28510107
28517109
28527119
28558683
28566651
28567623
28595381
28597345
28601089
28601525
28620367
28628249
28629354
28630124
28634401
28634849
28639742
28646112
28646325
28652423
28659909
28671529
28683309
28689112
28695854
28697587
28698380
28703128
28703701
28705154
28705712
28705967
28708393
28710631
28710635
28713776
28717421
28721240
28724694
28735047
28739828
28748182
28752922
28754952
28762586
28768708
28770668
28771901
28784812
28790995
28811342
28819202
28823472
28828700
28829246
28836767
28841831
28843272
28843989
28846409
28855252
28855253
28857325
28861399
28874378
28883607
28900018
28917089
28925834
28928145
28931561
28943571
28948099
28951477
28955852
28963943
29018126
29031422
29038038
29038252
29044406
29052269
29058657
29061744
29070902
29074662
29096645
29101285
29107550
29122858
29122861
29122862
29122864
29124214
29124568
29126315
29134701
29142389
29146853
29149017
29163430
29187838
29195272
29197082
29197343
29205551
29208586
29209072
29217790
29224732
29225037
29225091
29247008
29258954
29273966
29276826
29291384
29311276
29311277
29326199
29326668
29326670
29326683
29332650
29345334
29347843
29352597
29362232
29362471
29364226
29364903
29371367
29376490
29390083
29402941
29422632
29428388
29431074
29437626
29466714
29467300
29470790
29472341
29476473
29484598
29488662
29490073
29497021
29503973
29516880
29519132
29523328
29523332
29526700
29531181
29544082
29555845
29559119
29568875
29569300
29572459
29573683
29575247
29581123
29581302
29590418
29611894
29619019
29628767
29632012
29635474
29636755
29658702
29662082
29663670
29670633
29675445
29675446
29684089
29686140
29690500
29702144
29704591
29706526
29712875
29717709
29717852
29728457
29733942
29735762
29739437
29749650
29757625
29760207
29768238
29773010
29779778
29784887
29786655
29793410
29798914
29799716
29802186
29809155
29844400
29852200
29867856
29873124
29874861
29891545
29891642
29902462
29915116
29920558
29924998
29930032
29934571
29941598
29945244
29948114
29980599
29981934
29982829
29988377
29988402
29995988
30003661
30006464
30006469
30013272
30014627
30021876
30022971
30038002
30039929
30065086
30079057
30084767
30091899
30092117
30108910
30158647
30160378
30169502
30181124
30186454
30190182
30192424
30198884
30198886
30205962
30205972
30206241
30207005
30226377
30227740
30233521
30233550
30240108
30249701
30249939
30256755
30257807
30258409
30258411
30266832
30271391
30279094
30281201
30287353
30288253
30308476
30311878
30312643
30316512
30316784
30317660
30319771
30324906
30338121
30341292
30345230
30356080
30361386
30361441
30366125
30366126
30372528
30377199
30386884
30397062
30404827
30409901
30411052
30414838
30418577
30427073
30428395
30428416
30472521
30474709
30477147
30477427
30478083
30487163
30507163
30510199
30511362
30514518
30515134
30515375
30518849
30520600
30527747
30533744
30533760
30538179
30539658
30546046
30547686
30549608
30556557
30563740
30566665
30567740
30570724
30582694
30603964
30609766
30619211
30643892
30664686
30675370
30675730
30680327
30683723
30685363
30685506
30696899
30705672
30706339
30715060
30718534
30726069
30730218
30730737
30735204
30740456
30742339
30745367
30746523
30760790
30761112
30792519
30794538
30811481
30818784
30828981
30833934
30834367
30834698
30842987
30861059
30877199
30890613
30895448
30908529
30914728
30923246
30937925
30948168
30948183
30951240
30953691
30962152
30966332
30984135
30993320
30996894
30997306
31000162
31003982
31006617
31009487
31011178
31015909
31027152
31035758
31054279
31061828
31072027
31072888
31078419
31081628
31088763
31091188
31096118
31099247
31101915
31101917
31106455
31110045
31113875
31113891
31114557
31116989
31119154
31125617
31128244
31137605
31138627
31147428
31147431
31153521
31160336
31174039
31176094
31177589
31182095
31183418
31187113
31210153
31210161
31221343
31226315
31234768
31238823
31239378
31241021
31242975
31264955
31266866
31270210
31279528
31281018
31281365
31285242
31293560
31294500
31296672
31301842
31321600
31346026
31346236
31358343
31358794
31358912
31366629
31370112
31378370
31381312
31382591
31383667
31391891
31392895
31395640
31401536
31402116
31409683
31412123
31434362
31444398
31450332
31456773
31459961
31467269
31481950
31487148
31497667
31517107
31521502
31526453
31528809
31537662
31544946
31548273
31570530
31584013
31584159
31593717
31596045
31597161
31601950
31604936
31619537
31619920
31624148
31624974
31632266
31639092
31655553
31658388
31659009
31681204
31687804
31706043
31713670
31720544
31731061
31731062
31733183
31741730
31746727
31762229
31788573
31792243
31797682
31810444
31818925
31824474
31827098
31833106
31858996
31860439
31870758
31871194
31877031
31880185
31882539
31886769
31887453
31892310
31911463
31932744
31937110
31939065
31939732
31948961
31953145
31955953
31958639
31978426
31992616
31994828
32013776
32017790
32019613
32024895
32025943
32037686
32038540
32054715
32058021
32059479
32075233
32094162
32095527
32101684
32111737
32117088
32117140
32117414
32117813
32121069
32122997
32145349
32165393
32181921
32182721
32182992
32192413
32209683
32210596
32231652
32232337
32242064
32250176
32253341
32254051
32254053
32258918
32265867
32276418
32293251
32293873
32301689
32317393
32344725
32357186
32357366
32363534
32365915
32368226
32379526
32389745
32409529
32423951
32425916
32428188
32429486
32430409
32436380
32439563
32439911
32450809
32472054
32472729
32474482
32474486
32474491
32474534
32474537
32474543
32481879
32485035
32499357
32513117
32525613
32526474
32533861
32554804
32558500
32566706
32572338
32582083
32582196
32587578
32596197
32601219
32610461
32615006
32625021
32636380
32646900
32650510
32659324
32662926
32665276
32674978
32676116
32678058
32703827
32707988
32723820
32726339
32727616
32728686
32738179
32751237
32751900
32781051
32793136
32793184
32811434
32811496
32816349
32816976
32816978
32817159
32840352
32843629
32862158
32862164
32863985
32887931
32900960
32913259
32928928
32931894
32936060
32946043
32973726
32974504
32975083
32975308
32975727
32977201
32989037
32993774
32997986
32999813
33002847
33006405
33013801
33021500
33024050
33036410
33042041
33042856
33055026
33058293
33072044
33086595
33087442
33106268
33148829
33154012
33154015
33154743
33155979
33162754
33163415
33164573
33166604
33186785
33193164
33208519
33220096
33248387
33257524
33260418
33268492
33279599
33288625
33290182
33299175
33304334
33325357
33339285
33339823
33343518
33343552
33344432
33346952
33350902
33352401
33361193
33361293
33373956
33374765
33382235
33382590
33390674
33414321
33416849
33420031
33453316
33453875
33462496
33468593
33471823
33479607
33485863
33488260
33494273
33498785
33534143
33535567
33544079
33544157
33582396
33582576
33584576
33593559
33594002
33597931
33603724
33603746
33613477
33621482
33627396
33629066
33643419
33649150
33653882
33654763
33663204
33664137
33667101
33669411
33671144
33707330
33707371
33722846
33729912
33737362
33744958
33746976
33753427
33753820
33757409
33763648
33772870
33777836
33780444
33785614
33785625
33799191
33800635
33801872
33822039
33824663
33833023
33836580
33853951
33857164
33876763
33879617
33886315
33913567
33918623
33927046
33955473
33960821
33974923
33975973
33980681
33992958
34004588
34006663
34008246
34012976
34017340
34064643
34064944
34071265
34088850
34099723
34107684
34123066
34127732
34152351
34168231
34197200
34199531
34209966
34211042
34224347
34235480
34235651
34235660
34235668
34236221
34236958
34240144
34248636
34248902
34251178
34265158
34276591
34288118
34291902
34295573
34296047
34297925
34302035
34315374
34319744
34322125
34330928
34336191
34349904
34355905
34356374
34364491
34372584
34382828
34383749
34389619
34395315
34400280
34417177
34421882
34424047
34438944
34438951
34449124
34460298
34467445
34485766
34492336
34516281
34516286
34522793
34531869
34536516
34539614
34549994
34567751
34572657
34579341
34582827
34590581
34606341
34617782
34624680
34644222
34665112
34667293
34672710
34676224
34684762
34700110
34708566
34710568
34736355
34741069
34767949
34768965
34782468
34798816
34814151
34817211
34817212
34835362
34837716
34849792
34862729
34896395
34903974
34904319
34906734
34929571
34937164
34947680
34956144
34964904
34964907
34965127
34965429
34975815
34978741
34984329
34994548
35003607
35006433
35007529
35042332
35044755
35054958
35060708
35065357
35074605
35087402
35101416
35111145
35131667
35133955
35140480
35149427
35159170
35166859
35170242
35184552
35189142
35202428
35203542
35204142
35215268
35218800
35222334
35229683
35231975
35234399
35245664
35261129
35271828
35284659
35289639
35297678
35298707
35306347
35308348
35314194
35328372
35328580
35330079
35337802
35338694
35353035
35355473
35357210
35362472
35365094
35366543
35368061
35388829
35394551
35394745
35397466
35411009
35416664
35421436
35425272
35427117
35435709
35444621
35453260
35478559
35484172
35515796
35536032
35543536
35543537
35566243
35566267
35572598
35575764
35580120
35584661
35590245
35595085
35598869
35599744
35603677
35608993
35609801
35624324
35631831
35634445
35659317
35670057
35685938
35696675
35713559
35718063
35718742
35722349
35727726
35750296
35758621
35770905
35773428
35775547
35787552
35788014
35797343
35816546
35819986
35837472
35849922
35851382
35856452
35862962
35863046
35867993
35882287
35898907
35907936
35909599
35909613
35913593
35933051
35934909
35941150
35950213
35952902
35969062
35969844
35980182
36013953
36048328
36053379
36059932
36071978
36073918
36082708
36104771
36105674
36129274
36132595
36135363
36142240
36148439
36152468
36154149
36169423
36171656
36173193
36178924
36186547
36191548
36194264
36209365
36214446
36224685
36244449
36260446
36262396
36264222
36264383
36279104
36282241
36286444
36287003
36288262
36318013
36318670
36332135
36339560
36342835
36367461
36394312
36407375
36409114
36416406
36417754
36445139
36448553
36468864
36475606
36499402
36499415
36502992
36507669
36515787
36516340
36520276
36524824
36530146
36533863
36534487
36537788
36541811
36557726
36557842
36565806
36571834
36578077
36582695
36598232
36610794
36622376
36634117
36637210
36655995
36660887
36671761
36678434
36692091
36694284
36695572
36716144
36719870
36748577
36758121
36766739
36775124
36780784
36785935
36794884
36804468
36809827
36811320
36823286
36838421
36856664
36862671
36864821
36872433
36882066
36890228
36892121
36916909
36916948
36929086
36943048
36943112
36944713
36952383
36960278
36967885
36976029
36976880
36985341
36990704
37001025
37009497
37013167
37022460
37033483
37036666
37080992
37081437
37089202
37106707
37108247
37110828
37119317
37129848
37141254
37142222
37154718
37154774
37156406
37171533
37190861
37202938
37205764
37210419
37239384
37242440
37255446
37260379
37273644
37284769
37288102
37293600
37305508
37306676
37311288
37311924
37323400
37331005
37336126
37355194
37375075
37377118
37393246
37401981
37433855
37435707
37435857
37436169
37439398
37459722
37495693
37512870
37513221
37526955
37530405
37537629
37538750
37545854
37562848
37563123
37567169
37574972
37589273
37599792
37619560
37628885
37631870
37638726
37644325
37665120
37671868
37678706
37681985
37690030
37691650
37692163
37698262
37707314
37711139
37732803
37736771
37743798
37747201
37747938
37749214
37762271
37764979
37778704
37802316
37818841
37821540
37838146
37862100
37863192
37867661
37887707
37894573
37922696
37929833
37931681
37934806
37966202
37989843
37992805
38004430
38012984
38014973
38029102
38031611
38039077
38041782
38042942
38047653
38051075
38059429
38067444
38072054
38093709
38099681
38103641
38114215
38114754
38116834
38133153
38133260
38138007
38138601
38139199
38144119
38145372
38149630
38179948
38189354
38190499
38199552
38218322
38231182
38231936
38252548
38259108
38266152
38275935
38280693
38289931
38296141
38313133
38337112
38348908
38358254
38367664
38367670
38373028
38404920
38410395
38424684
38434142
38443335
38443338
38443434
38443507
38444151
38445868
38449100
38456318
38466105
38467648
38474298
38488964
38495141
38501867
38514663
38522749
38534713
38542939
38545118
38548701
38591887
38592866
38606980
38631426
38636658
38649100
38653035
38656226
38675588
38676533
38697952
38723917
38738599
38744895
38747340
38755122
38776712
38785795
38792231
38799742
38803374
38807377
38823743
38827510
38850688
38860795
38860805
38864527
38884060
38890591
38892325
38902248
38916330
38918410
38923553
38927150
38959403
38980043
38986924
39012146
39017913
39031590
39042832
39062144
39072629
39081888
39084000
39103410
39110213
39113212
39113823
39119203
39126073
39128229
39152186
39170210
39171628
39179666
39180459
39188315
39212351
39222685
39233599
39236267
39255070
39269011
39273250
39287392
39288201
39312837
39313213
39315796
39320104
39342331
39345163
39346838
39349276
39373497
39378764
39384756
39386688
39390679
39395744
39397698
39412514
39417425
39431875
39442483
39452193
39463350
39464821
39478003
39480109
39487375
39499088
39509654
39525346
39531492
39533170
39540732
39548343
39550000
39554140
39556327
39565350
39576712
39595627
39596722
39597669
39598600
39605324
39606116
39606152
