453098
1526231
1734062
1791343
1995029
2111871
2380375
2454943
2600587
2610299
2632666
4043056
6520222
6746091
7055109
7545512
7572815
7637194
7650193
7745309
7766224
7786231
7791389
7850844
7855970
7996059
8089512
8107060
8295553
8297626
8324113
8360361
8496781
8536735
8565415
8567909
8589666
8681990
8707750
8749672
8784576
8824994
8863368
9195104
9304128
9322066
9372668
9495612
9495617
9576596
9696261
9709892
9817527
10025866
10093536
10338189
10421242
10442424
10555325
10555340
10599905
10683883
10746501
10826810
10906266
10910588
11073323
11099928
11155173
11202881
11257779
11292790
11302819
11317256
11582531
11598583
11605227
11686813
11756985
11766381
11845444
11857984
11880397
11922284
11929563
11939402
12072926
12202549
12491595
12594036
12636245
12843013
14526662
14571116
14643536
14678471
14691601
15043873
15060690
15071061
15086620
15122191
15160304
15367191
15491464
15491465
15562909
15732877
15872299
15905601
15943771
16014435
16417990
16454159
16672416
16780031
16895493
16945032
16989974
17130992
17380002
17565461
17982605
18402612
18488257
18927421
19078454
19821706
19841508
19860320
20035024
20093379
20424365
20919496
21387621
21506385
21524712
21524967
21789100
21861307
21916225
21966051
22074849
22150619
22196182
22221039
22324467
22374286
22391759
22503889
22589356
22689610
22835945
22875690
23014355
23124195
23223817
23506057
23547480
23551701
23594064
23632249
23688097
23831301
24011184
24073347
24128874
24215937
24554338
24598195
24600025
24848553
24917618
24998728
25102269
25332867
25381728
25410567
25506439
25549405
25880819
25967257
26171262
26354817
26461079
26483523
26499108
26521147
26983837
27132809
27281992
27386004
27419922
27681235
27756619
27800109
27847383
27881590
28286386
28407706
28629401
28640003
28727895
28737114
28864559
28916315
28927679
29046089
29094233
29303686
29592995
29706440
29721242
29774014
29851923
29952983
29959041
30051978
30071825
30129495
30189172
30210812
30504520
30528561
30656054
30692557
30718303
30847279
30871085
30928318
31028534
31053905
31083748
31155399
31232055
31857289
31876810
32031922
32046045
32066414
32109938
32234857
32340505
32450648
32515179
32656998
32857044
33023642
33061480
33133417
33302509
33329815
33539005
33597456
33914624
34166330
34170942
34556028
34573878
34607813
34752033
34766602
34835486
34851209
34885369
34911531
34930151
34992062
35023759
35023786
35110455
35167866
35247607
35265559
35351079
35619055
35704363
35897354
35898914
36329986
36534133
36897617
37010533
37026905
37140235
37154976
37243559
37276337
37336653
37366499
37404664
37406183
37639550
37649970
37725824
37750280
37842285
37994021
38031416
38090300
38117072
38117318
38145982
38173032
38178146
38507529
38597544
38734601
38790803
38845533
38846345
38860022
38867204
38883450
38898852
38965969
39003582
39008450
39154205
39228824
39286694
39350879
39352433
39360117
39431214
39473045
39490415
39497848
39543949
39583469
39584846
