457606
808188
1317376
1320611
1332937
1339360
1367242
1368005
1368158
1368686
1368773
1369189
1369200
1389313
1400196
1400207
1429459
1459397
1482681
1526459
1526462
1537789
1569013
1569014
1572370
1586459
1588311
1622203
1624451
1632833
1636477
1637151
1702780
1708765
1730299
1746941
1809834
1832963
1854197
1872613
1885538
1917831
1929364
1995642
2034209
2049073
2059047
2109551
2156800
2185223
2217571
2250658
2254250
2254282
2308827
2310379
2349282
2408556
2504692
2559879
2640564
2651151
2661535
2673928
2675762
2687242
2693955
2823079
2832389
2834328
2838460
2838467
2914864
2914872
2924772
2935393
2940086
2962214
2990475
2992451
3026343
3029037
3029726
3034186
3034853
3282541
3309139
3322191
3356190
3546263
3584063
3611027
3680173
3745122
3949711
4044518
4259336
4287842
4287843
4885089
4964479
5488464
5650082
5761009
6098907
6100832
6326622
6326623
6343121
6364969
6427556
6489351
6715367
6853446
6856691
7030207
7066009
7125659
7214236
7484407
7501460
7506015
7590162
7596282
7599171
7665494
7665502
7665516
7710085
7710086
7751294
7756998
7764199
7764692
7764783
7765731
7765973
7766026
7766137
7768841
7771762
7778976
7785863
7875572
7883715
7894707
7916685
7917061
7925382
7926837
7950371
7986805
8002594
8026460
8045900
8052232
8081499
8086457
8120011
8144485
8145647
8145744
8185833
8198554
8202090
8240251
8318541
8320209
8335631
8336109
8405922
8427800
8441765
8468293
8472911
8477453
8489007
8491707
8491740
8526492
8536715
8566709
8574398
8617788
8626306
8645153
8652117
8654383
8661924
8661942
8669901
8704949
8728108
8755883
8766695
8776754
8810500
8824172
8825374
8860000
8900006
8913814
8926105
8953718
8953729
8961936
8994968
9023190
9055203
9063452
9073360
9103910
9116506
9133324
9141686
9148926
9211713
9216888
9307022
9310361
9322760
9406380
9469936
9473458
9490072
9494072
9515924
9519479
9548765
9587668
9611822
9624691
9627380
9627381
9648211
9654126
9655907
9655918
9655927
9655937
9685367
9685715
9714766
9726857
9767092
9788992
9805385
9812368
9839941
9887309
9891980
9919674
9925577
10191255
10191391
10198055
10218590
10333527
10334957
10347024
10369893
10394620
10397826
10406965
10413112
10419959
10427700
10436929
10441358
10455486
10514255
10514256
10514259
10553651
10559184
10617618
10618222
10620354
10639415
10649237
10652785
10683237
10733894
10791734
10796014
10846205
10849783
10849788
10849796
10849797
10849801
10849802
10849817
10899549
10921850
10924138
10964623
10977901
10981829
10997252
10997873
11004410
11029594
11069007
11092622
11099381
11105240
11123473
11133422
11133954
11150792
11178905
11266123
11325924
11327837
11377875
11381333
11398924
11409542
11410856
11422387
11470365
11499926
11518529
11535783
11577161
11705375
11714265
11734888
11759679
11772608
11827214
11872452
11935179
11963841
11963842
12018249
12018261
12018270
12018310
12018312
12039532
12039744
12052075
12081545
12095609
12172602
12359071
12455903
12661028
12674381
12696949
12703821
12721468
12750944
12752451
12752452
12790643
12855725
12889033
12889791
12909636
12932010
12949492
13680206
14292985
14490400
14523925
14524706
14545375
14545694
14549608
14570269
14584923
14586579
15012804
15055769
15063313
15162454
15178007
15188040
15269559
15296170
15296187
15299751
15300416
15304685
15304707
15304760
15342590
15470717
15592456
15644116
15691976
15716428
15727825
15742147
15765603
15876566
15930043
15951383
15952776
15989250
16027951
16030211
16155206
16179801
16214330
16219495
16232453
16232532
16232623
16233146
16238644
16274227
16345598
16346320
16346393
16346422
16346694
16346764
16347087
16347136
16347272
16347373
16347426
16347427
16347497
16347553
16403876
16461720
16473847
16534909
16535260
16535690
16538295
16570322
16599547
16790937
16891663
16906761
16915688
16946248
16950260
16960285
17010696
17037078
17259366
17306812
17308178
17309679
17349037
17420121
17503033
17522816
17524419
17586670
17604160
17653709
17654552
17657407
17657768
17791346
17934696
17949745
17964107
18034308
18057930
18060420
18089934
18237126
18310045
18324341
18344329
18349551
18368298
18375558
18414797
18425609
18450312
18471274
18489025
18501458
18546350
18546408
18548501
18548572
18548684
18551448
18551733
18553626
18553669
18553716
18553718
18553768
18553851
18555292
18555293
18555360
18555399
18555403
18555405
18563654
18575998
18576004
18576011
18576049
18576080
18576087
18576088
18576429
18576479
18576518
18584650
18587958
18588103
18592556
18597261
18597267
18600733
18600754
18600764
18600887
18600950
18601042
18613024
18615609
18618690
18624223
18624328
18629829
18629961
18634063
18636449
18636614
18667854
18675788
18676492
18688577
18690483
18712537
18712547
18713663
18773150
18809687
19018526
19054080
19069981
19082157
19089646
19089652
19154596
19156365
19181802
19239494
19328842
19351525
19401227
19402252
19412323
19415238
19422146
19617386
19621900
19652513
19683550
19767433
19876607
19884774
19998277
20003468
20012508
20099870
20127234
20134239
20163956
20354759
20383025
20438775
20459639
20461254
20484677
20506488
20507563
20668411
20693448
20715795
20740380
20801647
20820859
20838789
20849394
20868223
20957358
20967753
20971639
20972698
20975902
21034786
21039665
21060736
21082263
21092328
21104106
21169447
21186120
21218632
21236727
21295587
21326935
21328074
21336926
21337340
21393833
21404252
21422762
21512819
21629774
21720846
21725006
21742897
21796435
21815107
21965568
22002070
22014784
22030862
22075923
22112407
22112775
22117777
22137752
22156419
22161211
22228443
22344653
22350321
22367924
22421973
22504824
22526778
22573268
22578592
22592554
22609234
22622926
22622938
22629192
22660712
22667107
22669340
22736391
22823947
22826021
22895848
22911272
22919503
23033175
23045486
23053345
23057803
23086550
23123332
23149123
23209250
23219688
23377945
23471074
23475631
23581778
23602815
23613118
23635356
23681589
23702574
23704982
23768115
23774757
23837621
23848609
23874800
23999303
24026410
24031981
24063237
24085837
24194200
24236145
24274530
24286508
24308448
24357469
24384311
24407627
24409689
24415081
24420045
24421104
24425196
24485299
24491569
24502218
24550906
24572656
24580115
24599704
24629064
24654746
24715820
24795378
24839214
24841211
24847379
24904559
24930397
24980645
25024744
25036971
25048957
25096392
25112473
25128612
25217026
25225408
25298783
25369873
25383130
25420869
25524103
25530885
25538251
25582559
25646422
25724336
25726581
25730020
25760943
25769287
25834640
25851269
25895089
25935346
25937985
25940546
25943255
25998174
26016674
26048945
26051114
26062342
26091863
26096579
26202869
26258173
26264136
26350079
26388418
26396591
26428243
26432557
26454583
26566045
26583044
26600500
26707587
26732758
26744803
26758018
26777250
26782912
26803757
26826954
26883123
26885935
26919520
26961908
26996151
27033536
27037735
27056218
27100889
27118074
27121083
27213504
27253887
27286223
27287016
27404024
27412463
27541979
27594916
27629544
27722827
27826356
27862650
27900888
27936490
28100303
28103254
28163781
28296385
28325660
28330139
28341886
28418108
28506829
28655181
28751381
28764759
28855965
28892134
28951575
28978312
29046722
29052765
29143082
29175773
29224627
29375488
29380153
29464326
29480380
29509074
29573262
29603295
29627506
29659515
29694430
29720171
29743953
29807049
29923149
29939431
29943554
29958909
30002729
30019750
30063083
30153840
30241821
30303418
30356850
30456008
30591903
30627218
30635653
30661108
30770675
30801024
30815304
30849432
30876702
30877116
30877357
30911332
30984572
31078792
31139254
31163344
31253291
31297978
31310781
31320262
31399628
31440218
31468587
31492664
31551951
31569543
31581942
31611868
31626362
31636624
31647102
31681183
31701383
31717863
31736904
31781557
31782123
31787963
31798541
31890016
31952190
31998271
31998408
32038508
32038596
32082264
32110884
32127915
32152759
32158500
32172349
32175010
32178677
32195236
32259548
32296404
32356216
32385302
32399840
32466402
32471645
32518167
32590077
32654530
32656581
32690090
32694125
32797046
32804944
32817760
32829838
32863881
32866539
32891641
32894180
32934253
32963084
32978126
32984271
32984296
33035245
33292448
33321431
33332762
33342516
33399214
33452021
33512573
33571525
33593398
33684841
33826067
33839896
33913513
33933155
33958317
34049566
34073173
34176507
34202822
34280360
34288704
34331182
34381766
34408736
34506710
34529081
34584841
34689795
34709063
34709619
34756211
34783580
34787692
34803957
34818110
34823583
34833077
34858360
34863266
34873566
34920731
35067468
35102407
35166523
35189331
35258321
35465724
35483474
35583732
35700900
35739346
35762709
35771099
35786774
35871621
35876965
35993778
36094654
36140896
36343876
36345974
36346889
36358131
36588936
36619397
36657041
36670195
36690344
36845188
36896016
36937752
36941373
36971832
36982961
36995223
37036829
37127628
37144348
37322470
37393983
37526330
37554249
37689952
37728624
37764113
37833755
37905909
37909744
37923005
38001147
38004805
38117086
38188310
38232281
38264843
38281959
38311144
38336213
38344288
38369470
38390372
38448501
38549615
38585710
38650193
38716861
38773442
38785428
38786179
38827034
38890644
38890935
38895978
39175926
39186884
39209602
39281627
39324814
39349124
39459129
39523337
