58572
230766
237446
333677
358874
363118
399978
410128
475129
483386
501840
525898
525907
527345
539952
545841
551196
552672
557302
557939
562010
563204
586056
596296
627738
629456
629472
646203
655986
659312
664017
664019
667708
675843
677530
687261
687262
705052
705891
705897
727576
730374
749095
750960
779540
781765
803580
804831
813170
833034
842914
879562
911085
919686
921027
931144
937810
949127
955774
962206
1006801
1030824
1078097
1094867
1123013
1137209
1152178
1190584
1190593
1194114
1217278
1275349
1280624
1280925
1298026
1305338
1306921
1383165
1400956
1441098
1441219
1495076
1495919
1496779
1512876
1572987
1581187
1586018
1621479
1624551
1626895
1671779
1691504
1698274
1713792
1715323
1724581
1767993
1824132
1871954
1885753
1890178
1897134
1949581
1987160
2027888
2092348
2120142
2132684
2132783
2218038
2240769
2240802
2247936
2260275
2260276
2301812
2318532
2321261
2382379
2386330
2415457
2443451
2448258
2450497
2451913
2452797
2458688
2485548
2574096
2592538
2610428
2668567
2675458
2692483
2763443
2763451
2782719
2782720
2807542
2832800
2838504
2915021
3106957
3175379
3176298
3217095
3238774
3281338
3306569
3348535
3352081
3369075
3369083
3372018
3372021
3377309
3400115
3422471
3444609
3538640
3571472
3579755
3587929
3592362
3603710
3629722
3651893
3705174
3710896
3711298
3712642
3729834
3739000
3752671
3752672
3777655
3818429
3826850
3887703
3890629
3898932
3907437
3907438
3943586
3945825
3946891
3962160
3963551
3963555
3992874
3992879
3992881
3994109
3994125
3994127
3994131
4026042
4097064
4109892
4120967
4167894
4171949
4189907
4193922
4226158
4229931
4276083
4473851
4534775
4582010
4640755
4641213
4648995
4671458
4689814
4822866
4838997
4842856
4843105
4867188
4992454
5023988
5057036
5089193
5094703
5160254
5187074
5217488
5257490
5278167
5278170
5278171
5278172
5335865
5374524
5388317
5388318
5418950
5421097
5449907
5499317
5567418
5637919
5640316
5671949
5688978
5690784
5705117
5719106
5757731
5857258
5858692
5882552
5892838
5940333
5943945
5948606
5967335
6008308
6025428
6028914
6033695
6036377
6040643
6065933
6065934
6065935
6067991
6070724
6070725
6084430
6153897
6175257
6203210
6205996
6208825
6211820
6236033
6246285
6285774
6346968
6348636
6369761
6388435
6419686
6441324
6451008
6464312
6485099
6497136
6517790
6538723
6612989
6625314
6650023
6660614
6685402
6686384
6711969
6716555
6731981
6736645
6753317
6768332
6845418
6852911
6869951
6869997
6874524
6874525
6947300
6989298
7002139
7037672
7073078
7073707
7082225
7082237
7091815
7101466
7103219
7149393
7165161
7174438
7177588
7181188
7181776
7212430
7212431
7212442
7224308
7224310
7224313
7231925
7253101
7256829
7258767
7258783
7258784
7283236
7293560
7312304
7328469
7335334
7340579
7340580
7344191
7368318
7369609
7414703
7425986
7425987
7436099
7436100
7501871
7502343
7504852
7537055
7538510
7597777
7597779
7597780
7597786
7597787
7597789
7597790
7597796
7597797
7652946
7693596
7810060
7858023
7865577
7902862
7919822
7927725
7927726
7938942
7991897
8005681
8023555
8030178
8038806
8048908
8063397
8068752
8073170
8117465
8132352
8134656
8134659
8151824
8212485
8219327
8236809
8291198
8294020
8300296
8343094
8360902
8360903
8370734
8381627
8400383
8427453
8493760
8493761
8498744
8542983
8567902
8580166
8592360
8627938
8641789
8667375
8674360
8699463
8750681
8784493
8784497
8784531
8788999
8832738
8848303
8862589
8890250
8961639
8975906
8979421
8982791
9017861
9024896
9060138
9087923
9131564
9140508
9157135
9163463
9195728
9196820
9203307
9211652
9225428
9234414
9334450
9347517
9423849
9430113
9443325
9477491
9488414
9508311
9512749
9521155
9530697
9561699
9596725
9632594
9653988
9668444
9668458
9668469
9668472
9668475
9668476
9668501
9668503
9673253
9705412
9741051
9747938
9775610
9784551
9784552
9809321
9864202
10077656
10090403
10192839
10192841
10231753
10325324
10330556
10337102
10377129
10377531
10377533
10380651
10531237
10574545
10603398
10622615
10669100
10685172
10722587
10742689
10769008
10861192
10925201
10998374
11027858
11028743
11035716
11038126
11071535
11071537
11071538
11071549
11078939
11078951
11145692
11158120
11193616
11193662
11193668
11193694
11238202
11239934
11239938
11243370
11274438
11282521
11292724
11313126
11337128
11414267
11447197
11504216
11511414
11526124
11566374
11598059
11705661
11730800
11748171
11796593
11809330
11814681
11831437
11837905
11874888
11918803
11955782
11986275
12034541
12072219
12072223
12107477
12144767
12148657
12151201
12199369
12202567
12211273
12228278
12233999
12243900
12244180
12379676
12381611
12458174
12488078
12522060
12531299
12535066
12574272
12623209
12646645
12654783
12665106
12682152
12701380
12706672
12710612
12804862
12860598
12886423
12902301
12904396
13092384
13094451
13238738
13470250
13498276
13513488
13619297
13702950
13735717
13741873
13749410
13810091
13820793
13866454
13970197
14006080
14035668
14035669
14035670
14197909
14204828
14227163
14227186
14266846
14329440
14437588
14492485
14492493
14557295
14570114
14573687
14651881
14670322
14697516
14976783
14998312
15010223
15036535
15036540
15064125
15080428
15102815
15135513
15135871
15137493
15145495
15155686
15201033
15213131
15275192
15283518
15297529
15368740
15522917
15528749
15557651
15557669
15604474
15604475
15604478
15604503
15618402
15675047
15740870
15742867
15750101
15778035
15795079
15795086
15799524
15857936
15905510
15935572
15936147
15936149
15938516
15948961
16023121
16043300
16115096
16119558
16202540
16206931
16210480
16220347
16252338
16299305
16300909
16302060
16366000
16386388
16410967
16414686
16417435
16451111
16498890
16506442
16506443
16621285
16642719
16669861
16714578
16725412
16729688
16781025
16788207
16796511
16797092
16806070
16816958
16870847
16870861
16898114
16924490
16929762
17004028
17005908
17017236
17039454
17049686
17062116
17072454
17084044
17114676
17114750
17114752
17114758
17135541
17160291
17175446
17178787
17197636
17215333
17215335
17216590
17278086
17283724
17336001
17339347
17359443
17395222
17420231
17422202
17436941
17466470
17470297
17476576
17547235
17662656
17669027
17682850
17682853
17785476
17883196
17955901
17964755
17967854
18053123
18078602
18078605
18080877
18086812
18094110
18243240
18263838
18272296
18283950
18316389
18328629
18387757
18425271
18472219
18495345
18495855
18502005
18523848
18551778
18561379
18573892
18579313
18582976
18603273
18666971
18700182
18764690
18776093
18823574
18823579
18823582
18823724
18842342
18955472
19017965
19030878
19040134
19054634
19060060
19081688
19120168
19120181
19120183
19120185
19120186
19134224
19135309
19150177
19188360
19201099
19285808
19285880
19337849
19395753
19414224
19487473
19500456
19591044
19602309
19607704
19636428
19709057
19723295
19733490
19749371
19786123
19811876
19837516
19837622
19854912
19967931
20013050
20036077
20059824
20065028
20170494
20199762
20207484
20224076
20298599
20308303
20346598
20405320
20434227
20439479
20463162
20466489
20663613
20680339
20685208
20698900
20827491
20919904
20943025
20943320
20943884
20952064
21037882
21037886
21040509
21057014
21074945
21094505
21106294
21120351
21145660
21189322
21236580
21334146
21350849
21498646
21499913
21514300
21576345
21596083
21612870
21680112
21684084
21842137
21908321
21933360
21940118
21951878
22038917
22066488
22085549
22136597
22140462
22166387
22226382
22244519
22309860
22326937
22327584
22332304
22347555
22361828
22362799
22427942
22438962
22465150
22465306
22534942
22543604
22558307
22558468
22585962
22701163
22832744
22832750
22849831
22878542
22947247
23029498
23050728
23149483
23181781
23182548
23183165
23327317
23339917
23421886
23423423
23446216
23499481
23509140
23571121
23579784
23607288
23636309
23664994
23665715
23743023
23776456
23802235
23838470
23856733
23856734
23941262
23961044
24001119
24031379
24031449
24049913
24082538
24084474
24126603
24162569
24246707
24252959
24307390
24398155
24416292
24450836
24492330
24563780
24589108
24589111
24589112
24606864
24608654
24614604
24717413
24725301
24727644
24751137
24808644
24838078
24877977
24878588
24931130
24948931
25008904
25024014
25066603
25072029
25108778
25212410
25219763
25260335
25271452
25287920
25352699
25358242
25364572
25382465
25458492
25466219
25468764
25540956
25550150
25589064
25591406
25595772
25616567
25685864
25732914
25748051
25776603
25793966
25802034
25924762
25943785
25958152
25985719
26051478
26079491
26096752
26117444
26138152
26209411
26210950
26219233
26255094
26259814
26318264
26345059
26346451
26348980
26381444
26420543
26438311
26492823
26520797
26596894
26613663
26648009
26653035
26724380
26734888
26771308
26797395
26809916
26882265
26919143
26945560
26973816
26994084
27003378
27022740
27047205
27060744
27065645
27090756
27115492
27127345
27160767
27229471
27235428
27260942
27301742
27394441
27400719
27430272
27440819
27482362
27531003
27592064
27605804
27610385
27612925
27656312
27759758
27765073
27787614
27789159
27795302
27825733
27876944
27878428
27890399
27939332
27956049
27993973
28028631
28055579
28122249
28155283
28169172
28281774
28335329
28408334
28457822
28480803
28502107
28591859
28645313
28678004
28848277
28859959
28882512
28888642
28915997
28939494
29034616
29119682
29132409
29155863
29178391
29202206
29238699
29246225
29258559
29298712
29307783
29329629
29351812
29398602
29415034
29422446
29437094
29483058
29510496
29554947
29566306
29778634
29793771
29846449
29853873
29859884
29863973
29916800
29960083
29996633
30017724
30063976
30102734
30207275
30302627
30367760
30383917
30389039
30427528
30428925
30442571
30455197
30466964
30478537
30533750
30538366
30541438
30560519
30673770
30693380
30833198
30840799
30878569
30891514
30915720
30929935
30930114
30952580
31010732
31014496
31014719
31014734
31014863
31014871
31014877
31018404
31027602
31158343
31220153
31291256
31303216
31390434
31464102
31489558
31519420
31528739
31548475
31562909
31571143
31630482
31699769
31708375
31721059
31777316
31784419
31786146
31857182
31870635
31889177
31900233
31949241
31953063
31963251
32001158
32009766
32032840
32084216
32099970
32112944
32121019
32121571
32144639
32207056
32227225
32239717
32267389
32292001
32294720
32336660
32351981
32418944
32423693
32558239
32588174
32592686
32681278
32683353
32723641
32723649
32730769
32838795
32854447
32862907
32873288
32904721
32908531
32993778
33010632
33032591
33099171
33125524
33132601
33142046
33233713
33252025
33317119
33402225
33409632
33429219
33470211
33540276
33557465
33561680
33578784
33592978
33644273
33663816
33667832
33669573
33678368
33678370
33683831
33712007
33788020
33803682
33895143
33975003
34024367
34024388
34068782
34076044
34130708
34146240
34175736
34214889
34230000
34251516
34274575
34280698
34284322
34295034
34322535
34338549
34354122
34360274
34392945
34402970
34438696
34474788
34521455
34530992
34564582
34582467
34587171
34621258
34626905
34688633
34722706
34746278
34763583
34775293
34792293
34798528
34822656
34832584
34838023
34879943
34890445
34894523
34910018
34917838
34946097
34954258
34959550
35075555
35107775
35218684
35247238
35256125
35275116
35276000
35280590
35282915
35299078
35307457
35362760
35362860
35409307
35413525
35417806
35427959
35523271
35529481
35576225
35580762
35597189
35631021
35636373
35636526
35711652
35713759
35725102
35777654
35804607
35970093
35971431
35972927
35988819
36014081
36014994
36015049
36054010
36108550
36126375
36144303
36169089
36204300
36207820
36244881
36272258
36277070
36296233
36297251
36309670
36313830
36365012
36367458
36409691
36417982
36428398
36502740
36515298
36577307
36577829
36602624
36716383
36722682
36725982
36786319
36795247
36838430
36877065
36878630
36985288
36989601
36998029
36998091
37026219
37124669
37193487
37252392
37269302
37279864
37317070
37337296
37338639
37355998
37375474
37418999
37426080
37471404
37480507
37512853
37520189
37544641
37544642
37576560
37577195
37619912
37623958
37623970
37672469
37675244
37726409
37760244
37766718
37769585
37781282
37808115
37839669
37896947
37903502
37939034
37989016
38066987
38067036
38103383
38157135
38176202
38199693
38221589
38308823
38316658
38335834
38392899
38447703
38457048
38457963
38466437
38513459
38557923
38570576
38571811
38595664
38643720
38644043
38676858
38727242
38727782
38730389
38733736
38756415
38761254
38762942
38788485
38798298
38819622
38837987
38851009
38852138
38880695
38885885
38914427
38933691
38955115
38980594
39012114
39043715
39101092
39111196
39145369
39153286
39208226
39254350
39258000
39305677
39316238
39320534
39380678
39383384
39452716
39452765
39452781
39460723
39546938
39595238
