4579
8091
12801
15974
235315
239656
468836
479194
539823
681275
838716
911753
962953
1105579
1117009
3360116
4605064
6795193
7278686
7508720
8526489
10966376
11718820
11990359
12502715
12620826
12656147
13750403
14445211
14499938
15284892
15546412
15869958
16012776
16349378
17064376
17329778
17329787
17392224
17572085
17806098
17826858
17883337
18310025
18523175
18814038
20487029
20863689
22322527
24031229
24222222
25432418
25925663
25932357
26047553
26239066
27932659
28300228
29040817
30533892
31026607
31080622
31299600
31410607
31790335
31915960
31954934
32244799
32260526
32464440
33815319
34364084
34488099
35049426
35056544
35166843
35425296
35567006
35623111
35849092
35920325
36116490
36690257
36833369
37827242
38503565
38630261
38673131
38772137
39603477
4579
8091
12801
15974
235315
239656
468836
479194
539823
681275
838716
911753
962953
1105579
1117009
3360116
4605064
6795193
7278686
7508720
8526489
10966376
11021915
11718820
11990359
12502715
12620826
12656147
13750403
14445211
14499938
15284892
15546412
15869958
16012776
16349378
17064376
17329778
17329787
17392224
17572085
17806098
17826858
17883337
18310025
18523175
18814038
20487029
20863689
22322527
24031229
24222222
25432418
25925663
25932357
26047553
26239066
27912917
27932659
28300228
29040817
30533892
31026607
31080622
31299600
31410607
31790335
31915960
31954934
32244799
32260526
32464440
33815319
34364084
34488099
35049426
35056544
35166843
35425296
35567006
35623111
35849092
35920325
36116490
36690257
36833369
37827242
38503565
38630261
38673131
38772137
39603477
