1332639
1389994
1477878
1711519
1772447
2753835
2995314
3178187
3237117
3275300
3293613
3372396
3429357
3440765
3771410
3902765
3997691
4066549
6413475
6423606
6438042
6660874
7237267
7410281
7488524
7538105
7547145
7551031
7654510
7961186
7961187
8110602
8144418
8217514
8259192
8357264
8466808
8486559
8527329
8679147
8796430
8854181
8913812
9310850
9418022
9510992
9553796
9615472
9633662
9674134
9709232
9722992
9722997
9835559
9925603
10340667
10388708
10574090
10606145
10678424
10728613
10735244
10857539
10919817
11041132
11055859
11123463
11194052
11294356
11428574
11428576
11559410
11679334
11759749
11929165
11929174
11952211
12030302
12092732
12174033
12200298
12227640
12430775
12597491
12878384
14660367
14717372
14963617
15066777
15151235
15282129
15294842
15330538
15633675
15771179
15830686
15895751
15960666
16238753
16245730
16313402
16345623
16345740
16346185
16380186
16391034
16535254
16569070
16715814
16715825
16820458
16869904
16908649
16943004
16943033
16943054
16943058
16943083
16943085
16949172
17189762
17320231
17418312
17497876
17584457
17604862
18070037
18206764
18311564
18422955
18573557
18721678
18721682
19127732
19651454
19687286
19712399
19735019
19835775
19903389
19913696
19913703
20132434
20377954
20416603
20416799
20417403
20492248
20497280
20709901
20716107
20811804
20832689
21056779
21093087
21176988
21269781
21382674
21406376
21531471
21549215
21790002
21803905
21835482
21835483
21844276
21914560
22055026
22055809
22059703
22059713
22059773
22059873
22060685
22060780
22061573
22062367
22062507
22062750
22062909
22062974
22063058
22063497
22063850
22064129
22083437
22202872
22265297
22265298
22365354
22410223
22459497
22534355
22544790
22608227
22789459
22850396
22883207
22978238
22987506
23072701
23127714
23261532
23290229
23317856
23488765
23567138
23571346
23643125
23664260
23936168
24010600
24041591
24140806
24318167
24420044
24425618
24441020
24463156
24548927
24667319
24915326
25106040
25150673
25177730
25473498
25475333
25493478
25543050
25551371
25600580
25638474
25998814
26001060
26044337
26143235
26433458
26556435
26623935
26678146
26818982
26913473
26943946
27107120
27144959
27332555
27375241
27427869
27554147
27554149
27697169
27760400
27838518
27853710
27886641
27979060
27986732
28139059
28231186
28239131
28400008
28493309
28570918
28576372
28654203
28772193
28885049
29059725
29167264
29173640
29173642
29222941
29279039
29288907
29377407
29407391
29783046
29903812
30017197
30052925
30123192
30210467
30265895
30268907
30297054
30322686
30445284
30544776
30627971
30683371
30836529
30851558
30856740
30866244
30910085
30913597
30913651
30913655
30913665
30921867
30921886
30921950
30921952
30939677
30965454
30965506
30978903
30991600
31018302
31051529
31071794
31113039
31113106
31158965
31195491
31195585
31207788
31415919
31445374
31489899
31627244
31658772
31684053
31731685
31781049
31781057
31862717
31866751
31957899
31981852
32117190
32118486
32246056
32328055
32339230
32344904
32369996
32431341
32462213
32479869
32539954
32572986
32622249
32854273
32887055
32914102
32923377
32940370
33152570
33279060
33397630
33498361
33525540
33533634
33633698
33678870
33742725
33817662
33916748
34022615
34200022
34218124
34335490
34441583
34778585
34829020
35278797
35337592
35350621
35408465
35623222
35651011
35761661
35804666
35963126
36064042
36230127
36557727
36613543
36709849
36737989
36789062
36978432
37111459
37524609
37761871
38019017
38254545
38301298
38330602
38338588
38431311
38682917
38729711
38908220
38924063
38953337
39077375
39407346
39562113
