7533595
9226892
9255900
9506285
9717286
9835030
10518720
10583689
10698999
10878041
10878060
10915100
10971678
11233522
11595983
11882701
12112861
12414744
12627380
12738385
12904383
12969276
14532338
14966925
15270745
15710989
15910225
15956438
16310982
16464652
16494752
16555556
16980526
17010041
17267952
17274304
17289200
17303278
17329766
17378897
17644320
17976849
18281428
18579667
18821131
18843599
19217023
19438427
19959629
20220161
20581208
20881163
20939110
20955468
21088929
21097592
21144678
22039324
22173192
22301616
22580914
23067230
23294887
23475951
24011248
24470577
24502727
24585375
24657972
24940386
26316341
26386065
26497958
26764024
26908757
27116607
27624811
27815276
28443081
28855660
28877767
29340583
29682244
30258424
31294635
31476607
32178359
33248623
33296332
33303031
34149860
34651380
35593885
35772221
35804706
35909674
36155992
36367514
36502562
37237819
37463609
38246022
38540835
38847202
39091388
