94235
218444
350714
384428
1085372
1085927
2203817
3172461
3248721
3266857
3549710
6093048
6146651
6269959
6315538
6332018
8020748
8099082
9931007
12206775
12601140
13069455
16988021
17152011
17325223
17478618
17687018
18039799
19060144
19535530
20042621
20211548
20392581
20463164
20463165
20686092
21073698
21413340
21952546
22301020
22470516
22553240
22573587
23177564
23315478
23457514
23564195
23645583
24019162
24291178
24478508
24495976
24562614
24678024
24696434
24883195
25266675
25520712
25706230
25753676
25883794
25903577
25917803
25918135
25976004
26378279
26399701
26472767
26610450
26729761
27242968
27335148
27624822
27707939
28242259
28604066
28637909
29360880
29533728
29784027
29923825
31171614
31221642
31369500
31578259
31742788
31860436
31959912
31964748
32163029
32218184
33390332
33401487
34068621
34461447
34761593
34932443
35139905
36949027
37235163
37382545
38372891
38380941
38470272
38488280
38506530
38819499
39569266
