441774
501842
790752
973645
1089355
1259185
1411320
1411321
1460856
1534999
1562665
1575596
1826334
2172624
2192206
2317186
2354369
2718962
2890953
2984425
2987298
3168824
3189374
3351317
3585963
3619383
3689005
3943256
3950962
4051282
4421530
4586017
4634460
4635498
4792509
4886295
4894281
4911537
5005294
5544289
5630378
5729609
5816049
5827323
5933833
5968147
6071862
6134972
6490171
6756874
6876736
6879116
7089379
7309242
7360458
7667732
7707673
7790428
8067948
8072828
8165003
8210127
8277708
8316977
8709572
8744742
8852965
9480409
9486709
9790145
11064988
11139161
11469482
11484516
11518380
11724672
11740332
11757440
11943086
12160180
12442129
12519213
12709841
12861297
12922966
13079342
13134911
13165801
13326443
13326444
13332888
13336668
13420826
13454800
13636614
13710950
13713652
13806142
13824925
13831909
13914380
14484796
14497676
14711486
14774150
14779094
14832195
14839574
14844374
14885125
14888820
14909666
15415839
15635289
16012023
16186643
16254115
16561353
16821275
17018215
17096137
17223620
17257794
17421433
17515945
17561996
17652475
17772462
18023543
18023687
18061376
18352907
18525173
18562588
18712260
18862291
18867839
18869332
18881282
18887526
18900901
18957770
19017047
19871398
20248432
20251270
20251787
20251984
20296340
20397505
20475648
20475787
20476319
20619014
20639668
20966577
21292904
21304670
21306374
21434175
21526287
21877181
22002981
22112272
22180758
22718932
23554193
23590323
23993005
24695665
24719439
24912824
25316698
25414213
25436846
25522092
25858245
25970414
26344724
26377576
26438009
26584844
26701936
26705259
26813893
26948832
27031261
27088660
27154799
27626921
27698164
27809782
28002119
28003596
28322713
28430048
28432302
29024796
29191371
29208901
29644421
29671179
29709962
30013983
30289471
30344968
30898293
31015812
31096877
31204616
31315559
31697725
31875605
32209168
32617373
32658299
32727581
32868746
32998485
33038206
33086954
33612742
33618204
33684147
33693831
34039283
34211343
34260491
34323361
34336228
34672901
34808096
34813430
34910142
35253370
35365242
35480234
35738493
36379219
37392874
37450033
37643287
38135365
38407252
38459199
39108398
39229598
39267964
441774
501842
790752
973645
1089355
1259185
1411320
1411321
1460856
1534999
1562665
1575596
1826334
2172624
2192206
2317186
2354369
2718962
2890953
2984425
2987298
3168824
3189374
3351317
3585963
3619383
3689005
3943256
3950962
4051282
4421530
4586017
4634460
4635498
4792509
4886295
4894281
4911537
5005294
5544289
5630378
5729609
5816049
5827323
5933833
5968147
6071862
6134972
6490171
6756874
6876736
6879116
7089379
7309242
7360458
7667732
7707673
7790428
8067948
8072828
8165003
8210127
8277708
8316977
8709572
8744742
8852965
9480409
9486709
9790145
11064988
11139161
11469482
11484516
11518380
11724672
11740332
11757440
11943086
12160180
12442129
12519213
12709841
12861297
12922966
13079342
13134911
13165801
13326443
13326444
13332888
13336668
13420826
13454800
13636614
13710950
13713652
13806142
13824925
13831909
13914380
14484796
14497676
14711486
14774150
14779094
14832195
14839574
14844374
14885125
14888820
14909666
15415839
15635289
16012023
16186643
16254115
16561353
16821275
17018215
17096137
17223620
17257794
17421433
17515945
17561996
17652475
17772462
18023543
18023687
18061376
18352907
18525173
18562588
18712260
18862291
18867839
18869332
18881282
18887526
18900901
18957770
19017047
19871398
20248432
20251270
20251787
20251984
20296340
20397505
20475648
20475787
20476319
20619014
20639668
20966577
21292904
21304670
21306374
21434175
21526287
21877181
22002981
22112272
22180758
22718932
23554193
23590323
23993005
24695665
24719439
24912824
25316698
25414213
25436846
25522092
25858245
25970414
26344724
26377576
26438009
26584844
26701936
26705259
26813893
26948832
27031261
27088660
27154799
27626921
27698164
27809782
28002119
28003596
28322713
28430048
28432302
29024796
29191371
29208901
29644421
29671179
29709962
30013983
30289471
30344968
30898293
31015812
31096877
31204616
31315559
31697725
31875605
32209168
32617373
32658299
32727581
32868746
32998485
33038206
33086954
33612742
33618204
33684147
33693831
34039283
34211343
34260491
34323361
34336228
34672901
34808096
34813430
34910142
35253370
35365242
35480234
35738493
36379219
37392874
37450033
37643287
38135365
38407252
38459199
39108398
39229598
39267964
