25661
453682
497162
497163
497164
500797
527582
539820
543353
558042
566082
688105
754875
883707
1098324
1194242
1201512
1275348
1321716
1510978
1555573
1590689
1748877
1781695
1999199
2161759
2173950
2208444
2236925
2253614
2253616
2261478
2271912
2303055
2340266
2546759
2556270
2764566
2986607
3015247
3118940
3140782
3203689
3214813
3223764
3372481
3377500
3429358
3789722
3790549
3792314
3801391
3814604
3911951
4084861
4133611
4145841
4147649
4589136
4590915
4858812
6246392
6263870
6305422
6311546
6325183
6325184
6384713
6427172
6617650
6686488
6692831
6712628
6734600
6840072
6852053
6858444
6863168
6869822
6880239
6995113
7011807
7016115
7048723
7056696
7074025
7125656
7152030
7159554
7306882
7308219
7387158
7407707
7576462
7601741
7662333
7672411
7672417
7730197
7851742
7857927
7869685
7963612
7974836
8003473
8069781
8080271
8226379
8262448
8363575
8399220
8425547
8439152
8490573
8674684
8849644
8864215
9128731
9172333
9313145
9346288
9639927
9671517
9684165
9694853
9765933
10090764
10486059
10669801
10827281
10880967
11412126
11501482
11934285
11966917
11972704
12163667
12232664
12576580
12583709
12603323
12710625
12839756
12911711
12916235
14519808
14688238
15184185
15212796
15227796
15269562
15297916
15299914
15460159
16345231
16345358
16345359
16345360
16345608
16345793
16345862
16346691
16347061
16349276
17007430
17235560
17474766
17953596
18234505
18535825
18839246
18853154
19213715
19542509
19783747
20053317
20059926
20163663
20300787
20456526
20680561
20851965
21605754
21605768
21787874
21821750
21821757
21907740
21914887
21949860
22008515
22192212
22250737
22267666
22393030
22492453
22829622
23023753
23271673
23543477
23606284
23624710
23688291
23732922
23754557
24132577
24260205
24360648
24398831
24632626
24711592
24865326
25046106
25282426
25817063
25903584
26123320
26168961
26298766
26299164
26318448
26399366
26409956
26440014
26697110
26705470
26778413
26868619
26879958
26905795
27075993
27107092
27227837
27415825
27421233
27824275
27837973
28179895
28265975
28465826
28550991
28707415
28742009
28842275
29051237
29174148
29179547
29222621
29331526
29385463
29445454
29595965
29651303
30056686
30101541
30242233
30258628
30281016
30396005
30588673
30687829
30792704
30963328
31508230
31676481
31811042
31981909
32004804
32283671
32704976
32704979
32705029
32855308
33015136
33021004
33172047
33364553
33411960
33445351
33587905
33997329
34208843
34218911
34253357
34399455
34474533
34601026
34741032
34790892
34812652
34946120
35027089
35104035
35112609
35211420
35233510
35280499
35418112
35429498
35562415
35600540
35839060
35889119
36108683
36151241
36179550
36204287
36241315
36337113
36416990
36423758
36428566
36548827
36548832
36634661
36977895
37016456
37145100
37220854
37348645
37417715
37468909
37479183
37684694
37995075
38023425
38042435
38178927
38276203
38286529
38287585
38384302
38581911
38622373
38627869
38769230
38837999
39111400
39145139
39179139
39236874
39290659
39333026
39369902
39432470
39444738
39483013
39588639
25661
453682
497162
497163
497164
500797
527582
539820
543353
558042
566082
688105
754875
883707
1098324
1194242
1201512
1275348
1321716
1510978
1555573
1590689
1748877
1781695
1999199
2161759
2173950
2208444
2236925
2253614
2253616
2261478
2271912
2303055
2340266
2546759
2556270
2764566
2986607
3015247
3118940
3140782
3203689
3214813
3223764
3372481
3377500
3429358
3789722
3790549
3792314
3801391
3814604
3911951
4084861
4133611
4145841
4147649
4589136
4590915
4858812
6246392
6263870
6305422
6311546
6325183
6325184
6384713
6427172
6617650
6686488
6692831
6712628
6734600
6840072
6852053
6858444
6863168
6869822
6880239
6995113
7011807
7016115
7048723
7056696
7074025
7125656
7152030
7159554
7306882
7308219
7387158
7407707
7576462
7601741
7662333
7672411
7672417
7730197
7851742
7857927
7869685
7963612
7974836
8003473
8069781
8080271
8226379
8262448
8363575
8399220
8425547
8434442
8439152
8490573
8674684
8849644
8864215
9128731
9172333
9313145
9346288
9639927
9671517
9684165
9694853
9765933
10090764
10486059
10669801
10827281
10880967
11412126
11501482
11934285
11966917
11972704
12163667
12232664
12576580
12583709
12603323
12710625
12839756
12911711
12916235
14519808
14688238
15184185
15212796
15227796
15269562
15297916
15299914
15460159
16345231
16345358
16345359
16345360
16345608
16345793
16345862
16346691
16347061
16349276
17007430
17235560
17474766
17953596
18234505
18535825
18839246
18853154
19213715
19542509
19783747
20053317
20059926
20163663
20300787
20456526
20680561
20851965
21605754
21605768
21787874
21821750
21821757
21907740
21914887
21949860
22008515
22192212
22250737
22267666
22393030
22492453
22829622
23023753
23271673
23543477
23606284
23624710
23688291
23732922
23754557
24132577
24260205
24360648
24398831
24632626
24711592
24865326
25046106
25282426
25817063
25903584
26123320
26168961
26298766
26299164
26318448
26399366
26409956
26440014
26697110
26705470
26778413
26868619
26879958
26905795
27075993
27107092
27227837
27415825
27421233
27824275
27837973
28179895
28265975
28465826
28550991
28707415
28742009
28842275
29051237
29174148
29179547
29222621
29331526
29385463
29445454
29595965
29651303
30056686
30101541
30242233
30258628
30281016
30396005
30588673
30687829
30792704
30963328
31508230
31676481
31811042
31981909
32004804
32283671
32704976
32704979
32705029
32855308
33015136
33021004
33172047
33364553
33411960
33445351
33587905
33997329
34208843
34218911
34253357
34399455
34474533
34601026
34741032
34790892
34812652
34946120
35027089
35104035
35112609
35211420
35233510
35280499
35418112
35429498
35562415
35600540
35839060
35889119
36108683
36151241
36179550
36204287
36241315
36337113
36416990
36423758
36428566
36548827
36548832
36634661
36977895
37016456
37145100
37220854
37348645
37417715
37468909
37479183
37684694
37995075
38023425
38042435
38178927
38276203
38286529
38287585
38384302
38581911
38622373
38627869
38769230
38837999
39111400
39145139
39179139
39236874
39290659
39333026
39369902
39432470
39444738
39483013
39588639
