1760135
2723037
7488529
10100902
10573394
10930080
11034505
11111031
11157255
11246902
11252516
12074051
12775698
12788779
14574101
15063498
15212790
15904957
15992614
16145549
16168579
16181692
16233780
16553862
16632262
17109058
17850309
17921264
18048756
18077039
18092458
18167460
18237396
18281406
18450312
18452899
19016881
19142587
19243908
19276536
19406772
19493201
19608414
19618275
19699768
19703719
19734722
20492238
20630231
20820868
21046199
21143710
21204877
21229247
21229378
21282025
21296447
21335386
21383037
21477479
21535696
21538258
21571876
21839380
21952374
22080938
22133745
22209604
22247149
22374948
22534298
22635989
22654159
22806635
23124754
23194554
23241984
23442676
23550842
23558189
23676906
23764225
24010616
24031676
24031746
24176308
24195373
24274497
24291182
24351750
24632249
24962899
25039289
25117002
25428963
25437059
25479060
25583343
25756290
25790502
25882072
25887587
25963776
26049782
26104520
26282688
26344292
26608755
26678131
26678137
26682858
26685674
26726815
26767787
26809800
26881738
26907755
27088869
27164499
27271320
27283670
27374130
27375243
27717318
27889157
28433723
28527125
28576370
28619795
28813779
29080817
29081085
29192074
29430723
29471088
29502392
29844508
29891982
30031986
30142412
30166137
30218539
30342080
30483440
30663071
30682297
30781845
30954033
31073899
31100643
31121378
31124355
31195565
31196527
31208534
31375489
31399409
31461615
31525416
31703858
31732069
32031198
32087410
32097735
32246347
32336355
32336362
32336377
32409580
32437608
32496663
32539975
32702068
32764465
32911696
32934253
33158141
33233728
33278464
33483044
33505529
33541325
33590587
33653200
33810084
33921672
33927980
34053531
34069676
34070312
34247022
34357067
34574114
34661886
34798193
35150334
35152182
35181108
35804730
35885256
35954049
36076965
36147676
36461307
36838434
36994622
37028860
37033117
37048370
37108530
37138594
37164129
37269952
37364321
37415091
37642718
37689952
37803783
37894628
37986415
37995876
38027952
38056028
38191944
38201124
38220337
38231883
38358277
38549567
38574904
38578301
38734668
38841414
38966055
39053039
39059525
39200513
39214229
39252644
39318384
39328226
39522925
39554831
39567144
39593354
1760135
2723037
7488529
10100902
10573394
10930080
11034505
11111031
11157255
11246902
11252516
12074051
12775698
12788779
14574101
15063498
15212790
15904957
15992614
16145549
16168579
16181692
16233780
16553862
16632262
17109058
17850309
17921264
18048756
18077039
18092458
18167460
18237396
18281406
18450312
18452899
19016881
19142587
19243908
19276536
19406772
19493201
19608414
19618275
19699768
19703719
19734722
20492238
20630231
20820868
21046199
21143710
21204877
21229247
21229378
21282025
21296447
21335386
21383037
21477479
21535696
21538258
21571876
21839380
21952374
22080938
22133745
22209604
22247149
22374948
22534298
22635989
22654159
22806635
23124754
23194554
23241984
23442676
23550842
23558189
23676906
23764225
24010616
24031676
24031746
24176308
24195373
24274497
24291182
24351750
24632249
24962899
25039289
25117002
25428963
25437059
25479060
25583343
25756290
25790502
25882072
25887587
25963776
26049782
26104520
26282688
26344292
26608755
26678131
26678137
26682858
26685674
26726815
26767787
26809800
26881738
26907755
27088869
27164499
27271320
27283670
27374130
27375243
27717318
27889157
28433723
28527125
28576370
28619795
28813779
29080817
29081085
29192074
29430723
29471088
29502392
29844508
29891982
30031986
30142412
30166137
30218539
30342080
30483440
30663071
30682297
30781845
30954033
31073899
31100643
31121378
31124355
31195565
31196527
31208534
31375489
31399409
31461615
31525416
31703858
31732069
32031198
32087410
32097735
32246347
32336355
32336362
32336377
32409580
32437608
32496663
32539975
32702068
32764465
32911696
32934253
33158141
33233728
33278464
33483044
33505529
33541325
33590587
33653200
33810084
33921672
33927980
34053531
34069676
34070312
34247022
34357067
34574114
34661886
34798193
35150334
35152182
35181108
35804730
35885256
35954049
36076965
36147676
36461307
36838434
36994622
37028860
37033117
37048370
37108530
37138594
37164129
37269952
37364321
37415091
37642718
37689952
37803783
37894628
37986415
37995876
38027952
38056028
38191944
38201124
38220337
38231883
38358277
38549567
38574904
38578301
38734668
38841414
38966055
39053039
39059525
39200513
39214229
39252644
39318384
39328226
39522925
39554831
39567144
39593354
