12656185
15276980
15872260
16236577
19089694
19329598
19954731
20843618
21145184
21313855
21602325
21742925
22526722
22582057
22728126
22856188
23359626
23509151
23966514
24090812
24098932
24115542
24235226
24313352
25144260
25223320
25246024
25495603
26004945
26063044
26443063
26478167
26729352
26915521
27116607
27171757
27771057
28301236
28619135
28848739
28957004
29243936
29381805
29434034
29441195
29471426
29517269
29613813
29615242
29615261
30528016
30559219
30567563
30943226
31013003
31022414
31230158
31526229
31865689
31902298
31923511
31967433
31979285
32095060
32156313
32186507
32375499
32550616
32735874
32784954
32825511
33570106
33596999
33679724
33969032
34543506
34902538
35971557
36051765
36617648
36778889
36830204
37237806
37513011
37612766
37623952
37889324
38251385
38301451
38525234
38535580
39012584
39350058
39374885
39510311
39550863
39599542
12656185
15276980
15872260
16236577
19089694
19329598
19954731
20843618
21145184
21313855
21602325
21742925
22526722
22582057
22728126
22856188
23359626
23509151
23966514
24090812
24098932
24115542
24235226
24313352
25144260
25223320
25246024
25495603
26004945
26063044
26443063
26478167
26729352
26915521
27116607
27171757
27771057
28301236
28619135
28848739
28957004
29243936
29381805
29434034
29441195
29471426
29517269
29613813
29615242
29615261
30528016
30559219
30567563
30943226
31013003
31022414
31230158
31526229
31865689
31902298
31923511
31967433
31979285
32095060
32156313
32186507
32375499
32550616
32735874
32784954
32825511
33570106
33596999
33679724
33969032
34543506
34902538
35971557
36051765
36617648
36778889
36830204
37237806
37513011
37612766
37623952
37889324
38251385
38301451
38525234
38535580
39012584
39350058
39374885
39510311
39550863
39599542
