1331019
3484208
6642650
7703014
8161172
8324135
8789019
8934909
11451515
12732533
15870317
16707878
16957211
17056700
17381755
17889391
17953607
18083875
18216213
18590586
18723652
19121067
19168652
19426473
19486397
20041198
20077895
20118380
20536746
20814202
21148680
21276626
21814872
21995649
22612585
23315725
23504024
23659237
23814571
24427111
24558236
25179902
25312826
25585145
25858847
25933689
26433355
27061393
27458085
27475723
27595541
27660160
30810989
30969770
31071780
31156604
31213556
31491909
31953145
32188978
32499362
32795610
33014185
33052806
33149443
33152994
33324571
33407122
33717026
33985416
34030655
34269367
34429693
34439760
34534554
34535959
34688653
34838821
34857830
34949752
35040752
35764953
35883998
36240906
36352124
36387171
36686268
37062177
37430374
37836844
38525041
38578969
38732534
38768706
38951788
39008450
39128569
39443634
39499489
