429535
521478
602540
793504
1176613
1368913
1452332
1666314
1805310
2504344
2570791
2870129
3034144
3197461
3252906
3277997
3350783
3810885
4051454
4698216
6104464
6121839
6643232
6643366
6765415
6859841
6874899
7012276
7040458
7070309
7835992
7879514
7884799
8229460
8958250
9275290
9283662
9350207
9574723
9688814
9720244
9989649
10381612
10449462
10887286
11192501
11348021
11414447
11574921
11685508
11833525
11931166
12078099
12088581
12171300
12423969
12687410
12801716
12867555
14698901
15053232
15058814
15314194
15495599
15974564
16083226
16180691
16192440
16248373
16472790
16630597
16815342
17056684
17182016
17368583
17559819
17951985
18198546
18768172
19185853
19621056
19651402
19714857
20413619
20471004
20573620
20600792
20709916
21146157
21316039
21598647
21639852
21978611
22099381
22252871
22282517
22661447
22817460
22960211
23163530
23163869
23360015
23418147
23505696
23694707
23710559
24129837
24727107
25007747
25240185
25464076
25498024
25574689
25752909
26123962
26693956
28263875
28516225
28636341
28843672
28949149
29030447
29084590
29511956
29778190
30975748
31218997
31422158
32661075
32714302
32990385
33087056
33193173
33428969
34288148
34827932
34864291
35148986
35175129
35325574
35622520
35754739
36084158
36481542
36807351
36829551
37220089
37786852
38028859
38388369
38481663
38895369
38940615
39065247
39254346
39458441
39566672
429535
521478
602540
793504
1176613
1368913
1452332
1666314
1805310
2504344
2570791
2870129
3034144
3197461
3252906
3277997
3350783
3810885
4051454
4698216
6104464
6121839
6643232
6643366
6765415
6859841
6874899
7012276
7040458
7070309
7835992
7879514
7884799
8229460
8958250
9275290
9283662
9350207
9574723
9688814
9720244
9989649
10381612
10449462
10887286
11192501
11348021
11414447
11574921
11685508
11833525
11931166
12078099
12088581
12171300
12423969
12687410
12801716
12867555
14698901
15053232
15058814
15314194
15495599
15974564
16083226
16180691
16192440
16248373
16472790
16630597
16815342
17056684
17182016
17368583
17559819
17951985
18198546
18768172
19185853
19621056
19651402
19714857
20413619
20471004
20573620
20600792
20709916
21146157
21316039
21598647
21639852
21978611
22099381
22252871
22282517
22661447
22817460
22960211
23163530
23163869
23360015
23418147
23505696
23694707
23710559
24129837
24727107
25007747
25240185
25464076
25498024
25574689
25752909
26123962
26693956
28263875
28516225
28636341
28843672
28949149
29030447
29084590
29511956
29778190
30975748
31218997
31422158
32661075
32714302
32990385
33087056
33193173
33428969
34288148
34827932
34864291
35148986
35175129
35325574
35622520
35754739
36084158
36481542
36807351
36829551
37220089
37786852
38028859
38388369
38481663
38895369
38940615
39065247
39254346
39458441
39566672
