9535914
10382286
12478550
12748772
14995111
15796584
15864525
16131507
16435126
17270014
17447082
17456504
17691204
17997525
18251882
18554400
19375343
19584116
20580386
20967449
21073695
21235257
21802607
21919911
22258113
22783093
23627566
24043850
24248924
24581678
24584516
24888592
25595870
25894660
26032990
26160581
26283631
27104511
27216084
27375645
27411902
28713572
29163162
29288304
29520945
29872608
30533933
30699720
30754928
31017610
31089803
31298994
31323823
31456792
31481220
31626583
31755153
32121150
32292752
32675186
32688718
32688796
32734845
32985965
33424986
33902737
34420360
34591675
34713721
34833141
34988696
35137417
35270166
35378144
35389251
35733110
35875222
36151514
36235481
36362205
36771655
36772845
37278546
37339592
37436214
37457349
37464908
37477440
37515161
38058289
38085065
38365227
38367820
38575466
39012133
39185583
39403616
