33985
54404
172598
242293
279056
299336
386795
457214
479248
818969
824500
862618
874071
977998
1125258
1163494
1236933
1254704
1262308
1278168
1280625
1341576
1528650
1537895
1606153
1609950
1655752
1715722
2504766
2512826
2559143
2583477
2620169
2719947
2733620
2760278
2822093
2843271
2885717
3024714
3057331
3168426
3299554
3372350
3372351
3449453
3600378
3681551
3707594
3711283
3750002
3816371
3839229
4080593
4112258
4122865
4279915
4309602
4479291
4760496
4828310
5094501
5387602
5388196
5417261
5471231
5544148
5669904
5698884
5764335
5773756
5774755
5776532
5851865
5956935
5966705
6314965
6326398
6326399
6334119
6437812
6514595
6521669
6535708
6721759
6801242
6805424
6856949
6859838
6865828
6951339
6953253
6978877
7092006
7159087
7244367
7280766
7403928
7513682
7528643
7559518
7765477
7779797
8027079
8031788
8153700
8175483
8175484
8188347
8218697
8219788
8260496
8304197
8304204
8736506
8782688
8995797
9139920
9294341
9332541
9421896
9534210
9577444
9598856
9721280
9748224
9761866
9785808
9805399
10325383
10427049
10525838
10730953
10739342
10810326
10885215
10954983
11039252
11075927
11149754
11240047
11247733
11278124
11297357
11420652
11425738
11446456
11526037
11559408
11596879
11751833
11774279
11781998
11814664
12018176
12019559
12096915
12111158
12182388
12237610
12440223
12459906
12496167
12628314
12785053
12795018
12886967
12904538
13085740
13162910
13218378
13329728
13341050
13459897
13607435
13626901
13630861
13695636
13812063
13898776
13987555
13989398
13989399
14000218
14000219
14023126
14047219
14078002
14206055
14234803
14255648
14394084
14500782
14529176
14595466
14738751
14741785
14974622
14999516
15006783
15058194
15100987
15100988
15100989
15100990
15100991
15100992
15100993
15100994
15100995
15100996
15100997
15100998
15130948
15184022
15184178
15233843
15279939
15336391
15363621
15380664
15387687
15457100
15488386
15627343
15636188
15654137
15687208
15708798
15766789
15779589
15784532
15909077
15933571
15960747
16042042
16172890
16209027
16229777
16255145
16259070
16321947
16333331
16344270
16347164
16359912
16391108
16406418
16410927
16423655
16435565
16436433
16451037
16527917
16560589
16567012
16573516
16585708
16631946
16676991
16681318
16706905
16743932
16760554
16768446
16829475
16889929
16982829
17001920
17011197
17136382
17169000
17176066
17277454
17333774
17355143
17371321
17396254
17400765
17435000
17473247
17473267
17499938
17584942
17597339
17639170
17716915
17742598
17855182
17874003
17905550
17968625
17989847
18157408
18171675
18177311
18198747
18211268
18215132
18282432
18347828
18369732
18388983
18398186
18400006
18406459
18433092
18441852
18453516
18502869
18523185
18564684
18642255
18661179
18756101
18799697
18809561
18817418
18820969
18842860
18949702
19057818
19060172
19112118
19246743
19273690
19351314
19385503
19425184
19426552
19549597
19571412
19572540
19576742
19622653
19627477
19640274
19647512
19664549
19688375
19709325
19709367
19717863
19777809
19783935
19827025
20055097
20090050
20105519
20295177
20355730
20381609
20416285
20490411
20545857
20556653
20571950
20705668
20720417
20803105
20944413
20955192
21031300
21086131
21152942
21155853
21183645
21183648
21204879
21241053
21250604
21253897
21261288
21291979
21360147
21370647
21435035
21439518
21451248
21472536
21476926
21502740
21504831
21524969
21566390
21587264
21618111
21622734
21637531
21642401
21647679
21711917
21726246
21778717
21779844
21793558
21839110
21861727
21882898
21910441
21911974
21918512
22036134
22063726
22072653
22098208
22117517
22143820
22181844
22211858
22222491
22268978
22278051
22336073
22341844
22351670
22408391
22452961
22505803
22533445
22558542
22660944
22666015
22666033
22688085
22736981
22739070
22763647
22785546
22815678
22837698
22984138
23071722
23090123
23100836
23103899
23115018
23177728
23195556
23210926
23224498
23264268
23279885
23286235
23288793
23299903
23330731
23338824
23344114
23380618
23447012
23455494
23466297
23486105
23489290
23513712
23519352
23519665
23545192
23571676
23591758
23598500
23631492
23641343
23645384
23693029
23725035
23729876
23743010
23756802
23765294
23766278
23777289
23789847
23814260
23844805
23846742
23857057
23860686
23868689
23963914
23994489
24053704
24061822
24073823
24078149
24084115
24093786
24126126
24169540
24193137
24291311
24301767
24317061
24319480
24321061
24344870
24401123
24417877
24421196
24426075
24488718
24499972
24535738
24548644
24548722
24553401
24628985
24689298
24691035
24698116
24710289
24767081
24815680
24846733
24854358
24856426
24859023
24914718
24932870
24944110
24965598
24973954
24984061
25006994
25041996
25075726
25082352
25085489
25111599
25128900
25162059
25165125
25197715
25229331
25270885
25295853
25312122
25320416
25346138
25361869
25415350
25419995
25447983
25450700
25477905
25509387
25546516
25548380
25566215
25582561
25598643
25612558
25613850
25637095
25656290
25707115
25722489
25746999
25756826
25773477
25816226
25846556
25846924
25897858
25938431
25956585
25960752
25986963
26025187
26029178
26039903
26048053
26059863
26082989
26132041
26151435
26154047
26159354
26194788
26273227
26288125
26304923
26323978
26325430
26345950
26355540
26393551
26408889
26453007
26462840
26467694
26477750
26496663
26504464
26548447
26571230
26572063
26583050
26594817
26601485
26620535
26623012
26627076
26640821
26648117
26654469
26729121
26788383
26793969
26802061
26860259
26903614
26920717
26941151
27054912
27092109
27116707
27132174
27173292
27190686
27220074
27221658
27242690
27285830
27288924
27321545
27344541
27387237
27396892
27460095
27466367
27502397
27557730
27603708
27617206
27626397
27634359
27709333
27715454
27747113
27777079
27882771
27917165
27951651
28000767
28018866
28035685
28049528
28065820
28069219
28090277
28110605
28137764
28149169
28294414
28294685
28318536
28326068
28336604
28361404
28364274
28379194
28402186
28421612
28446174
28460167
28479904
28484444
28487896
28507067
28539728
28540556
28552805
28552808
28599132
28685594
28688010
28721241
28740287
28775820
28779741
28798903
28824075
28829025
28878346
28895513
28904418
28928721
28930136
28939255
28942822
28946655
28965300
29022325
29024774
29085409
29130160
29170962
29172966
29176969
29177937
29301892
29301901
29322006
29374267
29408657
29463534
29508988
29541448
29552656
29566908
29571454
29593241
29660523
29672625
29686180
29692309
29694709
29702448
29705162
29751512
29783658
29864697
29868500
29934653
29938366
29944204
29977251
29982994
30023618
30028284
30053101
30065392
30065411
30065702
30100021
30105968
30108567
30142938
30166167
30195643
30211080
30212521
30221799
30234025
30297643
30304507
30310963
30336602
30342139
30410871
30417143
30421108
30471310
30478262
30498484
30550957
30589228
30590926
30602315
30608971
30637901
30639217
30652789
30727758
30733750
30785306
30797422
30828441
30864389
30924989
30934945
30944810
31000164
31021332
31031967
31085828
31105665
31132155
31162815
31199223
31231348
31248044
31254575
31279087
31323321
31339616
31342213
31355394
31374526
31402466
31422232
31425642
31433763
31434173
31450048
31450549
31452855
31467995
31485170
31501197
31537970
31541142
31570563
31580152
31582628
31615666
31628145
31644930
31650420
31655088
31663346
31677618
31681755
31699135
31739398
31740704
31751748
31801279
31811221
31814287
31823605
31836973
31862392
31902923
31922049
31955395
31963874
31992654
32032827
32072810
32160465
32162535
32192922
32193579
32216027
32235590
32244097
32248442
32256169
32304193
32325511
32328851
32329144
32330457
32352149
32413961
32417424
32421034
32430474
32442664
32464313
32477317
32528438
32549591
32588814
32598075
32624965
32631537
32640925
32777416
32838699
32859594
32889593
32918570
32926996
32954846
32956792
33008454
33012317
33017605
33060272
33073086
33076321
33084565
33093941
33103466
33114026
33116669
33134581
33137586
33159606
33163506
33183221
33193228
33194208
33194827
33201985
33233348
33250645
33260317
33304136
33327584
33340600
33352215
33361318
33376858
33386072
33388654
33392626
33401594
33474610
33520583
33533574
33544157
33557849
33578604
33579086
33584609
33634411
33730942
33740144
33778279
33829376
33866380
33870334
33888726
33924401
33935995
33940472
33946907
34001231
34034823
34039307
34091042
34141494
34175964
34213670
34249169
34260014
34267544
34268833
34284088
34294980
34319534
34337222
34366598
34370507
34396840
34398287
34398340
34417652
34421847
34438972
34469627
34471923
34584039
34594318
34596780
34599138
34611855
34639072
34660340
34672225
34675141
34719153
34736409
34772585
34780296
34805463
34827323
34834158
34943139
34946027
34989882
34996996
34997441
35028565
35039739
35048318
35054965
35163966
35200615
35203781
35214872
35215223
35280554
35301694
35302726
35336206
35338844
35371582
35416121
35446120
35447343
35453216
35503000
35508788
35529628
35531216
35554762
35585729
35624712
35630468
35646663
35646721
35658574
35661241
35670732
35687081
35705808
35714926
35733960
35759032
35759150
35797848
35798919
35820580
35865924
35873038
35876575
35884107
35907084
35909977
35910130
35956830
35995215
36053379
36056143
36076774
36079620
36080284
36090086
36101375
36138828
36175923
36194212
36195331
36209456
36212949
36297324
36311355
36364411
36412874
36423631
36425129
36458219
36480441
36528227
36558013
36580260
36613306
36645278
36653306
36705593
36714625
36791625
36806045
36809354
36871957
36920212
36929693
36934040
36978490
37006360
37033717
37065125
37067647
37079062
37107119
37120580
37176959
37224749
37233490
37235266
37237688
37237719
37317124
37333853
37370305
37375095
37383790
37394824
37421468
37517626
37570836
37571995
37620848
37630587
37630639
37687010
37708419
37726386
37728140
37737725
37764072
37765148
37855332
37864035
37865673
37899907
37919800
37935892
37945894
37975308
38023279
38036112
38062650
38140461
38151670
38159861
38165661
38188234
38235424
38256722
38328423
38342794
38352492
38409122
38430036
38470989
38501880
38529559
38534665
38595719
38605736
38637789
38667794
38679245
38721397
38773469
38791718
38792721
38794143
38801423
38821810
38854507
38867763
38882294
38886828
38927141
38975250
38977845
38989021
39046207
39063540
39100292
39153575
39185452
39211195
39268954
39292411
39292669
39354171
39359676
39397606
39417917
39420363
39453269
39481691
39489214
39532009
39541153
39543762
39584039
39607373
