2056046
7960141
8357252
9084166
9114380
9650934
9733915
9764390
10030000
10196774
10618129
11060051
11060057
11092850
11430498
12147478
15156043
15750139
15869868
16091851
16102864
16108802
16157547
16207514
16238749
16304704
16418983
17683888
18155886
18180067
18234384
18401953
18422952
18508395
18541172
18641972
18963159
19100330
19222538
19333776
19581470
19627479
19689886
19778344
20127245
20639015
20967791
21061005
21167172
21193678
21286720
21300507
21554339
21731433
21878373
21951900
22011041
22047499
22207752
22439634
22850372
22878556
22981578
22986201
23269456
23354720
23392900
23485245
23696433
24359825
24494806
24568933
24605454
24649503
24698417
24855298
24942651
25280397
25379380
25924957
26074889
26116681
26193940
26314345
26544881
26603748
26689230
26781577
26783128
26783131
27123416
27379058
27624853
27635009
27826292
27987112
27991828
28107652
28316009
28370869
28432358
28512315
28736550
28762531
29348354
29408855
29627853
29798926
30080119
30203322
30280840
30376820
30389324
30773929
30853955
30922229
30972030
31183517
31384523
31416012
31554055
31663834
31910839
32166413
32319520
32335280
32607127
32660090
32765464
32960302
33023126
33036349
33201910
33352988
33388790
33401210
33405664
33459999
33525587
33584566
33647720
33964599
34102515
34197199
34474124
34767892
35022998
35093486
35147847
35206710
35272633
35329417
35398923
35585189
35814682
35847114
35850312
36185519
36212080
36318051
36496318
36496711
36673323
36738399
36744087
36758891
36916277
36985176
37103173
37424563
37433981
37444360
37480514
37531004
37591672
37954234
37999088
38070037
38144080
38226032
38296886
38319530
38397563
38404132
38469511
38623496
38733462
39024167
39046670
39072862
39146704
39277378
39397790
39458408
39491737
2056046
7960141
8357252
8880532
9084166
9114380
9650934
9733915
9764390
10030000
10196774
10618129
11060051
11060057
11092850
11430498
12147478
15156043
15750139
15869868
16091851
16102864
16108802
16157547
16207514
16238749
16304704
16418983
17683888
18155886
18180067
18234384
18401953
18422952
18508395
18541172
18641972
18963159
19100330
19222538
19333776
19581470
19627479
19689886
19778344
20127245
20639015
20967791
21061005
21167172
21193678
21286720
21300507
21554339
21731433
21878373
21951900
22011041
22047499
22207752
22439634
22850372
22878556
22981578
22986201
23269456
23354720
23392900
23485245
23696433
24359825
24494806
24568933
24605454
24649503
24698417
24855298
24942651
25280397
25379380
25803578
25924957
26074889
26116681
26193940
26314345
26544881
26603748
26689230
26781577
26783128
26783131
27123416
27379058
27624853
27635009
27826292
27987112
27991828
28107652
28316009
28370869
28432358
28512315
28736550
28762531
29166640
29348354
29408855
29580488
29627853
29798926
29803462
30080119
30203322
30280840
30376820
30389324
30773929
30853955
30922229
30972030
31183517
31384523
31416012
31554055
31663834
31910839
32166413
32319520
32335280
32607127
32660090
32765464
32960302
33023126
33036349
33201910
33352988
33388790
33401210
33405664
33459999
33525587
33584566
33647720
33964599
34102515
34197199
34474124
34767892
35022998
35093486
35147847
35206710
35272633
35329417
35398923
35585189
35814682
35847114
35850312
36185519
36212080
36318051
36496318
36496711
36673323
36738399
36744087
36758891
36916277
36985176
37103173
37424563
37433981
37444360
37480514
37531004
37591672
37954234
37999088
38070037
38144080
38226032
38296886
38319530
38397563
38404132
38469511
38623496
38733462
39024167
39046670
39072862
39146704
39277378
39397790
39458408
39491737
