148502
161911
196344
294457
327407
328797
329171
334672
335121
340988
342412
344842
353768
354619
359634
363054
363744
365416
365757
369416
375152
378835
385463
388177
389281
390358
390466
521483
637050
727215
765945
768403
775649
775650
789926
797181
825462
972278
1092994
1100797
1104696
1155115
1168723
1315389
1321176
1321537
1323951
1324301
1324304
1325147
1331019
1335499
1358472
1396694
1396729
1429797
1443020
1460548
1471949
1474466
1481764
1528621
1535299
1552469
1562653
1572139
1607829
1651389
1696949
1725188
1761686
1769945
1770417
1775853
1784868
1812466
1812907
1819444
1832457
1832458
1837056
1854171
1870808
1873978
1890219
1890226
1945481
1945492
2002433
2027071
2041665
2066442
2074374
2087345
2088213
2088226
2096960
2098709
2098714
2108991
2137170
2139116
2142728
2145416
2148945
2150617
2166079
2172341
2190522
2190761
2199625
2201704
2201740
2202809
2229365
2231505
2254020
2259287
2264697
2288212
2293348
2312676
2390965
2393186
2404870
2405682
2426200
2491288
2501351
2628861
2638817
2643582
2645930
2662690
2669789
2672791
2681259
2687435
2689625
2694371
2697197
2700196
2700361
2730785
2768456
2939687
2957486
2961867
2974482
3016051
3022112
3041842
3047902
3049663
3055099
3056238
3057949
3065933
3066818
3068903
3075639
3075980
3078103
3078104
3097459
3121509
3132092
3134850
3190202
3204481
3280692
3285812
3290424
3295685
3296904
3298266
3298510
3300082
3306832
3316298
3317979
3329211
3331197
3333230
3333374
3333826
3462210
3473219
3512467
3512501
3513287
3514783
3522651
3525804
3529960
3530124
3533976
3535668
3539996
3541660
3542556
3679548
3859210
3860518
3861655
3863838
3863910
3866054
3868968
3886548
3892707
3906298
3914181
3930558
4030102
4033466
4444342
4604414
4619765
4668854
4715552
4761916
4816170
4843590
6125928
6260661
6294791
6338819
6339020
6341251
6342186
6343421
6345799
6346729
6351591
6352493
6355264
6355416
6360062
6360892
6360893
6369841
6374078
6381313
6381615
6383158
6383608
6385938
6386896
6387877
6389342
6393267
6395802
6396347
6398685
6416539
6418764
6461743
6468367
6622885
6639449
6735473
6764488
6787077
6794446
6809725
6810220
6947390
6995398
7004350
7009539
7015828
7016299
7019732
7023236
7026446
7026844
7039929
7042573
7047699
7049130
7062778
7399694
7473013
7490347
7548509
7548580
7553377
7560223
7560233
7561325
7562347
7565172
7567064
7587049
7588859
7622639
7625795
7639475
7642307
7675516
7705229
7719276
7751671
7758484
7790076
7803932
7870467
7877077
7880467
7936718
7988901
8008435
8040909
8056508
8064840
8085309
8106950
8109940
8129254
8133415
8179747
8181703
8226425
8228060
8247608
8254457
8263639
8290445
8290878
8302938
8305555
8324136
8339474
8345268
8347509
8355987
8383708
8399882
8426283
8463936
8471286
8473870
8473871
8478080
8505776
8510980
8514113
8525335
8550866
8569773
8583161
8589666
8613377
8620588
8667130
8674990
8675741
8679388
8708939
8763639
8784606
8789019
8794965
8795684
8830453
8836435
8842995
8875101
8915016
8931245
8941768
8951624
8973368
8991449
8994769
8996095
9002880
9048462
9120328
9122844
9151641
9179137
9236863
9283774
9337029
9358364
9379321
9395099
9407404
9444376
9444590
9444597
9456680
9495612
9527568
9543783
9571899
9576467
9590895
9593139
9609381
9617144
9663117
9666033
9674892
9722720
9744702
9747334
9810657
9861676
9864240
9868418
9884896
9929205
10052771
10093530
10339832
10342111
10348774
10382208
10389646
10400570
10416101
10423739
10487314
10531230
10534207
10563087
10563097
10599905
10632520
10634119
10711615
10756944
10788866
10791707
10807119
10816455
10842858
10870468
10870471
10872401
10879609
10910588
10914791
10943795
10952602
10952607
10983884
10991855
10996873
11073145
11083641
11089368
11114900
11129156
11142661
11155173
11168737
11202893
11246700
11307190
11312612
11314361
11327065
11327077
11345521
11389495
11399011
11419916
11422244
11429732
11442852
11446395
11488856
11514033
11555307
11598583
11600394
11605227
11679553
11706954
11737661
11759661
11759856
11766381
11846195
11846852
11850275
11897609
11908470
12037085
12113372
12149933
12169034
12205068
12211498
12236570
12280826
12354211
12366861
12423617
12466406
12489779
12507842
12508477
12525927
12544218
12558934
12600009
12673436
12677763
12743347
12760875
12820224
12823802
12834503
12858493
12878532
12886961
14600136
14614671
14621427
14968515
14986909
15025229
15025332
15128729
15131167
15295960
15312101
15324352
15330728
15455735
15458342
15508748
15608763
15642056
15691348
15825302
15830645
15836514
15839398
15869847
15882210
15898936
15928956
15951913
16041457
16053863
16118675
16150226
16190107
16235131
16269128
16304448
16349971
16390335
16460242
16495661
16513386
16514161
16640010
16649940
16682079
16728238
16770203
16841550
16875802
16875876
16881801
16887581
16887710
16922925
16955250
16962664
17027872
17241169
17361964
17397309
17397318
17449956
17485819
17517058
17546221
17584471
17618138
17643001
17653931
17760545
17827334
17850606
17912965
17922820
17939416
18069178
18087053
18213436
18384349
18400025
18413987
18465191
18491827
18562227
18565108
18661422
18768651
18771363
18780544
18843894
18854480
19053926
19069337
19100192
19114269
19121507
19131319
19141750
19179970
19244465
19405829
19531989
19608044
19698283
19722792
19733598
19772671
19830211
19835625
19852608
20014149
20129893
20193770
20219690
20337663
20424880
20465860
20646351
21117353
21138359
21150103
21214870
21227988
21254239
21269037
21336757
21342003
21392048
21405936
21410554
21453047
21492236
21512230
21659916
21688602
21827233
21880501
21895662
21916371
21928086
21966051
22077868
22135251
22141361
22259811
22374743
22417880
22443543
22445846
22552139
22703649
22710412
22762355
22891010
22975025
22988660
23039819
23083427
23139486
23353051
23474186
23592930
23637627
23638858
23639420
23649272
23677155
23679350
23690995
23855986
23867879
23952074
24008805
24031206
24036419
24060558
24187820
24240524
24665919
24681996
24717928
24727003
24743479
24874721
24921624
24995517
25073264
25097675
25217278
25251528
25283543
25294115
25308794
25536224
25568808
25751682
25800939
25971786
25979449
26062839
26096116
26104602
26110450
26121972
26193958
26248812
26252036
26259070
26280627
26577141
26635988
26793413
26953488
27020873
27020914
27063747
27112974
27124204
27313576
27379251
27419922
27456595
27552374
27660886
27663465
27717180
27786617
27965635
28126355
28258682
28304209
28373186
28485212
28962000
29263790
29271131
29273882
29309653
29329519
29352461
29373772
29408674
29439969
29505065
29538943
29557489
29574823
29723181
30024705
30202609
30340466
30340526
30347946
30357941
30575059
30589008
30589011
30729346
30828815
31151817
31182149
31337357
31357852
31408742
31491909
31510047
31551318
31576949
31693476
31700570
31765020
31982291
32084027
32302276
32419598
32423417
32656998
32675123
32760103
32805496
33066545
33070493
33112888
33189800
33216738
33270150
33304856
33350176
33639961
33679978
33844802
33903681
33907676
33934384
34072136
34238251
34310795
34343129
34499598
34576835
34712349
34713993
34992062
35019186
35023367
35061858
35364661
35506856
35932246
35957485
35986339
36111747
36420577
36620479
36650527
36770464
36781937
36919705
36979679
37000931
37017684
37191955
37247244
37255761
37306639
37483902
37612080
37724895
37729258
37731070
37878769
38029104
38046225
38317063
38577758
38983430
39092388
39163345
39203395
39376574
39596308
39597602
