7547303
8586277
8764474
8863409
8863416
8877131
12202571
12653133
16113341
16465748
16506458
19198169
19650738
19725770
19996447
20007765
20795483
20870789
21175079
21381356
21421790
21786631
21841027
21923267
22000350
22910061
23057837
23210636
23238242
23251652
23252245
23323900
23817701
23953389
24029760
24107203
24432595
24582511
24619223
24731287
24813576
24886071
24918091
24953506
24960072
24968274
25017971
25061761
25072045
25072989
25104575
25111141
25120960
25129859
25150724
25189195
25212814
25251880
25280366
25333277
25356364
25434237
25441762
25520947
25561082
25650204
25697887
25700888
25736476
25892254
25962805
25985721
25999230
26048373
26053877
26168860
26253121
26273814
26318263
26375033
26408587
26548608
26593260
26593262
26627444
26689144
26711522
26750571
26785134
26811985
26821411
26821412
26870937
26896940
27004834
27076681
27100337
27151067
27234215
27412815
27434048
27475875
27517334
27522835
27533748
27574731
27626914
27706159
27788060
27789971
27806739
27995301
28005031
28028138
28055580
28065617
28110053
28131594
28153903
28154563
28162921
28259789
28270232
28331202
28435891
28501504
28504633
28539197
28545549
28674060
28714333
28719293
28724731
28768603
28843481
28874019
28879619
28882852
28912318
28939383
29047399
29121976
29149281
29157278
29187292
29258801
29258802
29260744
29262835
29269242
29301891
29329785
29336985
29350133
29361971
29365130
29383532
29398603
29415531
29420552
29453420
29456970
29550499
29554975
29589118
29607948
29661882
29664394
29670860
29678403
29718024
29763485
29776377
30007502
30020499
30055987
30057339
30206012
30207871
30230270
30288084
30385074
30428925
30457525
30458847
30482899
30503357
30616666
30626663
30671773
30730054
30833200
30846418
30882312
30882316
30891399
30903777
30940200
30986208
31009533
31023629
31064634
31102133
31279737
31285697
31327746
31356600
31404672
31408399
31484700
31492171
31506314
31524885
31538916
31551069
31630482
31636001
31694625
31720842
31727932
31752967
31752997
31775857
31818980
31831613
31837919
31896541
31906865
31959217
31971489
31976829
31987819
32102367
32106890
32181254
32232463
32241866
32264920
32295182
32303256
32332817
32473652
32662513
32665019
32723629
32723635
32723639
32723657
32727555
32762621
32818401
32863354
32984369
32993925
33035757
33074149
33076567
33107810
33195313
33195346
33249364
33255178
33260091
33266311
33272317
33315999
33316206
33360805
33367702
33370341
33415732
33445492
33446237
33479281
33511396
33534959
33578255
33582142
33643840
33654183
33750855
33755546
33839017
33893109
33920445
33921917
33956091
33956124
34001256
34051756
34058972
34064818
34161869
34180074
34274015
34336980
34352531
34412488
34446082
34463140
34548672
34580739
34585963
34642760
34656944
34660192
34739391
34763308
34808077
34814063
35042078
35056615
35057826
35061805
35062669
35094490
35122422
35208700
35248157
35325084
35330765
35347426
35366679
35390092
35446170
35477271
35569365
35583265
35662344
35689113
35693799
35727121
35737954
35744630
35765092
35840866
35858517
35920050
35932455
35982297
36113496
36116843
36126494
36246336
36264197
36303532
36314925
36335680
36715531
36780839
36809255
36827340
36839539
36851446
36857879
36901316
36965260
37042198
37052414
37081591
37109501
37111439
37116420
37156099
37172512
37180256
37184407
37255356
37325256
37380082
37389691
37610298
37680762
37703795
37704990
37866329
37986042
38035456
38167816
38183851
38340833
38346321
38367587
38444700
38462519
38467129
38487180
38651141
38668262
38685096
38686844
38711479
38807283
38916722
39091677
39145855
39238018
39262806
39321670
39332111
39338592
39368217
39393596
39413807
39436061
39454832
39507992
39511958
39530915
39546073
39557880
39574137
39577226
