5397
465487
572825
599151
659382
721793
738995
881410
950335
1307824
1307830
1376239
1483455
1677842
1783606
1815364
1815369
1823273
1854194
1891709
1996310
2018544
2023262
2053463
2059921
2069948
2071574
2220416
2223012
2243804
2283427
2331466
2372557
2492504
2687235
2720095
2742584
2751874
2765486
2767000
2870058
2954209
2981822
3011768
3049575
3056906
3130566
3194413
3415691
3782102
3816615
3947767
3968067
3986184
3986185
3986186
3986187
3987587
4426891
4452671
4531008
4634973
4644322
4699996
4770374
4834652
5078563
5562345
6147345
6161366
6353408
6690427
6693412
6725283
6752664
6967319
6969259
6982391
6983889
7085612
7181501
7296339
7349282
7410396
7417412
7419524
7426621
7440587
7488526
7488527
7525202
7525226
7533711
7541337
7629024
7670864
7922149
7946004
8089082
8120025
8132177
8144477
8257657
8285107
8305135
8400656
8401410
8428121
8472956
8475782
8521786
8555689
8765228
8880310
8913813
8952935
8975803
9060149
9111768
9127506
9128139
9143455
9292411
9454603
9506282
9570905
9766063
9766075
9829182
9841718
10028270
10512990
10629278
10687399
10687400
10757653
10903103
10943492
11018714
11123465
11202711
11252480
11428576
11432056
11440477
11444312
11529190
11710810
11730561
11747297
11758433
11849488
11929163
11952180
11962223
11966922
11972700
12061832
12069315
12146958
12214969
12412506
12444973
12463679
12491732
12627631
12658797
12691908
12712292
12744084
12821001
13837482
13920343
13920344
14104945
14249835
14458104
14458105
14458106
14505717
14565777
14598986
14602659
14678163
14723156
15025158
15033270
15092256
15101032
15116875
15285621
15294842
15299728
15330542
15459647
15596133
15641706
15653897
15667850
15691950
15812045
15925710
15935177
15938395
16040205
16156737
16233061
16313401
16345502
16345575
16349023
16358753
16366707
16592497
16592674
16593602
16629036
16834594
16846732
16889858
16924898
16949172
16973264
17111627
17189762
17220267
17305140
17326447
17541483
17584457
17603816
17604078
17631946
17702755
17705651
17716903
17766874
17920106
18044421
18456334
18572312
18601297
18680915
18804302
18842281
18924408
18976786
19009406
19264345
19286317
19467231
19523706
19723208
19723210
19873433
19949878
19961579
20021148
20043147
20056317
20198914
20390863
20630312
20637650
20640400
20688230
20832098
21035948
21107523
21174201
21185645
21191881
21388726
21645815
21689222
21843807
21944043
22066815
22074855
22105991
22127434
22154146
22185313
22260135
22265297
22503635
22562268
22655385
22715968
22795580
22972324
23068157
23089062
23123596
23127714
23290229
23379166
23396343
23410594
23505863
23541309
23741856
23769002
23806483
23811331
23818946
23930105
24041821
24201017
24361698
24418495
24681700
24726934
24744322
24875914
24911590
24951451
25007443
25027277
25058936
25157447
25328098
25419927
25460769
25583344
25660905
25706086
25707106
25745228
25844450
25950412
26016027
26032300
26044337
26253116
26260104
26430733
26491984
26513249
26546424
26613359
26623935
26852208
26855209
26864478
26914341
27035274
27039108
27054721
27154455
27371957
27385371
27459151
27467023
27476206
27520760
27566156
27838518
27919537
28086187
28194679
28469140
28498129
28728127
29363032
29627418
29753247
30021317
30100954
30299063
30586560
30605872
30711793
30772893
30821587
30826605
30886606
30909451
30995938
31018385
31071634
31121710
31137498
31207524
31242541
31470282
31507542
31568897
31572312
31679853
31749770
31856252
31897663
31995887
32208300
32221566
32248031
32596832
32721690
32751621
32799119
32878095
32966918
33186576
33387719
33412498
34098468
34119089
34385982
34617227
34622278
34895730
34940347
35200414
35398639
35483459
35504354
35625430
35638563
35702313
35722325
35804270
35858527
35858795
35886218
36028635
36037900
36128526
36166663
36583560
36608883
36768591
36834706
36863148
36925011
36926009
37021667
37374864
37509776
37517119
37778564
37879274
38215832
38500739
38636913
38663671
38857317
39250849
39426145
39442719
39566617
39597593
