1684585
1695217
7683638
8417033
9830108
10518729
11283100
11427573
12542090
15128589
15228553
15872274
16271788
16434850
17625202
18155310
18832235
19019569
19278524
19344360
19528580
19913696
20816809
21531805
21669289
21916898
22265288
22687251
23000266
23264498
23542604
23707742
23769635
24041843
24092782
24245896
24260382
24291178
24378589
24855302
24961605
25161960
25240979
25345976
26407038
26423006
26551888
26865233
26872628
27540054
28082485
28191705
28499966
28699689
29037949
29700142
29882217
30508625
30584247
30742322
30852020
31352119
31372396
31384639
32318593
32440705
32619625
32889099
33217563
33378697
33737238
33847899
34038483
34253366
34427872
34461259
34821655
34925332
34990805
35577319
35643352
35735095
35843523
36257554
36565346
36656024
36677415
36857464
37105423
37254228
37385824
37555676
37623738
37637258
37690612
37764203
37987480
38116185
38159620
38276652
38304046
38452957
38519003
38611432
39170596
39378979
39389171
39510635
39571926
1684585
1695217
7683638
8417033
9830108
10518729
11283100
11427573
12542090
15128589
15228553
15872274
16271788
16434850
17625202
18155310
18832235
19019569
19278524
19344360
19528580
19913696
20816809
21531805
21669289
21916898
22265288
22687251
22973472
23000266
23264498
23542604
23707742
23769635
24041843
24092782
24245896
24260382
24291178
24378589
24855302
24961605
25161960
25240979
25345976
26407038
26423006
26551888
26865233
26872628
27540054
28082485
28191705
28499966
28699689
29037949
29700142
29882217
30508625
30584247
30742322
30852020
31352119
31372396
31384639
32318593
32440705
32619625
32889099
33217563
33378697
33737238
33847899
34038483
34253366
34427872
34461259
34821655
34925332
34990805
35577319
35643352
35735095
35843523
36257554
36565346
36656024
36677415
36857464
37105423
37254228
37385824
37555676
37623738
37637258
37690612
37764203
37987480
38116185
38159620
38276652
38304046
38452957
38519003
38611432
39170596
39378979
39389171
39510635
39571926
