71496
107269
318638
629447
811566
894261
982768
1129540
1163549
1238041
1541746
1752802
1959018
2084451
2229606
2329201
2420678
2423568
2425091
2625499
2683341
2689286
2719392
2745807
3073674
3114032
3170863
3183146
3195262
3279872
3282458
3298342
3301930
3324331
3330412
3436479
3592374
3597930
3745576
3837793
3842846
3905890
3924876
3930617
3989082
4063778
4093527
4111906
5064451
5081757
5547985
5974835
6190299
6348108
6348109
6350391
6372969
6381561
6427401
6442736
6470274
6480966
6492054
6520267
6685740
6707293
6722643
6722650
6760340
6831308
7015267
7086391
7165160
7303440
7809990
7814709
8242453
8397966
8436679
8693673
8708092
8767891
8989490
9154205
9230500
9246981
9276797
9436102
9442950
9493086
9718482
9727194
10331552
10571330
10575606
10760403
11049082
11083663
11731177
11768082
11770205
12199362
12409436
12679560
14330746
14509537
14765808
15328260
15328265
15591409
15829661
15887388
16772573
17118211
17297105
18584551
18599851
18842362
18897198
18946126
19151511
19304438
19447993
20374352
20822566
21094753
21134309
21640035
21943738
21944716
22123577
22155833
22595865
22776119
22843578
22916911
22981582
23064880
23227767
23548292
23548306
23608489
23849444
23932138
24418269
24506032
24962412
25049697
25086477
25173468
25859394
25902485
26186985
26315923
26817981
27109069
27187065
27843558
28208859
28315646
28315652
28341052
28342611
28545485
28600854
28647334
28830578
29263599
30005716
30122416
30586440
30812117
30954252
31051569
31073889
31113165
31283115
31349880
31563313
32347166
32404234
32471521
32578314
32907697
33836843
33941509
34433467
34697924
35379380
35421382
35547189
35797266
36118606
36177533
36744509
37264425
37277182
37757827
37875803
38103891
38145043
38171428
38224020
38296119
38704217
38714357
39181706
