821930
1292174
1508151
1653214
1748869
1841848
2269446
2269447
2379888
2753815
2803248
3240905
3583923
3957157
4791301
5934866
6370806
6388569
6689115
6745817
6832658
7309619
7309620
8017935
8099072
8375780
8557569
8593043
8660117
8921870
8931729
9312120
9497386
9933918
10482499
10531377
10542184
10581183
10848993
11162231
11222607
11336066
12005535
12125822
12940979
13084301
13096199
15470123
16187095
16292556
16897798
17103476
17474781
17543953
18777254
19189039
19381469
19595787
20107768
20709115
21193822
21342470
22050000
22247163
22421918
24605157
27718094
28685195
28808748
29927502
30629783
32079344
32625549
33708394
34029177
34214198
36978413
37219624
37370314
821930
1292174
1508151
1653214
1748869
1841848
2269446
2269447
2379888
2753815
2803248
3240905
3583923
3957157
4791301
5934866
6370806
6388569
6689115
6745817
6832658
7309619
7309620
8017935
8099072
8375780
8557569
8593043
8660117
8921870
8931729
9312120
9497386
9933918
10482499
10531377
10542184
10581183
10848993
11162231
11222607
11336066
12005535
12125822
12940979
13084301
13096199
15470123
16187095
16292556
16897798
17103476
17474781
17543953
18777254
19189039
19381469
19595787
20107768
20709115
21193822
21342470
22050000
22247163
22421918
24605157
27718094
28685195
28808748
29927502
30629783
32079344
32625549
33708394
34029177
34214198
36978413
37219624
37370314
