10843069
12574246
15143031
15365010
15535967
15693824
17515244
17588235
18273521
19602923
19940746
21153041
21779790
21957450
22796060
22842223
22995714
23163140
23399044
23467598
23475477
23483615
23659597
23714165
23737977
23872448
24041039
24162636
24263080
24273942
24401860
24533971
24568756
24657864
24951810
25147233
25311638
25581469
25664502
25809116
25898134
26120454
26191508
26256880
26430041
26484045
26607938
26906191
27008920
27193835
27469368
27606659
28070022
28082174
28194750
28293681
28480145
28500338
28740343
29121069
29149111
29233117
29250055
29286019
29549283
29559113
29603593
29643500
29695623
29808701
29946643
30505943
30528912
30825249
30857551
30882384
30919073
30949531
31097786
31199220
31326608
31408742
31452955
31651638
31725203
31832691
32004163
32039336
32166635
32170059
32341761
32345739
32448911
32529471
32604855
32637029
32640977
32654260
33113896
33123499
33262382
33356775
33434014
33447816
33462004
33634320
33642434
33902467
34196842
34210038
34211637
34248876
34294722
34361885
34394024
34482094
34490138
34588194
34683856
34712209
34867042
35024091
35074976
35116012
35222330
35411293
35467392
35521214
35615499
35649260
35672890
35707549
35800387
35856995
35932398
35993719
36060739
36147601
36173909
36421212
36431317
36475560
36557748
36620010
36824435
36826189
36831176
36889412
36975359
36983902
37010413
37065117
37139282
37139600
37168857
37410793
37520742
37566076
37590197
37615262
37753696
37795170
38015535
38378690
38652457
38765854
38821186
38867204
39047017
39091676
39201258
39203357
39328287
39390025
39416816
39560386
10843069
12574246
15143031
15365010
15535967
15693824
17515244
17588235
18273521
19602923
19940746
21153041
21779790
21957450
22796060
22842223
22995714
23163140
23399044
23467598
23475477
23483615
23659597
23714165
23737977
23872448
24041039
24162636
24263080
24273942
24401860
24533971
24568756
24657864
24951810
25147233
25311638
25581469
25664502
25809116
25898134
26120454
26191508
26256880
26430041
26484045
26607938
26906191
27008920
27193835
27469368
27606659
28070022
28082174
28194750
28293681
28480145
28500338
28740343
29121069
29149111
29233117
29250055
29254034
29286019
29549283
29559113
29603593
29643500
29695623
29808701
29946643
30505943
30528912
30825249
30857551
30882384
30919073
30949531
31097786
31199220
31326608
31408742
31452955
31651638
31725203
31832691
31916112
32004163
32039336
32166635
32170059
32341761
32345739
32448911
32529471
32604855
32637029
32640977
32654260
33113896
33123499
33262382
33356775
33405391
33434014
33447816
33462004
33590984
33634320
33642434
33902467
34196842
34210038
34211637
34248876
34294722
34361885
34394024
34482094
34490138
34588194
34683856
34712209
34867042
35024091
35074976
35116012
35222330
35411293
35467392
35521214
35615499
35649260
35672890
35707549
35800387
35856995
35932398
35993719
36060739
36147601
36173909
36421212
36431317
36475560
36557748
36620010
36824435
36826189
36831176
36889412
36975359
36983902
37010413
37065117
37139282
37139600
37168857
37410793
37520742
37566076
37590197
37615262
37753696
37795170
37796891
37958131
38015535
38378690
38652457
38765854
38821186
38867204
39030381
39047017
39091676
39201258
39203357
39328287
39390025
39416816
39560386
