9172399
9687461
9704112
10930080
11269732
12039749
12361249
12810294
15583160
16030208
16104351
17188771
18461316
18489025
19041199
19640313
19700215
19734719
20226556
20547374
21511463
21738787
22271629
22274910
22307833
22367939
22515692
22956277
23023756
23122500
23572634
23683697
24444976
25049913
25199701
25653214
25678547
26410078
26543268
26565085
26678137
26781237
27272700
27458718
27637883
28578265
28748023
29081085
30056601
30057575
30622712
30905352
30961519
31108786
31155822
31174351
31207523
31222403
31270565
31942681
32087410
32100692
32197850
32320114
32481649
32995979
33133542
33233306
33360297
33418399
33602733
33788857
34199014
34240754
34863009
34945467
34956812
35056609
35159609
35181108
35344598
35643037
36192911
36296339
36548827
36832935
37048352
37065164
37103330
37125168
37419937
37871735
37987480
38024365
38084302
38393577
38448100
38637092
38696037
38794887
38917489
38922009
38963340
38998611
39059091
39602009
9172399
9687461
9704112
10930080
11269732
12039749
12361249
12810294
15583160
16030208
16104351
17188771
18461316
18489025
19041199
19640313
19700215
19734719
20226556
20547374
21511463
21738787
22271629
22274910
22307833
22367939
22515692
22956277
23023756
23122500
23572634
23683697
24444976
25049913
25199701
25653214
25678547
26410078
26543268
26565085
26678137
26781237
27272700
27458718
27637883
28578265
28748023
29081085
30056601
30057575
30622712
30905352
30961519
31108786
31155822
31174351
31207523
31222403
31270565
31942681
32087410
32100692
32197850
32320114
32481649
32995979
33133542
33233306
33360297
33418399
33602733
33788857
34199014
34240754
34863009
34945467
34956812
35056609
35159609
35181108
35344598
35643037
36192911
36296339
36548827
36832935
37048352
37065164
37103330
37125168
37419937
37871735
37987480
38024365
38084302
38393577
38448100
38637092
38696037
38794887
38917489
38922009
38963340
38998611
39059091
39602009
