1257
1616
2329
2854
4579
5116
9072
9311
10994
14736
19133
20147
26404
30023
34836
36402
37248
46773
96102
96317
96619
97267
97504
97652
99175
99636
100669
102635
104127
105765
109478
112016
113064
114118
116851
117446
117751
119131
119497
121319
121453
122569
126778
126779
131630
140000
143919
146556
154953
160821
160878
163616
164267
164432
164822
167851
172202
179169
183474
190091
192421
195620
195699
199125
201351
211975
234715
237553
237557
240104
240805
323224
389945
402371
402931
403021
404424
405455
405806
406025
406397
406839
409498
409910
409911
410796
411253
411520
411521
413263
413610
413939
414057
414683
415658
416013
417830
453826
470634
589792
624935
709886
803483
804211
804298
804395
804471
806304
807574
808318
808838
809323
809428
809540
809640
810642
811029
811030
811341
811913
813579
813791
814234
816788
816794
816991
818067
818970
818973
819305
819482
820833
821450
821547
821924
822130
822843
824527
824689
825143
825529
826528
827436
828061
829485
845118
856582
984839
986995
1201509
1244118
1275650
1282194
1292472
1298014
1308835
1311842
1331036
1339425
1364137
1366996
1367469
1367487
1367492
1367537
1367541
1368111
1368608
1368740
1368750
1369980
1372306
1409567
1421858
1435357
1444373
1444387
1444412
1459126
1476707
1482385
1490601
1490908
1497631
1514792
1514808
1517169
1538702
1541697
1544479
1546969
1556074
1559465
1562281
1568950
1575721
1578030
1583129
1599240
1599260
1618765
1622281
1624126
1629155
1633805
1644703
1646789
1652653
1663150
1693344
1697017
1699929
1700255
1704703
1708767
1731877
1735727
1740135
1744258
1769535
1770867
1776994
1781886
1787184
1787798
1787823
1791436
1838240
1849886
1888039
1902841
1903887
1904025
1904295
1904434
1905137
1906062
1908206
1908777
1909424
1915345
1917879
1931900
1939589
1942065
1953672
1953673
1954572
1974280
2029906
2106286
2109500
2112895
2115772
2117693
2118801
2121716
2125205
2125501
2125740
2126698
2127264
2128604
2153006
2158973
2182591
2193918
2199522
2245228
2250652
2250655
2259339
2269354
2269875
2285297
2372214
2408403
2419313
2425737
2434102
2436733
2444159
2447117
2449223
2449969
2451553
2454935
2483048
2492939
2495763
2496069
2496105
2497702
2501263
2502172
2502173
2503815
2505769
2506811
2507868
2509407
2509859
2511564
2514339
2514482
2514722
2515251
2515804
2515997
2517962
2518228
2518520
2540157
2547690
2552441
2565527
2570106
2590305
2624463
2624465
2626597
2681249
2691987
2699594
2723959
2761453
2764565
2764568
2764570
2764574
2781786
2806912
2833429
2841289
2851699
2853690
2866933
2871812
2873790
2883169
2886528
2893333
2914874
2925663
3005234
3011397
3023294
3026918
3036648
3040401
3043351
3073060
3080328
3082281
3082843
3082952
3082954
3083773
3086407
3087284
3088037
3088074
3091019
3092854
3093440
3093546
3096982
3097006
3098168
3098169
3100486
3101721
3102582
3102907
3102912
3103646
3104038
3106298
3109307
3109346
3110117
3110231
3110232
3111496
3112130
3114417
3115958
3118143
3118596
3121589
3121989
3123461
3125789
3128283
3128330
3129399
3130548
3132905
3132978
3133344
3133881
3134967
3136195
3138119
3138514
3139610
3139635
3141916
3144244
3144246
3144957
3145714
3145715
3148844
3149568
3149645
3150497
3150500
3150501
3151992
3152061
3152795
3154864
3157713
3170485
3178396
3294806
3323849
3372807
3446349
3466723
3469153
3508912
3525514
3529797
3555045
3571246
3685380
3774551
3822614
3901207
3918843
3920963
3920965
3921541
3921577
3922898
3923922
3924382
3924994
3925658
3927919
3930583
3931059
3932358
3937034
4010547
4019320
4055046
4074328
4100870
4100878
4100957
4131561
4146796
4147571
4148194
4150411
4153311
4156494
4158429
4175020
4180008
4190899
4190900
4198189
4199335
4199340
4199511
4200630
4201623
4204323
4206288
4207122
4207761
4209900
4211893
4212876
4213476
4213924
4213945
4214229
4214588
4215863
4217278
4218835
4218957
4219044
4225075
4225220
4228401
4232821
4236024
4249403
4258268
4263382
4291355
4296326
4300511
4302731
4306468
4307374
4310079
4315130
4320922
4333365
4336369
4336653
4347790
4349703
4352718
4357124
4357740
4357741
4362497
4378798
4381632
4384969
4389743
4397398
4398543
4400084
4402514
4402938
4403446
4403954
4404745
4549846
4622560
4622833
4623271
4623272
4624992
4626089
4627602
4627925
4627958
4628010
4628011
4628376
4628377
4630507
4631301
4631431
4631436
4632166
4632608
4632977
4633064
4633431
4633480
4633837
4633993
4633994
4726336
4829932
4860639
4862189
4866433
4869615
4876127
4886765
4896876
4907000
4909876
4912527
4915439
4922080
4926559
4935441
4956243
4956755
4961933
4964857
4986112
4986760
4995445
5002152
5002310
5002396
5003547
5004164
5004336
5005589
5095967
5118101
5119788
5131755
5132278
5148870
5164953
5294509
5324303
5326718
5339362
5345742
5355499
5370532
5371938
5374386
5396530
5396597
5400094
5411761
5416890
5416898
5420036
5433589
5468748
5473883
5482894
5485037
5486612
5487179
5489438
5489439
5497200
5499213
5499380
5500298
5542687
5548314
5564336
5580116
5582691
5591330
5602006
5611653
5636819
5663035
5706416
5716656
5727913
5766672
5776526
5783888
5799248
5803067
5837781
5860428
5894877
5925166
5927017
5954067
5982567
6020404
6025412
6064660
6073045
6076338
6081888
6084704
6111557
6131795
6193760
6194668
6206615
6211450
6211451
6213241
6220775
6257631
6257648
6261796
6263361
6268601
6292657
6292661
6309741
6310025
6311492
6321166
6322944
6341424
6392323
6401979
6402366
6402760
6403499
6403577
6404322
6404971
6405689
6406224
6406227
6406229
6407398
6408148
6410989
6411681
6412630
6413562
6413827
6414369
6417094
6419604
6421584
6423520
6426187
6426545
6426768
6429279
6429490
6430880
6430889
6432536
6432765
6433928
6437811
6438071
6438076
6438938
6439620
6441942
6452252
6490562
6584906
6616063
6706888
6721486
6763022
6766699
6766702
6769576
6769769
6769909
6770757
6772630
6773579
6775012
6775454
6775736
6776084
6777280
6777362
6777644
6778506
6780352
6780353
6781185
6781186
6781934
6782433
6782949
6783603
6785387
6785572
6786247
6786397
6787008
6789895
6795248
6801192
6804238
6806150
6806575
6807218
6807971
6809053
6809625
6810955
6814736
6815418
6815421
6815735
6816314
6816319
6816593
6818898
6818983
6830631
6840064
6977364
7008576
7021616
7087800
7137997
7173181
7413584
7459715
7487042
7489767
7490269
7492333
7493964
7504066
7504429
7504874
7518037
7518743
7520279
7521711
7524442
7525214
7529167
7538276
7538961
7546604
7548190
7560196
7574645
7576546
7580051
7582167
7590182
7592129
7592389
7606661
7618881
7632719
7639689
7646029
7656570
7656609
7665535
7666010
7682916
7698671
7704276
7709496
7721690
7726521
7727274
7728279
7729513
7729667
7730200
7746151
7747946
7756982
7762792
7762793
7763424
7763454
7764506
7764866
7764891
7764922
7765474
7765603
7766136
7766176
7771767
7772835
7784726
7789816
7798954
7812451
7840703
7846146
7848261
7848783
7873572
7881909
7883648
7887624
7898395
7909543
7914905
7921352
7925409
7928951
7929087
7937711
7952185
7952328
7958764
7959054
7961472
7973183
7984103
8000858
8001765
8002569
8017919
8017932
8022281
8026749
8031104
8043633
8044632
8045894
8051015
8060790
8075420
8075806
8076249
8085819
8088552
8109977
8114644
8118168
8130197
8132155
8138133
8138142
8140280
8140333
8144415
8144462
8150259
8151829
8153068
8161184
8161185
8190066
8200863
8234318
8250568
8257280
8260945
8267833
8268059
8270705
8285661
8288524
8312276
8320370
8324763
8326023
8328809
8328810
8343539
8349594
8353322
8357253
8365400
8365951
8365952
8368866
8373350
8387734
8391762
8395165
8408865
8415713
8421306
8434912
8434924
8436561
8440467
8441756
8447601
8449410
8450308
8452510
8466816
8468244
8476295
8486545
8487301
8489246
8489263
8517745
8517748
8520147
8526497
8529644
8534087
8534088
8548693
8564013
8566806
8569687
8572682
8572686
8572689
8572717
8579712
8583633
8584981
8589419
8593052
8593055
8593624
8595865
8598541
8604487
8604555
8611753
8618880
8626241
8626242
8640605
8655512
8661869
8661941
8675480
8692990
8706756
8708095
8708742
8722307
8726011
8742358
8756591
8760926
8768370
8779432
8779564
8790902
8795217
8795221
8799490
8811459
8818279
8820642
8820750
8823507
8824606
8825595
8830243
8837463
8852350
8852674
8864233
8867631
8868228
8869983
8870253
8875833
8878040
8879159
8880301
8898392
8899980
8901236
8901267
8902114
8912689
8916355
8918216
8939795
8953719
8958255
8964457
8973192
8975612
8979343
8979352
8980977
8983525
8987495
8987893
8992240
9000377
9005197
9006940
9008884
9023214
9023997
9058196
9058547
9061022
9074492
9080699
9084184
9084185
9097429
9097457
9098078
9100010
9100385
9102094
9102555
9102556
9111943
9115091
9115093
9116029
9134761
9139924
9143318
9144969
9145861
9147724
9163351
9172332
9172343
9172437
9173250
9177164
9178531
9198441
9202437
9204563
9208485
9210299
9211898
9216883
9220003
9221323
9264543
9271098
9271863
9271864
9293025
9294241
9299774
9300819
9301098
9303377
9310849
9310850
9315727
9321452
9322760
9331438
9341682
9344840
9346289
9351203
9353912
9361201
9361412
9361421
9361441
9374510
9385648
9398278
9406397
9406412
9424558
9425686
9434161
9435067
9436092
9438866
9442276
9449781
9451835
9461423
9461612
9477966
9495743
9501431
9511824
9537395
9537400
9540837
9546155
9553797
9553801
9559773
9560304
9562876
9565868
9569689
9571805
9573209
9575133
9578477
9581297
9594380
9608745
9611814
9615486
9618537
9620970
9627845
9627851
9628740
9630567
9632250
9633630
9639597
9642069
9647841
9662439
9665128
9666063
9674166
9675890
9675892
9678166
9678167
9687489
9691454
9702726
9709205
9724702
9733092
9734035
9738043
9743919
9750283
9752722
9755431
9758768
9761344
9761834
9765814
9767708
9767716
9770272
9782786
9784838
9785344
9797255
9797266
9797306
9798151
9798152
9817823
9820746
9822697
9822820
9826365
9829947
9846748
9851998
9852008
9867469
9871017
9871352
9872761
9885185
9888631
9921820
9925571
9925621
9949961
9972230
9972244
9973334
9990730
10025942
10030003
10049849
10074078
10075640
10080115
10089373
10091591
10094695
10096364
10097411
10099284
10099292
10099326
10099357
10191036
10192908
10196748
10206712
10217406
10222033
10222588
10223996
10320337
10322017
10334861
10339819
10340679
10341054
10347004
10347023
10347083
10347877
10369898
10398764
10419206
10419210
10422691
10425766
10426448
10432590
10438740
10438786
10439535
10441145
10446712
10455036
10465035
10467142
10467697
10473382
10473420
10475689
10478443
10482441
10493859
10493932
10494857
10495973
10496981
10499283
10508054
10508101
10510239
10517031
10518757
10524213
10525178
10531592
10540249
10540908
10541430
10543794
10547442
10552772
10555337
10563892
10563947
10564038
10570200
10571461
10579522
10581691
10591845
10592511
10601212
10606038
10608663
10612061
10618225
10618250
10629809
10640666
10649840
10653641
10653642
10653708
10653748
10664969
10671440
10671764
10678418
10692351
10696469
10699669
10704994
10708392
10710691
10712618
10719200
10735258
10742204
10742257
10747259
10747819
10750092
10752077
10756720
10758185
10763748
10776623
10776624
10776635
10779873
10783742
10791748
10791782
10792522
10803941
10816733
10816821
10817863
10820109
10826166
10828400
10830854
10831404
10856780
10857012
10869066
10877760
10877771
10901164
10913071
10914655
10919323
10919336
10919762
10919764
10919812
10920804
10920805
10920806
10922033
10922498
10931900
10940019
10941070
10943420
10952310
10966422
10967211
10967213
10971760
10977875
10994807
10994808
10994818
11004401
11004404
11014518
11016690
11021918
11021923
11025547
11028962
11029435
11030575
11034277
11034289
11041147
11049058
11052722
11053734
11054550
11055859
11055918
11057680
11059483
11059484
11064195
11068676
11068909
11080636
11081577
11083639
11087493
11097884
11097890
11097918
11098814
11100783
11101673
11106021
11109492
11116916
11118535
11123472
11133464
11140680
11142403
11143816
11157211
11157254
11158339
11158351
11158352
11159993
11161023
11162686
11165346
11166101
11167001
11191810
11191813
11198429
11204185
11204790
11207743
11207765
11207771
11210129
11214802
11219067
11222588
11223143
11229904
11234925
11240196
11244064
11249026
11265783
11266111
11272910
11277742
11282643
11294354
11295451
11297395
11298238
11302490
11304996
11307889
11309069
11313129
11314648
11315117
11319086
11319118
11321101
11322873
11335719
11342223
11344133
11345550
11348008
11348676
11358168
11360169
11375171
11375173
11377764
11377770
11386049
11386373
11388469
11392760
11392770
11396906
11400097
11400730
11403137
11406310
11407917
11412328
11412916
11417701
11418560
11425481
11425740
11434972
11446518
11449058
11463532
11472905
11472913
11482644
11491521
11495990
11510644
11520003
11523441
11526006
11526038
11535033
11542541
11542573
11548747
11551074
11554758
11555282
11558228
11558277
11561136
11562236
11563526
11575495
11580985
11588392
11589699
11591691
11594278
11601709
11605959
11650712
11676024
11679313
11679314
11683460
11683464
11688797
11693917
11707327
11709206
11710142
11714522
11718545
11722659
11722899
11722923
11724893
11728716
11731915
11738425
11770852
11772610
11773997
11785266
11789938
11790123
11795869
11804334
11807065
11813202
11816976
11823220
11848375
11849365
11860110
11866115
11869403
11869788
11870607
11872130
11872710
11872725
11875972
11910809
11911613
11916700
11916719
11916739
11926550
11929171
11931144
11931390
11945503
11946937
11975654
11976092
11977920
11983987
11997015
11999422
12000988
12002402
12003005
12003148
12003942
12010548
12012244
12012563
12017259
12018269
12018317
12019221
12024268
12024270
12024282
12032602
12032610
12032808
12033822
12035512
12038490
12039729
12048566
12058389
12059105
12060223
12067383
12076812
12088998
12089023
12089048
12101309
12109474
12115440
12117255
12118882
12121461
12123798
12146981
12147068
12147517
12148058
12150245
12160080
12172614
12173774
12175334
12184150
12188142
12192074
12195988
12196534
12198693
12222802
12224558
12227549
12238524
12324371
12325375
12354233
12361251
12364615
12387406
12390485
12393211
12401226
12406768
12407907
12419272
12422510
12423023
12423337
12423962
12425025
12427320
12433503
12436260
12437214
12438326
12447585
12449627
12449628
12449852
12452964
12466840
12474260
12485747
12489784
12493860
12495011
12495817
12506990
12508877
12511490
12514023
12514062
12515684
12517904
12520369
12525898
12533458
12533461
12533465
12542348
12545314
12547188
12547530
12548937
12548998
12549049
12549181
12549381
12558096
12558593
12559007
12571005
12572684
12581749
12584765
12591264
12600002
12604241
12604242
12617551
12619819
12620844
12620876
12622218
12622822
12641719
12644225
12649425
12651394
12652486
12652905
12656262
12659866
12659964
12662171
12662916
12668029
12670500
12672810
12676678
12686150
12693692
12698282
12701906
12701925
12701932
12706506
12710603
12715861
12715862
12715863
12737685
12740839
12745232
12751243
12751255
12753839
12768412
12770317
12770824
12775688
12783190
12783196
12788734
12790525
12794301
12803555
12805936
12826012
12826727
12848429
12859651
12875927
12877263
12877462
12890017
12900015
12906389
12908987
12909651
12911059
12914979
12927517
12927679
12929424
12940487
12953865
12955142
12977810
13017128
13018158
13034714
13052635
13061385
13099326
13108849
13143021
13148714
13192141
13192142
13192143
13201253
13242533
13252027
13261343
13261347
13269127
13269128
13276324
13319325
13331870
13331954
13331955
13366923
13394260
13407435
13428705
13500263
13522656
13546162
13549399
13575009
13594442
13594717
13595732
13606774
13648760
13650584
13651127
13654294
13674051
13693989
13694873
13707655
13741158
13783032
13786932
13786933
13829573
13845547
13850762
13853315
13862545
13868303
13868964
13874617
13875017
13879110
13894458
13897358
13905390
13910213
13913264
13937094
13949530
13950323
13958451
13981363
14056350
14063787
14066412
14066418
14072013
14093891
14093892
14109944
14114138
14124672
14179678
14186956
14186978
14193829
14199014
14216624
14238138
14249956
14264854
14267387
14273648
14299854
14325275
14339270
14340048
14343128
14353895
14360541
14362486
14367265
14367335
14367336
14380183
14389240
14407167
14409895
14409897
14409898
14427870
14427871
14432236
14435661
14454338
14459123
14498675
14500013
14505498
14505711
14506862
14506865
14507360
14519981
14521230
14523123
14556036
14558686
14563857
14564407
14567543
14568244
14569292
14571976
14586124
14601666
14605437
14619283
14622422
14623013
14626841
14629389
14629390
14633033
14649705
14650083
14660362
14663086
14672831
14680704
14684153
14684817
14684924
14687904
14692381
14695438
14711633
14717458
14730970
14733027
14736461
14740724
14741248
14741721
14746551
14756538
14756555
14759707
14761090
14766564
14794670
14828336
14861177
14938330
14946184
14961264
14962122
14962123
14981249
14993298
14993315
15002778
15006802
15006813
15012499
15023073
15026087
15031281
15032355
15036372
15053326
15054677
15066027
15066789
15074683
15074801
15091796
15094395
15121507
15126477
15134888
15143013
15150419
15151288
15155248
15157070
15158801
15159577
15160609
15163588
15168853
15174743
15177899
15178458
15182931
15184157
15188238
15189291
15197635
15206626
15208849
15213385
15213395
15233541
15236607
15239692
15246448
15249064
15251205
15251218
15256586
15261010
15261047
15272170
15294800
15296156
15299710
15299879
15305611
15315223
15325735
15330319
15340793
15346992
15380664
15381971
15391021
15391023
15449932
15451096
15466559
15466589
15472973
15478355
15489453
15496923
15499017
15521177
15527912
15528546
15528673
15541798
15545062
15545603
15546410
15548528
15553244
15553619
15553642
15556704
15559985
15564873
15567253
15571586
15583005
15583385
15588024
15596368
15598539
15601712
15601723
15609856
15610416
15610437
15612505
15612796
15613001
15620594
15629528
15636743
15640232
15644256
15644895
15646382
15646384
15650684
15664479
15664514
15666544
15667631
15668026
15682265
15689111
15690802
15692855
15702917
15716428
15719237
15720643
15726184
15726974
15739170
15746346
15747728
15750748
15756045
15756852
15756854
15758242
15771179
15773985
15774891
15778300
15782640
15784976
15788991
15801769
15825073
15826166
15830667
15830686
15835781
15846867
15850981
15854718
15856223
15857900
15859460
15865197
15865337
15870303
15870360
15880998
15881410
15881826
15881829
15881835
15892702
15903270
15910531
15913966
15915637
15922579
15926580
15926587
15952513
15954714
15960662
15965726
15970995
15980861
15980897
15982270
15988566
15989228
15992619
15995643
16000750
16000819
16003469
16006071
16011187
16019101
16028876
16028880
16035241
16039529
16047880
16049659
16052706
16053105
16088347
16108806
16119847
16119849
16126865
16131206
16143465
16148933
16150698
16151105
16151132
16151141
16151170
16151196
16151210
16151217
16154086
16159773
16159785
16162512
16167769
16169570
16170209
16172886
16174357
16175208
16178468
16179797
16183836
16186754
16193519
16204543
16204555
16211326
16212038
16212040
16212612
16224703
16232295
16232296
16232459
16232568
16232778
16232938
16233251
16233513
16233516
16233546
16233695
16245724
16255137
16255143
16256533
16268144
16269724
16270197
16272385
16278029
16279196
16284850
16286659
16289205
16289280
16291607
16302205
16302970
16310730
16315982
16321051
16321942
16321952
16325201
16329861
16329878
16329902
16329920
16329978
16332850
16332883
16338140
16338843
16345900
16346339
16346438
16346493
16346559
16346656
16346690
16346729
16346859
16347012
16347068
16347092
16347106
16347145
16347163
16347186
16347370
16347428
16347496
16347543
16347617
16347731
16347734
16348082
16348118
16348142
16348164
16348176
16348291
16348292
16348293
16348342
16348372
16348493
16348532
16348599
16348692
16348717
16348769
16349075
16349108
16349167
16349177
16349194
16349217
16349235
16349247
16349262
16349283
16349292
16349332
16349340
16349345
16349359
16349371
16349422
16349462
16349693
16352827
16359708
16364602
16385113
16391022
16391073
16391662
16395554
16395580
16396686
16412621
16448190
16448667
16451176
16453871
16459842
16461677
16488496
16504328
16507680
16514165
16516265
16517137
16517638
16519233
16526888
16534907
16534950
16534956
16534969
16534972
16534973
16535018
16535070
16535101
16535110
16535129
16535141
16535157
16535159
16535221
16535235
16535259
16535345
16535374
16535478
16535486
16535491
16535517
16535521
16535559
16535571
16535578
16535580
16535581
16535587
16535600
16535606
16535675
16535703
16541159
16541695
16542406
16549671
16550173
16555795
16559358
16560633
16561770
16562011
16562023
16569070
16570655
16570661
16570663
16575940
16581105
16585948
16586510
16593517
16597925
16597940
16597964
16600467
16609854
16610745
16620394
16622054
16623750
16624907
16626785
16629011
16629995
16630004
16637176
16637494
16649626
16665143
16670528
16672487
16672497
16684104
16699589
16710638
16716073
16718483
16724189
16732455
16732458
16735435
16735749
16742500
16753960
16757156
16766600
16777062
16779939
16781848
16785166
16787678
16789550
16806552
16822636
16833132
16834606
16834813
16844437
16869897
16871809
16876944
16893659
16900398
16901681
16907738
16914053
16921374
16923884
16931521
16932888
16935251
16936061
16939194
16943004
16944127
16955738
16960550
16973376
16989316
17011836
17012397
17014498
17015335
17020548
17022176
17025156
17029295
17032996
17037985
17040229
17040393
17040564
17043127
17046530
17051662
17054124
17055910
17055982
17058178
17064262
17069910
17075733
17077497
17078994
17082409
17088380
17091592
17098922
17107555
17113675
17119386
17131465
17133818
17139085
17148371
17166259
17168897
17169452
17172011
17173990
17176768
17178576
17180381
17186152
17188387
17189596
17207262
17207763
17209031
17209822
17210022
17213941
17214884
17222136
17222140
17233751
17241198
17241352
17250760
17254952
17258580
17258734
17277060
17284843
17285146
17296224
17300176
17301280
17302799
17305121
17309497
17319597
17320489
17334857
17337206
17337551
17339222
17342050
17345138
17347816
17350128
17355566
17368596
17377581
17377771
17379522
17379708
17383016
17383964
17388053
17390854
17390894
17391328
17393202
17408002
17408006
17412898
17418583
17431708
17437627
17447803
17448163
17451990
17453174
17461433
17473245
17478347
17478404
17492974
17496967
17497614
17497876
17504497
17506335
17518416
17521725
17534726
17535794
17541504
17546519
17547015
17547019
17555839
17559511
17565185
17571789
17573472
17574436
17587074
17601620
17604612
17609750
17612529
17616586
17616886
17620718
17623087
17624808
17624809
17629477
17630311
17639315
17643469
17644640
17650681
17653261
17653625
17653934
17661291
17669526
17674087
17681765
17685353
17686023
17688588
17688589
17693456
17696885
17704818
17706348
17709268
17713071
17717196
17717979
17722879
17725975
17756791
17760459
17802902
17827286
17850261
17853998
17880247
17885752
17890732
17894814
17900176
17910986
17921283
17921302
17924666
17934689
17938167
17938913
17944363
17944844
17950643
17951442
17953609
17972015
17972331
17981978
17989226
17991033
17993540
17995608
17997081
18005153
18026206
18028509
18034728
18036694
18039322
18043617
18043632
18045400
18047567
18051332
18055583
18058452
18059461
18063862
18067872
18069329
18072080
18080345
18081745
18082142
18083261
18088430
18093144
18155793
18164050
18165366
18174132
18178021
18179450
18191154
18192085
18194565
18202367
18210208
18211016
18217705
18217936
18218967
18224317
18234100
18236672
18237402
18246665
18246719
18248373
18248441
18266701
18279346
18284487
18312376
18312599
18313801
18322681
18335165
18336554
18337821
18340443
18344330
18365719
18370943
18375555
18380085
18386480
18388968
18393988
18395434
18396809
18396826
18396833
18396834
18396840
18404768
18405392
18421258
18425355
18430156
18433132
18437267
18439710
18441116
18444070
18456110
18456355
18465124
18465759
18469122
18479522
18484997
18490091
18496744
18497173
18502867
18502868
18519726
18523765
18532872
18546107
18547423
18548455
18550550
18551168
18559369
18565138
18575856
18576180
18577412
18577627
18584615
18587172
18588170
18588243
18595045
18595075
18595120
18600919
18601127
18613045
18613967
18618670
18623304
18623340
18624332
18626691
18628998
18629864
18631211
18632174
18633298
18634046
18634140
18657213
18657416
18658280
18679675
18694822
18702073
18702905
18703740
18707508
18707585
18707611
18712561
18719900
18720501
18721678
18754788
18759475
18765374
18768204
18769851
18772940
18785830
18786181
18793794
18800908
18804302
18804863
18807226
18827352
18829132
18837224
18853084
18855197
18924409
18930008
18930382
18937575
18939750
18941805
18943044
18943060
18943071
18943085
18943112
18943149
18943367
18943420
18943423
18943694
18943698
18943865
18943888
18943894
18944039
18944111
18944233
18944380
18944458
18944598
18944718
18944801
18944847
18944901
18944940
18945005
18945026
18945079
18945112
18945474
18945932
18951643
18954092
18954451
18954452
18958860
18965830
18969073
18973676
18975025
18977505
18979131
18983036
18983992
18987962
18997025
19005622
19016872
19029769
19030916
19032493
19034146
19054085
19055442
19065983
19070177
19070447
19085077
19088914
19093466
19114474
19118353
19120646
19121038
19121118
19144133
19150640
19153727
19154363
19157615
19157742
19159420
19159976
19162475
19166940
19170818
19171139
19178697
19181802
19181839
19184185
19185963
19187146
19191877
19192919
19196277
19205468
19210678
19214475
19218392
19218451
19220063
19224270
19224568
19226761
19232394
19234698
19244900
19259494
19259537
19262861
19265957
19266906
19270313
19271532
19272015
19277195
19283517
19286791
19286792
19291210
19295649
19297329
19297982
19302097
19322247
19323273
19323471
19323761
19337418
19347968
19364619
19376872
19376894
19376896
19383709
19389959
19395572
19399903
19409488
19409577
19412845
19413686
19413774
19415386
19421236
19426479
19432983
19435224
19443543
19445329
19445459
19447950
19447960
19447968
19452908
19453226
19453227
19455327
19458656
19458967
19459673
19459950
19460161
19464828
19473399
19481283
19483784
19486289
19486433
19494690
19501788
19502443
19508295
19520619
19538395
19539347
19545266
19557345
19564920
19565269
19574036
19581475
19619871
19640004
19682294
19703501
19704015
19704549
19709191
19709206
19709224
19709245
19712397
19712418
19712423
19712433
19712956
19717630
19719591
19719608
19719652
19719670
19723318
19732145
19733061
19735193
19744238
19752493
19764249
19767200
19769587
19783027
19801476
19804538
19809498
19812243
19820156
19821495
19830477
19831276
19833777
19840935
19843300
19847842
19848135
19857201
19872714
19888826
19898541
19901091
19937490
19940939
19947183
19948866
20000572
20003748
20004611
20005236
20013982
20016811
20018877
20020303
20025462
20028518
20034395
20041161
20048056
20049599
20060936
20063789
20065621
20069626
20074775
20082071
20082365
20089046
20091224
20112669
20112920
20130694
20148598
20149405
20153383
20153499
20153638
20154123
20165803
20181415
20182425
20189105
20190824
20198521
20199575
20203054
20208430
20222558
20222559
20236162
20270676
20303744
20335204
20352420
20353438
20355765
20370825
20373823
20378008
20382812
20391807
20392474
20400568
20414871
20416103
20416570
20416837
20420851
20430520
20456501
20458521
20482591
20495785
20497216
20512486
20521957
20525860
20525866
20526726
20528945
20537393
20544433
20544550
20554549
20561118
20571795
20574577
20586608
20597986
20600863
20605657
20618857
20626456
20627808
20630867
20632934
20639204
20639376
20643183
20657069
20659918
20675454
20680280
20680978
20685030
20688230
20689953
20690660
20695222
20696489
20698984
20702006
20723671
20726529
20730433
20730523
20737437
20813512
20824974
20836879
20839962
20839963
20848884
20850191
20854455
20856932
20865170
20865257
20874394
20882763
20884343
20886260
20888150
20889327
20920191
20932545
20941573
20947674
20951847
20955194
20962880
20969678
20971913
20973807
20978605
20979386
20989470
21043573
21060253
21062736
21071496
21073584
21076480
21077680
21077773
21078928
21080032
21088661
21091861
21093704
21104493
21108127
21110894
21112067
21115280
21115713
21117957
21124052
21132276
21143324
21153706
21165740
21167323
21169690
21170604
21182713
21188474
21193664
21204867
21204921
21228890
21244224
21249353
21253900
21255280
21255281
21258434
21258725
21261917
21265977
21273247
21296933
21304920
21304926
21306891
21316739
21318358
21325308
21326926
21336932
21340010
21340015
21342514
21343351
21346790
21347721
21351219
21357434
21360140
21361996
21385104
21393196
21393843
21395945
21396452
21397014
21425931
21434601
21439081
21439667
21441337
21443971
21450958
21482280
21506036
21507588
21512918
21523387
21531826
21535042
21538893
21544607
21547756
21554339
21558710
21558727
21561166
21561952
21564338
21565929
21569958
21590745
21602374
21605787
21631546
21642488
21645815
21647462
21654921
21657560
21665364
21672102
21673923
21682251
21685161
21698126
21698139
21715159
21717318
21717856
21726360
21726382
21727466
21729216
21742869
21751007
21764921
21770816
21780597
21781759
21783790
21788613
21798613
21801883
21804650
21804944
21815439
21822970
21843946
21856827
21868215
21868607
21873474
21875627
21899638
21902256
21906340
21922663
21927992
21938252
21942882
21948045
21949494
21951859
21968453
21969898
22004828
22010795
22013752
22016606
22017658
22020513
22023573
22029875
22038095
22042232
22052727
22053874
22055064
22056030
22056424
22060777
22062812
22068563
22070279
22078969
22085438
22095134
22101309
22110622
22117515
22118075
22125902
22130535
22145048
22164420
22168551
22172555
22175440
22176299
22186059
22188391
22189495
22192836
22194597
22203550
22207216
22224410
22225642
22225938
22228182
22233053
22233353
22236761
22247526
22250861
22273461
22275320
22285987
22291685
22292926
22294025
22302490
22303435
22305444
22326336
22328765
22342441
22343350
22346655
22348327
22349896
22359066
22359632
22360895
22361858
22363726
22374358
22375709
22383119
22385302
22409433
22410223
22410227
22410235
22417387
22418261
22428747
22438725
22442306
22448105
22452961
22470577
22471216
22492452
22492458
22494574
22518925
22526265
22526792
22534306
22545236
22566120
22573152
22578275
22578867
22580137
22581609
22585056
22595184
22608057
22615864
22618813
22623322
22639835
22641388
22642773
22671562
22671984
22685130
22686500
22694973
22706145
22707706
22707708
22712399
22723948
22736820
22736826
22746257
22747634
22752180
22766936
22781366
22792073
22795513
22796200
22805783
22805836
22806025
22806808
22806873
22811397
22812443
22816486
22824340
22832010
22840021
22847187
22854353
22865886
22868144
22873690
22900619
22903452
22903572
22914957
22919294
22934351
22940805
22942755
22955346
22961489
22963147
22963659
22972385
22980847
23002313
23007661
23020706
23026337
23028398
23028399
23029215
23029318
23032861
23033861
23034649
23035953
23039196
23042178
23056198
23064158
23068603
23072701
23073694
23078779
23099776
23100644
23103246
23104645
23107228
23110472
23113358
23123905
23125119
23142491
23143253
23143624
23144379
23144916
23167752
23170230
23173736
23174670
23174898
23175505
23185637
23190162
23190193
23194741
23196308
23196704
23201464
23209169
23209661
23226255
23246592
23250225
23278990
23289483
23295683
23302273
23306900
23313118
23313821
23314334
23325572
23332821
23346905
23350846
23384356
23391610
23405322
23405351
23416997
23417391
23425069
23426012
23430123
23451273
23455430
23456855
23457299
23462088
23466902
23483962
23497367
23498179
23503746
23504079
23510642
23520577
23524400
23525792
23534408
23561856
23594228
23596447
23596526
23603340
23607266
23615986
23616410
23622502
23624246
23627104
23635605
23643124
23643125
23644496
23648855
23650859
23667820
23668152
23670078
23686438
23688329
23695777
23697763
23709169
23716048
23722948
23724329
23727430
23735327
23737965
23742120
23743829
23749246
23754718
23754720
23757135
23757145
23757277
23758774
23760822
23761252
23761359
23765719
23765926
23766112
23766117
23766226
23766373
23770380
23789028
23790464
23791867
23811504
23811507
23822207
23825089
23843392
23864577
23870821
23871654
23878957
23878983
23878984
23887909
23890016
23897464
23898207
23907259
23913099
23918406
23929064
23931692
23936727
23961220
23964283
23972095
23979851
23981685
23984828
23995556
23995634
23995918
24003861
24006784
24012021
24015083
24019523
24026446
24026919
24026930
24028333
24031423
24031468
24031839
24031970
24033808
24049472
24066512
24077305
24085608
24088035
24102145
24113463
24115457
24118032
24118337
24119438
24122270
24146307
24156769
24162371
24185413
24185737
24191620
24194200
24196017
24196362
24197408
24200862
24201571
24202609
24221727
24232295
24232936
24233653
24246668
24271005
24271162
24284353
24286439
24291585
24294253
24296249
24300736
24304904
24306149
24312842
24358399
24361402
24372926
24380350
24383417
24384011
24385909
24387861
24389192
24392923
24406013
24407649
24414911
24415012
24415235
24420941
24420952
24421203
24425902
24428662
24443429
24455861
24456070
24468402
24471759
24487937
24494520
24494528
24512115
24518796
24551247
24551477
24553415
24556201
24561806
24569955
24578271
24578585
24592823
24600444
24624898
24625190
24629129
24629972
24643568
24659403
24665341
24665763
24670089
24672346
24682480
24682607
24684210
24684604
24690581
24691847
24699527
24705024
24707242
24715732
24723355
24726926
24737082
24742073
24747845
24747907
24751505
24756978
24762936
24769617
24773258
24782855
24801274
24812973
24828038
24835847
24837291
24857589
24857922
24871198
24875257
24876654
24897801
24898633
24901819
24906569
24912567
24923559
24927392
24927572
24930103
24945743
24947806
24955522
24962812
24963685
24966854
24979527
24994472
25000726
25003212
25016321
25033667
25037876
25043797
25059724
25060563
25062479
25072514
25076655
25077778
25078910
25085617
25102022
25112916
25113043
25114042
25115080
25115520
25128634
25136983
25138267
25138718
25139571
25145215
25149284
25165126
25170599
25172719
25173861
25178035
25179003
25182848
25199341
25200780
25202778
25204057
25206976
25233921
25244063
25247295
25248440
25250017
25252457
25265304
25273324
25278578
25279933
25283690
25288542
25288970
25291954
25303834
25304769
25312872
25316194
25318416
25320466
25355062
25356880
25362592
25377353
25382202
25385321
25385990
25387599
25405925
25410940
25416766
25426111
25429018
25456226
25459863
25465175
25471384
25473498
25475261
25477941
25478686
25479429
25481072
25482232
25482802
25487118
25488342
25491753
25492091
25497792
25503243
25505182
25506085
25509393
25512025
25522507
25527312
25539726
25542203
25548043
25555375
25558792
25563340
25576133
25586414
25587410
25591389
25626526
25633105
25633890
25635023
25635025
25636837
25640727
25644703
25644949
25655927
25656264
25659087
25664803
25669915
25670697
25678231
25680811
25681383
25685259
25685439
25694506
25708637
25710712
25711719
25720283
25720803
25722415
25724118
25724953
25728358
25732741
25739996
25746381
25746989
25752240
25754557
25761765
25763575
25764548
25774766
25778508
25782590
25783487
25784647
25784695
25790485
25792057
25801599
25806684
25814594
25814596
25814613
25824217
25827750
25828413
25836017
25844535
25851735
25880602
25885431
25886496
25889900
25892516
25895945
25896739
25904904
25912083
25937986
25953163
25956770
25957971
25958685
25961336
25969927
25977020
25982731
25984987
25994670
26002784
26023929
26025187
26025888
26028773
26040113
26048936
26051958
26075828
26100041
26109449
26119301
26122174
26135011
26138026
26139595
26141733
26149110
26150120
26150944
26151105
26153539
26155678
26161531
26162787
26175088
26177415
26184602
26190075
26194109
26207762
26207820
26208816
26211964
26214846
26221110
26222828
26223244
26227600
26231030
26241659
26246193
26257721
26265469
26268992
26273240
26276409
26286796
26294004
26337499
26340848
26345019
26347765
26370186
26375388
26410312
26412856
26416533
26419730
26430033
26438043
26441945
26451905
26452056
26453848
26453993
26454305
26456466
26459626
26475366
26495114
26497457
26505308
26505310
26513252
26517369
26519390
26525662
26528266
26529301
26537602
26539169
26551558
26556435
26559418
26567474
26583740
26615425
26619828
26626058
26629794
26644001
26655760
26656216
26666990
26670387
26683492
26684728
26687461
26704063
26708985
26710926
26712554
26723126
26740789
26745981
26745985
26749799
26759938
26761492
26761668
26771749
26779224
26779236
26780375
26788425
26797972
26806982
26814232
26818662
26821258
26842722
26850110
26851857
26855125
26859493
26860842
26874622
26875795
26888914
26892223
26892386
26894448
26904590
26913024
26915094
26916832
26919540
26920481
26922853
26925267
26956666
26984671
26995139
27000421
27002135
27019743
27021959
27033673
27041173
27044625
27065229
27071519
27074856
27088392
27106230
27125387
27130938
27131305
27134545
27137672
27137802
27145777
27147933
27149651
27151797
27155575
27168652
27178796
27195517
27198014
27199346
27199920
27214244
27217358
27231365
27231373
27233093
27247423
27251445
27252028
27259517
27277382
27280985
27294402
27294556
27296968
27321682
27331806
27335414
27344229
27348506
27350902
27353603
27354563
27374061
27374434
27380521
27384076
27385827
27386573
27392454
27406241
27427869
27431058
27442435
27466449
27474867
27493644
27497132
27497896
27498507
27501868
27503371
27512559
27515897
27523480
27531243
27536306
27546221
27549437
27557836
27572456
27580176
27585280
27590016
27593394
27600172
27602029
27608008
27613682
27618157
27621684
27623963
27626598
27664014
27664728
27664749
27673446
27701843
27703013
27706727
27710929
27711983
27713729
27738024
27739900
27747903
27759425
27761763
27770649
27775190
27776482
27792150
27796639
27800445
27800450
27819493
27824344
27827009
27833797
27836849
27853452
27853707
27853712
27866607
27868060
27870935
27885385
27887202
27911438
27915281
27917180
27918204
27920385
27920774
27977892
27988122
27989736
27992801
27997146
28000957
28001438
28003453
28040161
28049432
28067287
28073080
28076419
28076691
28097538
28106264
28109595
28110805
28114423
28119675
28119731
28120024
28126933
28127814
28131895
28146090
28150115
28177785
28186422
28187935
28188482
28194136
28213021
28213028
28217113
28217561
28221854
28221940
28229543
28231113
28231186
28247474
28250336
28252354
28253372
28254983
28270265
28276616
28283949
28303123
28324403
28326617
28330071
28334335
28336602
28340990
28355477
28360179
28360897
28362724
28364142
28371608
28377780
28387004
28395817
28417168
28428312
28436040
28437662
28439969
28444894
28449322
28451946
28457004
28458762
28472670
28473382
28480491
28487678
28489199
28499180
28502711
28504677
28526844
28535292
28538202
28545064
28551853
28557013
28573851
28578806
28581636
28582711
28600196
28604168
28611492
28611804
28613079
28615636
28621716
28626693
28631071
28633523
28640833
28641210
28645029
28647051
28649399
28653930
28658302
28667108
28680004
28687515
28693315
28700827
28701564
28702079
28713346
28715765
28726102
28730551
28737897
28745291
28747902
28754202
28764032
28769037
28769909
28773296
28774638
28774980
28777807
28780114
28782279
28789688
28793882
28800830
28800852
28802176
28805665
28821548
28833073
28843530
28846366
28868106
28869650
28884389
28892231
28894954
28910985
28912270
28928400
28929793
28941777
28943971
28945988
28950041
28953259
28956057
28972172
28991199
29021178
29033902
29040817
29055705
29063458
29064594
29074656
29075355
29079532
29079538
29081612
29107245
29117593
29119696
29119849
29146252
29146968
29151161
29155390
29162884
29167257
29175681
29175787
29182855
29185504
29190586
29193598
29194975
29208656
29208702
29228229
29229911
29248219
29250042
29251469
29253355
29278850
29279577
29311279
29311282
29312228
29312271
29312422
29321301
29327006
29329376
29334060
29356249
29358813
29378888
29379471
29386363
29386661
29421365
29429898
29433294
29437273
29437852
29449848
29453255
29471126
29471219
29471265
29475087
29475585
29476343
29480426
29484478
29495107
29496829
29505734
29526446
29527195
29531068
29541847
29552336
29560253
29564238
29567743
29571454
29573683
29584655
29592803
29593112
29596056
29598976
29606578
29625661
29631210
29651169
29663827
29665557
29669886
29703752
29732328
29740414
29742421
29747438
29751170
29752674
29763820
29774013
29775727
29781800
29784297
29785903
29786121
29791808
29794045
29797149
29851961
29852076
29853165
29853172
29857114
29866808
29867793
29885040
29890026
29892568
29894735
29896645
29897970
29900286
29902279
29910986
29914352
29920041
29926705
29936545
29939310
29941813
29946568
29960782
29964696
29966654
29988579
29990341
29991582
29996826
30002666
30009899
30023223
30026133
30044138
30062528
30065411
30065892
30070086
30077177
30081324
30095313
30095633
30100021
30108564
30110922
30120569
30123663
30141880
30177764
30185639
30187094
30187759
30200322
30202435
30210486
30216614
30228424
30238202
30240613
30248403
30258579
30276423
30278125
30279153
30289197
30292974
30295025
30297052
30299055
30318023
30338402
30342330
30346633
30347180
30367501
30381611
30386787
30388533
30401768
30406564
30445747
30455439
30456009
30471120
30473566
30488965
30496941
30502601
30514460
30533753
30533839
30533937
30547582
30551435
30564441
30571763
30592126
30594094
30606121
30615997
30616716
30621713
30622185
30631308
30660972
30666877
30668113
30671028
30680880
30683371
30684757
30686347
30689124
30698028
30700513
30708154
30708490
30711711
30727136
30727295
30732104
30733464
30733563
30733751
30735959
30737351
30743436
30744815
30754594
30756535
30764219
30770406
30771977
30778927
30780093
30780731
30781079
30787396
30787912
30795042
30795389
30802684
30804633
30806224
30812455
30812949
30818577
30818644
30822978
30823238
30824950
30826430
30827612
30827913
30828413
30835268
30835283
30840151
30843087
30856829
30856977
30857018
30866184
30866290
30868359
30870893
30872708
30877322
30884254
30900025
30913456
30921732
30921883
30921888
30921915
30921936
30921965
30923564
30927135
30934415
30934466
30934783
30936094
30936664
30938049
30939671
30939710
30940586
30946572
30959592
30959594
30959632
30959765
30965407
30974865
30978784
30978835
30978854
30981030
30984371
30985950
30989358
30991556
30991569
30995873
31003296
31003329
31003353
31003390
31004642
31025575
31026897
31026898
31027768
31027772
31027811
31027813
31027824
31051623
31051655
31052260
31054668
31066290
31066925
31071816
31071880
31084051
31084108
31085486
31085696
31088272
31088352
31091866
31096888
31100408
31113024
31113039
31113153
31121223
31121698
31121767
31125995
31128867
31132804
31137288
31137375
31145677
31147559
31147571
31156596
31157945
31159034
31163357
31177008
31178851
31187593
31189654
31193311
31193529
31195515
31195547
31195588
31201958
31202001
31206795
31207120
31207754
31207804
31207813
31221648
31222384
31235813
31238193
31244868
31284626
31288118
31294210
31308547
31315175
31322500
31322801
31323790
31324006
31335719
31346016
31349556
31368647
31384676
31394819
31399411
31401196
31418546
31421764
31422234
31436522
31461454
31472388
31487162
31489899
31491511
31506570
31507554
31509981
31516851
31517075
31529702
31544331
31548373
31559681
31571143
31574191
31585716
31586089
31591240
31610846
31613206
31620150
31623889
31628440
31631769
31632627
31635046
31637724
31657947
31658772
31665633
31674912
31675206
31681755
31685461
31685917
31686691
31697976
31699772
31703869
31703878
31721286
31726175
31733849
31739628
31751657
31753487
31766372
31767932
31771200
31787192
31793115
31796226
31809502
31828449
31842990
31849873
31849874
31865097
31870903
31882117
31897395
31901662
31903759
31906409
31907003
31909676
31911385
31924623
31929947
31930872
31961786
31975731
31977176
31983534
31991823
31992171
31994984
31998244
32007896
32014749
32028204
32028723
32030334
32038503
32041142
32050135
32053917
32068524
32092508
32093646
32109698
32121050
32127752
32130544
32131440
32147268
32147927
32152338
32163800
32169751
32171831
32178268
32181245
32188109
32210153
32214663
32218775
32225212
32234751
32246056
32248611
32265313
32267937
32269792
32277276
32286319
32289248
32289323
32290162
32291279
32294897
32295085
32305720
32305763
32322618
32325345
32325544
32328055
32337984
32344878
32347609
32347922
32349631
32351242
32351525
32358824
32361054
32363709
32364702
32372770
32375985
32380636
32383813
32383861
32388030
32392123
32397545
32412590
32414795
32436126
32439665
32439679
32443694
32444810
32445616
32450504
32453992
32477317
32480633
32500426
32506499
32516715
32520698
32528438
32532010
32539951
32543662
32545638
32546617
32553034
32556227
32559889
32584816
32585312
32600766
32600913
32612750
32615927
32623714
32625420
32626100
32630152
32631946
32634526
32640792
32642632
32647555
32654271
32655305
32671125
32672422
32686259
32687799
32689917
32690194
32701973
32712706
32717536
32722528
32776868
32793167
32793433
32806693
32814277
32826219
32827973
32841479
32846538
32849443
32858959
32874257
32884114
32885723
32887055
32898544
32899695
32916891
32920264
32936375
32936751
32958509
32958787
32963344
32969650
32974516
32977570
32983060
32984290
33004835
33009483
33021681
33025357
33036989
33082733
33083600
33088049
33088074
33101260
33104853
33111439
33124983
33133549
33134743
33150466
33154431
33162951
33171989
33187311
33193240
33198325
33212197
33213673
33218095
33228075
33228091
33230222
33254400
33270007
33270152
33274875
33275413
33278328
33281179
33289627
33302086
33304157
33314494
33314831
33328381
33330412
33341684
33341965
33343517
33354657
33360286
33363523
33382250
33383718
33389170
33391221
33402348
33411598
33414288
33414799
33415718
33424369
33429926
33442517
33447814
33453422
33455773
33467189
33472073
33485892
33506113
33510716
33542376
33560120
33567501
33572123
33584604
33592359
33597523
33601160
33607540
33610638
33613061
33629945
33631571
33638021
33643586
33646377
33647701
33650945
33654765
33654784
33660045
33669080
33675453
33675669
33692821
33707614
33707690
33711870
33722279
33727084
33755488
33772716
33776975
33789944
33806067
33807025
33807194
33822609
33825790
33834857
33835274
33838893
33852731
33855569
33862844
33865331
33873727
33891610
33896006
33911932
33917630
33918846
33921594
33922410
33923137
33936009
33947589
33957198
33957323
33972713
33978868
33988734
34007921
34019473
34025149
34026730
34029591
34034041
34072497
34073686
34074410
34076776
34088184
34095785
34105243
34122978
34135871
34144508
34147985
34169239
34184980
34199744
34208522
34220219
34220237
34220730
34225696
34227931
34272448
34279380
34283005
34288708
34291692
34306654
34309505
34310020
34310867
34314173
34323599
34333861
34334809
34344947
34351900
34354076
34354402
34357428
34358867
34361937
34378550
34378969
34382834
34390909
34394041
34403673
34405251
34406486
34416951
34419861
34426366
34429748
34430233
34441545
34443356
34446206
34451575
34451599
34459546
34486303
34489033
34502150
34515017
34528360
34554546
34558792
34562839
34574132
34579362
34579852
34588900
34603828
34609577
34621260
34644303
34649137
34662276
34663068
34667151
34671354
34671895
34685934
34686911
34694697
34708407
34718188
34719087
34726491
34751564
34764781
34770767
34785387
34791515
34792466
34798478
34802804
34805669
34818957
34827700
34827726
34828982
34834392
34834704
34851542
34855939
34856020
34859085
34868217
34879514
34891062
34897903
34900131
34905076
34906283
34910563
34917993
34920069
34947966
34949923
34950453
34956122
34964290
35007388
35011149
35021800
35050115
35050679
35056610
35056643
35056688
35066318
35069513
35069616
35072599
35077157
35100865
35110595
35114050
35114554
35119711
35144712
35151004
35155301
35156423
35161339
35189702
35191984
35204287
35211835
35214891
35215643
35216223
35228138
35236799
35244805
35250955
35259940
35266047
35293547
35301732
35310856
35337036
35341839
35378188
35380531
35391632
35392394
35400420
35412647
35417482
35422769
35448657
35453199
35456815
35456843
35458613
35473979
35495709
35516425
35532863
35547717
35549569
35561855
35567126
35568198
35574042
35595726
35598432
35605455
35638382
35639018
35646503
35665186
35670704
35670947
35671856
35689939
35695573
35695838
35707979
35712598
35733961
35738921
35743880
35752021
35756028
35764171
35771141
35786927
35795461
35798115
35840252
35847114
35859219
35862661
35863006
35875535
35883804
35889139
35892375
35893565
35898292
35904676
35907535
35908872
35909165
35909632
35922084
35936071
35951661
35965982
35975712
35981058
35984895
35996801
36009911
36012304
36013994
36014014
36014045
36030359
36042243
36063363
36068455
36070019
36071970
36076388
36076985
36083364
36088118
36089534
36104368
36119882
36126313
36145816
36165622
36174900
36190139
36199757
36214703
36222150
36226960
36227272
36235235
36246246
36282564
36297744
36309448
36319705
36326839
36334863
36335860
36338042
36338575
36346907
36357532
36386714
36397264
36414656
36419268
36423546
36424517
36439778
36445162
36455309
36469174
36470670
36479625
36496842
36497671
36499433
36507684
36510276
36511041
36511947
36513413
36514529
36531382
36532453
36533919
36549625
36554522
36562166
36563730
36584423
36587534
36596191
36606150
36613361
36617396
36618067
36626561
36642886
36650835
36651771
36652821
36674305
36677969
36681696
36685701
36695935
36708888
36714773
36719227
36737831
36737989
36739341
36749687
36754288
36764667
36771637
36774574
36782026
36787297
36787664
36805112
36808770
36811104
36813707
36819023
36837758
36839621
36840054
36868539
36871096
36874162
36892202
36893116
36900467
36900477
36903837
36904061
36905832
36916921
36944360
36947376
36950636
36958858
36971784
36976398
36982252
36985196
36985356
37001270
37004722
37038871
37048296
37055421
37056510
37060665
37064519
37075084
37079897
37081767
37081770
37084277
37110287
37110314
37125185
37125188
37154750
37173556
37186220
37196744
37201319
37203059
37223352
37223804
37224964
37238842
37240270
37250031
37253722
37257414
37274873
37279902
37291566
37311608
37315300
37327713
37333443
37340074
37343800
37370333
37375039
37386409
37391650
37399720
37406883
37451347
37466543
37478594
37483786
37512860
37514313
37523467
37534284
37540249
37547698
37558057
37569649
37577095
37584667
37584890
37606695
37612642
37622480
37626979
37630451
37630571
37650446
37653049
37655913
37658316
37724877
37746200
37750539
37764194
37767359
37768840
37803617
37813255
37815519
37816775
37821509
37839226
37869660
37871011
37877694
37889848
37893644
37895997
37908545
37914971
37918765
37918774
37919003
37919011
37920400
37924919
37928494
37928620
37940829
37941137
37944683
37945659
37949404
37959099
37967391
37970062
37970541
37973937
37979480
37984030
38003563
38014404
38033591
38037424
38045140
38051051
38060139
38063763
38069601
38128262
38128739
38129087
38144596
38146627
38148187
38162741
38181519
38189300
38206029
38212576
38213417
38233450
38234207
38234712
38237830
38243055
38257241
38260881
38261235
38261596
38275703
38276177
38280191
38280482
38281212
38296823
38301298
38303387
38321667
38323304
38325640
38345152
38355704
38370141
38378706
38386844
38390655
38391526
38396736
38399800
38400879
38405495
38405589
38411078
38411841
38422734
38431335
38456317
38457942
38479312
38490347
38492695
38498718
38505625
38508084
38515435
38516010
38516910
38517906
38521417
38534476
38560776
38561900
38573876
38576553
38584696
38587505
38591888
38596061
38611483
38630182
38631412
38631895
38632051
38647825
38647998
38687073
38687420
38700770
38714126
38719039
38729465
38731798
38748205
38748307
38759758
38783320
38791129
38792831
38792839
38794304
38806864
38824548
38826453
38843743
38844349
38847506
38852716
38879059
38884776
38897501
38904362
38927249
38929157
38930986
38936187
38942273
38943891
38949066
38954148
38971272
38998494
39001894
39004247
39014102
39026145
39029335
39039267
39053541
39068684
39071175
39077375
39084127
39089260
39105412
39113835
39116779
39125241
39143813
39144223
39148997
39164415
39178984
39179785
39193978
39195789
39203565
39204233
39206952
39208866
39213799
39217937
39224222
39241626
39241818
39246402
39252828
39252838
39260995
39273643
39273948
39290509
39293616
39300758
39308708
39319624
39330906
39335914
39353102
39353560
39354382
39376706
39383903
39385119
39386544
39390695
39395039
39396469
39404639
39434440
39435695
39448159
39452218
39459633
39467101
39481262
39512890
39558284
39576324
39597593
39597639
39597720
39601883
