181365
264887
270507
294457
496114
496115
496121
730829
836021
956779
1057394
1202874
1279963
1691432
1830743
1873975
1899679
2635358
2879232
3116352
3400712
3407660
3436159
3460821
3888842
4579125
4886858
4990847
4992363
5261313
6169645
6333373
6339627
6485631
6501591
6797022
6928808
6937298
6937304
6953091
7343641
8051247
8128689
8268361
9039533
9060153
9198973
9360260
9431976
9650969
9892536
10194109
10456724
10680938
10843069
10847281
10968333
11332915
11410901
11757983
11816977
11825622
11864340
11915880
11928857
12476766
12667255
12755479
14649737
15113315
15143031
15243054
15290139
15365010
15472374
15693824
15876953
16243473
16364602
16420603
16677365
17133072
17311629
17493907
17980173
18824042
19722792
20331587
21180676
21605286
22324467
22506572
22739571
22796060
23967169
24265267
25107971
25111806
25311638
27303245
27316966
27346839
27898021
28082174
28752078
28875948
28930150
29065388
29209624
29630846
29633010
29768437
30182066
30528912
30920634
31481603
31491909
31580183
31693918
32039336
32151606
32345739
32533776
32849317
32978483
33062199
33164836
33224129
33334195
33348567
33581548
33664036
33679978
33782445
34123872
34293996
34534554
36431317
36475560
36557748
36650477
36670581
36715153
37010413
37566076
37998794
38378690
38631413
38641252
38803155
38877601
38926242
38966752
39077620
39124746
39129952
39157252
39238688
39532330
