23167785
24492051
24749655
24926054
25613040
26193880
26205870
26337892
26850591
26951328
27033910
27125651
27367317
27667811
27881536
27915248
28045121
28209828
28441105
28499353
28668485
28974620
28978684
29024267
29119302
29150173
29346648
29424442
29437540
29503811
29625244
29753025
29901702
29954904
29986890
30039873
30118802
30169545
30324915
30396897
30439496
30530518
30537995
30642470
30701651
30742890
30763616
30770403
30801740
30877123
30885554
30946958
30988056
30992061
31122125
31129187
31306760
31309579
31314784
31336107
31337186
31338393
31400510
31422233
31516920
31529028
31546036
31578154
31605945
31654767
31667269
31667299
31669781
31733415
31816594
31828047
31899359
31945434
32052095
32067211
32068939
32071069
32108566
32117819
32145320
32198069
32200072
32260465
32327515
32387560
32470511
32622286
32634524
32709101
32763422
33080274
33152404
33176201
33189746
33245815
33285186
33440635
33597018
33682163
33691113
33712519
33732226
33776977
33796617
34037985
34060905
34121235
34171369
34251059
34341174
34480365
34534640
34673373
34843109
34868031
34887869
34902537
34932231
34940706
35114359
35145512
35186798
35192095
35218391
35314331
35395412
35405475
35456139
35467386
35467773
35474424
35477099
35630485
35654386
35692056
35714800
35735095
35779809
35805768
35834890
35861543
35870743
35880718
35896333
35898515
35959541
36042265
36053889
36197672
36210003
36250884
36282845
36297197
36350174
36419596
36420487
36420496
36470404
36571326
36581209
36830693
36873098
36890649
36914103
36974664
37110252
37215132
37298202
37482205
37642418
37732742
37740122
37743602
37766146
37843506
37863126
38040136
38056174
38141691
38244636
38247641
38276180
38301814
38332126
38335574
38349189
38363204
38499218
38606294
38658654
38678681
38703841
38712949
38788352
38799354
38888725
38933994
38969154
39025166
39058035
39153581
39214265
39245187
39293726
39304982
39326350
39389171
39408905
39427837
39461395
39481502
39486559
39545739
39557374
39571633
39599540
39609710
