19801388
21227922
21337327
21498747
21604181
22139151
22247178
22511351
22823185
22843537
22921519
22928042
22952777
23146305
23149625
23263957
23306120
23519661
23545654
23731756
24081709
24278284
24316482
24357319
24358340
24466756
24705464
24812381
24812382
24889625
25157080
25317205
25324897
25489338
25799047
25819971
26203301
26253670
26269712
26276113
26327384
26433124
26442761
26536872
26759604
26814128
27208106
27258548
27484669
27555882
27563004
28019666
28267923
28444450
28476773
28479043
28625990
28650071
28851921
28870752
28942503
28974575
28986379
29062943
29101202
29242997
29422947
29434665
29468112
29468877
29475869
29588665
29657124
29797090
29797457
29808293
29969511
30009131
30258493
30478233
30675183
30783893
30858881
30982956
31055784
31097544
31291721
31359136
31391460
31392469
31394870
31452680
31581739
31685873
31827607
31974310
32064769
32086304
32180826
32190115
32351984
32532871
32720143
32769195
32770740
32783103
33956122
33990300
34060910
34060912
34542397
34611726
35093526
35273293
35682749
36169328
36218355
36347479
36802247
37463861
37776811
38072076
38131671
38194138
38797293
39305946
