36839
1335719
1340289
1349042
1358610
1453469
1553382
1587267
1633808
1764463
1954226
2241920
2244788
2332405
2559504
2923914
3593276
3981633
4037980
6628393
7538512
7548541
7684241
7696313
7705101
7758464
7821579
7857929
7857930
7945523
8099328
8110740
8110741
8110745
8129708
8263917
8263939
8382522
8473297
8536710
8555203
8591026
8639325
8674626
8674642
8679615
8813667
8869641
8917616
8987981
9056954
9135121
9188163
9217015
9307012
9398225
9540807
9568903
9716374
9740375
9753432
9878450
10350612
10425679
10491198
10525154
10601858
10707024
10995759
11168428
11223125
11243891
11341912
11468288
11695893
11736656
12083528
12220195
12234181
12414808
14622249
15365052
15374661
15667207
16495268
17512225
17645547
18052212
18546850
19425107
19654317
19966009
21434666
21876794
22607409
22747945
23094589
24399403
26912898
27303899
29033369
29165580
29691141
29803436
30278949
30453603
32126968
32300335
32354259
32919372
33036625
33253079
33555251
35346469
35468931
35701733
35766483
35851765
36230584
36541613
37298483
37630597
37655344
37900993
38234413
38649355
39048520
39086748
39106870
39338129
39569243
36839
1335719
1340289
1349042
1358610
1453469
1553382
1587267
1633808
1764463
1954226
2241920
2244788
2332405
2559504
2923914
3593276
3981633
4037980
6628393
7538512
7548541
7684241
7696313
7705101
7758464
7821579
7857929
7857930
7945523
8099328
8110740
8110741
8110745
8129708
8263917
8263939
8382522
8473297
8536710
8555203
8591026
8639325
8674626
8674642
8679615
8813667
8869641
8917616
8987981
9056954
9135121
9188163
9217015
9307012
9398225
9540807
9568903
9716374
9740375
9753432
9878450
10350612
10425679
10491198
10525154
10601858
10707024
10995759
11168428
11223125
11243891
11341912
11468288
11695893
11736656
12083528
12220195
12234181
12414808
14622249
15365052
15374661
15667207
16495268
17512225
17645547
18052212
18546850
19425107
19654317
19966009
21434666
21876794
22607409
22747945
23094589
24399403
26912898
27303899
29033369
29165580
29691141
29803436
30278949
30453603
31529926
32126968
32300335
32354259
32919372
33036625
33253079
33555251
35346469
35468931
35701733
35766483
35851765
36230584
36541613
37298483
37630597
37655344
37900993
38234413
38649355
39048520
39086748
39106870
39338129
39569243
