1402074
1473100
1485834
1725142
1913345
2015828
2205224
2380386
2574748
2776126
3326520
3382380
3429622
3435110
3489701
3517057
3526760
3571463
3597752
3652782
6508270
6511707
6715521
7050147
7487355
7518741
7541754
7547312
7585721
7824319
8027345
8049615
8231447
8231449
8231450
8231451
8231452
8300450
8359170
8411089
8486569
8731019
8797860
8915524
8916545
8961557
9090817
9373950
9437499
9548071
9654072
9657315
9794073
9836454
9847452
9861679
10215848
10449462
10632731
10651818
10651819
10903028
11001319
11034498
11109104
11109122
11109123
11109127
11269407
11751137
11784330
11909598
11952416
11996837
12350322
12384342
12455869
12650056
12678409
12747861
14505878
14556999
14557001
15179326
15681143
15708308
15765758
16407787
16517878
17125662
18373243
18665848
19567344
19658320
20964722
21060898
22013265
22062111
22561620
23709372
23896159
24053026
24184579
24271474
24435854
24644555
25118755
25771295
26437638
26748500
26787946
27469376
28503342
29271151
29297845
29483121
29495556
31428064
31442862
32169497
32219114
32652158
32803348
33784901
33857127
34841780
36097619
37189038
37284758
37598930
37934390
38200708
38372467
39088478
39554329
