3218
13922
16418
36841
526302
685531
1335943
1339360
1349602
1355455
1359838
1360004
1366614
1368230
1368508
1370288
1385386
1416617
1512567
1548233
1577695
1599233
1629178
1645127
1685080
1698349
1705930
1722664
1744049
1768126
1809209
1846142
1850729
1910034
1916274
1929394
1967602
1981087
1987147
1991710
1995642
1999395
2040424
2082818
2082823
2192667
2199603
2254264
2268159
2327577
2336398
2339898
2383002
2383010
2389935
2536327
2556163
2560219
2565853
2575777
2612893
2661316
2673038
2673928
2687255
2719475
2719476
2721922
2742371
2774799
2828326
2829684
2832381
2844725
2868690
2891680
2906310
2906311
2906794
3021896
3027059
3032286
3079172
3090043
3091091
3093821
3129023
3153137
3167601
3252905
3360745
3384801
3389820
3620201
3685381
3928568
3938632
4004220
4005308
4083872
4091556
4298012
4309217
4317339
4332793
4790590
5052040
5057466
5137676
5500282
6002779
6177280
6409358
6574306
6696415
6786219
6886674
7024731
7271717
7507453
7517454
7539689
7547288
7576767
7576768
7576769
7576770
7576772
7680708
7691287
7763496
7765050
7765497
7765512
7814334
7851742
7860591
7867955
7875566
7883192
7885226
7894709
7903254
7908269
7928980
7934908
7961393
7961408
7980441
8001771
8010697
8010698
8045913
8083176
8113186
8117087
8126443
8168923
8185833
8226639
8244020
8244936
8288111
8292206
8300540
8386500
8396545
8423010
8449872
8501044
8509336
8514119
8517735
8550525
8555196
8626337
8640107
8655474
8669898
8702268
8705667
8760920
8875915
8955323
8967771
8987493
9006015
9009069
9047357
9103631
9171424
9172446
9185148
9226259
9274030
9286999
9349721
9353928
9393708
9501448
9504995
9560201
9561744
9625784
9648740
9826752
9864345
9866174
9919660
9922240
9987115
10049845
10074080
10094622
10099293
10191392
10320580
10388730
10463150
10464218
10473377
10483106
10508051
10518301
10543811
10581430
10653715
10653745
10735989
10812180
10855714
10878124
10902917
10937434
10937485
10937486
10937487
10937490
10937496
10937935
10968627
10972834
10985745
10991851
10992498
11075929
11160107
11160802
11248697
11393282
11411680
11411721
11429467
11444870
11466286
11530822
11687934
11702403
11750820
11760952
11781802
11781805
11781806
11781807
11781808
11790753
11824611
11889105
11931561
11973144
12023083
12057953
12074052
12182834
12379666
12387411
12445640
12529501
12533485
12545384
12552129
12571006
12586402
12618456
12620841
12675576
12685743
12686628
12732555
12774196
12775702
12867463
12882286
12902291
12902297
12937998
13165065
13190572
13321530
13394253
13407444
13437487
13451186
13564619
13588754
13650514
13717300
13863960
14383334
14425929
14532050
14541776
14551991
14568141
14570887
14593248
14679247
14766557
14803428
14938342
14945391
15028679
15028684
15054240
15056894
15060177
15069198
15109714
15252718
15280011
15297914
15336429
15345405
15558274
15640230
15743939
15746321
15765251
15766777
15803652
15812030
15869963
15870373
15950297
15966321
16000722
16095939
16187099
16199581
16233526
16308714
16309390
16332833
16345710
16345906
16345980
16346038
16346145
16346149
16346161
16346174
16346258
16346276
16346414
16346566
16346641
16346643
16346665
16346678
16346746
16346847
16346864
16346904
16347058
16347081
16347104
16347108
16347119
16347143
16347311
16347312
16347313
16347322
16347357
16347417
16347466
16347493
16347502
16347579
16347676
16347709
16347774
16347898
16348040
16348133
16348821
16349119
16349164
16391030
16427113
16463182
16513746
16534918
16550436
16559425
16559857
16560692
16677313
16701501
16701502
16739948
16745282
16745283
16746380
16747043
16747844
16855236
16887617
16927339
17089149
17096120
17098314
17123467
17126041
17209069
17259608
17337545
17478509
17485086
17526797
17658189
17681007
17706598
17787006
17924389
17933911
17987288
18005665
18045409
18060402
18074176
18205358
18231789
18347825
18363793
18378605
18400755
18430081
18461320
18491597
18501709
18553724
18553818
18553872
18555310
18555311
18555312
18555322
18561223
18576421
18576430
18578506
18581521
18581574
18587752
18587795
18588047
18588169
18595069
18600748
18604810
18613233
18615445
18623420
18624366
18631379
18689481
18725313
18726959
18758767
18767191
18767192
18812398
18831001
18852061
18931289
19082027
19084524
19089822
19118342
19124587
19201796
19253539
19361427
19430776
19464384
19539744
19543929
19558967
19560551
19648241
19695296
19733507
19747886
19798472
19824734
19830716
19891996
19915043
19998280
20017214
20018187
20057062
20060060
20156308
20195860
20240450
20349108
20405152
20406496
20426490
20432934
20478391
20500020
20583755
20585897
20601217
20617312
20622067
20655198
20656779
20665645
20863883
20883732
20885952
20889336
20931261
20954401
21008309
21023961
21064680
21064681
21130763
21173953
21212688
21216898
21217008
21218621
21218622
21218624
21227684
21247470
21264064
21284892
21296183
21322495
21335380
21368150
21370473
21377350
21378034
21384033
21384925
21401736
21421765
21435030
21530675
21549853
21569861
21639539
21656140
21689471
21711370
21742891
21764954
21764966
21784928
21784936
21784938
21796380
21815105
21914803
21916466
21925629
21926197
21935591
21948824
21974878
22008648
22024446
22038854
22056607
22101071
22137040
22144358
22159612
22160679
22167047
22179241
22194461
22197332
22210214
22213682
22244959
22246530
22249720
22259038
22277213
22285530
22290021
22305171
22306167
22306328
22344658
22352762
22362519
22395897
22406098
22410754
22427494
22446850
22460592
22483558
22484128
22505715
22537853
22556358
22562601
22563793
22576943
22576944
22583864
22608733
22618238
22627760
22627864
22628022
22742819
22768047
22776992
22803344
22806161
22806737
22819734
22837302
22843424
22846451
22851013
22865845
22891965
22906720
22906955
22909015
22922942
22939598
22961352
22982601
22983967
23023236
23041346
23050861
23069614
23085417
23093384
23096577
23132344
23135469
23196246
23201525
23201580
23219689
23232720
23258532
23262007
23274990
23274997
23289307
23294525
23297056
23332010
23334021
23335317
23336673
23362993
23417800
23420268
23458964
23460591
23507618
23523702
23524105
23538287
23541907
23542061
23562566
23568786
23586998
23606675
23612162
23619138
23624707
23640360
23651949
23674152
23702687
23703324
23708785
23720212
23749163
23771000
23836141
23838793
23858450
23933028
23949683
23962085
24001559
24010360
24013291
24020887
24076145
24077097
24114460
24140852
24187083
24188120
24189207
24196194
24206022
24214875
24316481
24321608
24350428
24384234
24401161
24412407
24504855
24506014
24510404
24519630
24564271
24600866
24637367
24646163
24648140
24672315
24676748
24697168
24704310
24709054
24743985
24811445
24816621
24841119
24851815
24852622
24852648
24862004
24941751
24942337
24981220
25036842
25044112
25046159
25058301
25108474
25110148
25118402
25126487
25145173
25149445
25170437
25182496
25183671
25217846
25231163
25244026
25270042
25280743
25348391
25349627
25351808
25379054
25388427
25460986
25460988
25461831
25472438
25481877
25496491
25499745
25527534
25557787
25576602
25621726
25631287
25637046
25646759
25694132
25704114
25719271
25719907
25726459
25744989
25761520
25763107
25832359
25836262
25851718
25858152
25867337
25894463
25898092
25943991
25969385
25981995
26002632
26014369
26025352
26026401
26032368
26089984
26100881
26149719
26159074
26178242
26196419
26245261
26249707
26265395
26269711
26272091
26320708
26352172
26362088
26364231
26391388
26395807
26426057
26433154
26439644
26441884
26453472
26476171
26482707
26489085
26561777
26562687
26586044
26602144
26604256
26621081
26642220
26650720
26663890
26691835
26702300
26732067
26755502
26762531
26767573
26774688
26814030
26839586
26850441
26879529
26924180
26925615
26971669
26987294
26989157
26997560
27001972
27005413
27012376
27060246
27089425
27118994
27155258
27175216
27188957
27194524
27212267
27213844
27222664
27230401
27234263
27247624
27276910
27285575
27291594
27302759
27321153
27321949
27348258
27351984
27428302
27441828
27477314
27486663
27496775
27497980
27501035
27531314
27531464
27566514
27660992
27686721
27703070
27714559
27800599
27810246
27836845
27878375
27878973
27911258
27918147
27939964
27992649
28045110
28067500
28075130
28112488
28119470
28159643
28163194
28220690
28238080
28242562
28278266
28286553
28324335
28324542
28337710
28450259
28465060
28474218
28505548
28610973
28625981
28674730
28688330
28702083
28731563
28755490
28776815
28804512
28842179
28851216
28853155
28912077
28950653
29050876
29138399
29150705
29269489
29320851
29374033
29410706
29423868
29427432
29467820
29472788
29505980
29523768
29550396
29626157
29691627
29728392
29789978
29792026
29885337
29910776
29915958
29987383
30029177
30076425
30081514
30141107
30199090
30206218
30212463
30219575
30237953
30374459
30387779
30388576
30391511
30396113
30468318
30470908
30479660
30500476
30505175
30510005
30572892
30592566
30605828
30633974
30642338
30656788
30658972
30670620
30673808
30780098
30788572
30809274
30874578
30949238
30959389
30972463
31020759
31057667
31076434
31111211
31114561
31139901
31154278
31183623
31229862
31307579
31367231
31460424
31506849
31510676
31540988
31587514
31627989
31673863
31709013
31709516
31727559
31750651
31807968
31903642
31923698
31927950
31940438
32062499
32070345
32149502
32170874
32242264
32287679
32358006
32375981
32385078
32444896
32522254
32595760
32614389
32624866
32769192
32794091
32851482
32873766
32889233
32946127
32995316
32996646
32999686
33042064
33087773
33097546
33169574
33221994
33391222
33420096
33468690
33606076
33622858
33871069
33910577
33918190
34028100
34150727
34177856
34240096
34245087
34325704
34491579
34573070
34584034
34624476
34656153
34687217
34760879
34826562
34929313
35077002
35081709
35259435
35395367
35412381
35516100
35518483
35638736
35656134
35659892
35761287
35925494
35948538
36059064
36072287
36251102
36304268
36349222
36356773
36367297
36547731
36687471
36734010
36779716
36788587
36809273
36985357
37054966
37196383
37233215
37253813
37374961
37375111
37397966
37573976
37757907
37779990
37865803
37924351
37973932
38004708
38075893
38128888
38214507
38231267
38272145
38281959
38306478
38548678
38647939
38864631
38877224
39226947
39254339
39304040
39413987
39545938
3218
13922
16418
36841
526302
685531
1335943
1339360
1349602
1355455
1359838
1360004
1366614
1368230
1368508
1370288
1385386
1416617
1512567
1548233
1577695
1599233
1629178
1645127
1685080
1698349
1705930
1722664
1744049
1768126
1809209
1846142
1850729
1910034
1916274
1929394
1967602
1981087
1987147
1991710
1995642
1999395
2040424
2082818
2082823
2192667
2199603
2254264
2268159
2327577
2336398
2339898
2383002
2383010
2389935
2536327
2556163
2560219
2565853
2575777
2612893
2661316
2673038
2673928
2687255
2719475
2719476
2721922
2742371
2774799
2828326
2829684
2832381
2844725
2868690
2891680
2906310
2906311
2906794
3021896
3027059
3032286
3079172
3090043
3091091
3093821
3129023
3153137
3167601
3252905
3360745
3384801
3389820
3620201
3685381
3928568
3938632
4004220
4005308
4083872
4091556
4298012
4309217
4317339
4332793
4790590
5052040
5057466
5137676
5500282
6002779
6177280
6409358
6574306
6696415
6786219
6886674
7024731
7271717
7507453
7517454
7539689
7547288
7576767
7576768
7576769
7576770
7576772
7680708
7691287
7763496
7765050
7765497
7765512
7814334
7851742
7860591
7867955
7875566
7883192
7885226
7894709
7903254
7908269
7928980
7934908
7961393
7961408
7980441
8001771
8010697
8010698
8045913
8083176
8113186
8117087
8126443
8168923
8185833
8226639
8244020
8244936
8288111
8292206
8300540
8386500
8396545
8423010
8449872
8501044
8509336
8514119
8517735
8550525
8555196
8626337
8640107
8655474
8669898
8702268
8705667
8760920
8875915
8955323
8967771
8987493
9006015
9009069
9047357
9103631
9171424
9172446
9185148
9226259
9274030
9286999
9349721
9353928
9393708
9501448
9504995
9560201
9561744
9625784
9648740
9826752
9864345
9866174
9919660
9922240
9987115
10049845
10074080
10094622
10099293
10191392
10320580
10388730
10463150
10464218
10473377
10483106
10508051
10518301
10543811
10581430
10653715
10653745
10735989
10812180
10855714
10878124
10902917
10937434
10937485
10937486
10937487
10937490
10937496
10937935
10968627
10972834
10985745
10991851
10992498
11075929
11160107
11160802
11248697
11393282
11411680
11411721
11429467
11444870
11466286
11530822
11687934
11702403
11750820
11760952
11781802
11781805
11781806
11781807
11781808
11790753
11824611
11889105
11931561
11973144
12023083
12057953
12074052
12182834
12379666
12387411
12445640
12529501
12533485
12545384
12552129
12571006
12586402
12618456
12620841
12675576
12685743
12686628
12732555
12774196
12775702
12867463
12882286
12902291
12902297
12937998
13165065
13190572
13321530
13394253
13407444
13437487
13451186
13564619
13588754
13650514
13717300
13863960
14383334
14425929
14532050
14541776
14551991
14568141
14570887
14593248
14679247
14766557
14803428
14938342
14945391
15028679
15028684
15054240
15056894
15060177
15069198
15109714
15252718
15280011
15297914
15336429
15345405
15558274
15640230
15743939
15746321
15765251
15766777
15803652
15812030
15869963
15870373
15950297
15966321
16000722
16095939
16187099
16199581
16233526
16308714
16309390
16332833
16345710
16345906
16345980
16346038
16346145
16346149
16346161
16346174
16346258
16346276
16346414
16346566
16346641
16346643
16346665
16346678
16346746
16346847
16346864
16346904
16347058
16347081
16347104
16347108
16347119
16347143
16347311
16347312
16347313
16347322
16347357
16347417
16347466
16347493
16347502
16347579
16347676
16347709
16347774
16347898
16348040
16348133
16348821
16349119
16349164
16391030
16427113
16463182
16513746
16534918
16550436
16559425
16559857
16560692
16677313
16701501
16701502
16739948
16745282
16745283
16746380
16747043
16747844
16855236
16887617
16927339
17089149
17096120
17098314
17123467
17126041
17209069
17259608
17337545
17478509
17485086
17526797
17658189
17681007
17706598
17787006
17924389
17933911
17987288
18005665
18045409
18060402
18074176
18205358
18231789
18347825
18363793
18378605
18400755
18430081
18461320
18491597
18501709
18553724
18553818
18553872
18555310
18555311
18555312
18555322
18561223
18576421
18576430
18578506
18581521
18581574
18587752
18587795
18588047
18588169
18595069
18600748
18604810
18613233
18615445
18623420
18624366
18631379
18689481
18725313
18726959
18758767
18767191
18767192
18812398
18831001
18852061
18931289
19082027
19084524
19089822
19118342
19124587
19201796
19253539
19361427
19430776
19464384
19539744
19543929
19558967
19560551
19648241
19695296
19733507
19747886
19798472
19824734
19830716
19891996
19915043
19998280
20017214
20018187
20057062
20060060
20156308
20195860
20240450
20349108
20405152
20406496
20426490
20432934
20478391
20500020
20583755
20585897
20601217
20617312
20622067
20655198
20656779
20665645
20863883
20883732
20885952
20889336
20931261
20954401
21008309
21023961
21064680
21064681
21130763
21173953
21212688
21216898
21217008
21218621
21218622
21218624
21227684
21247470
21264064
21284892
21296183
21322495
21335380
21368150
21370473
21377350
21378034
21384033
21384925
21401736
21421765
21435030
21530675
21549853
21569861
21639539
21656140
21689471
21711370
21742891
21764954
21764966
21784928
21784936
21784938
21796380
21815105
21914803
21916466
21925629
21926197
21935591
21948824
21974878
22008648
22024446
22038854
22056607
22101071
22137040
22144358
22159612
22160679
22167047
22179241
22194461
22197332
22210214
22213682
22244959
22246530
22249720
22259038
22277213
22285530
22290021
22305171
22306167
22306328
22344658
22352762
22362519
22395897
22406098
22410754
22427494
22446850
22460592
22483558
22484128
22505715
22537853
22556358
22562601
22563793
22576943
22576944
22583864
22608733
22618238
22627760
22627864
22628022
22742819
22768047
22776992
22803344
22806161
22806737
22819734
22837302
22843424
22846451
22851013
22865845
22891965
22906720
22906955
22909015
22922942
22939598
22961352
22982601
22983967
23023236
23041346
23050861
23069614
23085417
23093384
23096577
23132344
23135469
23196246
23201525
23201580
23219689
23232720
23258532
23262007
23274990
23274997
23289307
23294525
23297056
23332010
23334021
23335317
23336673
23362993
23417800
23420268
23458964
23460591
23507618
23523702
23524105
23538287
23541907
23542061
23562566
23568786
23586998
23606675
23612162
23619138
23624707
23640360
23651949
23674152
23702687
23703324
23708785
23720212
23749163
23771000
23836141
23838793
23858450
23933028
23949683
23962085
24001559
24010360
24013291
24020887
24076145
24077097
24114460
24140852
24187083
24188120
24189207
24196194
24206022
24214875
24316481
24321608
24350428
24384234
24401161
24412407
24504855
24506014
24510404
24519630
24564271
24600866
24637367
24646163
24648140
24672315
24676748
24697168
24704310
24709054
24743985
24811445
24816621
24841119
24851815
24852622
24852648
24862004
24941751
24942337
24981220
25036842
25044112
25046159
25058301
25108474
25110148
25118402
25126487
25145173
25149445
25170437
25182496
25183671
25217846
25231163
25244026
25270042
25280743
25348391
25349627
25351808
25379054
25388427
25460986
25460988
25461831
25472438
25481877
25496491
25499745
25527534
25557787
25576602
25621726
25631287
25637046
25646759
25694132
25704114
25719271
25719907
25726459
25744989
25761520
25763107
25832359
25836262
25851718
25858152
25867337
25894463
25898092
25943991
25969385
25981995
26002632
26014369
26025352
26026401
26032368
26089984
26100881
26149719
26159074
26178242
26196419
26245261
26249707
26265395
26269711
26272091
26320708
26352172
26362088
26364231
26391388
26395807
26426057
26433154
26439644
26441884
26453472
26476171
26482707
26489085
26561777
26562687
26586044
26602144
26604256
26621081
26642220
26650720
26663890
26691835
26702300
26732067
26755502
26762531
26767573
26774688
26814030
26839586
26850441
26879529
26924180
26925615
26971669
26987294
26989157
26997560
27001972
27005413
27012376
27060246
27089425
27118994
27155258
27175216
27188957
27194524
27212267
27213844
27222664
27230401
27234263
27247624
27276910
27285575
27291594
27302759
27321153
27321949
27348258
27351984
27428302
27441828
27477314
27486663
27496775
27497980
27501035
27531314
27531464
27566514
27660992
27686721
27703070
27714559
27800599
27810246
27836845
27878375
27878973
27911258
27918147
27939964
27992649
28045110
28067500
28075130
28112488
28119470
28159643
28163194
28220690
28238080
28242562
28278266
28286553
28324335
28324542
28337710
28450259
28465060
28474218
28505548
28602076
28610973
28625981
28674730
28688330
28702083
28731563
28755490
28776815
28804512
28842179
28851216
28853155
28912077
28950653
29050876
29138399
29150705
29269489
29320851
29374033
29410706
29423868
29427432
29467820
29472788
29505980
29523768
29550396
29626157
29691627
29728392
29789978
29792026
29885337
29910776
29915958
29987383
30029177
30076425
30081514
30141107
30199090
30206218
30212463
30219575
30237953
30374459
30387779
30388576
30391511
30396113
30468318
30470908
30479660
30500476
30505175
30510005
30572892
30592566
30605828
30633974
30642338
30656788
30658972
30670620
30673808
30780098
30788572
30809274
30874578
30949238
30959389
30972463
31020759
31057667
31076434
31111211
31114561
31139901
31154278
31183623
31229862
31307579
31367231
31460424
31506849
31510676
31540988
31587514
31627989
31673863
31709013
31709516
31727559
31750651
31807968
31893536
31903642
31923698
31927950
31940438
32062499
32070345
32149502
32170874
32242264
32287679
32358006
32375981
32385078
32444896
32522254
32595760
32614389
32624866
32769192
32794091
32851482
32873766
32889233
32946127
32995316
32996646
32999686
33042064
33087773
33097546
33169574
33221994
33391222
33420096
33468690
33606076
33622858
33871069
33910577
33918190
34028100
34150727
34177856
34240096
34245087
34325704
34491579
34573070
34584034
34624476
34656153
34687217
34760879
34826562
34929313
35077002
35081709
35259435
35395367
35412381
35516100
35518483
35638736
35656134
35659892
35761287
35925494
35948538
36059064
36072287
36251102
36304268
36349222
36356773
36367297
36547731
36687471
36734010
36779716
36788587
36809273
36985357
37054966
37196383
37233215
37253813
37374961
37375111
37397966
37573976
37757907
37779990
37865803
37924351
37973932
38004708
38075893
38128888
38214507
38231267
38272145
38281959
38306478
38548678
38647939
38864631
38877224
39226947
39254339
39304040
39413987
39545938
