2630
1401357
1624440
2108993
2394800
2723037
3077329
3268295
4150428
7487049
7672395
7698675
7764136
7952178
7958766
7963799
8434926
8574399
8633855
9034319
9361443
9851024
10509247
10794137
10930080
10985745
11111031
11161987
11164316
11246902
12477331
14500021
15518876
16233677
16345676
16347760
16403889
16450833
16781471
17049799
17366068
17601819
18048756
18176534
19232767
19269572
19406772
19435227
19853426
20377953
21269734
21282025
21597950
21700007
21951900
22271629
22307283
22814496
22860591
22878250
22878734
23124344
23141639
23584774
24387849
24447766
24516418
24632249
24912963
25465993
25475278
25584777
25687478
25935305
25961031
26001525
26685674
26691483
26726815
26809800
27637883
28217118
28330225
28576370
28743428
28842539
28883404
29021699
29378095
29526224
29675666
30142905
30263726
30469432
30479507
30510706
30728557
30806891
31100643
31134012
31334849
31421168
31589348
31625616
31694180
31694205
31750489
31862717
31894373
32365911
32439434
32496663
32539962
32552809
32723292
32818417
33096692
33111503
33142787
33191371
33279004
33477973
33640646
33714582
34269007
34945498
34949750
35918643
36147676
36519845
36521704
36561884
36590538
36713162
37317327
37591132
37674392
38004716
38540763
38545932
38798294
38834083
38841414
39187458
39410149
39481262
