2497003
3722407
3776923
3972236
6186689
7770958
7875570
8176724
8200510
8762639
8869502
8912364
9251055
9297834
9310673
9336899
9384289
9651813
9666003
10325391
10392777
10899855
11015363
11108014
11136797
11313130
11555100
11682538
11693517
11708739
12624050
12648729
12748271
14556061
14671970
14718105
14979599
15017291
15017292
16013401
16382905
16398171
16627646
16638167
16872318
16887687
17085888
17201883
17577058
17662556
17933280
18084255
18809551
19279178
19727207
19836054
20200654
20378723
22277793
22851039
25224189
25582884
29378606
30089736
30705517
30755919
31091470
31405918
31405919
37289435
38031524
