2630
1401357
1624440
1764502
2108993
2394800
2723037
3077329
3268295
4150428
7487049
7672395
7698675
7764136
7952178
7958766
7963799
8309942
8434926
8475045
8574399
8633855
8661686
9034319
9084169
9361443
9851024
9862987
10509247
10571326
10794137
10899119
10930080
10985745
11111031
11161987
11164316
11246902
12364600
12477331
12649143
14500021
14602937
15518876
16170154
16233677
16345676
16347760
16403889
16437622
16450833
16781471
17049799
17366068
17601819
17678918
17681173
18048756
18176534
18479053
19232767
19269572
19406772
19435227
19482589
19524717
19853426
20163589
20193317
20377953
20454456
21269734
21282025
21597950
21700007
21951900
22271629
22307283
22814496
22860591
22878250
22878734
22939403
23124344
23141639
23232528
23584774
23667218
24011164
24120477
24239838
24387849
24447766
24516418
24632249
24861477
24912963
25100661
25395213
25442943
25445345
25465993
25475278
25482140
25546254
25584777
25687478
25826783
25880824
25935305
25961031
26001525
26160391
26276444
26512543
26685674
26691483
26726815
26809800
26989716
27247772
27544739
27637883
28217118
28324568
28330225
28576370
28689267
28695065
28733629
28743428
28842539
28883404
28959239
29021699
29367491
29378095
29404338
29526224
29675666
29704985
29966384
30142905
30154762
30191410
30192395
30208331
30263726
30385277
30469432
30479507
30510706
30716980
30728557
30805400
30806891
31100643
31134012
31227355
31334849
31421168
31461854
31589348
31625616
31694180
31694205
31750489
31862717
31894373
31922358
32169430
32228563
32233405
32314572
32365911
32439434
32496663
32534229
32539962
32552809
32645516
32723292
32818417
32849476
33059676
33096692
33111503
33113989
33142787
33191371
33279004
33341684
33372841
33397831
33477973
33640646
33646779
33714582
33749737
34105983
34269007
34283609
34490327
34696469
34936833
34945498
34949750
34972127
34980121
35004267
35089570
35090380
35247774
35509308
35811971
35911756
35918643
36147676
36432569
36461272
36519845
36521704
36561884
36590538
36614234
36621093
36712897
36713162
36737914
36805402
36981243
37317327
37373024
37374889
37445764
37591132
37663476
37674392
37904242
38004716
38049267
38102630
38299562
38341115
38396242
38433206
38540763
38545932
38636739
38786639
38798294
38834083
38841414
38921512
39086654
39187458
39410149
39481262
