8661931
8920194
9084145
9133325
9141690
9495744
9495745
9603855
9611802
9657989
9687466
9864324
9914303
9925629
10068790
10369899
10564791
10570798
10742233
10754253
10788394
10808489
10832641
10968636
10981688
11008684
11346272
11375201
11386344
11405892
11414319
11475163
11563954
11605984
11797040
11807565
11882715
11931149
11988514
12037322
12054234
12218013
12466875
12499567
12571015
12699695
12732545
12957954
14679229
15060064
15128543
15184572
15262926
15268935
15347765
15661001
15702555
15772073
16133336
16233073
16233242
16233805
16233810
16240653
16292529
16332743
16421716
16485082
16511322
16535177
16736088
16793061
16902038
17021226
17043815
17043819
17074898
17109059
17123076
17223783
17234209
17286267
17506026
18034340
18270698
18341583
18667565
18804065
19000611
19022568
19031862
19120463
19235509
19382706
19482928
19619857
19712366
19714474
19916910
20040374
20182710
20195856
20412824
20675468
20851968
20972919
21069909
21288482
21505253
21507457
21749252
21763314
21931557
22099375
22112557
22159607
22168001
22240034
22364438
22504818
22528652
22567882
22610438
22636009
22691795
22751735
22842338
22880393
22926642
23006580
23171424
23261399
23376735
23398506
23409266
23421784
23435878
23512410
23540932
23747656
23793636
23855965
23884627
23906496
24041310
24150943
24157359
24198057
24209886
24420608
24693980
24698742
24762180
24768773
24927695
25146139
25213912
25283988
25377250
25401074
25757338
25763105
25936337
26052344
26054733
26141279
26142385
26174624
26426997
26483784
26544713
26669259
26732874
26837573
26956236
27179529
27244293
27287527
27394988
27532207
27620730
27646907
27682171
27888727
28130036
28236176
28284307
28439813
28472670
28516417
28626693
28626713
28675877
28745867
28779741
28888693
28917932
28963644
29348539
29366319
29422949
29662144
29670877
29880596
29915996
30059786
30075940
30081830
30202435
30299060
30369915
30372408
30472456
30510960
30607174
30641383
30647607
30853637
30923564
30923568
31161894
31209347
31256397
31271774
31324625
31362487
31380177
31404385
31491996
31493086
31580993
31637528
31752319
31967470
31993702
32069707
32178677
32470464
32564740
32700528
32903390
33122105
33218911
33333303
33620522
33787248
33932219
34264809
34274732
34430726
34489874
34516898
34566938
34716360
34798253
34801717
34989600
35051387
35080802
35208929
35252163
35730456
35744693
35857201
35902062
36030484
36194264
36261484
36281430
36321874
36677434
36801441
37165109
37186551
37800939
38085351
38135896
38235436
38348969
38425913
38516398
38543647
38898475
39091151
39577670
8661931
8920194
9084145
9133325
9141690
9495744
9495745
9603855
9611802
9657989
9687466
9864324
9914303
9925629
10068790
10369899
10564791
10570798
10742233
10754253
10788394
10808489
10832641
10968636
10981688
11008684
11346272
11375201
11386344
11405892
11414319
11475163
11563954
11605984
11797040
11807565
11882715
11931149
11988514
12037322
12054234
12218013
12466875
12499567
12571015
12699695
12732545
12957954
14679229
15060064
15128543
15184572
15262926
15268935
15347765
15661001
15702555
15772073
16133336
16233073
16233242
16233805
16233810
16240653
16292529
16332743
16421716
16485082
16511322
16535177
16736088
16793061
16902038
17021226
17043815
17043819
17074898
17109059
17123076
17223783
17234209
17286267
17506026
18034340
18270698
18341583
18667565
18804065
19000611
19022568
19031862
19120463
19235509
19382706
19482928
19619857
19712366
19714474
19916910
20040374
20182710
20195856
20412824
20675468
20851968
20972919
21069909
21288482
21505253
21507457
21749252
21763314
21931557
22099375
22112557
22159607
22168001
22240034
22364438
22504818
22528652
22567882
22610438
22636009
22691795
22751735
22842338
22880393
22926642
23006580
23171424
23261399
23376735
23398506
23409266
23421784
23435878
23512410
23540932
23747656
23793636
23855965
23884627
23906496
24041310
24150943
24157359
24198057
24209886
24420608
24693980
24698742
24762180
24768773
24927695
25146139
25213912
25283988
25377250
25401074
25757338
25763105
25936337
26052344
26054733
26141279
26142385
26174624
26426997
26483784
26544713
26669259
26732874
26837573
26956236
27179529
27244293
27287527
27394988
27532207
27620730
27646907
27682171
27888727
28130036
28236176
28284307
28439813
28472670
28516417
28626693
28626713
28675877
28745867
28779741
28888693
28917932
28963644
29348539
29366319
29422949
29662144
29670877
29880596
29915996
30059786
30075940
30081830
30202435
30299060
30369915
30372408
30472456
30510960
30607174
30641383
30647607
30853637
30923564
30923568
31161894
31209347
31256397
31271774
31324625
31362487
31380177
31404385
31491996
31493086
31580993
31637528
31752319
31967470
31993702
32069707
32178677
32470464
32564740
32700528
32903390
33122105
33218911
33333303
33620522
33787248
33932219
34264809
34274732
34430726
34489874
34516898
34566938
34716360
34798253
34801717
34989600
35051387
35080802
35208929
35252163
35730456
35744693
35857201
35902062
36030484
36194264
36261484
36281430
36321874
36677434
36801441
37165109
37186551
37800939
38085351
38135896
38235436
38348969
38425913
38516398
38543647
38898475
39091151
39577670
