22307297
22558460
23041637
23060052
23347062
23606484
25053814
25210772
25211052
25239900
25768309
25805518
25852743
26011669
26140264
26330094
27803186
28442157
28966892
29087008
29164717
29233893
29397399
29608282
29624166
30467713
30741934
30990837
31378758
33973059
34985299
35389085
35499645
35973490
36208825
36296213
36749379
37312882
38258019
38302671
38461199
38674580
38786925
39138170
39148688
39419026
22307297
22558460
23041637
23060052
23347062
23606484
25053814
25210772
25211052
25239900
25768309
25805518
25852743
26011669
26140264
26330094
27803186
28442157
28966892
29087008
29164717
29233893
29397399
29608282
29624166
30467713
30741934
30990837
31378758
33973059
34985299
35389085
35499645
35973490
36208825
36296213
36749379
37312882
38258019
38302671
38461199
38674580
38786925
39138170
39148688
39419026
