9226925
9758806
9817865
10075416
10591500
10665538
10781730
10808095
11157218
11227399
11283298
11556914
12054261
12148636
12396341
12427334
12807180
12878522
14562882
14633365
14720393
15004119
15223559
15232168
15347749
15585969
15793162
15997709
16189118
16193308
16989974
17166965
17304377
17412621
17632260
18459321
18614655
18641698
18972318
18980096
19054100
19227226
19322715
19528187
19700785
19712403
19717590
19752027
19925668
20001733
20139183
20233397
20357211
20421434
20445334
20564125
20846456
21272950
21451000
21633709
21752968
21824414
21863307
21947776
21960713
22002578
22012878
22043018
22075594
22092382
22377494
22377818
22517004
22521029
22529960
22563018
22608231
22713208
23027190
23040819
23082565
23176582
23294860
23390793
23453226
23521820
23558362
23782707
23831427
23861295
23883848
24025909
24031473
24033711
24123816
24131584
24131946
24136768
24157486
24313948
24368857
24391203
24401779
24403486
24453966
24577784
24637236
24713045
24730635
24789199
24798358
24934685
25055641
25144798
25199383
25233845
25348607
25359406
25605355
25609731
25729397
25751261
25788116
25843324
25866113
25908147
25978355
26014801
26135668
26259921
26310867
26314916
26436787
26537841
26657757
26879740
26905492
26981577
26992635
27117515
27175203
27329036
27355933
27463203
27465694
27491454
27555973
27629895
27637883
27656949
27669217
27720207
28070490
28236516
28301240
28355283
28392540
28428288
28428309
28432160
28459818
28477334
28588566
28672015
28704539
28976384
29022552
29072555
29078765
29079186
29217894
29279402
29279439
29367658
29373594
29377173
29438479
29440256
29656136
29659858
29666615
29692760
29729257
29755627
29799280
29944398
30038049
30145197
30232728
30332912
30392911
30615046
30617242
30621871
30761104
30969077
31035942
31110496
31157977
31350458
31366344
31388715
31488072
31500570
31500733
31504413
31572688
31638894
31653078
31837399
31845182
31851413
32045381
32125268
32170212
32198788
32284181
32377002
32413097
32429272
32467102
32580572
32758534
32765016
32768337
32778686
32786278
32859592
32878829
32991638
33046347
33072772
33128683
33143263
33238147
33281319
33402539
33402540
33406160
33489684
33492552
33506939
33578787
33665931
33704055
33784270
33841489
34038316
34189163
34339136
34451487
34489892
34568510
34702343
34778104
34819412
34855639
34932445
34937552
34982792
35013099
35240719
35292756
35317317
35360109
35456274
35490422
35520359
35520360
35730935
35777143
35999017
36157114
36191045
36199123
36223237
36233098
36374116
36377960
36496808
36610830
36870812
36899747
36946783
36951576
37072463
37156704
37258163
37264877
37271851
37338617
37372346
37428856
37432124
37478469
37512895
37540949
37560239
37598592
37696912
37927225
37941936
38033043
38418560
38448866
38456022
38611432
38621155
38669486
38751047
38800037
38840394
38896776
38903449
38926437
38963992
39086748
39214080
39225843
39419749
39476857
39507122
39543081
