10742249
10826782
11222613
11321534
11491357
11547884
12039729
15305608
17322547
17512686
17922765
19622656
19656194
21515771
22247157
22361469
22765159
22773788
24812222
25464287
25635020
25983132
26263508
26640049
26682469
26823582
26861677
26906096
26926486
27007713
27347687
27637885
27639231
28018316
28432096
28852154
29466659
29905506
30115012
30734452
30898089
31111431
31405015
31527341
31976855
31986172
31994984
32244075
32347922
32625222
32776868
33265000
33528346
33530561
33664721
33876647
34083699
34366598
34761959
34808199
34953839
35053287
35069641
35072599
35502577
36350260
37018204
37676462
37864042
37866751
38217646
38536209
38806462
39174482
39399536
39597518
10742249
10826782
11222613
11321534
11491357
11547884
12039729
15305608
17322547
17512686
17922765
19622656
19656194
21515771
22247157
22361469
22765159
22773788
24812222
25464287
25635020
25983132
26263508
26640049
26682469
26823582
26861677
26906096
26926486
27007713
27347687
27637885
27639231
28018316
28432096
28852154
29466659
29905506
30115012
30734452
30898089
31111431
31405015
31527341
31976855
31986172
31994984
32244075
32347922
32625222
32776868
33265000
33528346
33530561
33664721
33876647
34083699
34366598
34761959
34808199
34953839
35053287
35069641
35072599
35502577
36350260
37018204
37676462
37864042
37866751
38217646
38536209
38806462
39174482
39399536
39597518
