20622055
22266161
22868181
22911233
23021749
23045803
23082192
23312720
23354327
23415031
23512925
23517678
23548292
23663051
23732384
23769361
23910551
24183683
24325777
24331367
24418269
24478394
24534495
24638139
24746098
24762932
24786956
24803199
24988872
25012080
25066047
25133407
25173468
25177514
25245410
25270027
25439441
25497238
25550285
25550455
25638979
25670153
25711409
25793626
25801340
25803047
25935246
25935372
26056911
26084227
26227590
26234463
26418681
26437752
26483313
26534827
26568557
26711048
26847357
26900053
26919137
26944540
26947291
26952747
27016836
27044157
27091688
27154538
27211243
27242007
27349443
27372584
27473983
27697171
27771053
27832812
27859701
27894322
27932642
27979957
28070089
28099077
28144921
28163273
28188901
28237333
28246411
28257873
28274243
28314783
28407857
28427828
28470079
28504095
28534230
28561264
28680854
28705198
28708498
28729265
28757525
28760665
28851356
28911843
28956490
28966231
29096271
29103692
29153524
29213055
29219109
29255716
29292009
29378591
29517269
29519524
29528808
29574306
29631032
29685220
29688258
29755726
29878877
29900794
29908523
30032722
30066209
30067143
30208923
30426108
30431396
30602082
30692014
30696445
31023148
31030851
31073889
31104226
31167367
31219189
31326659
31340816
31383303
31587913
31857248
31866633
31881834
31900210
32050696
32105803
32122597
32122606
32146452
32160877
32213728
32288965
32401311
32422601
32456822
32495719
32505392
32545831
32560444
32567274
32591365
32606820
32655163
32659893
32704012
32764567
32795301
32821881
32887621
32933113
33097042
33113441
33174083
33185852
33189260
33229475
33264351
33290905
33292778
33358798
33417744
33428153
33454924
33501416
33708810
33729566
33734387
33916765
33930623
34113678
34161222
34185614
34250065
34339137
34359241
34401100
34425879
34479562
34510600
34511538
34568480
34569656
34602527
34610106
34628084
34733902
34759899
34805334
34867364
34867886
34934457
34938371
34941822
34967271
34987628
35012652
35082195
35121072
35139720
35174243
35181136
35193707
35224069
35331229
35358206
35371034
35593676
35631083
35746448
35802692
35883351
35883372
35938491
35953910
35955509
35970030
36115247
36210029
36214694
36242679
36249851
36328540
36333140
36377956
36400620
36413866
36430929
36434850
36543185
36571673
36588460
36598708
36611691
36671226
36682520
36686870
36744493
36772950
36775333
36807406
36973450
36999220
37080784
37186386
37307768
37417762
37540198
37567665
37586034
37641353
37683534
37760254
37835748
37902142
37929972
37996784
38291289
38296119
38315222
38329742
38399800
38420205
38447078
38522828
38536208
38612785
38639845
38714077
38749210
38800580
38823318
38872804
38883471
38928408
39057761
39091311
39111845
39213125
39242520
39273440
39293943
39457894
39477882
39504867
39506932
39526757
39597680
20622055
22266161
22270885
22868181
22911233
23021749
23045803
23082192
23312720
23354327
23415031
23512925
23517678
23548292
23663051
23732384
23769361
23910551
24183683
24325777
24331367
24418269
24478394
24534495
24638139
24746098
24762932
24786956
24803199
24988872
25012080
25066047
25133407
25173468
25177514
25245410
25270027
25439441
25497238
25550285
25550455
25638979
25670153
25711409
25793626
25801340
25803047
25935246
25935372
26056911
26084227
26227590
26234463
26418681
26437752
26483313
26534827
26568557
26711048
26847357
26900053
26919137
26944540
26947291
26952747
27016836
27044157
27091688
27154538
27211243
27242007
27349443
27372584
27473983
27697171
27771053
27832812
27859701
27894322
27932642
27979957
28070089
28099077
28144921
28163273
28188901
28237333
28246411
28257873
28274243
28314783
28407857
28427828
28470079
28504095
28534230
28561264
28680854
28705198
28708498
28729265
28757525
28760665
28851356
28911843
28956490
28966231
29096271
29103692
29153524
29213055
29219109
29255716
29292009
29378591
29517269
29519524
29528808
29574306
29631032
29685220
29688258
29755726
29878877
29900794
29908523
30032722
30066209
30067143
30208923
30426108
30431396
30602082
30692014
30696445
31023148
31030851
31073889
31104226
31167367
31219189
31326659
31340816
31383303
31587913
31857248
31866633
31881834
31900210
32050696
32105803
32122597
32122606
32146452
32160877
32213728
32288965
32401311
32422601
32456822
32495719
32505392
32545831
32560444
32567274
32591365
32606820
32655163
32659893
32704012
32764567
32795301
32821881
32887621
32933113
33097042
33113441
33174083
33185852
33189260
33229475
33264351
33290905
33292778
33358798
33417744
33428153
33454924
33501416
33708810
33729566
33734387
33916765
33930623
34113678
34161222
34185614
34250065
34339137
34359241
34401100
34425879
34479562
34510600
34511538
34568480
34569656
34602527
34610106
34628084
34733902
34759899
34805334
34867364
34867886
34934457
34938371
34941822
34967271
34987628
35012652
35082195
35121072
35139720
35174243
35181136
35193707
35224069
35331229
35358206
35371034
35593676
35631083
35746448
35802692
35883351
35883372
35938491
35953910
35955509
35970030
36115247
36210029
36214694
36242679
36249851
36328540
36333140
36377956
36400620
36413866
36430929
36434850
36543185
36571673
36588460
36598708
36611691
36671226
36682520
36686870
36744493
36772950
36775333
36807406
36973450
36999220
37080784
37186386
37307768
37417762
37540198
37567665
37586034
37641353
37683534
37760254
37835748
37902142
37929972
37996784
38291289
38296119
38315222
38329742
38399800
38420205
38447078
38522828
38536208
38612785
38639845
38714077
38749210
38800580
38823318
38872804
38883471
38928408
39057761
39091311
39111845
39213125
39242520
39273440
39293943
39457894
39477882
39504867
39506932
39526757
39597680
