6833179
8247607
11929554
17158987
20067390
21439390
23349065
24313449
25044324
25907974
26727498
27243236
28094305
29388394
30235279
30278949
30375452
31419351
31900079
32015679
32132998
32373220
32675782
33799646
33822051
34208885
34480044
34790060
34836169
34869341
34869642
35151255
35157946
35324673
35574681
35627031
36042150
36564713
36703031
36712538
36997838
37557965
37714436
37995075
38473829
38683098
39032652
39346576
39562107
6833179
8247607
11929554
17158987
20067390
21439390
23349065
24313449
25044324
25907974
26727498
27243236
28094305
29388394
30235279
30278949
30375452
31419351
31900079
32015679
32132998
32373220
32675782
33799646
33822051
34208885
34480044
34790060
34836169
34869341
34869642
35151255
35157946
35324673
35574681
35627031
36042150
36564713
36703031
36712538
36997838
37557965
37714436
37995075
38473829
38683098
39032652
39346576
39562107
