11491348
11714520
11777846
11854238
11901835
12089263
12092044
12149393
12361821
12404221
12407308
12422773
12428795
12547551
12606174
12682812
12682813
12683510
12709337
12747404
12755367
12827613
12867093
12902375
12904394
12910446
12927433
12959718
12964110
14677024
14715790
14726169
14982759
15084504
15116337
15235743
15295699
15335181
15472298
15476147
15598084
15608207
15638838
15650004
15750760
15842595
15879906
15974820
16000494
16095013
16146664
16177102
16206080
16207456
16269699
16301965
16556186
16557339
16637011
16703515
16816195
16849516
16861681
16905752
16967496
16988020
17073638
17256556
17277223
17289769
17371903
17446327
17469186
17522867
17535423
17551575
17623695
17629679
17632260
17692197
17900961
17910761
17925777
17987571
18029189
18041904
18077362
18227256
18287323
18291339
18319513
18406018
18419351
18490346
18500934
18520326
18522299
18522718
18523887
18552903
18564981
18594884
18662136
18722696
18784966
18796586
18931401
19091811
19100178
19148854
19150271
19208355
19222368
19253299
19346107
19418579
19493331
19523292
19635029
19664628
19685089
19732090
19741072
19879276
19897965
19930747
20079990
20090833
20113556
20188126
20224490
20409366
20409378
20532708
20540619
20600302
20639526
20658941
20684779
20696822
20704857
20708091
20827111
21042409
21046063
21086946
21135294
21136854
21272853
21304688
21364641
21364842
21461659
21487430
21531097
21544762
21628657
21656451
21667114
21676235
21686811
21686934
21696776
21709845
21714430
21833885
21851485
21880531
21918190
22005072
22084133
22123268
22135251
22172770
22206023
22411875
22420960
22499804
22607842
22608161
22670021
22704397
22716061
22779299
22847580
22864135
22971429
22983294
22988534
23015670
23025154
23073859
23110725
23148447
23182864
23249690
23252493
23291038
23291386
23293729
23318112
23318851
23344104
23350001
23365082
23392441
23596241
23597966
23641716
23660163
23685853
23740722
23807487
23843784
23917963
23937876
23946319
23966507
24075626
24129033
24145700
24187107
24207100
24321135
24459171
24460444
24478415
24512544
24562051
24586722
24630594
24690429
24797353
24877762
24906280
24930039
24933290
24943959
24951019
24996742
25014626
25015310
25303201
25311252
25346310
25385798
25417711
25461667
25480453
25548618
25549373
25553832
25567228
25603404
25675891
25693648
25699514
25774735
25804189
25881849
25889155
25910853
25925922
26066295
26154181
26182245
26191089
26215452
26239095
26282628
26288590
26390825
26447117
26456475
26502617
26577283
26585816
26647445
26649803
26856775
26886813
27025850
27114297
27197326
27258480
27296007
27314980
27368042
27391224
27398638
27404363
27420361
27432769
27502365
27685880
27705184
27829448
27829601
27884091
27924649
28262041
28298472
28372886
28385924
28477696
28545554
28559404
28659319
28691008
28859349
28928251
28962995
28965939
29289973
29381916
29434152
29501703
29507019
29537367
29572616
29667578
29725938
29728281
29882197
29942787
29987509
29992176
30005292
30020975
30076840
30096359
30286195
30299363
30347125
30351371
30368732
30402238
30488239
30552512
30648125
30680557
30719572
30789210
30811404
30834767
30855186
30869125
30888759
31263862
31769404
31870305
31934577
31969117
32047086
32301754
32427224
32576148
32662657
32849386
32872252
32896657
32912014
33066757
33118494
33252544
33296012
33321028
33359541
33451316
33512334
33573443
33576998
33611249
33622479
33711181
33743602
33813114
33912223
33926159
33976464
34038316
34093562
34112875
34123951
34146685
34182076
34211344
34218934
34243811
34442860
34490592
34527918
34615382
34837443
34912314
34981284
35094696
35176806
35202530
35215157
35220952
35254546
35384513
35427488
35456819
35459385
35632446
35695488
35844524
35852414
35975989
35975990
35997529
36061864
36189364
36324907
36328044
36454089
36470351
36474214
36512550
36592174
36626499
36656022
36822892
37047170
37072873
37118777
37158848
37287344
37309099
37436163
37467078
37484369
37533314
37539465
37616045
37653019
37793140
37830937
37901208
37905814
37917881
37938162
37969216
38029847
38061960
38105122
38141787
38172885
38332441
38347376
38402412
38448808
38483553
38606805
38666708
38792799
38805857
38899912
38971306
39024936
39050831
39065163
39068468
39071075
39098166
39101327
39107228
39164677
39187935
39277190
39288383
39310504
39320350
39460811
39464838
11491348
11714520
11777846
11854238
11901835
12089263
12092044
12149393
12361821
12404221
12407308
12422773
12428795
12547551
12606174
12682812
12682813
12683510
12709337
12747404
12755367
12827613
12867093
12902375
12904394
12910446
12927433
12959718
12964110
14677024
14715790
14726169
14982759
15084504
15116337
15235743
15295699
15335181
15472298
15476147
15598084
15608207
15638838
15650004
15750760
15842595
15879906
15974820
16000494
16095013
16146664
16177102
16206080
16207456
16269699
16301965
16556186
16557339
16637011
16703515
16816195
16849516
16861681
16905752
16967496
16988020
17073638
17256556
17277223
17289769
17371903
17446327
17469186
17522867
17535423
17551575
17623695
17629679
17632260
17692197
17900961
17910761
17925777
17987571
18029189
18041904
18077362
18227256
18287323
18291339
18319513
18406018
18419351
18490346
18500934
18520326
18522299
18522718
18523887
18552903
18564981
18594884
18662136
18722696
18784966
18796586
18931401
19091811
19100178
19148854
19150271
19208355
19222368
19253299
19346107
19418579
19493331
19523292
19635029
19664628
19685089
19732090
19741072
19879276
19897965
19930747
20079990
20090833
20113556
20188126
20224490
20409366
20409378
20532708
20540619
20600302
20639526
20658941
20684779
20696822
20704857
20708091
20827111
21042409
21046063
21086946
21135294
21136854
21272853
21304688
21364641
21364842
21461659
21487430
21531097
21544762
21628657
21656451
21667114
21676235
21686811
21686934
21696776
21709845
21714430
21833885
21851485
21880531
21918190
22005072
22084133
22123268
22135251
22172770
22206023
22411875
22420960
22499804
22607842
22608161
22670021
22704397
22716061
22779299
22847580
22864135
22971429
22983294
22988534
23015670
23025154
23073859
23110725
23148447
23182864
23249690
23252493
23291038
23291386
23293729
23318112
23318851
23344104
23350001
23365082
23392441
23596241
23597966
23641716
23660163
23685853
23740722
23807487
23843784
23917963
23937876
23946319
23966507
24075626
24129033
24145700
24187107
24207100
24321135
24459171
24460444
24478415
24512544
24562051
24586722
24630594
24690429
24797353
24877762
24906280
24930039
24933290
24943959
24951019
24996742
25014626
25015310
25303201
25311252
25346310
25366416
25385798
25417711
25461667
25480453
25548618
25549373
25553832
25567228
25603404
25675891
25693648
25699514
25774735
25804189
25881849
25889155
25910853
25925922
26066295
26154181
26182245
26191089
26215452
26239095
26282628
26288590
26390825
26447117
26456475
26502617
26577283
26585816
26647445
26649803
26856775
26886813
27025850
27114297
27197326
27258480
27296007
27314980
27368042
27391224
27398638
27404363
27420361
27432769
27502365
27685880
27705184
27829448
27829601
27884091
27924649
28262041
28298472
28372886
28385924
28477696
28545554
28559404
28659319
28691008
28859349
28928251
28962995
28965939
29289973
29381916
29434152
29501703
29507019
29537367
29572616
29667578
29725938
29728281
29882197
29942787
29987509
29992176
30005292
30020975
30076840
30096359
30286195
30299363
30347125
30351371
30368732
30402238
30488239
30552512
30648125
30680557
30719572
30789210
30811404
30834767
30855186
30869125
30888759
31263862
31769404
31870305
31934577
31969117
32047086
32301754
32427224
32576148
32662657
32849386
32872252
32896657
32912014
33066757
33118494
33252544
33296012
33321028
33359541
33451316
33512334
33573443
33576998
33611249
33622479
33711181
33743602
33813114
33912223
33926159
33976464
34038316
34093562
34112875
34123951
34146685
34182076
34211344
34218934
34243811
34442860
34490592
34527918
34615382
34837443
34912314
34981284
35094696
35176806
35202530
35215157
35220952
35254546
35384513
35427488
35456819
35459385
35632446
35695488
35844524
35852414
35975989
35975990
35997529
36061864
36189364
36324907
36328044
36454089
36470351
36474214
36512550
36592174
36626499
36656022
36822892
37047170
37072873
37118777
37158848
37287344
37309099
37436163
37467078
37484369
37533314
37539465
37616045
37653019
37793140
37830937
37901208
37905814
37917881
37938162
37969216
38029847
38061960
38105122
38141787
38172885
38332441
38347376
38402412
38448808
38483553
38606805
38666708
38792799
38805857
38899912
38971306
39024936
39050831
39065163
39068468
39071075
39098166
39101327
39107228
39164677
39187935
39277190
39288383
39310504
39320350
39460811
39464838
