6432
11179
355631
403931
790856
880596
1020871
1260520
1447059
1452661
1495838
1531225
1640837
1718303
1718304
1724153
1875231
1930558
2011309
2152490
2362189
2373667
2408403
2444538
2456934
2496069
2555258
2562835
2644450
2664255
2753835
2838453
3015007
3032610
3056919
3118608
3121985
3139610
3235497
3466364
3468319
3493236
3525444
3534712
3535368
3549633
3584831
3771362
3771410
3933804
4578190
4618730
6128303
6330649
6386461
6391456
6495980
6749890
6852921
6995330
6999020
7013705
7137975
7158125
7195193
7316511
7336531
7406941
7783615
7799554
7841680
7924209
7928783
8027345
8052811
8120786
8244902
8308391
8316077
8550481
8572485
8812561
8828303
8835064
8861211
9022304
9073353
9105940
9310850
9457883
9538038
9553794
9562874
9569454
9673284
9675853
9709205
9829950
9850270
9871103
9872776
10074060
10223986
10406101
10510239
10663662
10781533
10949318
10960519
10965096
11010859
11101681
11102448
11123465
11160117
11289774
11357151
11446456
11552415
11722933
11724978
11724979
11734885
11791708
11799257
11845118
11929163
11977920
12076034
12094409
12108592
12402087
12406768
12658522
12839759
12904436
12969488
14692381
14729694
15019523
15029841
15035375
15042191
15046311
15471682
15604813
15633683
15823650
15880998
15943241
16346457
16347411
16347630
16392679
16392680
16392681
16539298
16943094
16949172
17087474
17125840
17207763
17583296
17594870
17708516
17953550
17958533
18050943
18211016
18219590
18246774
18573557
18583328
19205264
19269572
19356785
19845561
19852129
20017360
20108020
20132689
20154104
20227989
20496582
20553431
20673614
20874394
21033566
21070266
21216482
21346790
21531471
21969898
22092936
22341844
22543619
22845177
23122498
23127714
23289858
23344114
23360015
23498179
23524146
23541191
23628612
23950115
24031212
24063244
24304098
24730703
24970828
25076655
25148627
25151755
25685397
25685439
25746999
25868618
25957712
26021922
26189559
26537514
26686478
26761293
26874224
27059494
27138047
27466717
27580323
27800358
27903420
27912189
28040161
28222216
28311582
28372152
28382701
28459604
28525654
28536964
28869650
28941700
29072607
29106346
29291515
29320234
29377407
29631210
29677530
29702317
29929128
30107587
30297913
30355997
30356072
30369570
30396390
30703114
30812114
30812115
30812175
30834556
30866331
30913665
30921867
30965506
30994417
31089912
31128286
31158997
31159012
31195491
31207608
31319195
31416137
31608457
31784663
31824434
31854583
31854736
31872893
31918131
31963214
32156029
32200142
32240707
32381605
32466370
32475678
32479869
32539954
32559530
32678748
32698767
32858328
32919268
32990385
33098821
33106561
33124260
33134743
33187450
33232623
33341965
33466347
33704463
33735446
33907080
34065549
34204872
34247024
34346087
34570716
34646396
34650526
34898276
34930479
35326848
35531301
35653020
35881624
35895931
36032498
36341072
36362334
36386662
36525156
36609610
36940917
37101640
37111459
37291566
37295216
37339733
37341426
37532681
37786852
37806847
38023952
38067008
38257241
38273092
38336608
38631895
38634934
38808063
38892136
38998522
39229732
39264555
39338497
39559337
39608512
