1712504
9226914
9294035
10857547
11249027
12469319
12833212
14673751
15670744
15774629
16014460
16233497
16834599
16997952
17158863
17660287
17850321
18061297
18206785
18231830
18323638
18573560
18757794
19181816
19240374
19324443
19924476
20405947
20417400
20541276
20572057
21327742
21357458
21616548
21710980
21719707
22160132
22475947
22990487
23316189
24200796
24361828
24494732
24548930
24689962
25041632
25500507
25563971
25637876
26448648
26849958
26978261
27052702
27889172
27939139
28253439
28473395
28683533
28750506
28843533
28946215
28950164
29046500
29163411
29211887
29366719
29433222
29622206
29629630
29742980
29761893
29996618
30165130
30586377
30599453
30602270
30845791
30877114
31000250
31027807
31053934
31108757
31150112
31202417
31527478
31546297
32010538
32020610
32375497
32448081
32512391
32539969
32880693
33126674
33648238
33653523
33877415
34220775
34220781
34247020
34526973
34550766
34798831
35243447
35248612
35300476
35311554
35400459
35427955
35472068
35668352
35690450
35741032
35761668
35818339
36151227
36192889
36257274
36276244
36542169
36575862
36597589
36639757
36758388
36802225
36809065
36846685
36876114
36906322
36995384
37098426
37138594
37154759
37349831
37395610
37761218
37839647
38014957
38024365
38137316
38147410
38153270
38163696
38231565
38237418
38382252
38448100
38611328
38624197
38678226
38715571
39040394
39079833
39147511
39184488
39201260
39244368
39304483
39426905
39448145
1712504
9226914
9294035
10857547
11249027
12469319
12833212
14673751
15670744
15774629
16014460
16233497
16834599
16997952
17158863
17660287
17850321
18061297
18206785
18231830
18323638
18573560
18757794
19181816
19240374
19324443
19924476
20405947
20417400
20541276
20572057
21327742
21357458
21616548
21710980
21719707
22160132
22475947
22990487
23316189
24200796
24361828
24494732
24548930
24689962
25041632
25500507
25563971
25637876
26448648
26849958
26978261
27052702
27889172
27939139
28253439
28473395
28683533
28750506
28843533
28946215
28950164
29046500
29163411
29211887
29366719
29433222
29622206
29629630
29742980
29761893
29996618
30165130
30586377
30599453
30602270
30845791
30877114
31000250
31027807
31053934
31108757
31150112
31202417
31527478
31546297
32010538
32020610
32375497
32448081
32512391
32539969
32880693
33126674
33648238
33653523
33877415
34220775
34220781
34247020
34526973
34550766
34798831
35243447
35248612
35300476
35311554
35400459
35427955
35472068
35668352
35690450
35741032
35761668
35818339
36151227
36192889
36257274
36276244
36542169
36575862
36597589
36639757
36758388
36802225
36809065
36846685
36876114
36906322
36995384
37098426
37138594
37154759
37349831
37395610
37761218
37839647
38014957
38024365
38137316
38147410
38153270
38163696
38231565
38237418
38382252
38448100
38611328
38624197
38678226
38715571
39040394
39079833
39147511
39184488
39201260
39244368
39304483
39426905
39448145
