1731225
7766900
8528133
8855320
9255521
9563839
9708890
9799555
10076020
10082792
10408441
10437834
10585547
11034495
11101668
11115645
11429451
11575723
11832509
11950997
12127978
12177334
12399037
12426342
12554704
12712234
12837938
12917486
14550550
14675750
15096577
15239845
15516600
15632054
15777727
16494504
16530332
16926242
17040564
17071624
17298086
17439544
17954978
17971441
18487411
18693243
19336405
19477687
19735283
20075073
20146791
20333202
20370833
20393571
20543830
20670397
20715791
20724022
20803775
20876568
21174346
21377442
21833865
21987714
22065419
22074177
22155772
22365931
22402228
22783229
22941652
22947199
23024637
23341615
23569224
23963220
24388874
24490119
25172453
25360678
25809962
26270653
26276824
26631221
26963515
27822307
27868089
27902845
28011869
28491056
28593196
28721457
28889741
29188180
29299281
29326216
29542150
29593678
29988019
30566504
30627680
30706696
31312841
31601165
32142845
32229666
32434930
32468160
32612677
32689464
32983043
33723997
34537203
34949817
36357749
36563737
36572346
37052490
37380083
37409944
37759645
38349173
38360431
39038009
39203562
