646206
1041521
1411421
1447058
1883871
2125128
2179182
2257165
2536416
3253409
3424574
7430328
7446105
7661460
7989268
8656593
8870738
9041434
10363095
10369564
10591501
10826834
10843060
10901214
11682560
11868767
11896968
12238389
12620622
12653326
12761079
14584580
14680708
15750089
16027183
16044188
16330058
16740074
17317801
17320186
17475761
17625202
17644533
18045339
18057833
18390855
19011715
19386831
19528580
19721787
20030799
20490660
20605376
20627391
21210764
21466038
22000592
22075580
22209121
22516694
22666370
22898018
22939986
23192319
23244770
23345291
23481605
23740090
23814305
24155490
24568112
24580994
24931569
25161960
25297073
25323110
25442453
25852228
25944581
25960250
26101315
26104727
26233445
26556125
27344918
28003600
28077757
28131378
28180088
28384093
28401063
28903765
28935736
29348346
29369727
29438274
29457285
30066407
30322523
30381681
30397647
30507336
30814462
30829556
30929468
30984150
31313312
31558629
31566875
31806433
32009056
32299872
32354600
32393822
32817161
32855249
32863352
33330707
33407480
33467030
33597408
33669869
34064943
34193659
34299355
34411422
34427973
34547891
34588372
34917625
34937128
34946508
35235963
35601398
35684962
35713165
35754353
35840925
35908873
35933975
35943931
36009903
36043338
36213401
36352470
36477195
36710163
36717508
37000493
37118781
37315442
37343588
37444004
37496749
37651790
37702462
37933885
37965557
37996728
38264471
38499498
38561827
38636281
38742884
38750516
38772246
38825124
38966509
39066499
39071784
39497051
39501680
