7981107
9371472
9688279
10543831
10747779
11087401
11131023
11160086
11344134
11443080
11823254
11931148
12145214
12351842
12386327
12420166
12517128
12589021
12605683
12619693
12627225
12627946
12637975
12732959
12889960
14640627
14674756
14699043
14769464
15015040
15049702
15134447
15221479
15221480
15249059
15264843
15630808
15743950
15839681
15850383
16458469
16511023
16511090
16608335
16752902
16834342
16957917
17211893
17537456
17605473
17714078
17881825
17901155
17937620
17981952
18029744
18293927
18323607
18323661
18365259
18631365
18854977
19583207
19650626
19767460
20038140
20397018
20616070
20956531
21067517
21141812
21378039
21966917
22109967
22289600
22325782
22348476
22405945
22419154
22582275
23177215
23259483
23316038
23448690
23968233
24054793
24316126
24946863
25002540
25755080
25994252
26187963
26197294
26350967
26400082
26450730
26450731
26452417
26530383
26721997
26729715
26921422
26951649
26992903
27262717
27338272
27367290
27537852
27587230
27623994
27698140
27989764
28159797
28433737
28515128
28583404
28616074
28631221
28648471
29526221
29581263
29593673
29914657
30267586
30465914
30508773
30881354
31181074
31427571
31506242
32010113
32048194
32065712
32135171
32503839
32505353
32694804
32937101
33080205
33227632
33495538
33495716
33786643
33813170
33891189
34190373
34518108
35008975
35225337
35254099
35278024
35278753
35633713
36109850
37100649
37234030
37885325
38281982
38647965
38812916
38907325
38941811
39118367
39490540
