9251055
9828427
10659346
10777042
10791468
10889409
10899855
10960714
11195519
11313130
11356316
11448502
11682538
11693517
11708739
11708742
11708744
11708747
11708750
11708752
11878441
11924554
12044671
12120947
12396353
12396354
12423042
12425733
12589741
12624050
12636999
12637005
12676876
12821498
12843096
14556061
14596539
14671970
14676016
14979599
15017286
15017287
15017288
15017289
15017290
15017291
15017293
15029965
15073313
15119732
15187377
15243075
15297763
15383163
15478867
15554969
15663213
15708815
15708820
15793139
15825489
15982833
16013401
16213113
16253666
16283917
16398337
16405009
16415052
16448937
16457900
16478518
16627646
16638167
16677782
16699136
16701522
16701624
16753612
16870757
16872318
17380285
17555287
17577058
17662556
17931231
18084255
18212108
18319429
18568654
18719182
18809551
18817558
18818030
18950961
18952187
19087411
19141744
19279178
19356863
19813693
19833772
19959628
20020053
20095153
20200654
20226602
20378723
20496826
20570060
20625514
21051488
21320714
21331945
21497461
21530108
21665570
21666022
21812718
21832021
22036527
22059295
22277793
22362794
22362939
22851039
22947175
22986196
22998753
23161764
23161770
23284968
23391437
23469345
23536614
23766276
23928181
23957888
24033419
24236892
25012082
25246135
25392732
25485776
25582884
25975665
26098837
26181879
26315325
26419751
26679774
26679801
26952690
27252458
27493641
28077337
28107883
28373121
28619141
28694985
29187397
29717640
30089736
30404542
30683093
30705517
30755919
31405918
31405919
31787630
31827879
32402332
32922832
33174833
33750535
33824718
33935405
34987628
35429815
36307895
36774781
37289435
37434248
37451064
38031524
38044397
38575983
38820832
39057986
39349383
