11594606
12406752
15036372
15583272
15640232
15680210
15762284
15929902
15933873
16332331
16343388
16387809
16556584
16954248
17961156
18196302
18423662
18621122
18821262
19136056
19193300
19201985
19209886
19307882
19614850
20693254
20720030
20850379
21128921
21340010
21756137
22057869
22092754
22240012
22548769
22702082
23720369
24136133
24349452
25568437
25874435
25926490
26358475
26744376
26992253
27231356
27294559
27508266
27876506
28094581
29469779
29920742
30132250
30445130
30894125
31504833
33288634
33295861
33997956
34881106
36610383
37451418
37943039
38396736
38399671
38609847
38690881
38698749
