402976
977548
1311335
1312591
1312592
1315388
1321141
1325483
1326739
1333450
1337373
1339420
1372653
1398963
1400983
1400984
1402787
1444372
1475522
1480016
1537912
1563762
1563796
1639504
1668639
1682869
1709944
1715883
1732217
1812467
1818626
1840314
1855985
1895035
1917844
1937780
1938897
1945493
1991867
2004832
2005230
2030646
2037356
2040428
2054175
2066486
2082242
2085369
2098702
2133684
2133685
2133686
2133687
2134963
2142592
2160430
2174832
2181111
2212216
2254019
2280691
2321929
2380356
2380374
2380379
2404867
2434427
2447020
2489336
2610512
2636257
2637426
2640920
2648388
2700361
2700363
2744855
2762014
2824585
2912901
2935615
3013780
3152414
3166451
3183013
3203255
3287100
3320092
3346072
3464620
3473222
3514656
3710591
3745424
3936770
3943904
4570277
4938689
5370458
5788714
6177390
6212660
6292162
6362326
6382567
6385616
6579255
6585912
6592318
6652579
6699406
6735466
6764781
6811433
7019083
7118245
7142104
7142105
7399694
7473066
7478762
7487574
7494175
7523301
7534273
7541623
7543886
7543994
7548580
7553378
7558307
7591084
7591109
7593702
7642139
7642269
7644276
7663679
7675518
7682993
7808774
7815916
7815917
7864624
7896704
7929977
7934885
7989615
8005694
8012753
8015419
8039913
8090077
8090078
8113954
8132345
8133415
8167426
8168936
8168954
8180485
8188343
8215797
8222602
8229620
8229676
8247611
8247612
8247613
8248625
8254455
8265202
8289216
8290878
8324120
8355985
8355989
8355990
8388413
8389879
8390044
8391864
8473532
8474361
8494734
8496784
8502179
8519478
8526528
8537864
8596667
8596668
8602347
8604253
8620588
8626313
8641769
8653496
8655571
8689730
8689734
8707980
8709840
8727103
8727911
8757811
8782684
8803947
8807063
8809301
8828225
8877655
8890484
8931245
8936322
8941761
8941768
8941769
8941770
8945563
8954519
8995804
9002880
9009331
9023187
9028185
9029447
9033454
9045823
9055698
9080644
9116469
9144046
9169730
9178111
9227137
9234775
9234780
9249633
9249637
9266497
9267226
9317000
9335294
9337029
9350555
9350562
9358364
9358369
9368358
9393801
9435104
9444590
9444597
9453629
9453630
9467394
9467395
9467407
9484091
9492176
9495612
9495617
9520788
9524440
9556407
9573063
9573813
9590933
9609381
9624160
9646459
9650869
9673024
9683480
9706862
9722267
9722707
9722720
9734025
9802709
9802715
9829951
9851047
9862125
9868769
9872114
9916079
9922270
9986879
9989979
10024558
10024564
10030131
10194060
10204483
10216454
10219171
10333522
10338481
10347901
10368051
10368149
10377154
10412854
10417176
10481082
10495709
10495710
10531223
10551156
10567950
10585538
10599911
10611739
10674959
10707944
10711615
10722578
10740453
10791704
10807119
10842858
10846131
10870473
10880431
10883871
10895696
10914791
10940564
10948156
10972648
10983597
10983598
10983884
11073323
11075914
11075915
11075916
11075935
11084150
11095764
11154403
11154421
11154427
11155157
11202881
11202893
11203898
11208807
11212582
11230436
11246700
11270605
11312269
11312465
11327065
11328650
11338294
11342586
11350526
11358542
11371542
11401987
11422580
11431928
11482139
11487143
11495144
11519695
11528000
11549014
11552154
11553560
11553571
11585783
11592631
11686813
11699477
11706954
11737513
11776931
11797052
11846195
11846203
11854190
11886748
11887461
11895994
11908470
11913797
11922257
11929558
11940143
11968929
12002822
12003957
12065549
12081957
12119031
12169034
12175371
12200976
12202575
12240891
12366855
12381070
12455704
12466407
12472839
12479639
12483235
12496170
12496183
12519070
12540550
12612769
12654095
12654104
12656510
12716334
12724370
12752919
12753366
12753474
12755775
12790510
12795796
12799118
12854883
12877258
12882978
12949177
14513585
14553921
14577819
14596901
14617650
14623084
14650577
14653392
14670448
14694829
14756787
14761124
14871355
14986909
15004106
15016017
15016019
15016040
15033237
15056218
15060736
15064399
15107064
15107068
15107072
15150339
15155678
15210695
15212354
15245592
15256581
15271922
15280279
15295960
15312101
15322052
15327648
15329567
15380777
15455740
15491316
15491344
15491463
15491467
15508747
15528643
15536782
15546422
15553977
15591262
15641785
15642054
15644914
15646054
15664975
15691352
15720575
15752104
15752108
15780578
15811059
15829891
15830639
15830645
15839398
15845368
15845495
15853938
15853975
15857100
15872275
15882222
15882229
15898943
15902062
15941989
15943771
15966873
15978192
15983248
15995644
16012459
16085371
16101964
16104962
16153871
16229486
16239506
16240693
16269128
16277575
16277588
16304448
16341728
16353031
16385121
16390469
16395549
16434739
16436288
16441740
16441779
16441780
16473919
16489943
16495573
16498070
16512761
16513386
16534043
16552080
16553634
16579698
16579700
16584357
16585650
16626372
16629473
16677187
16805672
16815066
16836903
16841550
16856899
16861296
16881801
16907769
16922925
16926393
16945032
16953818
16954230
16970621
16982268
16983197
17011804
17014820
17021091
17049750
17064390
17101650
17115709
17170550
17172525
17174667
17187656
17199542
17210663
17229060
17263160
17274722
17309590
17309593
17319360
17325047
17335366
17346673
17347537
17382934
17397314
17397463
17433043
17451543
17452955
17458056
17470025
17470026
17471038
17488443
17501978
17533151
17555412
17565753
17567788
17575917
17591786
17668977
17760541
17760545
17768483
17803630
17823835
17868382
17869137
17891880
17912965
17923521
17931930
17964192
17981934
17987882
18037048
18160759
18165360
18243592
18279185
18279187
18302616
18302679
18330900
18366071
18380560
18389006
18390996
18400025
18402610
18410396
18436030
18436598
18437843
18447853
18449962
18465191
18468917
18477431
18482986
18541658
18547832
18560463
18562583
18565108
18565132
18565147
18582333
18582336
18597615
18618696
18621891
18634922
18672992
18723655
18727657
18761626
18770551
18770552
18771363
18776663
18828812
18834241
18954353
18973520
18988315
19015247
19018029
19031785
19053921
19054094
19058781
19069337
19076989
19081208
19121068
19121507
19126114
19144804
19162208
19162209
19184295
19196111
19204088
19204100
19207889
19221563
19228092
19230860
19254128
19329223
19363113
19371397
19386852
19416446
19416454
19421390
19426923
19430039
19431959
19447073
19485826
19501677
19554711
19563330
19572900
19586997
19596768
19602114
19624697
19637996
19650858
19659894
19678860
19693550
19762989
19772671
19799718
19820083
19832799
19849805
19852608
19932718
19995893
20002682
20007650
20038241
20056008
20059413
20059420
20091146
20098966
20140039
20141366
20155507
20200417
20213311
20214441
20331798
20331801
20337663
20337896
20380884
20410352
20435733
20507375
20514045
20592756
20618698
20618700
20635859
20646351
20657096
20657863
20658043
20662307
20682013
20688951
20691222
20712637
20728711
20816745
20877160
20940357
20955954
21039921
21040511
21048920
21054554
21069141
21086009
21091345
21108642
21115719
21138575
21146709
21163008
21206165
21208407
21211789
21254239
21261623
21263019
21340603
21375704
21383473
21386213
21397893
21410554
21414084
21431261
21447698
21486182
21491990
21507684
21517858
21523213
21523222
21545652
21548610
21569861
21602384
21613949
21622748
21636910
21688602
21724088
21729244
21743411
21749169
21769304
21772719
21827233
21830010
21873231
21896157
21901132
21909493
21916371
21928086
21929616
21942788
21986628
22010417
22060046
22103335
22105837
22143381
22145357
22184422
22196182
22203528
22220822
22230465
22247130
22257880
22259811
22305832
22313692
22326171
22339260
22353895
22368767
22371122
22371503
22374743
22401128
22417880
22419513
22445846
22526568
22531876
22546352
22549664
22568260
22573244
22606045
22608495
22616908
22633049
22674431
22680302
22710412
22715643
22715932
22765511
22794210
22808953
22829826
22838219
22901455
22906002
22928386
22934839
22988660
22996215
22998386
23018230
23030242
23041992
23050861
23060013
23088524
23107050
23116446
23121460
23124752
23127822
23134612
23139486
23141872
23163048
23173827
23194417
23199017
23253337
23258979
23278531
23294114
23297645
23308100
23330059
23334268
23335585
23335969
23365576
23379917
23400354
23408792
23411512
23413629
23445216
23447375
23451182
23457251
23489235
23521427
23527870
23533413
23534379
23538426
23555343
23568786
23578286
23601078
23623310
23638858
23643609
23646850
23658264
23659423
23660697
23666172
23675952
23710672
23711357
23725029
23742079
23743616
23745336
23745964
23748323
23748736
23751528
23755300
23761916
23794624
23808705
23814584
23821559
23827459
23853701
23855174
23857867
23879704
23897119
23912780
23952074
23977007
23990979
23991267
24025882
24031906
24040571
24049558
24055631
24102517
24106714
24121919
24144271
24146949
24165189
24255993
24283398
24296811
24298807
24320955
24339946
24340084
24355228
24421978
24450418
24484531
24505483
24554003
24554879
24566627
24586498
24603978
24612063
24616267
24638087
24665919
24677258
24683780
24708362
24720498
24736700
24741603
24794687
24802631
24814794
24814824
24814979
24815960
24820755
24821857
24861845
24890414
24899898
24921460
24924298
24941044
24945514
24946875
24949828
24973519
24995517
25001360
25006362
25040261
25052707
25056413
25061055
25065393
25091293
25098260
25101489
25145561
25152229
25156125
25171331
25173070
25178742
25199931
25225610
25232962
25266040
25269812
25270662
25283543
25328922
25340203
25342686
25349627
25367612
25386627
25387289
25394610
25399962
25401769
25412607
25427269
25430459
25434071
25447490
25452281
25506144
25522313
25523961
25526624
25536224
25568808
25581046
25605310
25630495
25631494
25680706
25686322
25700637
25706261
25713575
25757149
25781328
25805501
25808980
25811847
25817824
25827437
25847068
25865277
25879057
25888173
25888355
25912135
25914944
25924695
25959628
25971786
25977404
25984952
26033167
26053503
26063967
26079509
26082387
26096116
26111153
26120510
26121972
26130377
26162875
26170876
26171870
26193958
26194628
26221929
26252751
26257918
26259070
26283341
26291297
26305580
26309048
26313005
26351631
26355881
26371120
26388671
26392688
26412568
26424287
26447749
26447754
26456217
26461083
26477831
26478974
26481834
26494938
26511188
26511193
26538916
26541672
26550526
26557034
26600627
26617937
26619277
26632711
26654345
26656474
26681855
26682856
26729495
26744578
26779448
26806000
26870849
26899837
26924897
26996070
27032255
27035339
27113359
27142589
27183718
27224005
27239990
27266517
27297417
27301874
27313576
27330709
27375574
27383704
27405639
27420109
27422166
27469171
27469558
27469559
27469562
27469569
27542376
27551953
27556678
27558278
27558382
27565999
27591633
27602578
27620215
27627556
27632268
27696564
27697692
27727278
27727287
27745799
27786617
27786620
27858553
27864174
27876716
27888369
27899684
27914958
27966504
27994415
28009086
28018496
28050984
28068479
28089378
28099577
28104616
28189829
28193569
28198980
28274501
28294067
28296262
28321995
28325127
28331333
28359872
28435671
28440740
28453906
28498507
28499236
28548883
28611978
28631313
28667678
28671506
28674708
28686335
28691459
28721234
28748041
28757933
28764300
28800622
28844191
28848499
28854287
28890719
28987726
29026924
29030100
29031240
29038532
29077095
29084027
29084899
29110296
29138754
29149107
29151456
29205773
29293651
29327449
29327500
29333776
29352461
29401401
29428934
29430094
29440783
29456893
29460517
29467738
29468598
29480639
29498487
29505065
29520798
29525436
29534128
29537663
29539037
29539045
29589156
29593415
29680846
29721223
29728099
29736391
29744166
29744199
29747237
29753881
29766330
29771309
29786138
29797719
29925714
29930105
29930251
29935042
29951806
29958324
29982599
29986942
29988826
29998833
30001173
30013030
30039349
30039929
30048057
30069478
30076984
30092089
30095173
30099741
30142971
30170019
30202609
30203018
30207388
30266745
30333370
30341955
30345964
30351354
30365870
30373754
30386642
30386996
30397915
30423437
30475431
30487648
30505364
30542916
30547566
30589008
30710838
30729346
30761904
30800247
30826504
30856692
30949238
30983949
31111123
31188501
31198325
31230388
31257588
31270241
31273367
31301146
31325717
31340223
31340994
31342509
31356381
31357852
31381369
31393600
31400445
31417514
31477019
31481407
31492308
31492606
31502535
31504982
31517596
31541617
31582931
31596326
31605582
31632667
31641199
31641894
31655839
31681262
31687180
31696592
31765020
31771977
31781106
31793046
31823015
31829000
31833004
31870899
31901280
31921707
31932313
31945548
32027610
32044394
32064845
32064852
32070755
32072344
32088522
32091956
32109938
32155008
32157085
32176238
32193820
32215721
32250565
32276980
32282725
32304795
32333174
32377864
32384777
32403078
32422332
32428060
32503390
32508326
32515413
32544646
32545150
32592236
32602969
32603680
32634886
32670905
32670940
32678942
32738349
32760103
32768588
32779013
32785473
32815123
32815138
32839120
32871610
32899493
32943860
32944158
32965768
32978483
32991638
33002094
33004892
33011399
33012230
33012233
33023121
33042892
33066545
33096869
33112888
33123229
33128827
33137995
33145632
33147687
33149843
33156979
33186726
33188180
33219611
33221994
33244063
33256844
33270150
33277607
33304856
33350176
33372602
33386623
33452878
33490872
33524879
33600089
33642736
33671765
33762533
33763842
33807684
33808433
33826149
33832042
33856713
33865522
33934384
33935124
33980645
34033934
34084756
34087262
34094999
34169804
34190300
34216116
34222492
34255809
34328481
34365426
34392403
34393436
34402146
34419758
34428955
34438976
34441331
34442739
34442878
34447063
34499368
34542071
34585987
34613503
34659955
34675462
34692561
34707586
34713993
34803257
34804168
34821641
34827224
34835315
34898497
34915658
34917761
34935215
34938045
34953183
34965620
35004349
35014831
35037006
35045750
35048038
35054910
35061858
35076522
35122548
35173086
35193423
35195497
35203495
35205138
35208792
35282488
35292756
35295980
35328748
35335684
35336824
35364661
35456155
35456739
35457601
35505573
35563501
35569028
35612797
35613350
35625221
35646552
35741120
35748331
35749516
35776658
35781437
35792253
35829773
35854440
35913147
35951554
35954742
35978527
35989670
35994451
36040155
36043861
36070584
36083851
36095084
36112631
36138430
36140573
36163018
36170305
36190371
36288857
36290432
36295072
36297207
36302646
36312320
36369979
36385263
36411127
36420924
36421404
36498642
36506809
36508189
36538094
36551346
36560867
36563560
36597817
36618097
36622053
36633093
36641800
36648232
36654677
36673763
36678767
36715541
36718686
36781937
36801907
36806930
36837504
36839184
36871005
36871808
36873973
36888839
36942209
36950255
36968797
36980362
36985242
36986299
37002784
37008776
37058199
37083612
37086047
37101299
37154987
37170867
37179297
37191955
37211309
37288705
37289081
37297653
37315307
37374125
37444656
37510194
37513004
37521176
37569480
37607060
37609623
37627732
37630620
37649970
37672083
37716897
37719252
37720272
37720279
37720299
37724895
37801450
37834334
37880921
37889702
37999009
38011738
38029104
38047041
38105008
38138191
38196480
38233485
38256037
38307981
38353519
38402755
38404290
38436552
38473858
38514407
38595373
38614291
38618176
38626983
38634795
38668368
38682052
38687029
38698893
38718089
38763508
38764161
38786158
38786309
38786542
38791137
38812644
38813341
38883904
38921706
38930519
38952590
38954692
38956881
39007179
39058349
39072352
39131522
39203395
39203489
39255392
39263909
39269543
39364821
39470591
39484406
39563638
39574594
39574629
39575247
39581260
39592494
39596308
39596938
39597602
39604065
