8573505
15023976
15960657
16166713
16302951
16696687
16948702
18482385
18952461
19335609
19819029
21306590
22609413
24882019
24954661
25555736
25767227
26798107
27076299
27238429
27409241
27529219
27706080
28257489
28602739
28911184
29102124
29166272
29341219
29665356
29665404
30048684
30117297
30117618
30132915
30804945
30854666
31482589
31501250
31629062
31830563
32115295
32173451
32196698
32231137
32585357
32846242
32959416
33045332
33146799
33150871
33245800
33545184
33848372
33904975
33932879
34037300
34186154
34280771
34933090
35097049
35154103
35278639
35314332
35378240
35510819
35569775
35671346
35786440
35801398
35810964
36002085
36048577
36138795
36162777
36189250
36209969
36222291
36240859
36430268
36481430
36529221
36579505
36606554
36628981
36644875
36690266
36926518
36940785
37207887
37584202
37703936
37750729
37808277
37894188
37913891
37944682
38007095
38014554
38054569
38128679
38309489
38407736
38408547
38492361
38523361
38545095
38556234
38604479
38631486
38641217
38659458
38670188
38821228
38908810
38950759
38962321
39019124
39168290
39309031
39440715
39563419
39599540
