19654357
21457417
23918795
24947740
25947926
26261039
27242734
27467527
27551015
29176587
29316745
29488010
29491857
29745868
30425923
30606251
31005411
31096909
31182795
31551328
31719139
31778109
32184789
32327522
32808115
33264299
33277072
33542233
33614691
33669303
33681383
33947329
34040330
34046735
34151750
34208885
34444848
34799562
35037767
35343796
35549618
35847080
36090029
36575982
36639555
36656424
36673337
36676929
36985120
37095601
37104181
37124355
37130517
37203140
37545578
37570841
37597851
37903000
37940573
37978420
37980332
38060843
38555382
38792606
38836628
38881048
38897586
38990027
39065088
39104977
39360281
39418776
19654357
21457417
23918795
24947740
25947926
26261039
27242734
27467527
27551015
29176587
29316745
29488010
29491857
29745868
30425923
30606251
31005411
31096909
31182795
31551328
31719139
31778109
32184789
32327522
32808115
33264299
33277072
33542233
33614691
33669303
33681383
33947329
34040330
34046735
34151750
34208885
34444848
34799562
35037767
35343796
35549618
35847080
36090029
36575982
36639555
36656424
36673337
36676929
36985120
37095601
37104181
37124355
37130517
37203140
37545578
37570841
37597851
37903000
37940573
37978420
37980332
38060843
38555382
38792606
38836628
38881048
38897586
38990027
39065088
39104977
39360281
39418776
