23504968
23594921
24632260
24888481
25086822
25354770
25710371
26035130
26364183
26489859
26679590
26686616
26911707
26921431
27053439
27118154
27148207
27208130
27240350
27324571
27383683
27499533
27550196
27633524
28040856
28244516
28254989
28369586
28426764
28474433
28533217
28767122
28831061
28887528
28912756
29028412
29109361
29141959
29173048
29192078
29244759
29278144
29281013
29782030
29922265
30031478
30054359
30087346
30091610
30355296
30544498
30544819
30637629
30726789
30781830
30803109
30832430
30860585
30955042
31134003
31139173
31170026
31209034
31236871
31257307
31418203
31421721
31429819
31449676
31481951
31518373
31562172
31623782
31798547
31843800
31860058
31899607
31932539
31998252
32215759
32392716
32408049
32490601
32554940
32924759
33066093
33329441
33331105
33394081
33468586
33584615
33608284
33785618
33975972
34021824
34024037
34088185
34106824
34168197
34227211
34314575
34349815
34400661
34408268
34512702
34601230
34762518
34769335
34782938
34812941
34858367
34870861
34925249
34946092
35163408
35212898
35322688
35328804
35361201
35414717
35438622
35563511
35657706
36143415
36276463
36422352
36801720
37017542
37275139
37402088
37573143
37573516
37628727
37649265
37914789
38134513
38251894
38265715
38396833
38445860
38823562
38842312
38853965
38927115
38995612
39030648
39197217
39219756
39261062
39273846
39290740
39338493
39544100
23504968
23594921
24632260
24888481
25086822
25354770
25710371
26035130
26364183
26489859
26679590
26686616
26911707
26921431
27053439
27118154
27148207
27208130
27240350
27324571
27383683
27499533
27550196
27633524
28040856
28244516
28254989
28369586
28426764
28474433
28533217
28767122
28831061
28887528
28912756
29028412
29109361
29141959
29173048
29192078
29244759
29278144
29281013
29782030
29922265
30031478
30054359
30087346
30091610
30355296
30544498
30544819
30637629
30726789
30781830
30803109
30832430
30860585
30955042
31134003
31139173
31170026
31209034
31236871
31257307
31418203
31421721
31429819
31449676
31481951
31518373
31562172
31623782
31798547
31843800
31860058
31899607
31932539
31998252
32215759
32392716
32408049
32490601
32554940
32924759
33066093
33329441
33331105
33394081
33468586
33584615
33608284
33785618
33975972
34021824
34024037
34088185
34106824
34168197
34227211
34314575
34349815
34400661
34408268
34512702
34601230
34762518
34769335
34782938
34812941
34858367
34870861
34925249
34946092
35163408
35212898
35322688
35328804
35361201
35414717
35438622
35563511
35657706
36143415
36276463
36422352
36801720
37017542
37275139
37402088
37573143
37573516
37628727
37649265
37914789
38134513
38251894
38265715
38396833
38445860
38823562
38842312
38853965
38927115
38995612
39030648
39197217
39219756
39261062
39273846
39290740
39338493
39544100
