2275852
2410547
8574414
8755889
8987711
9103617
9134719
9134771
9275238
9871323
10792648
10972718
11024293
11094291
11111057
11238970
11270647
11931143
12013236
12234008
15077674
16102911
16233803
16834602
17010583
17047910
17074789
17220426
17630307
17646030
18268084
18834907
18943496
18944203
18945019
18945175
19516988
20017926
20437231
20572987
20955079
21190440
21393830
21791980
21984675
22443110
23171051
23538716
23758144
24069909
24522883
24710305
25504839
25599532
25962850
25964795
26057615
26213974
26886160
27439374
28612041
28876492
29265362
29348170
29485698
29907732
29997640
30082794
30136440
30686195
30708616
30708727
30708741
30722583
30764220
30823023
30832052
30845497
30861872
30870895
31451755
31817492
31947808
32012870
32764599
32876534
32899474
32909626
32974563
33430372
33919362
34058676
34142842
34458438
34881013
35755708
36002407
36162999
36275567
36362319
36589125
36611232
36694139
36950993
37052486
37653854
37744907
37757720
38015466
38109489
38592879
39003420
39190849
39223938
39571246
