1445765
7683639
7703031
7765496
7814741
8071804
8085814
8930708
9726876
10857539
11111031
12706038
12859754
15109790
15184175
15364469
15582739
15610415
16640575
16943010
16995536
17919298
18070037
19200320
19298510
19913685
19913696
20492248
20832689
21994929
22063864
22202872
23053070
23144413
23261532
23348073
23749756
23936441
24757784
25724303
25957244
26546424
26726815
28202882
28202883
28400008
29526205
29628920
29783046
30268907
30297053
30464160
31837788
31919169
32123510
32220814
32539984
32567021
33401509
33505375
34119107
34200022
34512608
35350621
35744624
35761518
37280779
37444213
37920261
38128996
38254599
38315017
38857722
38890871
39065182
1445765
7683639
7703031
7765496
7814741
8071804
8085814
8930708
9726876
10857539
11111031
12706038
12859754
15109790
15184175
15364469
15582739
15610415
16640575
16943010
16995536
17919298
18070037
19200320
19298510
19913685
19913696
20492248
20832689
21994929
22063864
22202872
23053070
23144413
23261532
23348073
23749756
23936441
24757784
25724303
25957244
26546424
26726815
28202882
28202883
28400008
29526205
29628920
29783046
30268907
30297053
30464160
31837788
31919169
32123510
32220814
32539984
32567021
33401509
33505375
34119107
34200022
34512608
35350621
35744624
35761518
37280779
37444213
37920261
38128996
38254599
38315017
38857722
38890871
39065182
