16403880
17391327
17625186
18791010
19243441
19767355
23135760
24463968
25136124
25510777
26176779
27681607
28669823
30429469
31230147
32299574
32692360
32714309
33436756
33469030
34067445
34239137
34351455
34407825
35316064
35365790
35989006
36786619
37138077
37155522
37463935
37714436
37935197
38441031
38945459
39536863
39605433
16403880
17391327
17625186
18791010
19243441
19767355
23135760
24463968
25136124
25510777
26176779
27681607
28669823
30429469
31230147
32299574
32692360
32714309
33436756
33469030
34067445
34239137
34351455
34407825
35316064
35365790
35989006
36786619
37138077
37155522
37463935
37714436
37935197
38441031
38945459
39536863
39605433
