10555340
11092870
11230417
14742505
15836513
16369022
16907740
17069618
17091918
17477255
17600532
17855723
17906122
18385433
18408031
18942189
18954361
19584106
19702952
19846640
20660674
20826648
20861633
21193474
21289150
21375705
21521225
21601178
22448761
22887906
24048531
25165817
25331233
25440509
25616316
26875613
26983837
27534397
28469253
29176569
29258070
29899505
29969843
30222677
30359695
30877119
31491909
32005179
32276980
33544453
34683666
34761593
34869082
36458725
36710165
36882425
37194080
37377523
37627682
38230927
38500189
38607584
38854926
38910513
39125925
39290933
39418776
10555340
11092870
11230417
14742505
15836513
16369022
16907740
17069618
17091918
17477255
17600532
17855723
17906122
18385433
18408031
18942189
18954361
19584106
19702952
19846640
20660674
20826648
20861633
21193474
21289150
21375705
21521225
21601178
22448761
22887906
24048531
25165817
25331233
25440509
25616316
26875613
26983837
27534397
28469253
29176569
29258070
29899505
29969843
30222677
30359695
30877119
31491909
32005179
32276980
33544453
34683666
34761593
34869082
36458725
36710165
36882425
37194080
37377523
37627682
38230927
38500189
38607584
38854926
38910513
39125925
39290933
39418776
