2515803
10758887
11411709
11679328
12448023
12483602
16346520
16346700
17632756
18243451
18290422
19853885
20512630
20517642
21184053
21667196
21720829
22040118
25004855
25108729
25188453
25193843
25854898
26336849
26495932
27934931
29965197
31378451
32540220
33370358
34357469
34827137
35857150
37973097
38125563
38633455
38830717
38876528
2515803
10758887
11411709
11679328
12448023
12483602
16346520
16346700
17632756
18243451
18290422
19853885
20512630
20517642
21184053
21667196
21720829
22040118
25004855
25108729
25188453
25193843
25854898
26336849
26495932
27934931
29965197
31378451
32540220
33370358
34357469
34827137
35857150
37973097
38125563
38633455
38830717
38876528
