15545472
16388403
16511169
16570601
16634637
16735739
16825791
16957274
17194795
17386670
17436634
17587871
17675385
17909296
17934697
18029263
18239414
18392890
18533181
18629293
18712549
18757804
18825506
18830684
18953667
18992246
19005773
19132541
19201966
19236095
19238575
19382684
19390985
19551487
19572210
19582590
19602147
19673316
19737357
19815503
19857899
19924979
20112954
20174476
20192263
20391527
20463976
20491434
20517979
20534468
20574829
20718869
20734111
21106795
21153861
21185859
21299248
21315114
21414325
21423734
21515382
21706166
21720772
21742896
21936507
21942751
22092362
22240981
22356105
22443515
22492439
22673626
22708803
22742206
22750556
22751735
22794785
22865601
23212653
23251623
23405956
23475973
23564035
23745432
23791943
23816763
23832807
23912077
23934501
24124204
24125695
24154823
24173033
24306627
24336383
24394407
24407051
24426088
24564581
24595738
24727125
24747375
24764017
24822276
24883196
25049092
25059868
25064261
25091383
25258316
25262483
25315396
25446890
25628016
25720835
26005435
26156561
26192600
26470852
26571091
26849649
26912703
26942859
26979555
27047473
27065183
27098381
27145046
27447798
27757465
27785541
27822513
28001366
28046131
28119513
28199212
28463986
28503167
28808127
28833623
28939602
29183996
29308809
29351606
29589435
29771316
29960223
30018859
30340417
30428624
30608939
30669395
30681120
30776426
31109989
31193861
31297579
31338076
31353893
31585061
31609372
31829577
31894618
32117100
32226914
32495831
32505855
32539928
32582116
32659080
32740905
32765465
32899882
33076919
33154740
33173035
33247357
33270823
33316980
33540705
33685972
34037857
34040892
34305863
34388922
34860511
34910578
35108100
35108426
35208938
35311568
35388216
35489538
35819106
35924687
35980185
36114465
36121562
36278822
36369477
36413896
36502904
36846457
36892288
37191542
37303801
37319245
37939554
38215523
38226602
38389536
38412644
38521922
38557120
38622379
38661374
38712925
38880617
39041725
39349606
39401605
39401671
39475293
39562278
39562290
