11208
24242
36912
44610
57633
93614
104644
207675
220209
239091
324972
337430
337432
337735
345376
347398
356841
358809
363150
370343
373035
376695
377299
377780
378256
387687
390853
391223
766133
769273
772773
773969
776229
776936
778951
779108
780380
781542
786443
791232
791976
794475
802766
807962
815277
1092578
1093144
1095615
1096081
1097587
1099985
1100776
1104592
1118661
1280809
1349741
1390110
1413440
1429189
1439203
1455631
1518915
1595163
1661012
1697679
1780576
2096401
2198265
2223606
2226850
2254284
2283028
2326188
2410491
2471510
2485540
2485541
2556378
2579388
2592342
2633969
2644210
2649950
2661969
2666376
2691360
2693591
2694245
2698626
2698627
2833729
2840640
2840682
2843531
3056924
3063247
3074253
3117724
3141559
3292987
3297235
3297746
3299273
3300010
3312102
3373635
3519581
3520245
3521060
3532878
3554232
3667229
3782785
3833199
3834827
3840822
3893663
3903037
3906033
3910026
3947080
4119646
4121200
4121409
4182376
4203922
4206696
4263923
4266704
4270812
4304707
4332038
4332039
4357439
4357440
4557313
4561544
4561545
4562405
4564675
4569041
4572575
4572576
4572577
4572578
4572580
4572811
4577417
4581007
4601243
4608851
4614349
4616296
4620559
4877755
4882028
4916883
4945383
4948534
4950720
4956259
4957190
4961669
4964007
4965241
4967193
4975672
4978407
4980224
4988160
5091667
5095284
5103861
5135333
5233756
5233770
5348693
5441534
5442215
5449972
5492283
5498930
5522633
5651193
5669562
5669568
5753800
5753801
5769248
5779037
5779038
5791851
5822159
5832292
5849749
5864893
5867597
5889259
5908516
5947605
5956261
5980495
5980496
5980497
6030456
6045666
6055189
6068579
6068862
6126924
6139361
6163766
6190898
6219666
6260481
6260482
6289267
6330034
6338774
6339469
6348004
6349746
6353721
6355104
6355169
6365296
6373743
6384426
6392180
6392187
6395728
6439678
6511321
6511322
6511324
6750757
6757862
6759579
6760527
6762170
6762210
6773575
6788838
6811536
6817507
7000862
7000863
7001357
7002548
7005327
7008331
7009531
7016253
7026494
7026620
7026674
7031127
7046890
7048719
7093258
7123058
7153757
7490334
7521158
7615413
7628725
7660094
7691274
7740725
7747406
7789792
7817518
7858021
7858022
7921253
8058824
8091181
8112579
8169205
8171125
8383841
8392679
8555942
8574413
8593396
8593397
8594844
8735263
8748546
8763941
8765545
8811636
8814532
8817847
8828123
8843640
8861641
8885707
8914769
8966759
8971688
9004514
9055397
9070906
9133058
9151536
9160324
9179846
9211239
9270134
9270356
9352437
9368964
9406637
9437824
9490920
9527413
9542096
9549852
9573185
9588108
9630516
9646449
9668459
9668478
9699252
9711652
9741182
9764725
9766210
9810618
9973360
10024429
10030541
10066658
10512041
10543380
10565890
10579536
10676154
10708386
10727835
10728565
10737293
10747118
10799473
10843078
10882657
10944345
10970724
10975348
11110496
11118738
11126579
11126580
11139200
11162077
11163719
11182500
11193642
11193648
11222005
11402655
11402711
11423192
11442232
11470376
11516786
11570280
11731172
11737647
11844618
11945006
11959438
12057968
12381459
12383637
12576593
12626448
12638910
12713894
12825677
12916690
13537387
13590288
13689482
13731346
13731347
13736189
13742641
13742642
13881663
13900852
13926042
13964684
14044957
14045527
14046495
14281664
14342647
14342648
14429167
14432835
14433385
14438252
14494187
14494188
14527727
14602479
14602921
14629002
14746771
14762060
14964115
15036531
15129585
15143038
15143041
15145506
15156997
15178001
15200073
15219967
15535954
15556311
15583154
15729893
15750104
15766938
15837379
15863291
15932982
15946743
16032298
16166545
16257143
16304194
16316420
16342778
16343944
16368970
16401080
16549656
16553745
16557857
16617697
16624356
16624721
16641018
16642715
16642716
16642877
16726715
16727795
16788201
16820137
16870783
16919417
16970677
16973118
16978803
17157043
17158077
17224248
17229440
17239497
17341019
17397386
17405622
17422225
17439646
17482408
17600181
17606362
17674137
17706775
17911291
17933367
17936044
17956424
17969714
17972304
17998309
18062246
18073095
18191921
18227258
18234866
18258170
18312568
18322559
18406471
18667575
18678244
18835146
18922196
19055628
19187963
19361829
19364458
19443045
19446837
19457526
19502315
19619962
19665400
19696080
19696102
19696314
19726613
19766669
19818124
19900769
19932578
19967923
20091126
20357055
20381545
20413227
20413228
20488990
20525343
20534794
20542647
20560128
20563883
20580496
20663618
20708197
20802067
20960059
20966258
21120796
21220162
21324191
21439870
21471346
21482517
21620492
21663697
21726966
21731639
21735340
21838878
21908292
22098816
22115814
22194224
22271459
22284907
22447562
22448677
22465802
22479374
22533922
22558362
22587441
22685606
22695989
22735987
22843585
22941652
22952911
23002064
23031072
23071648
23145790
23154071
23155485
23300541
23363353
23469346
23502559
23651007
23710975
23711669
23759248
23762593
23810743
23832316
23869216
23873917
24016869
24035434
24090811
24192863
24325901
24332827
24333334
24359340
24364348
24438089
24589111
24668627
24828562
24880898
24897538
25059705
25101070
25123820
25323717
25398856
25444801
25495903
25539750
25543157
25596826
25638988
25733516
25774095
25814605
25881067
25894821
25951987
26088269
26244581
26354009
26384697
26427634
26431338
26476145
26490663
26750304
26806796
26812834
26827840
26837619
26964722
27013737
27037120
27053669
27081135
27114507
27178561
27374908
27387734
27481531
27488189
27489041
27496744
27497759
27535766
27649681
27681641
27723054
28111131
28115382
28348033
28558768
28611743
28659605
28702460
28754725
28948623
28951993
29286101
29311927
29329577
29556819
29657968
29665869
29682293
29786424
29914676
29936670
29977494
30102350
30255039
30315701
30370271
30538929
30541131
30574997
30596376
30645947
30657448
30852958
30964460
31001234
31071461
31118296
31226867
31275271
31537664
31540994
31566864
31831071
32233136
32292794
32325253
32370343
32390522
32601044
32625292
32650780
32728480
32736456
32884913
33198794
33211173
33230579
33374107
33570262
33612797
33718469
33862331
33898300
33937372
33997676
34073966
34203625
34255430
34321522
34490709
34515387
34934457
35079288
35215965
35479634
35586580
35613018
36000854
36049268
36296185
36422368
36969572
37022136
37219834
37302755
37407813
37636038
37790116
38026191
38050960
38133236
38143857
38295490
38365481
38461244
38507598
38587616
38771810
38935768
38985673
39061526
39376920
39464110
39516463
39576580
11208
24242
36912
44610
57633
93614
97739
104644
207675
220209
239091
324972
337430
337432
337735
345376
347398
356841
358809
363150
370343
373035
376695
377299
377780
378256
387687
390853
391223
564541
766133
769273
772773
773969
776229
776936
778951
779108
780380
781542
786443
791232
791976
794475
802766
807962
815277
1092578
1093144
1095615
1096081
1097587
1099985
1100776
1104592
1118661
1280809
1349741
1390110
1413440
1429189
1439203
1455631
1518915
1595163
1661012
1697679
1716774
1722304
1780576
1809213
2096401
2198265
2223606
2226850
2254284
2283028
2326188
2410491
2471510
2485540
2485541
2556378
2579388
2592342
2633969
2644210
2649950
2661969
2666376
2691360
2693591
2694245
2698626
2698627
2833729
2840640
2840682
2843531
3056924
3063247
3074253
3117724
3141559
3287526
3292987
3297235
3297746
3299273
3300010
3312102
3373635
3519581
3520245
3521060
3532878
3554232
3667229
3782785
3833199
3834827
3840822
3893663
3903037
3906033
3910026
3947080
4119646
4121200
4121409
4182376
4203922
4206696
4263923
4266704
4270812
4304707
4332038
4332039
4357439
4357440
4557313
4561544
4561545
4562405
4564675
4569041
4572575
4572576
4572577
4572578
4572580
4572811
4577417
4581007
4601243
4608851
4614349
4616296
4620559
4877755
4882028
4916883
4945383
4948534
4950720
4956259
4957190
4961669
4964007
4965241
4967193
4975672
4978407
4980224
4988160
5091667
5095284
5103861
5135333
5233756
5233770
5348693
5441534
5442215
5449972
5492283
5498930
5522633
5651193
5669562
5669568
5753800
5753801
5769248
5779037
5779038
5791851
5822159
5832292
5849749
5864893
5867597
5889259
5908516
5947605
5956261
5980495
5980496
5980497
6030456
6045666
6055189
6068579
6068862
6126924
6139361
6163766
6190898
6219666
6260481
6260482
6289267
6330034
6338774
6339469
6348004
6349746
6353721
6355104
6355169
6365296
6373743
6384426
6392180
6392187
6395728
6439678
6511321
6511322
6511324
6750757
6757862
6759579
6760527
6762170
6762210
6773575
6788838
6811536
6817507
6838038
7000862
7000863
7001357
7002548
7005327
7008331
7009531
7016253
7026494
7026620
7026674
7031127
7046890
7048719
7093258
7123058
7153757
7159311
7490334
7521158
7615413
7628725
7660094
7691274
7740725
7747406
7789792
7817518
7858021
7858022
7921253
7975056
8058824
8091181
8112579
8169205
8171125
8383841
8392679
8555942
8574413
8593396
8593397
8594844
8735263
8748546
8763941
8765545
8811636
8814532
8817847
8828123
8843640
8861641
8885707
8914769
8966759
8971688
9004514
9055397
9070906
9133058
9151536
9160324
9179846
9211239
9270134
9270356
9352437
9368964
9406637
9437824
9490920
9527413
9542096
9549852
9573185
9588108
9630516
9646449
9668459
9668478
9699252
9711652
9741182
9764725
9766210
9810618
9973360
10024429
10030541
10066658
10512041
10543380
10565890
10579536
10676154
10708386
10727835
10728565
10737293
10747118
10799473
10843078
10882657
10944345
10970724
10975348
11110496
11118738
11126579
11126580
11139200
11162077
11163719
11182500
11193642
11193648
11222005
11402655
11402711
11423192
11442232
11470376
11516786
11570280
11731172
11737647
11844618
11945006
11959438
12057968
12381459
12383637
12576593
12626448
12638910
12713894
12825677
12916690
13537387
13590288
13689482
13731346
13731347
13736189
13742641
13742642
13881663
13900852
13926042
13964684
14044957
14045527
14046495
14281664
14342647
14342648
14429167
14432835
14433385
14438252
14494187
14494188
14527727
14602479
14602921
14629002
14746771
14762060
14964115
15036531
15129585
15143038
15143041
15145506
15156997
15178001
15200073
15219967
15535954
15556311
15583154
15729893
15750104
15766938
15837379
15863291
15932982
15946743
16032298
16166545
16257143
16304194
16316420
16342778
16343944
16368970
16401080
16549656
16553745
16557857
16617697
16624356
16624721
16641018
16642715
16642716
16642877
16726715
16727795
16788201
16820137
16870783
16919417
16970677
16973118
16978803
17157043
17158077
17224248
17229440
17239497
17341019
17397386
17405622
17422225
17439646
17482408
17600181
17606362
17674137
17706775
17911291
17933367
17936044
17956424
17969714
17972304
17998309
18062246
18073095
18191921
18227258
18234866
18258170
18312568
18322559
18406471
18667575
18678244
18835146
18922196
19055628
19187963
19361829
19364458
19443045
19446837
19457526
19502315
19619962
19665400
19696080
19696102
19696314
19726613
19766669
19818124
19900769
19932578
19967923
20091126
20357055
20381545
20413227
20413228
20488990
20525343
20534794
20542647
20560128
20563883
20580496
20663618
20708197
20802067
20960059
20966258
21120796
21220162
21324191
21439870
21471346
21482517
21620492
21663697
21726966
21731639
21735340
21838878
21908292
22098816
22115814
22194224
22271459
22284907
22447562
22448677
22465802
22479374
22533922
22558362
22587441
22685606
22695989
22735987
22843585
22941652
22952911
23002064
23031072
23071648
23145790
23154071
23155485
23300541
23363353
23469346
23502559
23651007
23710975
23711669
23759248
23762593
23810743
23832316
23869216
23873917
24016869
24035434
24090811
24192863
24325901
24332827
24333334
24359340
24364348
24438089
24589111
24668627
24828562
24880898
24897538
25059705
25101070
25123820
25309894
25323717
25398856
25444801
25495903
25539750
25543157
25596826
25638988
25733516
25774095
25814605
25881067
25894821
25951987
26088269
26244581
26354009
26384697
26427634
26431338
26476145
26490663
26750304
26806796
26812834
26827840
26837619
26964722
27013737
27037120
27053669
27081135
27114507
27178561
27374908
27387734
27481531
27488189
27489041
27496744
27497759
27535766
27649681
27681641
27723054
28111131
28115382
28348033
28558768
28611743
28659605
28702460
28754725
28948623
28951993
29286101
29311927
29329577
29556819
29657968
29665869
29682293
29786424
29914676
29936670
29977494
30102350
30255039
30315701
30370271
30538929
30541131
30574997
30596376
30645947
30657448
30852958
30964460
31001234
31071461
31118296
31226867
31275271
31537664
31540994
31566864
31831071
32233136
32292794
32325253
32370343
32390522
32601044
32625292
32650780
32728480
32736456
32884913
33198794
33211173
33230579
33374107
33570262
33612797
33718469
33862331
33898300
33937372
33997676
34073966
34203625
34255430
34321522
34490709
34515387
34934457
35079288
35215965
35479634
35586580
35613018
36000854
36049268
36296185
36422368
36969572
37022136
37219834
37302755
37407813
37636038
37790116
37823548
38026191
38050960
38133236
38143857
38295490
38365481
38461244
38507598
38587616
38771810
38935768
38985673
39061526
39376920
39464110
39516463
39576580
