14657116
15596722
16120444
16409639
17442016
18266472
18355891
18455187
18648877
19891493
24305113
24618567
25214154
26682857
27812801
29688454
29727646
29792261
31694288
31951952
33878643
34289630
34371415
35934758
36385389
38455576
39355680
39468450
14657116
15596722
16120444
16409639
17442016
18266472
18355891
18455187
18648877
19891493
24305113
24618567
25214154
26682857
27812801
29688454
29727646
29792261
31694288
31951952
33878643
34289630
34371415
35934758
36385389
38455576
39355680
39468450
