30349087
30760087
31840161
31955643
32066702
32250242
32488198
32687462
33431595
35130347
35348232
35357218
35794639
36052065
36557621
36678190
36922439
37511151
37871232
38402829
38421192
38540144
38862253
38965062
39144222
39370907
39481656
39568726
30349087
30760087
31840161
31955643
32066702
32250242
32488198
32687462
33431595
35130347
35348232
35357218
35794639
36052065
36557621
36678190
36922439
37511151
37871232
38402829
38421192
38540144
38862253
38965062
39144222
39370907
39481656
39568726
