171989
401495
402788
842351
857608
1004377
1551990
2279987
2730785
3958140
4211316
4509398
4517039
5488467
7699070
8223662
8265254
8347509
8408570
8811367
8904455
9636888
9730315
11404072
12839162
12843114
12848758
15818312
17510275
18287303
18819623
19266926
21754967
21994333
22324467
23117418
23899162
24808790
25092687
25283067
25832956
26191508
26483525
26548291
26655669
26813911
26917793
27803825
29676447
30074474
30322851
31094270
31331980
31378677
32013366
32656111
32776107
33168608
33248211
33870889
34008832
34038628
34664721
34826801
35132053
35512370
35667088
36040159
36118052
36212901
36543370
36650527
36845771
38004205
38674317
39023135
