99218
103520
117655
402115
805728
828023
1326138
1344901
1370395
1418236
1440636
1440646
1485342
1485343
1509499
1519410
1654852
1801597
1902496
1902564
1903001
1905521
1907412
1926162
1949504
2036020
2080233
2106745
2110090
2120461
2174036
2369577
2500922
2502775
2503916
2506812
2508270
2511394
2515803
2537099
2539045
2539046
2617540
2724139
2776569
2806414
2898997
3016003
3085291
3087033
3089773
3095554
3096266
3101230
3104380
3108872
3109075
3113896
3115307
3116892
3119237
3119531
3123509
3124300
3129823
3129824
3129825
3132107
3135416
3140425
3142107
3144062
3147986
3149051
3194914
3245055
3750342
3923193
3923932
3927523
4191159
4193326
4204656
4219438
4221987
4312071
4331163
4621732
4628662
4986730
6405136
6407109
6416128
6418544
6424323
6426092
6443833
6787984
6798472
6805430
6808921
6819658
6819659
7483225
7574617
7594200
7613738
7613739
7670181
7676468
7710323
7749583
7759128
7764220
7871250
7935065
8019082
8146867
8189358
8240717
8240966
8266349
8310441
8342176
8373855
8373856
8382198
8385815
8396333
8477005
8556152
8561926
8571383
8595871
8645500
8691419
8691420
8721627
8735244
8858862
8930753
8931334
8931758
8947837
8973333
8998982
9003451
9037772
9099431
9116041
9131592
9133713
9184038
9226902
9237344
9247024
9249979
9285911
9319198
9376815
9385145
9390939
9427407
9428108
9438062
9467204
9550107
9579343
9620573
9637798
9690788
9717298
9732533
9734343
9741107
9745918
9804976
9828255
9842728
9922276
9925609
10050033
10082653
10187782
10322771
10393275
10400301
10425250
10467167
10484739
10495470
10514550
10528638
10605581
10618220
10705551
10739746
10758887
10765462
10774818
10788786
10811570
10858510
10873634
10919796
10946523
10969053
10971766
10977878
10987215
10987919
11000050
11033079
11036504
11051625
11071321
11094283
11133456
11222032
11235865
11268858
11328866
11329689
11345541
11374973
11384726
11411709
11419118
11478953
11478965
11479662
11534946
11600147
11679328
11680755
11700361
11769249
11790735
11807924
11823177
11846757
11887319
11889487
12088439
12102214
12105942
12127737
12127738
12138761
12141855
12150247
12172808
12242673
12353869
12406716
12409456
12413789
12417484
12448023
12450830
12467660
12483602
12530180
12601616
12635102
12635103
12676440
12676729
12697377
12708287
12713441
12740806
12781842
12785585
12843668
12875411
12893065
12900942
12951521
12967000
12974412
13536907
13638864
13788092
14535409
14618789
14698272
14717456
14719252
14719825
14757235
14758595
14766543
14997658
15004282
15060038
15060981
15087203
15091845
15092171
15110469
15137657
15158512
15158564
15162685
15199984
15199995
15253043
15261016
15268934
15312721
15328686
15366845
15376531
15451603
15461385
15495984
15506524
15515966
15528494
15533019
15556080
15679310
15685685
15691911
15707167
15712290
15720004
15739885
15744422
15759878
15759887
15792618
15793822
15804518
15820132
15836471
15857380
15892041
15892063
15892068
15892069
15892070
15927745
15936102
15952430
16003471
16004318
16004319
16007662
16018905
16047803
16051085
16052377
16112821
16122937
16124482
16137763
16158859
16162225
16169057
16180770
16180807
16184335
16204530
16213637
16215645
16233804
16236411
16269680
16269818
16295889
16313001
16329851
16346344
16346779
16348697
16349552
16359133
16360333
16376961
16406591
16408933
16413996
16420359
16427180
16448731
16451180
16461672
16465882
16468755
16481570
16485170
16535629
16540149
16554079
16573840
16580745
16600317
16610226
16626775
16645927
16663094
16664557
16664682
16667282
16688541
16737967
16758860
16758961
16762387
16764042
16767994
16777178
16831412
16832749
16855901
16855902
16855907
16860837
16865923
16905173
16910120
16910937
16911837
16963555
17005226
17010404
17018417
17030055
17044495
17092296
17097715
17114109
17123017
17125460
17137627
17142460
17163507
17172325
17203599
17207510
17265964
17303210
17333126
17342429
17353025
17374127
17380237
17421184
17429158
17439014
17447543
17509890
17509970
17548104
17587381
17607725
17607731
17618398
17626450
17632756
17674727
17675203
17706912
17827326
17891965
17919815
17953205
17975077
17990557
18008101
18051295
18054385
18065537
18086195
18164782
18192279
18221764
18232228
18243271
18243451
18245249
18266701
18268974
18268975
18268976
18281396
18290422
18290464
18290465
18332548
18339415
18344338
18348290
18355235
18395293
18419095
18461441
18461792
18470385
18477575
18486180
18486331
18496628
18499215
18534010
18546106
18558743
18613507
18620722
18637333
18640729
18647335
18678021
18706427
18728733
18766575
18802748
18803596
18811657
18855137
18973386
18997376
19065630
19083255
19084252
19092863
19100632
19117205
19130275
19131120
19143365
19152981
19186818
19189307
19192818
19201447
19201978
19205692
19232725
19245020
19245033
19256371
19260658
19263450
19279009
19290679
19309518
19328562
19333438
19353890
19393682
19395066
19397919
19416349
19419034
19434356
19448307
19457536
19463155
19472943
19476966
19494449
19498993
19539351
19557299
19585111
19609871
19615396
19619572
19637686
19645030
19650639
19669611
19673094
19675924
19675927
19708220
19709255
19716610
19748652
19754885
19809154
19818983
19822166
19853885
19865537
19898749
19917101
19944444
19967171
19970869
20004408
20005556
20030154
20038587
20045191
20060561
20077231
20084114
20108022
20108694
20144637
20150713
20153057
20156472
20175526
20187374
20195748
20329519
20362317
20363789
20369568
20376712
20391695
20397384
20401779
20450120
20451264
20453121
20462626
20486436
20507987
20511422
20512630
20532619
20537022
20549608
20549609
20549631
20566224
20570314
20586240
20619941
20630723
20640876
20651435
20651451
20668410
20675050
20676212
20702088
20708946
20725941
20798589
20809345
20825017
20854832
20872220
20872690
20882340
20934201
20935388
20965566
21018103
21051144
21074238
21085789
21103573
21131096
21145941
21156198
21158871
21184053
21186724
21211815
21212071
21213042
21216530
21221535
21235152
21251177
21265504
21269996
21271244
21280650
21283831
21283863
21290099
21334747
21360882
21362633
21390081
21390221
21392491
21395310
21400142
21432713
21436545
21436560
21436570
21437399
21439163
21439565
21454074
21458018
21462707
21472388
21477863
21493030
21506493
21513270
21514619
21536379
21543049
21560143
21573169
21576874
21576885
21610102
21619891
21667196
21671609
21673889
21684872
21710225
21720829
21723604
21751018
21757220
21781844
21806454
21820143
21841026
21841028
21850447
21866753
21871724
21872902
21889198
21908013
21921103
21940066
22000715
22001821
22019108
22049710
22053471
22057279
22062155
22066470
22068486
22074855
22078228
22095162
22095249
22097011
22112563
22113826
22119237
22125458
22126519
22137447
22146960
22148239
22159157
22167691
22167941
22178303
22178707
22183802
22193542
22209277
22210212
22218771
22218976
22234271
22249403
22253623
22253827
22266576
22272126
22276137
22279445
22279899
22280481
22297228
22300553
22305202
22341398
22348996
22374190
22413018
22437383
22440593
22444724
22445242
22458215
22460589
22483441
22507249
22523486
22537919
22540209
22551851
22565742
22587002
22604771
22609659
22619948
22623193
22636003
22645328
22658940
22676507
22678553
22714174
22717750
22727861
22728963
22729046
22765903
22770966
22790369
22797226
22799445
22814493
22817604
22819632
22824675
22828302
22832001
22834560
22870313
22883706
22898668
22932888
22943151
22952627
22952848
22954602
22956111
22968687
22982500
22988639
23007101
23017252
23024415
23047146
23047148
23052581
23053237
23057858
23138177
23149714
23153007
23168310
23189686
23202758
23228465
23245541
23246722
23264072
23286015
23305284
23306258
23336138
23336673
23349705
23352147
23357506
23369164
23379158
23380052
23391333
23395483
23412070
23413757
23430182
23444840
23460891
23481586
23487931
23488738
23489492
23493170
23498128
23498282
23504082
23514068
23520853
23522529
23537600
23561505
23567151
23570781
23584804
23586249
23586751
23596725
23611410
23627896
23636583
23636594
23646185
23647228
23650523
23653319
23664445
23675656
23694734
23697140
23715735
23718637
23726538
23726712
23727796
23733205
23744054
23765856
23765937
23766403
23773609
23792253
23798134
23810520
23838039
23848059
23856124
23863437
23866133
23874386
23880793
23889328
23894552
23908289
23917641
23923416
23950996
23981883
23990146
24027993
24028538
24036150
24041525
24046225
24046239
24058503
24060579
24070168
24080007
24098501
24122265
24132080
24133644
24140690
24140921
24191475
24191597
24192829
24196312
24237350
24240105
24241584
24249268
24258505
24261844
24261937
24262841
24264423
24268348
24275508
24289950
24293343
24316803
24323250
24332729
24369649
24380974
24388829
24392715
24395509
24420228
24427318
24435538
24455935
24459915
24462928
24465807
24467996
24468526
24488240
24490596
24502417
24508915
24515350
24520691
24520721
24527608
24530727
24552364
24553247
24566920
24567114
24568788
24586036
24600873
24620602
24636363
24639371
24642294
24642434
24647185
24651056
24667652
24681699
24701910
24712178
24720955
24772823
24776722
24812953
24815049
24830259
24838591
24839094
24858783
24859233
24868986
24873915
24874888
24912221
24920130
24921194
24922097
24952206
24960124
24961074
24964633
25008982
25016428
25041118
25051238
25059440
25065786
25072768
25074832
25078538
25090625
25103898
25108726
25112030
25119996
25139029
25141964
25154110
25158509
25169524
25170595
25173836
25180823
25196270
25201788
25204051
25204421
25209631
25211106
25225929
25240117
25241771
25261512
25262427
25312573
25338398
25342538
25354443
25369266
25372690
25380273
25381232
25382498
25388759
25402823
25409583
25416545
25444624
25450926
25450933
25463236
25463931
25464282
25479708
25479762
25496741
25497316
25513892
25522500
25548017
25549253
25559779
25575127
25579906
25580646
25584428
25587674
25590420
25627194
25638018
25638406
25641497
25649189
25662238
25662977
25682583
25694253
25701241
25702991
25726035
25754013
25763068
25792056
25796604
25799424
25802510
25812094
25821997
25849398
25849511
25850752
25854210
25889089
25898634
25902363
25903177
25923116
25935387
25940464
25956638
25968256
25980449
25994267
25997810
25999931
26021928
26026840
26029174
26048238
26057091
26070025
26070043
26081162
26092198
26093107
26100733
26114948
26119232
26119859
26123017
26130609
26132007
26132788
26133476
26137630
26141781
26143587
26150297
26163500
26181753
26194241
26208527
26224387
26232039
26233747
26234611
26246191
26251898
26255125
26295573
26314111
26318116
26319534
26319871
26322027
26329267
26336849
26342577
26344024
26347270
26354710
26357891
26364354
26378564
26380369
26383738
26399243
26404326
26410109
26423356
26432265
26473707
26479785
26479912
26490939
26492272
26496217
26515938
26547872
26567695
26581691
26585003
26591781
26613927
26625293
26626432
26673568
26675371
26676057
26677166
26686521
26690465
26691315
26709080
26723521
26729138
26738391
26761600
26766364
26767990
26773357
26790870
26800489
26803027
26803752
26827145
26846314
26846478
26851673
26851867
26863514
26866757
26874538
26896895
26900975
26909632
26945346
26967537
26968707
26986500
26987202
26988900
27008518
27009010
27010003
27020008
27020184
27020355
27021981
27032586
27032597
27039859
27041430
27053416
27057760
27097243
27103507
27105123
27115623
27122137
27126181
27148233
27154838
27155407
27155834
27186506
27189448
27227555
27232395
27232410
27236623
27263013
27322608
27337497
27348194
27357916
27366813
27372113
27400062
27400421
27409512
27411372
27412462
27421856
27447196
27448813
27449270
27459809
27459810
27471342
27472782
27474713
27482094
27486951
27497347
27517140
27518397
27522289
27537546
27538762
27548963
27556034
27590628
27604787
27614857
27643987
27665120
27666085
27669417
27670665
27680409
27685969
27694052
27709432
27712061
27713525
27714825
27732651
27745956
27754336
27755566
27756912
27771872
27773604
27776868
27777956
27810578
27814527
27822307
27834696
27856592
27862451
27864907
27888776
27919553
27983812
27992848
28003198
28025806
28040114
28042892
28063146
28064361
28070815
28073492
28073507
28073559
28073560
28079177
28104332
28112659
28118894
28118895
28119512
28126284
28127689
28129951
28142092
28155293
28164281
28184984
28188554
28193586
28206904
28207058
28208670
28213307
28224338
28226248
28230067
28230795
28233985
28236765
28252111
28254028
28260658
28271736
28279868
28281066
28282404
28283295
28299571
28303312
28312018
28328927
28335565
28368104
28398349
28401624
28411514
28412817
28414773
28423343
28431349
28463731
28464383
28475156
28476001
28478559
28485428
28513574
28528816
28545210
28555337
28570054
28600514
28602253
28612313
28614737
28642462
28650640
28666088
28673519
28688807
28713340
28714921
28721624
28730360
28738143
28755715
28777340
28798298
28802140
28831771
28834768
28846860
28854641
28860619
28862419
28867804
28873456
28874710
28899665
28919690
28938156
28944994
28946093
28956106
28962341
28992446
29020009
29025942
29034336
29051599
29052371
29055776
29063395
29068338
29070448
29075240
29079975
29112878
29117587
29122241
29125050
29149675
29149711
29156332
29169051
29169565
29169566
29188851
29190469
29190513
29198029
29206156
29220784
29223083
29236244
29247956
29248704
29272288
29275484
29277080
29291583
29304280
29304416
29306189
29306392
29306666
29323219
29324383
29324395
29331810
29335171
29353776
29358693
29389873
29396347
29403457
29405714
29406099
29437104
29442131
29472345
29480311
29492812
29510518
29515552
29522323
29533811
29543925
29568293
29576807
29593677
29602503
29614472
29625405
29628107
29635192
29644613
29675015
29698225
29704758
29705435
29706940
29724472
29724846
29728971
29744520
29752669
29752672
29774437
29781299
29793161
29793205
29797906
29806796
29847132
29847777
29869212
29885617
29890479
29890497
29899430
29903142
29909220
29915055
29922255
29933985
29943215
29944120
29948705
29957580
29964418
29964464
29964544
29964631
29964671
29964673
29964936
29965254
29965574
29985599
29996438
30000909
30005177
30005799
30007258
30013944
30022338
30031309
30041121
30041158
30041444
30058039
30069722
30072763
30075376
30077157
30081995
30082615
30108575
30114556
30118909
30168717
30170208
30171927
30173112
30178409
30195130
30196921
30196924
30197869
30205471
30207712
30209770
30223325
30242593
30245426
30253301
30265926
30266031
30269018
30284309
30286424
30300806
30317119
30356004
30362595
30394041
30399538
30414550
30415457
30439669
30439689
30448287
30469064
30471494
30481678
30481709
30483838
30485643
30500607
30500701
30503872
30530218
30539395
30543953
30579201
30593313
30594710
30600211
30617295
30623206
30623828
30625638
30633819
30638501
30640117
30641423
30669084
30673265
30677691
30682229
30682758
30690235
30692021
30694112
30703731
30712852
30718739
30746511
30761715
30776596
30784450
30797125
30816221
30852317
30861041
30889406
30892033
30918499
30925328
30927222
30928013
30952000
30952329
30953856
30954008
30954847
30978967
30990314
30991631
30993559
31024489
31039452
31051353
31057530
31068163
31073245
31075577
31087865
31097251
31097252
31097253
31101283
31101340
31111178
31116293
31129339
31133266
31150951
31154644
31164875
31178949
31181296
31181869
31201458
31205310
31216706
31229728
31233235
31237931
31238580
31247437
31255781
31265980
31280379
31284157
31285087
31287833
31289701
31295694
31324627
31326544
31328506
31330342
31330981
31344288
31344839
31349882
31351354
31352571
31357091
31357465
31358272
31358281
31369920
31387024
31390482
31393602
31398780
31401329
31415966
31419664
31420344
31430706
31435810
31444201
31450218
31450346
31454606
31462174
31465783
31466196
31470284
31470337
31471035
31471659
31493752
31494204
31502316
31504438
31505765
31526809
31549669
31582161
31587082
31588181
31589311
31598929
31621842
31623095
31627270
31637830
31638032
31642727
31654861
31672227
31672370
31676094
31676479
31678882
31689655
31699453
31699478
31706764
31726097
31730028
31732898
31755935
31763185
31766024
31766783
31767457
31785921
31788731
31790994
31795383
31799959
31810530
31820237
31835794
31846787
31854702
31854708
31855790
31877619
31881428
31892695
31892993
31901509
31906135
31906777
31907933
31911316
31916382
31918145
31923686
31927185
31932648
31935546
31935614
31935921
31945559
31948955
31955073
31956160
31961660
31966175
31979406
31989826
31995860
31995862
32000020
32006333
32019107
32035333
32045977
32050124
32051648
32059332
32062224
32062559
32066007
32074549
32084686
32088440
32103795
32113588
32113608
32114135
32135322
32141004
32151246
32155550
32197406
32197669
32203795
32208197
32210938
32219655
32222924
32224357
32241856
32245045
32246417
32251950
32266623
32279264
32283394
32302105
32305701
32306073
32307072
32322241
32325291
32325594
32331178
32335379
32338427
32339839
32339864
32354080
32360213
32385599
32387731
32414501
32417588
32440713
32440871
32443714
32454338
32460064
32463659
32473499
32485489
32492911
32496782
32517048
32544485
32545576
32551080
32563481
32575534
32577973
32593822
32605986
32615428
32618316
32621193
32622232
32622236
32625177
32638304
32650637
32659138
32668373
32673874
32696567
32700278
32700833
32711324
32721610
32732048
32732052
32738454
32738604
32739269
32740748
32758751
32758840
32758948
32763606
32767213
32771689
32808126
32810715
32823043
32824610
32827985
32829212
32857084
32872608
32888603
32898730
32898791
32920391
32937707
32943567
32947717
32957293
32972941
33027628
33055399
33067791
33068992
33086464
33096390
33097143
33128150
33130072
33143884
33145874
33151809
33180284
33182012
33182627
33191018
33196340
33218432
33218732
33233813
33238040
33239234
33239466
33254935
33256756
33257060
33260105
33277584
33281752
33288276
33290952
33296757
33297241
33310358
33320886
33321278
33330378
33335524
33343544
33352526
33360217
33370358
33385876
33385902
33387716
33394510
33396101
33396174
33401450
33410059
33418289
33421845
33422753
33441648
33465615
33465632
33474619
33483577
33483964
33515152
33515889
33516101
33526179
33526189
33540290
33540511
33572944
33588335
33608790
33639423
33645160
33658622
33679669
33709898
33711366
33715725
33716069
33717001
33736237
33742879
33743270
33767041
33770293
33773451
33780186
33801135
33810255
33843481
33851251
33861179
33861424
33862333
33871768
33874577
33892284
33916821
33932907
33933491
33937198
33940716
33968563
33985716
33988856
34000652
34004582
34009576
34010716
34020285
34023990
34028619
34030396
34033480
34035564
34040287
34060332
34072711
34081307
34082314
34086172
34114144
34118245
34126472
34147792
34153748
34161875
34175707
34181406
34200971
34200982
34203459
34214029
34232855
34237867
34246096
34246136
34247079
34251462
34256331
34264629
34298276
34312760
34315026
34315055
34323790
34325137
34327648
34332491
34340178
34341843
34391111
34394016
34399262
34402007
34411798
34426391
34442673
34442861
34444364
34449344
34474382
34491500
34492776
34505238
34517177
34526274
34533748
34537707
34537942
34551458
34564601
34564605
34569003
34583079
34585353
34590827
34599447
34600397
34606873
34626705
34626715
34633686
34634480
34637876
34648785
34687995
34695468
34717209
34731663
34740739
34774907
34794020
34799801
34802826
34807429
34810262
34818109
34827137
34835404
34846610
34859536
34874899
34887004
34894426
34894507
34896494
34914575
34952496
34961124
34962797
34973318
34974094
34980750
34984609
34990666
34997489
35016758
35030472
35031986
35038289
35048281
35051775
35065340
35074368
35077797
35078055
35084678
35091235
35102198
35119504
35121420
35129075
35138230
35166700
35167928
35175518
35175534
35202155
35215876
35216026
35217023
35217491
35220103
35223202
35235682
35245623
35259559
35268833
35272080
35278451
35293207
35304143
35321650
35324694
35324698
35330137
35342603
35347625
35347626
35354765
35377122
35379075
35397725
35403347
35405194
35427658
35434123
35437706
35438519
35446755
35468450
35481007
35487002
35493010
35495711
35526622
35534960
35536319
35539908
35547055
35550290
35550292
35564879
35597014
35597338
35598674
35604440
35609660
35627857
35629409
35633451
35633692
35683642
35696645
35715037
35716556
35722313
35733687
35744654
35753350
35761141
35763143
35771009
35776301
35777583
35795358
35805215
35807685
35816254
35837847
35863225
35868085
35878222
35878230
35886570
35920341
35933879
35944955
35944959
35944962
35963136
35963319
35972278
35974488
35985140
35995295
36007744
36029154
36037959
36053821
36057334
36068742
36069735
36080055
36084777
36087653
36108496
36109479
36123556
36136196
36136576
36144342
36146857
36150599
36166626
36167780
36174318
36178647
36179609
36180771
36191528
36194332
36194938
36195129
36195416
36195425
36208737
36214759
36215775
36223040
36224136
36241112
36252763
36257435
36274502
36296328
36309262
36323116
36326555
36334778
36336050
36342526
36360745
36361487
36368067
36375605
36375906
36375921
36379431
36384622
36384623
36395857
36406598
36418821
36422986
36436455
36444958
36462100
36463745
36493887
36502599
36512146
36516625
36532453
36548605
36602358
36610341
36621276
36621494
36622614
36635846
36638170
36641191
36648729
36668822
36680989
36683448
36688685
36692721
36705822
36732453
36738609
36741884
36767351
36774780
36777312
36791856
36804238
36804880
36806306
36812870
36822531
36823519
36827725
36827767
36838348
36849021
36851003
36853534
36860069
36863597
36863625
36868155
36884198
36894214
36917389
36940815
36948014
36963926
36966924
36977111
36981956
37001191
37011377
37029289
37044329
37054443
37056015
37061422
37086296
37087009
37087861
37099872
37099873
37104190
37104192
37110421
37150346
37163388
37169240
37172458
37176865
37178955
37194081
37209855
37211116
37220983
37220985
37225380
37233524
37236469
37241590
37244305
37244608
37245407
37277039
37307725
37327839
37329914
37364302
37365664
37379426
37379744
37418942
37422216
37423414
37426024
37430079
37442327
37451644
37452539
37454719
37467560
37487335
37517148
37520970
37527710
37532199
37540421
37544676
37565453
37567143
37569577
37592233
37595905
37598850
37611813
37651324
37660808
37665318
37666341
37669718
37672994
37673240
37688854
37711288
37714037
37714576
37720143
37730048
37732290
37739259
37741215
37748231
37764509
37776621
37776710
37778804
37778839
37797925
37802498
37806585
37816294
37819800
37838315
37844340
37851310
37855595
37858828
37865071
37865257
37866108
37876836
37906720
37926692
37939934
37949181
37951605
37951612
37967676
37973097
37979364
37979804
37989462
37991690
37995953
38001754
38004771
38008252
38017598
38029977
38038922
38061645
38073162
38079038
38096081
38104816
38113729
38125563
38147752
38148391
38151210
38154634
38170242
38170350
38171790
38174634
38181948
38181954
38183749
38215868
38217816
38237498
38266727
38272139
38286286
38291777
38292251
38301819
38310846
38311594
38316281
38321671
38325097
38325511
38340819
38340834
38340844
38341000
38341075
38350213
38350561
38354462
38360412
38362588
38367432
38367436
38369089
38382604
38390827
38419766
38458678
38460263
38467198
38476692
38485443
38490607
38495512
38499421
38508040
38508265
38513945
38516272
38554519
38555091
38556017
38558345
38574613
38587591
38598945
38603907
38608594
38613957
38631630
38633455
38636613
38646007
38659192
38668477
38677071
38678710
38685554
38688041
38689840
38695606
38705613
38717721
38718148
38718906
38719066
38723685
38733784
38735459
38740841
38749125
38763742
38781856
38795819
38797360
38801804
38820757
38823607
38833998
38844105
38850693
38851826
38852392
38865103
38876528
38878336
38879032
38885712
38889875
38906082
38947807
38964835
38969464
38986778
39003027
39003030
39029861
39047459
39047887
39083864
39083868
39094415
39094701
39106632
39114557
39122037
39154396
39154471
39154479
39180952
39195713
39195738
39195770
39203454
39255669
39260488
39285104
39286093
39293657
39299349
39330193
39330270
39332180
39332695
39342144
39363260
39368153
39369677
39374762
39377859
39382696
39393320
39411151
39413518
39413636
39426149
39436158
39442567
39444304
39453179
39455128
39458344
39461510
39461521
39471947
39475151
39486326
39490399
39492099
39492530
39504017
39522205
39547291
39550875
39561538
39567074
39567075
39577387
39577703
39589590
39591210
39591212
39597597
39597650
39598739
39599398
99218
103520
117655
402115
805728
828023
1326138
1344901
1370395
1418236
1440636
1440646
1485342
1485343
1509499
1519410
1654852
1801597
1902496
1902564
1903001
1905521
1907412
1926162
1949504
2036020
2080233
2106745
2110090
2120461
2174036
2369577
2500922
2502775
2503916
2506812
2508270
2511394
2515803
2537099
2539045
2539046
2617540
2724139
2776569
2806414
2898997
3016003
3085291
3087033
3089773
3095554
3096266
3101230
3104380
3108872
3109075
3113896
3115307
3116892
3119237
3119531
3123509
3124300
3129823
3129824
3129825
3132107
3135416
3140425
3142107
3144062
3147986
3149051
3194914
3245055
3750342
3923193
3923932
3927523
4191159
4193326
4204656
4219438
4221987
4312071
4331163
4621732
4628662
4986730
6405136
6407109
6416128
6418544
6424323
6426092
6443833
6787984
6798472
6805430
6808921
6819658
6819659
7483225
7574617
7594200
7613738
7613739
7670181
7676468
7710323
7749583
7759128
7764220
7871250
7935065
8019082
8146867
8189358
8240717
8240966
8266349
8310441
8342176
8373855
8373856
8382198
8385815
8396333
8477005
8556152
8561926
8571383
8595871
8645500
8691419
8691420
8721627
8735244
8858862
8930753
8931334
8931758
8947837
8973333
8998982
9003451
9037772
9099431
9116041
9131592
9133713
9184038
9226902
9237344
9247024
9249979
9285911
9319198
9376815
9385145
9390939
9427407
9428108
9438062
9467204
9550107
9579343
9620573
9637798
9690788
9717298
9732533
9734343
9741107
9745918
9804976
9828255
9842728
9922276
9925609
10050033
10082653
10187782
10322771
10393275
10400301
10425250
10467167
10484739
10495470
10514550
10528638
10605581
10618220
10705551
10739746
10758887
10765462
10774818
10788786
10811570
10858510
10873634
10919796
10946523
10969053
10971766
10977878
10987215
10987919
11000050
11033079
11036504
11051625
11071321
11094283
11133456
11222032
11235865
11268858
11328866
11329689
11345541
11374973
11384726
11411709
11419118
11478953
11478965
11479662
11534946
11600147
11679328
11680755
11700361
11769249
11790735
11807924
11823177
11846757
11887319
11889487
12088439
12102214
12105942
12127737
12127738
12138761
12141855
12150247
12172808
12242673
12353869
12406716
12409456
12413789
12417484
12448023
12450830
12467660
12483602
12530180
12601616
12635102
12635103
12676440
12676729
12697377
12708287
12713441
12740806
12781842
12785585
12843668
12875411
12893065
12900942
12951521
12967000
12974412
13536907
13638864
13788092
14535409
14618789
14698272
14717456
14719252
14719825
14757235
14758595
14766543
14997658
15004282
15060038
15060981
15087203
15091845
15092171
15110469
15137657
15158512
15158564
15162685
15199984
15199995
15253043
15261016
15268934
15312721
15328686
15366845
15376531
15451603
15461385
15495984
15506524
15515966
15528494
15533019
15556080
15679310
15685685
15691911
15707167
15712290
15720004
15739885
15744422
15759878
15759887
15792618
15793822
15804518
15820132
15836471
15857380
15892041
15892063
15892068
15892069
15892070
15927745
15936102
15952430
16003471
16004318
16004319
16007662
16018905
16047803
16051085
16052377
16112821
16122937
16124482
16137763
16158859
16162225
16169057
16180770
16180807
16184335
16204530
16213637
16215645
16233804
16236411
16269680
16269818
16295889
16313001
16329851
16346344
16346779
16348697
16349552
16359133
16360333
16376961
16406591
16408933
16413996
16420359
16427180
16448731
16451180
16461672
16465882
16468755
16481570
16485170
16535629
16540149
16554079
16573840
16580745
16600317
16610226
16626775
16645927
16663094
16664557
16664682
16667282
16688541
16737967
16758860
16758961
16762387
16764042
16767994
16777178
16831412
16832749
16855901
16855902
16855907
16860837
16865923
16905173
16910120
16910937
16911837
16963555
17005226
17010404
17018417
17030055
17044495
17092296
17097715
17114109
17123017
17125460
17137627
17142460
17163507
17172325
17203599
17207510
17265964
17303210
17333126
17342429
17353025
17374127
17380237
17421184
17429158
17439014
17447543
17509890
17509970
17548104
17587381
17607725
17607731
17618398
17626450
17632756
17674727
17675203
17706912
17827326
17891965
17919815
17953205
17975077
17990557
18008101
18051295
18054385
18065537
18086195
18164782
18192279
18221764
18232228
18243271
18243451
18245249
18266701
18268974
18268975
18268976
18281396
18290422
18290464
18290465
18332548
18339415
18344338
18348290
18355235
18395293
18419095
18461441
18461792
18470385
18477575
18486180
18486331
18496628
18499215
18534010
18546106
18558743
18613507
18620722
18637333
18640729
18647335
18678021
18706427
18728733
18766575
18802748
18803596
18811657
18855137
18973386
18997376
19065630
19083255
19084252
19092863
19100632
19117205
19130275
19131120
19143365
19152981
19186818
19189307
19192818
19201447
19201978
19205692
19232725
19245020
19245033
19256371
19260658
19263450
19279009
19290679
19309518
19328562
19333438
19353890
19393682
19395066
19397919
19416349
19419034
19434356
19448307
19457536
19463155
19472943
19476966
19494449
19498993
19539351
19557299
19585111
19609871
19615396
19619572
19637686
19645030
19650639
19669611
19673094
19675924
19675927
19708220
19709255
19716610
19748652
19754885
19809154
19818983
19822166
19853885
19865537
19898749
19917101
19944444
19967171
19970869
20004408
20005556
20030154
20038587
20045191
20060561
20077231
20084114
20108022
20108694
20144637
20150713
20153057
20156472
20175526
20187374
20195748
20329519
20362317
20363789
20369568
20376712
20391695
20397384
20401779
20450120
20451264
20453121
20462626
20486436
20507987
20511422
20512630
20532619
20537022
20549608
20549609
20549631
20566224
20570314
20586240
20619941
20630723
20640876
20651435
20651451
20668410
20675050
20676212
20702088
20708946
20725941
20798589
20809345
20825017
20854832
20872220
20872690
20882340
20934201
20935388
20965566
21018103
21051144
21074238
21085789
21103573
21131096
21145941
21156198
21158871
21184053
21186724
21211815
21212071
21213042
21216530
21221535
21235152
21251177
21265504
21269996
21271244
21280650
21283831
21283863
21290099
21334747
21360882
21362633
21390081
21390221
21392491
21395310
21400142
21432713
21436545
21436560
21436570
21437399
21439163
21439565
21454074
21458018
21462707
21472388
21477863
21493030
21506493
21513270
21514619
21536379
21543049
21560143
21573169
21576874
21576885
21610102
21619891
21667196
21671609
21673889
21684872
21710225
21720829
21723604
21751018
21757220
21781844
21806454
21820143
21841026
21841028
21850447
21866753
21871724
21872902
21889198
21908013
21921103
21940066
22000715
22001821
22019108
22049710
22053471
22057279
22062155
22066470
22068486
22074855
22078228
22095162
22095249
22097011
22112563
22113826
22119237
22125458
22126519
22137447
22146960
22148239
22159157
22167691
22167941
22178303
22178707
22183802
22193542
22209277
22210212
22218771
22218976
22234271
22249403
22253623
22253827
22266576
22272126
22276137
22279445
22279899
22280481
22297228
22300553
22305202
22341398
22348996
22374190
22413018
22437383
22440593
22444724
22445242
22458215
22460589
22483441
22507249
22523486
22537919
22540209
22551851
22565742
22587002
22604771
22609659
22619948
22623193
22636003
22645328
22658940
22676507
22678553
22714174
22717750
22727861
22728963
22729046
22765903
22770966
22790369
22797226
22799445
22814493
22817604
22819632
22824675
22828302
22832001
22834560
22870313
22883706
22898668
22932888
22943151
22952627
22952848
22954602
22956111
22968687
22982500
22988639
23007101
23017252
23024415
23047146
23047148
23052581
23053237
23057858
23138177
23149714
23153007
23168310
23189686
23202758
23228465
23245541
23246722
23264072
23286015
23305284
23306258
23336138
23336673
23349705
23352147
23357506
23369164
23379158
23380052
23391333
23395483
23412070
23413757
23430182
23444840
23460891
23481586
23487931
23488738
23489492
23493170
23498128
23498282
23504082
23514068
23520853
23522529
23537600
23561505
23567151
23570781
23584804
23586249
23586751
23596725
23611410
23627896
23636583
23636594
23646185
23647228
23650523
23653319
23664445
23675656
23694734
23697140
23715735
23718637
23726538
23726712
23727796
23733205
23744054
23765856
23765937
23766403
23773609
23792253
23798134
23810520
23838039
23848059
23856124
23863437
23866133
23874386
23880793
23889328
23894552
23908289
23917641
23923416
23950996
23981883
23990146
24027993
24028538
24036150
24041525
24046225
24046239
24058503
24060579
24070168
24080007
24098501
24122265
24132080
24133644
24140690
24140921
24191475
24191597
24192829
24196312
24237350
24240105
24241584
24249268
24258505
24261844
24261937
24262841
24264423
24268348
24275508
24289950
24293343
24316803
24323250
24332729
24369649
24380974
24388829
24392715
24395509
24420228
24427318
24435538
24455935
24459915
24462928
24465807
24467996
24468526
24488240
24490596
24502417
24508915
24515350
24520691
24520721
24527608
24530727
24552364
24553247
24566920
24567114
24568788
24586036
24600873
24620602
24636363
24639371
24642294
24642434
24647185
24651056
24667652
24681699
24701910
24712178
24720955
24772823
24776722
24812953
24815049
24830259
24838591
24839094
24858783
24859233
24868986
24873915
24874888
24912221
24920130
24921194
24922097
24952206
24960124
24961074
24964633
25008982
25016428
25041118
25051238
25059440
25065786
25072768
25074832
25078538
25090625
25103898
25108726
25112030
25119996
25139029
25141964
25154110
25158509
25169524
25170595
25173836
25180823
25196270
25201788
25204051
25204421
25209631
25211106
25225929
25240117
25241771
25261512
25262427
25312573
25338398
25342538
25354443
25369266
25372690
25380273
25381232
25382498
25388759
25402823
25409583
25416545
25444624
25450926
25450933
25463236
25463931
25464282
25479708
25479762
25496741
25497316
25513892
25522500
25548017
25549253
25559779
25575127
25579906
25580646
25584428
25587674
25590420
25627194
25638018
25638406
25641497
25649189
25662238
25662977
25682583
25694253
25701241
25702991
25726035
25754013
25763068
25792056
25796604
25799424
25802510
25812094
25821997
25849398
25849511
25850752
25854210
25889089
25898634
25902363
25903177
25923116
25935387
25940464
25956638
25968256
25980449
25994267
25997810
25999931
26021928
26026840
26029174
26048238
26057091
26070025
26070043
26081162
26092198
26093107
26100733
26114948
26119232
26119859
26123017
26130609
26132007
26132788
26133476
26137630
26141781
26143587
26150297
26163500
26181753
26194241
26208527
26224387
26232039
26233747
26234611
26246191
26251898
26255125
26295573
26314111
26318116
26319534
26319871
26322027
26329267
26336849
26342577
26344024
26347270
26354710
26357891
26364354
26378564
26380369
26383738
26399243
26404326
26410109
26423356
26432265
26473707
26479785
26479912
26490939
26492272
26496217
26515938
26547872
26567695
26581691
26585003
26591781
26613927
26625293
26626432
26673568
26675371
26676057
26677166
26686521
26690465
26691315
26709080
26723521
26729138
26738391
26761600
26766364
26767990
26773357
26790870
26800489
26803027
26803752
26827145
26846314
26846478
26851673
26851867
26863514
26866757
26874538
26896895
26900975
26909632
26945346
26967537
26968707
26986500
26987202
26988900
27008518
27009010
27010003
27020008
27020184
27020355
27021981
27032586
27032597
27039859
27041430
27053416
27057760
27097243
27103507
27105123
27115623
27122137
27126181
27148233
27154838
27155407
27155834
27186506
27189448
27227555
27232395
27232410
27236623
27263013
27322608
27337497
27348194
27357916
27366813
27372113
27400062
27400421
27409512
27411372
27412462
27421856
27447196
27448813
27449270
27459809
27459810
27471342
27472782
27474713
27482094
27486951
27497347
27517140
27518397
27522289
27537546
27538762
27548963
27556034
27590628
27604787
27614857
27643987
27665120
27666085
27669417
27670665
27680409
27685969
27694052
27709432
27712061
27713525
27714825
27732651
27745956
27754336
27755566
27756912
27771872
27773604
27776868
27777956
27810578
27814527
27822307
27834696
27856592
27862451
27864907
27888776
27919553
27983812
27992848
28003198
28025806
28040114
28042892
28063146
28064361
28070815
28073492
28073507
28073559
28073560
28079177
28104332
28112659
28118894
28118895
28119512
28126284
28127689
28129951
28142092
28155293
28164281
28184984
28188554
28193586
28206904
28207058
28208670
28213307
28224338
28226248
28230067
28230795
28233985
28236765
28252111
28254028
28260658
28271736
28279868
28281066
28282404
28283295
28299571
28303312
28312018
28328927
28335565
28368104
28398349
28401624
28411514
28412817
28414773
28423343
28431349
28463731
28464383
28475156
28476001
28478559
28485428
28513574
28528816
28545210
28555337
28570054
28600514
28602253
28612313
28614737
28642462
28650640
28666088
28673519
28688807
28713340
28714921
28721624
28730360
28738143
28755715
28777340
28798298
28802140
28831771
28834768
28846860
28854641
28860619
28862419
28867804
28873456
28874710
28899665
28919690
28938156
28944994
28946093
28956106
28962341
28992446
29020009
29025942
29034336
29051599
29052371
29055776
29063395
29068338
29070448
29075240
29079975
29112878
29117587
29122241
29125050
29149675
29149711
29156332
29169051
29169565
29169566
29188851
29190469
29190513
29198029
29206156
29220784
29223083
29236244
29247956
29248704
29272288
29275484
29277080
29291583
29304280
29304416
29306189
29306392
29306666
29323219
29324383
29324395
29331810
29335171
29353776
29358693
29389873
29396347
29403457
29405714
29406099
29437104
29442131
29472345
29480311
29492812
29510518
29515552
29522323
29533811
29543925
29568293
29576807
29593677
29602503
29614472
29625405
29628107
29635192
29644613
29675015
29698225
29704758
29705435
29706940
29724472
29724846
29728971
29744520
29752669
29752672
29774437
29781299
29793161
29793205
29797906
29806796
29847132
29847777
29869212
29885617
29890479
29890497
29899430
29903142
29909220
29915055
29922255
29933985
29943215
29944120
29948705
29957580
29964418
29964464
29964544
29964631
29964671
29964673
29964936
29965254
29965574
29985599
29996438
30000909
30005177
30005799
30007258
30013944
30022338
30031309
30041121
30041158
30041444
30058039
30069722
30072763
30075376
30077157
30081995
30082615
30108575
30114556
30118909
30168717
30170208
30171927
30173112
30178409
30195130
30196921
30196924
30197869
30205471
30207712
30209770
30223325
30242593
30245426
30253301
30265926
30266031
30269018
30284309
30286424
30300806
30317119
30356004
30362595
30394041
30399538
30414550
30415457
30439669
30439689
30448287
30469064
30471494
30481678
30481709
30483838
30485643
30500607
30500701
30503872
30530218
30539395
30543953
30579201
30593313
30594710
30600211
30617295
30623206
30623828
30625638
30633819
30638501
30640117
30641423
30669084
30673265
30677691
30682229
30682758
30690235
30692021
30694112
30703731
30712852
30718739
30746511
30761715
30776596
30784450
30797125
30816221
30852317
30861041
30889406
30892033
30918499
30925328
30927222
30928013
30952000
30952329
30953856
30954008
30954847
30978967
30990314
30991631
30993559
31024489
31039452
31051353
31057530
31068163
31073245
31075577
31087865
31097251
31097252
31097253
31101283
31101340
31111178
31116293
31129339
31133266
31150951
31154644
31164875
31178949
31181296
31181869
31201458
31205310
31216706
31229728
31233235
31237931
31238580
31247437
31255781
31265980
31280379
31284157
31285087
31287833
31289701
31295694
31324627
31326544
31328506
31330342
31330981
31344288
31344839
31349882
31351354
31352571
31357091
31357465
31358272
31358281
31369920
31387024
31390482
31393602
31398780
31401329
31415966
31419664
31420344
31430706
31435810
31444201
31450218
31450346
31454606
31462174
31465783
31466196
31470284
31470337
31471035
31471659
31493752
31494204
31502316
31504438
31505765
31526809
31549669
31582161
31587082
31588181
31589311
31598929
31621842
31623095
31627270
31637830
31638032
31642727
31654861
31672227
31672370
31676094
31676479
31678882
31689655
31699453
31699478
31706764
31726097
31730028
31732898
31755935
31763185
31766024
31766783
31767457
31785921
31788731
31790994
31795383
31799959
31810530
31820237
31835794
31846787
31854702
31854708
31855790
31877619
31881428
31892695
31892993
31901509
31906135
31906777
31907933
31911316
31916382
31918145
31923686
31927185
31932648
31935546
31935614
31935921
31945559
31948955
31955073
31956160
31961660
31966175
31979406
31989826
31995860
31995862
32000020
32006333
32019107
32035333
32045977
32050124
32051648
32059332
32062224
32062559
32066007
32074549
32084686
32088440
32103795
32113588
32113608
32114135
32135322
32141004
32151246
32155550
32197406
32197669
32203795
32208197
32210938
32219655
32222924
32224357
32241856
32245045
32246417
32251950
32266623
32279264
32283394
32302105
32305701
32306073
32307072
32322241
32325291
32325594
32331178
32335379
32338427
32339839
32339864
32354080
32360213
32385599
32387731
32414501
32417588
32440713
32440871
32443714
32454338
32460064
32463659
32473499
32485489
32492911
32496782
32517048
32544485
32545576
32551080
32563481
32575534
32577973
32593822
32605986
32615428
32618316
32621193
32622232
32622236
32625177
32638304
32650637
32659138
32668373
32673874
32696567
32700278
32700833
32711324
32721610
32732048
32732052
32738454
32738604
32739269
32740748
32758751
32758840
32758948
32763606
32767213
32771689
32808126
32810715
32823043
32824610
32827985
32829212
32857084
32872608
32888603
32898730
32898791
32920391
32937707
32943567
32947717
32957293
32972941
33027628
33039692
33055399
33067791
33068992
33086464
33096390
33097143
33128150
33130072
33143884
33145874
33151809
33180284
33182012
33182627
33191018
33196340
33218432
33218732
33233813
33238040
33239234
33239466
33254935
33256756
33257060
33260105
33277584
33281752
33288276
33290952
33296757
33297241
33310358
33320886
33321278
33330378
33335524
33343544
33352526
33360217
33370358
33385876
33385902
33387716
33394510
33396101
33396174
33401450
33410059
33418289
33421845
33422753
33441648
33465615
33465632
33474619
33483577
33483964
33515152
33515889
33516101
33526179
33526189
33540290
33540511
33572944
33588335
33608790
33639423
33645160
33658622
33679669
33709898
33711366
33715725
33716069
33717001
33736237
33742879
33743270
33767041
33770293
33773451
33780186
33801135
33810255
33843481
33851251
33861179
33861424
33862333
33871768
33874577
33892284
33916821
33932907
33933491
33937198
33940716
33968563
33985716
33988856
34000652
34004582
34009576
34010716
34020285
34023990
34028619
34030396
34033480
34035564
34040287
34060332
34072711
34081307
34082314
34086172
34114144
34118245
34126472
34147792
34153748
34161875
34175707
34181406
34200971
34200982
34203459
34214029
34232855
34237867
34246096
34246136
34247079
34251462
34256331
34264629
34298276
34312760
34315026
34315055
34323790
34325137
34327648
34332491
34340178
34341843
34391111
34394016
34399262
34402007
34411798
34426391
34442673
34442861
34444364
34449344
34474382
34491500
34492776
34505238
34517177
34526274
34533748
34537707
34537942
34551458
34564601
34564605
34569003
34583079
34585353
34590827
34599447
34600397
34606873
34626705
34626715
34633686
34634480
34637876
34648785
34687995
34695468
34717209
34731663
34740739
34774907
34794020
34799801
34802826
34807429
34810262
34818109
34827137
34835404
34846610
34859536
34874899
34887004
34894426
34894507
34896494
34914575
34952496
34961124
34962797
34973318
34974094
34980750
34984609
34990666
34997489
35016758
35030472
35031986
35038289
35048281
35051775
35065340
35074368
35077797
35078055
35084678
35091235
35102198
35119504
35121420
35129075
35138230
35166700
35167928
35175518
35175534
35202155
35215876
35216026
35217023
35217491
35220103
35223202
35235682
35245623
35259559
35268833
35272080
35278451
35293207
35304143
35321650
35324694
35324698
35330137
35342603
35347625
35347626
35354765
35377122
35379075
35397725
35403347
35405194
35427658
35434123
35437706
35438519
35446755
35468450
35481007
35487002
35493010
35495711
35526622
35534960
35536319
35539908
35547055
35550290
35550292
35564879
35597014
35597338
35598674
35604440
35609660
35627857
35629409
35633451
35633692
35683642
35696645
35715037
35716556
35722313
35733687
35744654
35753350
35761141
35763143
35771009
35776301
35777583
35795358
35805215
35807685
35816254
35837847
35863225
35868085
35878222
35878230
35886570
35920341
35933879
35944955
35944959
35944962
35963136
35963319
35972278
35974488
35985140
35995295
36007744
36029154
36037959
36053821
36057334
36068742
36069735
36080055
36084777
36087653
36108496
36109479
36123556
36136196
36136576
36144342
36146857
36150599
36166626
36167780
36174318
36178647
36179609
36180771
36191528
36194332
36194938
36195129
36195416
36195425
36208737
36214759
36215775
36223040
36224136
36241112
36252763
36257435
36274502
36296328
36309262
36323116
36326555
36334778
36336050
36342526
36360745
36361487
36368067
36375605
36375906
36375921
36379431
36384622
36384623
36395857
36406598
36418821
36422986
36436455
36444958
36462100
36463745
36493887
36502599
36512146
36516625
36532453
36548605
36602358
36610341
36621276
36621494
36622614
36635846
36638170
36641191
36648729
36668822
36680989
36683448
36688685
36692721
36705822
36732453
36738609
36741884
36767351
36774780
36777312
36791856
36804238
36804880
36806306
36812870
36822531
36823519
36827725
36827767
36838348
36849021
36851003
36853534
36860069
36863597
36863625
36868155
36884198
36894214
36917389
36940815
36948014
36963926
36966924
36977111
36981956
37001191
37011377
37029289
37044329
37054443
37056015
37061422
37086296
37087009
37087861
37099872
37099873
37104190
37104192
37110421
37150346
37163388
37169240
37172458
37176865
37178955
37194081
37209855
37211116
37220983
37220985
37225380
37233524
37236469
37241590
37244305
37244608
37245407
37277039
37307725
37327839
37329914
37364302
37365664
37379426
37379744
37418942
37422216
37423414
37426024
37430079
37442327
37451644
37452539
37454719
37467560
37487335
37517148
37520970
37527710
37532199
37540421
37544676
37565453
37567143
37569577
37592233
37595905
37598850
37611813
37651324
37660808
37665318
37666341
37669718
37672994
37673240
37688854
37711288
37714037
37714576
37720143
37730048
37732290
37739259
37741215
37748231
37764509
37776621
37776710
37778804
37778839
37797925
37802498
37806585
37816294
37819800
37838315
37844340
37851310
37855595
37858828
37865071
37865257
37866108
37876836
37906720
37926692
37939934
37949181
37951605
37951612
37967676
37973097
37979364
37979804
37989462
37991690
37995953
38001754
38004771
38008252
38017598
38029977
38038922
38061645
38073162
38079038
38096081
38104816
38113729
38125563
38147752
38148391
38151210
38154634
38170242
38170350
38171790
38174634
38181948
38181954
38183749
38215868
38217816
38237498
38266727
38272139
38278506
38286286
38291777
38292251
38301819
38310846
38311594
38316281
38321671
38325097
38325511
38340819
38340834
38340844
38341000
38341075
38350213
38350561
38354462
38360412
38362588
38367432
38367436
38369089
38382604
38390827
38419766
38458678
38460263
38467198
38476692
38485443
38490607
38495512
38499421
38508040
38508265
38513945
38516272
38554519
38555091
38556017
38558345
38574613
38587591
38598945
38603907
38608594
38613957
38631630
38633455
38636613
38646007
38659192
38668477
38677071
38678710
38685554
38688041
38689840
38695606
38705613
38717721
38718148
38718906
38719066
38723685
38733784
38735459
38740841
38749125
38763742
38781856
38795819
38797360
38801804
38820757
38823607
38833998
38844105
38850693
38851826
38852392
38865103
38876528
38878336
38879032
38885712
38889875
38906082
38947807
38964835
38969464
38986778
39003027
39003030
39029861
39047459
39047887
39083864
39083868
39094415
39094701
39106632
39114557
39122037
39154396
39154471
39154479
39180952
39195713
39195738
39195770
39203454
39255669
39260488
39285104
39286093
39293657
39299349
39330193
39330270
39332180
39332695
39342144
39363260
39368153
39369677
39374762
39377859
39382696
39393320
39411151
39413518
39413636
39426149
39436158
39442567
39444304
39453179
39455128
39458344
39461510
39461521
39471947
39475151
39486326
39490399
39492099
39492530
39504017
39522205
39547291
39550875
39561538
39567074
39567075
39577387
39577703
39589590
39591210
39591212
39597597
39597650
39598739
39599398
