2588
6270
9379
23857
33049
115855
121876
175054
195599
199583
204627
226131
229899
231033
325519
334541
334756
367783
387749
457645
479149
507806
521440
632802
659388
670151
670160
670161
678024
730757
738277
780125
884104
891551
934322
956153
985514
1126926
1142476
1170596
1280165
1281315
1289795
1311546
1314380
1315754
1320608
1327113
1328237
1337007
1339363
1347504
1356830
1368014
1379078
1397266
1397314
1400194
1400259
1413735
1429468
1437556
1441435
1447157
1451792
1499561
1508711
1521534
1539996
1541262
1541273
1550822
1550823
1560467
1577004
1577005
1587354
1592117
1625584
1637860
1653414
1655035
1682319
1686608
1714296
1720668
1738592
1742348
1748999
1753956
1756968
1756980
1764514
1828151
1830879
1836357
1840584
1841280
1848234
1856872
1870121
1880129
1885515
1889399
1899572
1901851
1907914
1908798
1915895
1915899
1920424
1965009
1993699
2011526
2013580
2022613
2038060
2071033
2078632
2078635
2118334
2146397
2147690
2153129
2167630
2169583
2176725
2187856
2188962
2189498
2190556
2191726
2207134
2223065
2226865
2254927
2258924
2263451
2270229
2277037
2283046
2335240
2336371
2338941
2359117
2362824
2368192
2384094
2388270
2400408
2438656
2447093
2459659
2459660
2473985
2482290
2536707
2540968
2545269
2561346
2579810
2583265
2585488
2587224
2602167
2722737
2732211
2822125
2824489
2826164
2841685
2842747
2844259
2854405
2855398
2879555
2882491
2917174
2982852
2985120
2986626
2988582
2991468
3021228
3024733
3032159
3032614
3032681
3052437
3054494
3067213
3069841
3076342
3104886
3111526
3124853
3126827
3131301
3131663
3210235
3226927
3242617
3281585
3307925
3309174
3313273
3317278
3323845
3325064
3351946
3378042
3384810
3419905
3430620
3533539
3542990
3606675
3624243
3635410
3639440
3663115
3666146
3746895
3759925
3828357
3853464
3872282
3956494
3957870
3996403
4006441
4066716
4088874
4280408
6084662
6171775
6182029
6191284
6201825
6243275
6243575
6243779
6244539
6244813
6251038
6254761
6255411
6258147
6258647
6263287
6265880
6269128
6278447
6279580
6290469
6298191
6302091
6305399
6305992
6313685
6319374
6321488
6322133
6323398
6323399
6338919
6341085
6370033
6381489
6448253
6468656
6469954
6504039
6522282
6522284
6526823
6622827
6664850
6664865
6775703
6828381
6830766
6835839
6841350
6885731
6900508
6921108
6987208
6990416
6993286
7006688
7016850
7054151
7085632
7107617
7122832
7183958
7198970
7225412
7240177
7409137
7476179
7476196
7476958
7476959
7479716
7488263
7498128
7508721
7516708
7519982
7525270
7532998
7535857
7540304
7547304
7548001
7556055
7556056
7559330
7565116
7578105
7589494
7591123
7608131
7612020
7613865
7615066
7618894
7649250
7649262
7657607
7664121
7665471
7685209
7692402
7694652
7701318
7711021
7720857
7730295
7750730
7756295
7758452
7763246
7765037
7765256
7765479
7770450
7771779
7773180
7784178
7794527
7803407
7812711
7819307
7819409
7849024
7849059
7849111
7881901
7906737
7907593
7920256
7929298
7929450
7957075
7957245
7961514
7961592
7966328
7982494
7983381
7988899
7988909
8003972
8029202
8031907
8045252
8056296
8060998
8070396
8070397
8071996
8082771
8095496
8098535
8112583
8113161
8113228
8119295
8123043
8128220
8128224
8130228
8136022
8137808
8137948
8138553
8140100
8150068
8161527
8163530
8169220
8169232
8177889
8180193
8181473
8183898
8195085
8199244
8199251
8215386
8218204
8226716
8230201
8276757
8282728
8294036
8307015
8319804
8332461
8340367
8357533
8366023
8370456
8371755
8383670
8383848
8385151
8385228
8387822
8389743
8392587
8393791
8401410
8405416
8405446
8412672
8416889
8416965
8427638
8454054
8478921
8487308
8494675
8495200
8515461
8524648
8529632
8535157
8535253
8543024
8543062
8543569
8550453
8550506
8555368
8563641
8566766
8567898
8572315
8574896
8575450
8576076
8576088
8580857
8587108
8590676
8593411
8598270
8599948
8604304
8610108
8617268
8621636
8626340
8633870
8635468
8636706
8637845
8639488
8647295
8652522
8654381
8654382
8655568
8661926
8663379
8663465
8675016
8706700
8706729
8706760
8720144
8756682
8759836
8760896
8760897
8760925
8761661
8762133
8787418
8804860
8825154
8827440
8839980
8841624
8846223
8868488
8875643
8891220
8892833
8901552
8903343
8907187
8913619
8914987
8932713
8934898
8936597
8944770
8947055
8953736
8955904
8977112
8980119
8990277
8995413
9003442
9004863
9016675
9016717
9020134
9030723
9051733
9058195
9061793
9086278
9096353
9115984
9126850
9139695
9140966
9150868
9153074
9159876
9168943
9171287
9207019
9208917
9218450
9220965
9221727
9237617
9242984
9244269
9247141
9249009
9249063
9253415
9254695
9258437
9271867
9275294
9276481
9276928
9278428
9281430
9299346
9299406
9300057
9305778
9315694
9321644
9331418
9332368
9335302
9346304
9349264
9349721
9350986
9354372
9358042
9362117
9399580
9406050
9406428
9418238
9418242
9426192
9428682
9448274
9451454
9459297
9461446
9480430
9485471
9490048
9493271
9493385
9498551
9534161
9540804
9540837
9541402
9547010
9548935
9562554
9566259
9572951
9575141
9582288
9586030
9586063
9593887
9600851
9613588
9620963
9623768
9636162
9636713
9638646
9642065
9644249
9647666
9654450
9655125
9655930
9665853
9675230
9680322
9685406
9692904
9705143
9720046
9722634
9722647
9723724
9723751
9727006
9730837
9733089
9738443
9738479
9741106
9746351
9746356
9748240
9753734
9757130
9758794
9766219
9767184
9773273
9778353
9784879
9789000
9792664
9795273
9795274
9797285
9813279
9825301
9850340
9851718
9858778
9862810
9864347
9864458
9864464
9868782
9878438
9880805
9880810
9889274
9894002
9918491
9930995
9931019
9931254
9931259
9972792
10029535
10049508
10050036
10064708
10067724
10074061
10089446
10089476
10089514
10090773
10092456
10092459
10092842
10094311
10097178
10188247
10192906
10200257
10214965
10220575
10227171
10230023
10329168
10333296
10353818
10356982
10360350
10377389
10386581
10386872
10395069
10409700
10413471
10413487
10423243
10427695
10430027
10467138
10476960
10479621
10485262
10485292
10486572
10495902
10497027
10512535
10512538
10512703
10518516
10527903
10529180
10531479
10544263
10544290
10545266
10556496
10561594
10561595
10570131
10572192
10572294
10574944
10578047
10580648
10583374
10588692
10591014
10591016
10610797
10611279
10611536
10613839
10632708
10637340
10645480
10656825
10666603
10666604
10673435
10677518
10683439
10698100
10712734
10713555
10727213
10731660
10734213
10735860
10741834
10744024
10753109
10771445
10775261
10777521
10779865
10788428
10788522
10788805
10801481
10810156
10810180
10811626
10821859
10826806
10827184
10830517
10835275
10836793
10841758
10843857
10851040
10852899
10866834
10889033
10901418
10907746
10913601
10921868
10924149
10937867
10940297
10940858
10970866
10989132
10989439
10997906
11004195
11007480
11014182
11018294
11018541
11024056
11024180
11042078
11052682
11054294
11069913
11073219
11080632
11087385
11092959
11109491
11112539
11114335
11133980
11134972
11152118
11152119
11152603
11154066
11157762
11157968
11160114
11162092
11162122
11167017
11168885
11170439
11171970
11173468
11173477
11178910
11210052
11216870
11222609
11224561
11226889
11238076
11239088
11243796
11245216
11254968
11258942
11261887
11263979
11264584
11274193
11278992
11283358
11294503
11294630
11296217
11297665
11297666
11297922
11302498
11311934
11319258
11342043
11343797
11352580
11369782
11371156
11371161
11371559
11377432
11399074
11412354
11418580
11418764
11418770
11425734
11432784
11436323
11453691
11457396
11468402
11468411
11469881
11483524
11484483
11489859
11491292
11493012
11524947
11524948
11526023
11530930
11549010
11554761
11566369
11579229
11583157
11583559
11584022
11591380
11602251
11606592
11642444
11667376
11670494
11670865
11676027
11679717
11681700
11695833
11696977
11697733
11698642
11703173
11704668
11707580
11713311
11714272
11716725
11722921
11724541
11734003
11735030
11741950
11762193
11784309
11790138
11809926
11813291
11816058
11823215
11823461
11826966
11828443
11831469
11844799
11846380
11850422
11851342
11852094
11854463
11858721
11866431
11866529
11880622
11889111
11891293
11904188
11914489
11917021
11918670
11941502
11964156
12000829
12000971
12005048
12007615
12009398
12013438
12029056
12032314
12037305
12038981
12072958
12077432
12082165
12086623
12095361
12095615
12096903
12097161
12097331
12107185
12110594
12123812
12130657
12136157
12136161
12147219
12149462
12163167
12177072
12198314
12215416
12215815
12225755
12244297
12351638
12351885
12351895
12354114
12355264
12356480
12364583
12368464
12370011
12377052
12377127
12382236
12401810
12417026
12423788
12427751
12432953
12437363
12446351
12452720
12460584
12473452
12475169
12480536
12480895
12482607
12490713
12496274
12499535
12514741
12515387
12520703
12533543
12542696
12554668
12554880
12554952
12560085
12579378
12583995
12594218
12595723
12595724
12595731
12598655
12605670
12627943
12651109
12658995
12660169
12682022
12682365
12684518
12707282
12715159
12719542
12723617
12729721
12766408
12771135
12777815
12782785
12787674
12788726
12789335
12798391
12798681
12809486
12832765
12836250
12837796
12837803
12839734
12842869
12851397
12860989
12876312
12897010
12900036
12900959
12903321
12913005
12914937
12925792
12925795
12925800
12925802
12937163
12942646
12946348
12947117
12952961
12962329
12962494
12963379
13679361
14501132
14501133
14504401
14526004
14556741
14567701
14567920
14568531
14573961
14579367
14592425
14602709
14602905
14621989
14622262
14641053
14646093
14646099
14646112
14653815
14672940
14674696
14681582
14684831
14684898
14684922
14686918
14695284
14702303
14703124
14712703
14718065
14727008
14727092
14729677
14739239
14741222
14747724
14756626
14761974
14769873
14963028
14977044
14993678
14993698
14997565
15005151
15013697
15019792
15024014
15033367
15039578
15041681
15046984
15059214
15062082
15063502
15064768
15065853
15066990
15100042
15100050
15100054
15101975
15103125
15103612
15103643
15109491
15109829
15111059
15113187
15113836
15118308
15125871
15137098
15138843
15141029
15145952
15147200
15158599
15162485
15165855
15175340
15178257
15184371
15189883
15195968
15199170
15200682
15205409
15210349
15210687
15210970
15213398
15215603
15228524
15236599
15240253
15241220
15256574
15262972
15272172
15274086
15276845
15292214
15294797
15296735
15296740
15299568
15299625
15299733
15299954
15308675
15317787
15328364
15340170
15379555
15388233
15388928
15388932
15388933
15388946
15454463
15455210
15458347
15458628
15459330
15465818
15469010
15473686
15481054
15494145
15496593
15502308
15504048
15506756
15508124
15516595
15518562
15520003
15526298
15534366
15538645
15544346
15557323
15558581
15561136
15561141
15561149
15588818
15629661
15632302
15635448
15640151
15640243
15648092
15661844
15663922
15670165
15673283
15680243
15680407
15687184
15689504
15718233
15720711
15723554
15735345
15739003
15741337
15743969
15753090
15766872
15779912
15786714
15791207
15802605
15806613
15826937
15827604
15843024
15862353
15866174
15866943
15869739
15870334
15876376
15890365
15893507
15907540
15923259
15930641
15937161
15944409
15951115
15965735
15970591
15972826
15977071
15981998
15983049
15983414
15995195
15999224
16026964
16037313
16051796
16055531
16061252
16080702
16082411
16085651
16087733
16096056
16101309
16118222
16126223
16131753
16139794
16140408
16152602
16155583
16157410
16162497
16166541
16167380
16169877
16189114
16198257
16199751
16216272
16225874
16232683
16232847
16232856
16232869
16232917
16233282
16233377
16233433
16239229
16239727
16239732
16242020
16242153
16242715
16244130
16245325
16245350
16248657
16250002
16269131
16272128
16273103
16281059
16287167
16297864
16298991
16308424
16309701
16317006
16330048
16330265
16337964
16343529
16344484
16347571
16348594
16349029
16365847
16377206
16377566
16409639
16417492
16428302
16428406
16469879
16475807
16484214
16485038
16492561
16510973
16511109
16511143
16511182
16511226
16511238
16511259
16511317
16517553
16522794
16524361
16527752
16535053
16538608
16540469
16547008
16554303
16556606
16581805
16582489
16584177
16597838
16605256
16614859
16618493
16628221
16636007
16642502
16672237
16675461
16675854
16680676
16681995
16691473
16697013
16700050
16701541
16707659
16712843
16713647
16714793
16723578
16725154
16731530
16734421
16754641
16773394
16777922
16781198
16781902
16782061
16797545
16802171
16804615
16830073
16831434
16834330
16857013
16876193
16890241
16896528
16904687
16906759
16908008
16910649
16914440
16934832
16934899
16939209
16939266
16939619
16945939
16946272
16946463
16946477
16952948
16960374
16962654
16969669
17005927
17015650
17027029
17027500
17048124
17049268
17050529
17051659
17053098
17056063
17059823
17061210
17066380
17086986
17088323
17107688
17110164
17114947
17139090
17142895
17144674
17150653
17150753
17150910
17154156
17159211
17160675
17168551
17183168
17187825
17207772
17214985
17215294
17215866
17241241
17242516
17245029
17254570
17255199
17256953
17272297
17274631
17276461
17277448
17299130
17325748
17328911
17329807
17336443
17342453
17344208
17350929
17355865
17361428
17369302
17372352
17394343
17401202
17401207
17407266
17420586
17428035
17429571
17442343
17449728
17460902
17462013
17477047
17477933
17478519
17488812
17489561
17490885
17497305
17521915
17549469
17554163
17561111
17565193
17574829
17581590
17581591
17591445
17601820
17604317
17616598
17620709
17632524
17636042
17650323
17659652
17660830
17671365
17671366
17671367
17681011
17686785
17700703
17701551
17726574
17729270
17768357
17804419
17825835
17846496
17850299
17855371
17870091
17881085
17881821
17887729
17905996
17929834
17936781
17936990
17937920
17944939
17962298
17964277
17983766
17989875
17989916
17996707
17997553
17998289
18000001
18004771
18029740
18039767
18046684
18055467
18065462
18068124
18071260
18076002
18077374
18084077
18084085
18086534
18088143
18154307
18157502
18161025
18175319
18177738
18187576
18189418
18190515
18199125
18204435
18204464
18205605
18214979
18218019
18223075
18234219
18241796
18247545
18262540
18272182
18296128
18302405
18310077
18316329
18318663
18338381
18339331
18355836
18376849
18393450
18393533
18397327
18414813
18426222
18433710
18453702
18456816
18456852
18461317
18483064
18486594
18492667
18506781
18536726
18540056
18540069
18545996
18555316
18560158
18570673
18573090
18596689
18603533
18611382
18611857
18618709
18621388
18627126
18651750
18654815
18657283
18658243
18665615
18667428
18675274
18682280
18693754
18696025
18699868
18723895
18752061
18754009
18758441
18761683
18767153
18771280
18776672
18776690
18778715
18782831
18784190
18786400
18798563
18805973
18818520
18824464
18824514
18831049
18838375
18848567
18854331
18923527
18926808
18928258
18936095
18936244
18946472
18957493
18976282
18992213
18996967
19000660
19006152
19016874
19037260
19050012
19052371
19064930
19084492
19089822
19092929
19095621
19101566
19120462
19140675
19144908
19146411
19147104
19154118
19156357
19173314
19174549
19176717
19187032
19188368
19191037
19193993
19207744
19211662
19214501
19217399
19218403
19229291
19233950
19241382
19241474
19242651
19255475
19262674
19267470
19278648
19279186
19283063
19285378
19285505
19322824
19325523
19342226
19346251
19348026
19361428
19361522
19381565
19382345
19396940
19407375
19408959
19416846
19416863
19420717
19438719
19442644
19445179
19452559
19452597
19468763
19471972
19478435
19490113
19496540
19517068
19528080
19535341
19544567
19582233
19587059
19595631
19602440
19606554
19607865
19620981
19622680
19622860
19628620
19631222
19632206
19634255
19635800
19657570
19661520
19671540
19686392
19696344
19710183
19714777
19755112
19770507
19772300
19777055
19779483
19783814
19800315
19805275
19807034
19807673
19812667
19818736
19833522
19851010
19891952
19891975
19893485
19930469
19932956
19934251
19937661
19961884
19967376
19996101
20000468
20005802
20017569
20034956
20035319
20036249
20045234
20049517
20053984
20054118
20055466
20055474
20057074
20070118
20080582
20083491
20117972
20132820
20133838
20138909
20156451
20173764
20208179
20220788
20221545
20226069
20230833
20356840
20370613
20372021
20378986
20390921
20395270
20410075
20417109
20418388
20455262
20457749
20457752
20478425
20491485
20496909
20505720
20516614
20539281
20547190
20558545
20560533
20594981
20600937
20606263
20615256
20622059
20628895
20639538
20655297
20673207
20677778
20684561
20691700
20693661
20703873
20716513
20717102
20718859
20728427
20729360
20735360
20737532
20740692
20829287
20832321
20862582
20876130
20878669
20882682
20922486
20951673
20962038
20975899
20981145
21028883
21050859
21050864
21054499
21058504
21059809
21073419
21076916
21084312
21087930
21097467
21097495
21097703
21098241
21114959
21115698
21121048
21124318
21124459
21167158
21169364
21169443
21169681
21176052
21182595
21190941
21192675
21197558
21206014
21210168
21241053
21245531
21246884
21265782
21285351
21286652
21297114
21298394
21301086
21331585
21349973
21358045
21377821
21387033
21391900
21393153
21393850
21407199
21421762
21421786
21446704
21455924
21458463
21466862
21482110
21513802
21527672
21531768
21539325
21552516
21554542
21557598
21562494
21572444
21593057
21596754
21609712
21611776
21636210
21636912
21636922
21648486
21665981
21690359
21724886
21725002
21729734
21733842
21738733
21757692
21757723
21775431
21795793
21813504
21814577
21819994
21842229
21845105
21853973
21858212
21871433
21893586
21894900
21900230
21906373
21919531
21923161
21939659
21947916
21951553
21953179
21961705
21984829
21985581
22021858
22035791
22047048
22052907
22053761
22055107
22057937
22078558
22081476
22102060
22102233
22102250
22105743
22115438
22120739
22120743
22123979
22123983
22125273
22138627
22139166
22139175
22164349
22172736
22178023
22178924
22196358
22201543
22212656
22212658
22226917
22231934
22232163
22232170
22237672
22238378
22240456
22248670
22251463
22252135
22253437
22306405
22310044
22312111
22316175
22319152
22331999
22337887
22337946
22344645
22353718
22354365
22355165
22359428
22362751
22372469
22383301
22385645
22402225
22402678
22414748
22422986
22426723
22431640
22447612
22452987
22454493
22467871
22477092
22484932
22500246
22506409
22516614
22525755
22527042
22553167
22569756
22582389
22586153
22589190
22591843
22605777
22607023
22621933
22624600
22636781
22644029
22645699
22676913
22691792
22693601
22711535
22720044
22723376
22736762
22753056
22763450
22765881
22782235
22798549
22808237
22815675
22824281
22843845
22857522
22868771
22876915
22884264
22887638
22927441
22938723
22946616
22950411
22967895
22976186
22983599
22984263
22999172
23025918
23026053
23027736
23054836
23068311
23076362
23086998
23095745
23106124
23112169
23114983
23118486
23155048
23163614
23192044
23252471
23258533
23263966
23273275
23280415
23282175
23308253
23313842
23317553
23319660
23322043
23335777
23339332
23341453
23365690
23370906
23383080
23385749
23385762
23399637
23405355
23408580
23411229
23417064
23421786
23444054
23480240
23494631
23512413
23519794
23519816
23545257
23546840
23572213
23604563
23620355
23625962
23630274
23639357
23649835
23651593
23663010
23685478
23695237
23702293
23712905
23724081
23740255
23744484
23745508
23747974
23748908
23750215
23751958
23765433
23794618
23800470
23804153
23804759
23812720
23816837
23828892
23836892
23845779
23850952
23851074
23858452
23858468
23859715
23867454
23871391
23887916
23893908
23894306
23895259
23897477
23901841
23908023
23908032
23912278
23916418
23922942
23940533
23970956
23989163
23995679
24004023
24019992
24023424
24029018
24030482
24059518
24084083
24089518
24099461
24108189
24119403
24141123
24150936
24175926
24192358
24192361
24192372
24200799
24206004
24212586
24213964
24218553
24247239
24262070
24271162
24283966
24287187
24316447
24328040
24328136
24359411
24371279
24374628
24386145
24395078
24407378
24419392
24443532
24505437
24530394
24531762
24557135
24563303
24566086
24581802
24589779
24598924
24629449
24697502
24699644
24699729
24704447
24722909
24774833
24777732
24786823
24810463
24820088
24832735
24838246
24839097
24884843
24894648
24900260
24907324
24909230
24909362
24909380
24915095
24916128
24927695
24935261
24937405
24938286
24943718
24948436
24998308
25005090
25054342
25054669
25058684
25069875
25084403
25094027
25102235
25104389
25132179
25139263
25152415
25157075
25188422
25202014
25211160
25215650
25255086
25258319
25294106
25306922
25313401
25320445
25331432
25338061
25340471
25352689
25363761
25378480
25386647
25392000
25395404
25418102
25457165
25462810
25472010
25483602
25486633
25492311
25492892
25497013
25510494
25531642
25545499
25550198
25561060
25574024
25574774
25584498
25593312
25605305
25664749
25681234
25682138
25688300
25689606
25712767
25713084
25727469
25733886
25757335
25760608
25775268
25775602
25790466
25820937
25836039
25870411
25902012
25904908
25909452
25911692
25916755
25925567
25935345
25958347
25970557
25972558
25982357
25984971
25984972
25997099
25997395
25999315
26009016
26028538
26056844
26065389
26073095
26112661
26140941
26143375
26148717
26189113
26192749
26210451
26222797
26227051
26273990
26337258
26365241
26385509
26400491
26416754
26436536
26457426
26490269
26510656
26515187
26543260
26571617
26619013
26627648
26644295
26655764
26657745
26671615
26712540
26721905
26731489
26731734
26751643
26763118
26792896
26798805
26802542
26807915
26809677
26816109
26828964
26845082
26861612
26908081
26936147
26941711
26942998
26951669
26966182
26967471
26979298
26994077
27029379
27033178
27036745
27092003
27094074
27129243
27146211
27164561
27215206
27226590
27233131
27238446
27283316
27284196
27299480
27317965
27342116
27342638
27364543
27369079
27385633
27389650
27395429
27398308
27400268
27405844
27428627
27477481
27484886
27487927
27493854
27516249
27547799
27575402
27585794
27586345
27592307
27601325
27612581
27664121
27667690
27682117
27690021
27697475
27707908
27710943
27757697
27799325
27822529
27831491
27853887
27871371
27888076
27897270
27919778
27924260
27928680
27929414
27933038
27977164
28026953
28050269
28069938
28071645
28077870
28083961
28114398
28115258
28153912
28161633
28193276
28197737
28232526
28235746
28256579
28262506
28282376
28317434
28384323
28397787
28432121
28448436
28494027
28506931
28544195
28544464
28580926
28624535
28630126
28630929
28648609
28651873
28652344
28674417
28696001
28710637
28716925
28720495
28743072
28764042
28798393
28807731
28840320
28840778
28894938
28902898
28911094
28941838
28955773
28955971
28960712
28980143
29037779
29040308
29063287
29067010
29086319
29106607
29150497
29152711
29165680
29175123
29194386
29260387
29280731
29308889
29311594
29312000
29314728
29320932
29337919
29372898
29379172
29410130
29421040
29464394
29467420
29512641
29512642
29516147
29538705
29546752
29550479
29589750
29590088
29593669
29632095
29634242
29649565
29652261
29691193
29696332
29734676
29738774
29776370
29803693
29844033
29844040
29893559
29931292
29935476
29967763
30120126
30139800
30157272
30168216
30187633
30190503
30232337
30244835
30248426
30262667
30263703
30301898
30327424
30347855
30353110
30409911
30423116
30430741
30447376
30451097
30519754
30520515
30523412
30591565
30640018
30643587
30644741
30652069
30655518
30672551
30697773
30698806
30718305
30733327
30737287
30771275
30776461
30791229
30792193
30810929
30895492
30906314
30919057
30919766
30940603
30940703
30944795
30964606
30968247
30993041
31021078
31024890
31028884
31036724
31047062
31067299
31071326
31084346
31093676
31106909
31108786
31162806
31186316
31204692
31241419
31249343
31278272
31280403
31284644
31299354
31323269
31337703
31342419
31356933
31371550
31372934
31375780
31397328
31421176
31432400
31439765
31489158
31501539
31504788
31520616
31528818
31529702
31535211
31558631
31603224
31608555
31657823
31660281
31672910
31683638
31715642
31751512
31792780
31793929
31801798
31828328
31865707
31870538
31873307
31887028
31935968
31941902
31986322
32027954
32032746
32055395
32056499
32081966
32088946
32090420
32144191
32152588
32165200
32265486
32289169
32335509
32342623
32347721
32368818
32376942
32387178
32388436
32390413
32393900
32401802
32456605
32469932
32474108
32513169
32526926
32531221
32564739
32567283
32582633
32659399
32662995
32669294
32687865
32707977
32761842
32793416
32813972
32817463
32821943
32830367
32846159
32866452
32887478
32946780
32968141
32975630
33064333
33114549
33158244
33159808
33168750
33200927
33225840
33231066
33235120
33247115
33257549
33258231
33279728
33310187
33371442
33385728
33415847
33524413
33535124
33540801
33542380
33588000
33652889
33707321
33743350
33781823
33788945
33799806
33807395
33869158
33871630
33888507
33902704
33916420
33923608
33949975
33953310
33958791
33962016
33977512
33990309
33996915
34022199
34048427
34051708
34086827
34094502
34099676
34100037
34142530
34143999
34228286
34229075
34266994
34353248
34353249
34422905
34461441
34472186
34502523
34542714
34576207
34589311
34591981
34617783
34774498
34792380
34827099
34843451
34866608
34872358
34944041
34945513
35052956
35102887
35298909
35328363
35339948
35346688
35377552
35589201
35604453
35613666
35616526
35630360
35638895
35639548
35647678
35713153
35777167
35800460
35861182
35887293
35894425
35994323
36048084
36212995
36228973
36257364
36273043
36286513
36291538
36296161
36306435
36312379
36322421
36345289
36362306
36403793
36411056
36416985
36441206
36522348
36532486
36552521
36563626
36592927
36602370
36753546
36786449
36797604
36809031
36864821
36916211
36920092
36974140
36994938
37001547
37032973
37036538
37047761
37070627
37080329
37081315
37097058
37102866
37116710
37195043
37254593
37257683
37271520
37302826
37302828
37357393
37364321
37376130
37394432
37394433
37399654
37423744
37460312
37486967
37532583
37532884
37583711
37597338
37642853
37657184
37660908
37726752
37833960
37843921
37873935
37943746
37953434
37958933
37967945
37982612
38042987
38069046
38097138
38135188
38170960
38177499
38182597
38266982
38312500
38331425
38339189
38344920
38385504
38513724
38555406
38593473
38602394
38728591
38735869
38757396
38818488
38822640
38858677
38864689
38875527
38909880
38990021
39009198
39036956
39089346
39148791
39161108
39291305
39325340
39334962
39339886
39389510
39416049
39522277
39537122
39561325
39567487
2588
6270
9379
23857
33049
115855
121876
175054
195599
199583
204627
226131
229899
231033
325519
334541
334756
367783
387749
457645
479149
507806
521440
632802
659388
670151
670160
670161
678024
730757
738277
780125
884104
891551
934322
956153
985514
1126926
1142476
1170596
1280165
1281315
1289795
1311546
1314380
1315754
1320608
1327113
1328237
1337007
1339363
1347504
1356830
1368014
1379078
1397266
1397314
1400194
1400259
1413735
1429468
1437556
1441435
1447157
1451792
1499561
1508711
1521534
1539996
1541262
1541273
1550822
1550823
1560467
1577004
1577005
1587354
1592117
1625584
1637860
1653414
1655035
1682319
1686608
1714296
1720668
1738592
1742348
1748999
1753956
1756968
1756980
1764514
1828151
1830879
1836357
1840584
1841280
1848234
1856872
1870121
1880129
1885515
1889399
1899572
1901851
1907914
1908798
1915895
1915899
1920424
1965009
1993699
2011526
2013580
2022613
2038060
2071033
2078632
2078635
2118334
2146397
2147690
2153129
2167630
2169583
2176725
2187856
2188962
2189498
2190556
2191726
2207134
2223065
2226865
2254927
2258924
2263451
2270229
2277037
2283046
2335240
2336371
2338941
2359117
2362824
2368192
2384094
2388270
2400408
2438656
2447093
2459659
2459660
2473985
2482290
2536707
2540968
2545269
2561346
2579810
2583265
2585488
2587224
2602167
2722737
2732211
2822125
2824489
2826164
2841685
2842747
2844259
2854405
2855398
2879555
2882491
2917174
2982852
2985120
2986626
2988582
2991468
3021228
3024733
3032159
3032614
3032681
3052437
3054494
3067213
3069841
3076342
3104886
3111526
3124853
3126827
3131301
3131663
3210235
3226927
3242617
3281585
3307925
3309174
3313273
3317278
3323845
3325064
3351946
3378042
3384810
3419905
3430620
3533539
3542990
3606675
3624243
3635410
3639440
3663115
3666146
3746895
3759925
3828357
3853464
3872282
3956494
3957870
3996403
4006441
4066716
4088874
4280408
6084662
6171775
6182029
6191284
6201825
6243275
6243575
6243779
6244539
6244813
6251038
6254761
6255411
6258147
6258647
6263287
6265880
6269128
6278447
6279580
6290469
6298191
6302091
6305399
6305992
6313685
6319374
6321488
6322133
6323398
6323399
6338919
6341085
6370033
6381489
6448253
6468656
6469954
6504039
6522282
6522284
6526823
6622827
6664850
6664865
6775703
6828381
6830766
6835839
6841350
6885731
6900508
6921108
6987208
6990416
6993286
7006688
7016850
7054151
7085632
7107617
7122832
7183958
7198970
7225412
7240177
7409137
7476179
7476196
7476958
7476959
7479716
7488263
7498128
7508721
7516708
7519982
7525270
7532998
7535857
7540304
7547304
7548001
7556055
7556056
7559330
7565116
7578105
7589494
7591123
7608131
7612020
7613865
7615066
7618894
7649250
7649262
7657607
7664121
7665471
7685209
7692402
7694652
7701318
7711021
7720857
7730295
7750730
7756295
7758452
7763246
7765037
7765256
7765479
7770450
7771779
7773180
7784178
7794527
7803407
7812711
7819307
7819409
7849024
7849059
7849111
7881901
7906737
7907593
7920256
7929298
7929450
7957075
7957245
7961514
7961592
7966328
7982494
7983381
7988899
7988909
8003972
8029202
8031907
8045252
8056296
8060998
8070396
8070397
8071996
8082771
8095496
8098535
8112583
8113161
8113228
8119295
8123043
8128220
8128224
8130228
8136022
8137808
8137948
8138553
8140100
8150068
8161527
8163530
8169220
8169232
8177889
8180193
8181473
8183898
8195085
8199244
8199251
8215386
8218204
8226716
8230201
8276757
8282728
8294036
8307015
8319804
8332461
8340367
8357533
8366023
8370456
8371755
8383670
8383848
8385151
8385228
8387822
8389743
8392587
8393791
8401410
8405416
8405446
8412672
8416889
8416965
8427638
8454054
8478921
8487308
8494675
8495200
8515461
8524648
8529632
8535157
8535253
8543024
8543062
8543569
8550453
8550506
8555368
8563641
8566766
8567898
8572315
8574896
8575450
8576076
8576088
8580857
8587108
8590676
8593411
8598270
8599948
8604304
8610108
8617268
8621636
8626340
8633870
8635468
8636706
8637845
8639488
8647295
8652522
8654381
8654382
8655568
8661926
8663379
8663465
8675016
8706700
8706729
8706760
8720144
8756682
8759836
8760896
8760897
8760925
8761661
8762133
8787418
8804860
8825154
8827440
8839980
8841624
8846223
8868488
8875643
8891220
8892833
8901552
8903343
8907187
8913619
8914987
8932713
8934898
8936597
8944770
8947055
8953736
8955904
8977112
8980119
8990277
8995413
9003442
9004863
9016675
9016717
9020134
9030723
9051733
9058195
9061793
9086278
9096353
9115984
9126850
9139695
9140966
9150868
9153074
9159876
9168943
9171287
9207019
9208917
9218450
9220965
9221727
9237617
9242984
9244269
9247141
9249009
9249063
9253415
9254695
9258437
9271867
9275294
9276481
9276928
9278428
9281430
9299346
9299406
9300057
9305778
9315694
9321644
9331418
9332368
9335302
9346304
9349264
9349721
9350986
9354372
9358042
9362117
9399580
9406050
9406428
9418238
9418242
9426192
9428682
9448274
9451454
9459297
9461446
9480430
9485471
9490048
9493271
9493385
9498551
9534161
9540804
9540837
9541402
9547010
9548935
9562554
9566259
9572951
9575141
9582288
9586030
9586063
9593887
9600851
9613588
9620963
9623768
9636162
9636713
9638646
9642065
9644249
9647666
9654450
9655125
9655930
9665853
9675230
9680322
9685406
9692904
9705143
9720046
9722634
9722647
9723724
9723751
9727006
9730837
9733089
9738443
9738479
9741106
9746351
9746356
9748240
9753734
9757130
9758794
9766219
9767184
9773273
9778353
9784879
9789000
9792664
9795273
9795274
9797285
9813279
9825301
9850340
9851718
9858778
9862810
9864347
9864458
9864464
9868782
9878438
9880805
9880810
9889274
9894002
9918491
9930995
9931019
9931254
9931259
9972792
10029535
10049508
10050036
10064708
10067724
10074061
10089446
10089476
10089514
10090773
10092456
10092459
10092842
10094311
10097178
10188247
10192906
10200257
10214965
10220575
10227171
10230023
10329168
10333296
10353818
10356982
10360350
10377389
10386581
10386872
10395069
10409700
10413471
10413487
10423243
10427695
10430027
10467138
10476960
10479621
10485262
10485292
10486572
10495902
10497027
10512535
10512538
10512703
10518516
10527903
10529180
10531479
10544263
10544290
10545266
10556496
10561594
10561595
10570131
10572192
10572294
10574944
10578047
10580648
10583374
10588692
10591014
10591016
10610797
10611279
10611536
10613839
10632708
10637340
10645480
10656825
10666603
10666604
10673435
10677518
10683439
10698100
10712734
10713555
10727213
10731660
10734213
10735860
10741834
10744024
10753109
10771445
10775261
10777521
10779865
10788428
10788522
10788805
10801481
10810156
10810180
10811626
10821859
10826806
10827184
10830517
10835275
10836793
10841758
10843857
10851040
10852899
10866834
10889033
10901418
10907746
10913601
10921868
10924149
10937867
10940297
10940858
10970866
10989132
10989439
10997906
11004195
11007480
11014182
11018294
11018541
11024056
11024180
11042078
11052682
11054294
11069913
11073219
11080632
11087385
11092959
11109491
11112539
11114335
11133980
11134972
11152118
11152119
11152603
11154066
11157762
11157968
11160114
11162092
11162122
11167017
11168885
11170439
11171970
11173468
11173477
11178910
11196896
11210052
11216870
11222609
11224561
11226889
11238076
11239088
11243796
11245216
11254968
11258942
11261887
11263979
11264584
11274193
11278992
11283358
11294503
11294630
11296217
11297665
11297666
11297922
11302498
11311934
11319258
11342043
11343797
11352580
11369782
11371156
11371161
11371559
11377432
11399074
11412354
11418580
11418764
11418770
11425734
11432784
11436323
11453691
11457396
11468402
11468411
11469881
11483524
11484483
11489859
11491292
11493012
11524947
11524948
11526023
11530930
11549010
11554761
11566369
11579229
11583157
11583559
11584022
11591380
11602251
11606592
11642444
11667376
11670494
11670865
11676027
11679717
11681700
11695833
11696977
11697733
11698642
11703173
11704668
11707580
11713311
11714272
11716725
11722921
11724541
11734003
11735030
11741950
11762193
11784309
11790138
11809926
11813291
11816058
11823215
11823461
11826966
11828443
11831469
11844799
11846380
11850422
11851342
11852094
11854463
11858721
11866431
11866529
11880622
11889111
11891293
11904188
11914489
11917021
11918670
11941502
11964156
12000829
12000971
12005048
12007615
12009398
12013438
12029056
12032314
12037305
12038981
12072958
12077432
12082165
12086623
12095361
12095615
12096903
12097161
12097331
12107185
12110594
12123812
12130657
12136157
12136161
12147219
12149462
12163167
12177072
12198314
12215416
12215815
12225755
12244297
12351638
12351885
12351895
12354114
12355264
12356480
12364583
12368464
12370011
12377052
12377127
12382236
12401810
12417026
12423788
12427751
12432953
12437363
12446351
12452720
12460584
12473452
12475169
12480536
12480895
12482607
12490713
12496274
12499535
12514741
12515387
12520703
12533543
12542696
12554668
12554880
12554952
12560085
12579378
12583995
12594218
12595723
12595724
12595731
12598655
12605670
12627943
12651109
12658995
12660169
12682022
12682365
12684518
12707282
12715159
12719542
12723617
12729721
12766408
12771135
12777815
12782785
12787674
12788726
12789335
12798391
12798681
12809486
12832765
12836250
12837796
12837803
12839734
12842869
12851397
12860989
12876312
12897010
12900036
12900959
12903321
12913005
12914937
12925792
12925795
12925800
12925802
12937163
12942646
12946348
12947117
12952961
12962329
12962494
12963379
13679361
14501132
14501133
14504401
14526004
14556741
14567701
14567920
14568531
14573961
14579367
14592425
14602709
14602905
14621989
14622262
14641053
14646093
14646099
14646112
14653815
14672940
14674696
14681582
14684831
14684898
14684922
14686918
14695284
14702303
14703124
14712703
14718065
14727008
14727092
14729677
14739239
14741222
14747724
14756626
14761974
14769873
14963028
14977044
14993678
14993698
14997565
15005151
15013697
15019792
15024014
15033367
15039578
15041681
15046984
15059214
15062082
15063502
15064768
15065853
15066990
15100042
15100050
15100054
15101975
15103125
15103612
15103643
15109491
15109829
15111059
15113187
15113836
15118308
15125871
15137098
15138843
15141029
15145952
15147200
15158599
15162485
15165855
15175340
15178257
15184371
15189883
15195968
15199170
15200682
15205409
15210349
15210687
15210970
15213398
15215603
15228524
15236599
15240253
15241220
15256574
15262972
15272172
15274086
15276845
15292214
15294797
15296735
15296740
15299568
15299625
15299733
15299954
15308675
15317787
15328364
15340170
15379555
15388233
15388928
15388932
15388933
15388946
15454463
15455210
15458347
15458628
15459330
15465818
15469010
15473686
15481054
15494145
15496593
15502308
15504048
15506756
15508124
15516595
15518562
15520003
15526298
15534366
15538645
15544346
15557323
15558581
15561136
15561141
15561149
15588818
15629661
15632302
15635448
15640151
15640243
15648092
15661844
15663922
15663931
15670165
15673283
15680243
15680407
15687184
15689504
15718233
15720711
15723554
15735345
15739003
15741337
15743969
15753090
15766872
15779912
15786714
15791207
15802605
15806613
15826937
15827604
15843024
15862353
15866174
15866943
15869739
15870334
15876376
15890365
15893507
15907540
15923259
15930641
15937161
15944409
15951115
15965735
15970591
15972826
15977071
15981998
15983049
15983414
15995195
15999224
16026964
16037313
16051796
16055531
16061252
16080702
16082411
16085651
16087733
16096056
16101309
16118222
16126223
16131753
16139794
16140408
16152602
16155583
16157410
16162497
16166541
16167380
16169877
16189114
16198257
16199751
16216272
16225874
16232683
16232847
16232856
16232869
16232917
16233282
16233377
16233433
16239229
16239727
16239732
16242020
16242153
16242715
16244130
16245325
16245350
16248657
16250002
16269131
16272128
16273103
16281059
16287167
16297864
16298991
16308424
16309701
16317006
16330048
16330265
16337964
16343529
16344484
16347571
16348594
16349029
16365847
16377206
16377566
16409639
16417492
16428302
16428406
16469879
16475807
16484214
16485038
16492561
16510973
16511109
16511143
16511182
16511226
16511238
16511259
16511317
16517553
16522794
16524361
16527752
16535053
16538608
16540469
16547008
16554303
16556606
16581805
16582489
16584177
16597838
16605256
16614859
16618493
16628221
16636007
16642502
16672237
16675461
16675854
16680676
16681995
16691473
16697013
16700050
16701541
16707659
16712843
16713647
16714793
16723578
16725154
16731530
16734421
16754641
16773394
16777922
16781198
16781902
16782061
16797545
16802171
16804615
16830073
16831434
16834330
16857013
16876193
16890241
16896528
16904687
16906759
16908008
16910649
16914440
16934832
16934899
16939209
16939266
16939619
16945939
16946272
16946463
16946477
16952948
16960374
16962654
16969669
17005927
17015650
17027029
17027500
17048124
17049268
17050529
17051659
17053098
17056063
17059823
17061210
17066380
17086986
17088323
17107688
17110164
17114947
17139090
17142895
17144674
17150653
17150753
17150910
17154156
17159211
17160675
17168551
17183168
17187825
17207772
17214985
17215294
17215866
17241241
17242516
17245029
17254570
17255199
17256953
17272297
17274631
17276461
17277448
17299130
17325748
17328911
17329807
17336443
17342453
17344208
17350929
17355865
17361428
17369302
17372352
17394343
17401202
17401207
17407266
17420586
17428035
17429571
17442343
17449728
17460902
17462013
17477047
17477933
17478519
17488812
17489561
17490885
17497305
17521915
17549469
17554163
17561111
17565193
17574829
17581590
17581591
17591445
17601820
17604317
17616598
17620709
17632524
17636042
17650323
17659652
17660830
17671365
17671366
17671367
17681011
17686785
17700703
17701551
17726574
17729270
17768357
17804419
17825835
17846496
17850299
17855371
17870091
17881085
17881821
17887729
17905996
17929834
17936781
17936990
17937920
17944939
17962298
17964277
17983766
17989875
17989916
17996707
17997553
17998289
18000001
18004771
18029740
18039767
18046684
18055467
18065462
18068124
18071260
18076002
18077374
18084077
18084085
18086534
18088143
18154307
18157502
18161025
18175319
18177738
18187576
18189418
18190515
18199125
18204435
18204464
18205605
18214979
18218019
18223075
18234219
18241796
18247545
18262540
18272182
18296128
18302405
18310077
18316329
18318663
18338381
18339331
18355836
18376849
18393450
18393533
18397327
18414813
18426222
18433710
18453702
18456816
18456852
18461317
18483064
18486594
18492667
18506781
18536726
18540056
18540069
18545996
18555316
18560158
18570673
18573090
18596689
18603533
18611382
18611857
18618709
18621388
18627126
18651750
18654815
18657283
18658243
18665615
18667428
18675274
18682280
18693754
18696025
18699868
18723895
18752061
18754009
18758441
18761683
18767153
18771280
18776672
18776690
18778715
18782831
18784190
18786400
18798563
18805973
18818520
18824464
18824514
18831049
18838375
18848567
18854331
18923527
18926808
18928258
18936095
18936244
18946472
18957493
18976282
18992213
18996967
19000660
19006152
19016874
19037260
19050012
19052371
19064930
19084492
19089822
19092929
19095621
19101566
19120462
19140675
19144908
19146411
19147104
19154118
19156357
19173314
19174549
19176717
19187032
19188368
19191037
19193993
19207744
19211662
19214501
19217399
19218403
19229291
19233950
19241382
19241474
19242651
19255475
19262674
19267470
19277294
19278648
19279186
19283063
19285378
19285505
19322824
19325523
19342226
19346251
19348026
19361428
19361522
19381565
19382345
19396940
19407375
19408959
19416846
19416863
19420717
19438719
19442644
19445179
19452559
19452597
19468763
19471972
19478435
19490113
19496540
19517068
19528080
19535341
19544567
19582233
19587059
19595631
19602440
19606554
19607865
19620981
19622680
19622860
19628620
19631222
19632206
19634255
19635800
19657570
19661520
19671540
19686392
19696344
19710183
19714777
19755112
19770507
19772300
19777055
19779483
19783814
19800315
19805275
19807034
19807673
19812667
19818736
19833522
19851010
19891952
19891975
19893485
19930469
19932956
19934251
19937661
19961884
19967376
19996101
20000468
20005802
20017569
20034956
20035319
20036249
20045234
20049517
20053984
20054118
20055466
20055474
20057074
20070118
20080582
20083491
20117972
20132820
20133838
20138909
20156451
20173764
20208179
20220788
20221545
20226069
20230833
20356840
20370613
20372021
20378986
20390921
20395270
20410075
20417109
20418388
20455262
20457749
20457752
20478425
20491485
20496909
20505720
20516614
20539281
20547190
20558545
20560533
20594981
20600937
20606263
20615256
20622059
20628895
20639538
20655297
20673207
20677778
20684561
20691700
20693661
20703873
20716513
20717102
20718859
20728427
20729360
20735360
20737532
20740692
20829287
20832321
20862582
20876130
20878669
20882682
20922486
20951673
20962038
20975899
20981145
21028883
21050859
21050864
21054499
21058504
21059809
21073419
21076916
21084312
21087930
21097467
21097495
21097703
21098241
21114959
21115698
21121048
21124318
21124459
21167158
21169364
21169443
21169681
21176052
21182595
21190941
21192675
21197558
21206014
21210168
21241053
21245531
21246884
21265782
21285351
21286652
21297114
21298394
21301086
21331585
21349973
21358045
21377821
21387033
21391900
21393153
21393850
21407199
21421762
21421786
21446704
21455924
21458463
21466862
21482110
21513802
21527672
21531768
21539325
21552516
21554542
21557598
21562494
21572444
21593057
21596754
21609712
21611776
21636210
21636912
21636922
21648486
21665981
21690359
21724886
21725002
21729734
21733842
21738733
21757692
21757723
21775431
21795793
21813504
21814577
21819994
21842229
21845105
21853973
21858212
21871433
21893586
21894900
21900230
21906373
21919531
21923161
21939659
21947916
21951553
21953179
21961705
21984829
21985581
22021858
22035791
22047048
22052907
22053761
22055107
22057937
22078558
22081476
22102060
22102233
22102250
22105743
22115438
22120739
22120743
22123979
22123983
22125273
22138627
22139166
22139175
22164349
22172736
22178023
22178924
22196358
22201543
22212656
22212658
22226917
22231934
22232163
22232170
22237672
22238378
22240456
22248670
22251463
22252135
22253437
22306405
22310044
22312111
22316175
22319152
22331999
22337887
22337946
22344645
22353718
22354365
22355165
22359428
22362751
22372469
22383301
22385645
22402225
22402678
22414748
22422986
22426723
22431640
22447612
22452987
22454493
22467871
22477092
22484932
22500246
22506409
22516614
22525755
22527042
22553167
22569756
22582389
22586153
22589190
22591843
22605777
22607023
22621933
22624600
22636781
22644029
22645699
22676913
22691792
22693601
22711535
22720044
22723376
22736762
22753056
22763450
22765881
22782235
22798549
22808237
22815675
22824281
22843845
22857522
22868771
22876915
22884264
22887638
22927441
22938723
22946616
22950411
22967895
22976186
22983599
22984263
22999172
23025918
23026053
23027736
23054836
23068311
23076362
23086998
23095745
23106124
23112169
23114983
23118486
23155048
23163614
23192044
23252471
23258533
23263966
23273275
23280415
23282175
23308253
23313842
23317553
23319660
23322043
23335777
23339332
23341453
23365690
23370906
23383080
23385749
23385762
23399637
23405355
23408580
23411229
23417064
23421786
23426864
23427024
23444054
23480240
23494631
23512413
23519794
23519816
23545257
23546840
23572213
23604563
23620355
23625962
23630274
23639357
23649835
23651593
23663010
23685478
23695237
23702293
23712905
23724081
23740255
23744484
23745508
23747974
23748908
23750215
23751958
23765433
23794618
23800470
23804153
23804759
23812720
23816837
23828892
23836892
23845779
23850952
23851074
23858452
23858468
23859715
23867454
23871391
23887916
23893908
23894306
23895259
23897477
23901841
23908023
23908032
23912278
23916418
23922942
23940533
23970956
23989163
23995679
24004023
24019992
24023424
24029018
24030482
24059518
24084083
24089518
24099461
24108189
24119403
24141123
24150936
24171321
24175926
24192358
24192361
24192372
24200799
24206004
24212586
24213964
24218553
24247239
24262070
24271162
24283966
24287187
24316447
24328040
24328136
24359411
24371279
24374628
24386145
24395078
24407378
24419392
24443532
24505437
24530394
24531762
24557135
24563303
24566086
24581802
24589779
24598924
24629449
24697502
24699644
24699729
24704447
24722909
24774833
24777732
24786823
24810463
24820088
24832735
24838246
24839097
24884843
24894648
24900260
24907324
24909230
24909362
24909380
24915095
24916128
24927695
24935261
24937405
24938286
24943718
24948436
24998308
25005090
25054342
25054669
25058684
25069875
25084403
25094027
25102235
25104389
25132179
25139263
25152415
25157075
25188422
25202014
25211160
25215650
25255086
25258319
25294106
25306922
25313401
25320445
25331432
25338061
25340471
25352689
25363761
25378480
25386647
25392000
25395404
25418102
25457165
25462810
25472010
25483602
25486633
25492311
25492892
25497013
25510494
25531642
25545499
25550198
25561060
25574024
25574774
25584498
25593312
25605305
25664749
25681234
25682138
25688300
25689606
25712767
25713084
25727469
25733886
25757335
25760608
25775268
25775602
25790466
25820937
25836039
25870411
25902012
25904908
25909452
25911692
25916755
25925567
25935345
25958347
25970557
25972558
25982357
25984971
25984972
25997099
25997395
25999315
26009016
26028538
26056844
26065389
26073095
26112661
26140941
26143375
26148717
26189113
26192749
26210451
26222797
26227051
26273990
26337258
26365241
26385509
26400491
26416754
26436536
26457426
26490269
26510656
26515187
26543260
26571617
26619013
26627648
26644295
26655764
26657745
26671615
26712540
26721905
26731489
26731734
26751643
26763118
26792896
26798805
26802542
26807915
26809677
26816109
26828964
26845082
26861612
26908081
26936147
26941711
26942998
26951669
26966182
26967471
26979298
26994077
27029379
27033178
27036745
27092003
27094074
27129243
27146211
27164561
27215206
27226590
27233131
27238446
27283316
27284196
27299480
27317965
27342116
27342638
27364543
27369079
27385633
27389650
27395429
27398308
27400268
27405844
27428627
27477481
27484886
27487927
27493854
27516249
27547799
27575402
27585794
27586345
27592307
27601325
27612581
27664121
27667690
27682117
27690021
27697475
27707908
27710943
27757697
27799325
27822529
27831491
27853887
27871371
27888076
27897270
27919778
27924260
27928680
27929414
27933038
27977164
28026953
28050269
28069938
28071645
28077870
28083961
28114398
28115258
28153912
28161633
28193276
28197737
28232526
28235746
28256579
28262506
28282376
28317434
28384323
28397787
28432121
28448436
28494027
28506931
28544195
28544464
28580926
28624535
28630126
28630929
28648609
28651873
28652344
28674417
28696001
28710637
28716925
28720495
28743072
28764042
28798393
28807731
28840320
28840778
28894938
28902898
28911094
28941838
28955773
28955971
28960712
28980143
29037779
29040308
29063287
29067010
29086319
29106607
29150497
29152711
29165680
29175123
29194386
29260387
29280731
29308889
29311594
29312000
29314728
29320932
29337919
29372898
29379172
29410130
29421040
29464394
29467420
29512641
29512642
29516147
29538705
29546752
29550479
29589750
29590088
29593669
29632095
29634242
29649565
29652261
29691193
29696332
29734676
29738774
29776370
29803693
29844033
29844040
29893559
29931292
29935476
29967763
30120126
30139800
30157272
30168216
30187633
30190503
30232337
30244835
30248426
30262667
30263703
30301898
30327424
30347855
30353110
30409911
30423116
30430741
30447376
30451097
30519754
30520515
30523412
30591565
30640018
30643587
30644741
30652069
30655518
30672551
30697773
30698806
30718305
30733327
30737287
30771275
30776461
30791229
30792193
30810929
30895492
30906314
30919057
30919766
30940603
30940703
30944795
30964606
30968247
30993041
31021078
31024890
31028884
31036724
31047062
31067299
31071326
31084346
31093676
31106909
31108786
31162806
31186316
31204692
31241419
31249343
31278272
31280403
31284644
31299354
31323269
31337703
31342419
31356933
31371550
31372934
31375780
31397328
31421176
31432400
31439765
31489158
31501539
31504788
31520616
31528818
31529702
31535211
31558631
31603224
31608555
31657823
31660281
31672910
31683638
31715642
31751512
31792780
31793929
31801798
31828328
31865707
31870538
31873307
31887028
31900102
31935968
31941902
31986322
32027954
32032746
32055395
32056499
32081966
32088946
32090420
32144191
32152588
32165200
32265486
32289169
32335509
32342623
32347721
32368818
32376942
32387178
32388436
32390413
32393900
32401802
32456605
32469932
32474108
32513169
32526926
32531221
32564739
32567283
32582633
32659399
32662995
32669294
32687865
32707977
32761842
32793416
32813972
32817463
32821943
32830367
32846159
32866452
32887478
32946780
32968141
32975630
33064333
33114549
33158244
33159808
33168750
33200927
33225840
33231066
33235120
33247115
33257549
33258231
33279728
33310187
33371442
33385728
33415847
33524413
33535124
33540801
33542380
33588000
33652889
33707321
33743350
33781823
33788945
33799806
33807395
33869158
33871630
33888507
33902704
33916420
33923608
33949975
33953310
33958791
33962016
33977512
33990309
33996915
34022199
34048427
34051708
34086827
34094502
34099676
34100037
34142530
34143999
34228286
34229075
34266994
34353248
34353249
34422905
34461441
34472186
34502523
34542714
34576207
34589311
34591981
34617783
34774498
34792380
34827099
34843451
34866608
34872358
34944041
34945513
35052956
35102887
35298909
35328363
35339948
35346688
35377552
35589201
35604453
35613666
35616526
35630360
35638895
35639548
35647678
35713153
35777167
35800460
35861182
35887293
35894425
35994323
36016712
36048084
36212995
36228973
36257364
36273043
36286513
36291538
36296161
36306435
36312379
36322421
36345289
36362306
36403793
36411056
36416985
36441206
36522348
36532486
36552521
36563626
36592927
36602370
36753546
36786449
36797604
36809031
36864821
36916211
36920092
36974140
36994938
37001547
37032973
37036538
37047761
37070627
37080329
37081315
37097058
37102866
37116710
37195043
37254593
37257683
37271520
37302826
37302828
37357393
37364321
37376130
37394432
37394433
37399654
37423744
37460312
37486967
37532583
37532884
37583711
37597338
37642853
37657184
37660908
37726752
37833960
37843921
37873935
37943746
37953434
37958933
37967945
37982612
38042987
38069046
38097138
38135188
38170960
38177499
38182597
38266982
38312500
38331425
38339189
38344920
38385504
38513724
38555406
38593473
38602394
38728591
38735869
38757396
38818488
38822640
38858677
38864689
38875527
38909880
38990021
39009198
39036956
39089346
39148791
39161108
39291305
39325340
39334962
39339886
39389510
39416049
39522277
39537122
39561325
39567487
