9542087
11545211
12024255
12508890
15545415
15653901
16269698
16403893
16799757
17037061
18044421
19775023
20587384
20596068
20666868
21161306
21645815
22328742
23290229
24102145
24206027
24286373
24389665
24549192
24559494
24668182
24931626
25073930
25305441
26170108
26497452
26519730
26626353
26638484
27149651
27340075
27649078
27747903
27777983
27832730
28535043
29100519
29113862
29222101
29281942
29389632
29422884
29580465
29666543
29930054
29978108
30042596
30223164
30228424
30592126
30594742
30654014
30728552
30804914
30907668
31000286
31095997
31212084
31589428
31615877
31773499
31927761
32172891
32528975
32535524
32570789
33003195
33125713
33453253
33653528
34346702
34998985
35054801
35206036
35250896
35507075
35711745
35861494
36088118
36118207
36192969
36232557
36374025
36400371
36444043
36961269
37429117
37544194
37939253
38129066
38370893
38525229
38561162
39113276
39150443
39208721
39420353
39597605
