9131
10837
39619
42958
96110
103976
141925
216188
323288
355133
401538
402108
429047
436898
533270
535934
596866
620409
701468
749416
804853
809010
843521
870806
882025
972185
1039027
1063929
1168491
1170807
1331097
1368114
1390780
1416919
1466914
1504046
1525956
1525959
1583129
1594573
1645615
1660699
1779406
1932014
2108949
2116366
2119804
2127264
2157622
2269298
2276766
2390217
2408888
2421546
2432903
2432904
2477670
2510591
2579531
2644188
2673241
2782877
2822054
2824441
2835003
2844743
2886695
2898035
2909547
2982314
2990672
3008603
3037269
3046483
3079591
3096189
3096349
3112082
3156669
3159710
3211007
3228322
3271558
3312026
3337823
3373536
3466723
3477332
3512305
3536999
3595868
3597205
3597749
3606132
3689262
3729855
3729858
3729861
3739213
3741274
3783698
3788350
3833219
3834901
3873902
3890634
3942778
3957648
3964203
3985873
3985881
3985885
4005219
4074238
4157343
4198261
4255956
4284666
4291036
4298489
4311036
4331576
4333687
4335182
4342811
4429796
4432775
4469250
4706190
4882024
4907000
4967107
4977328
5035829
5042462
5069749
5361217
5479151
5516596
5526240
5543971
5543972
5577149
5577150
5594818
5651324
5717090
5720876
5746788
5865123
5866381
5927040
5964562
5965357
5993325
5995735
6011204
6051982
6092534
6148928
6164259
6168173
6194668
6205553
6206261
6224684
6227314
6227315
6232270
6253256
6263871
6269480
6274637
6285882
6303402
6324856
6361825
6362809
6395844
6400487
6416837
6420029
6426509
6428887
6449924
6476581
6487189
6490857
6525132
6525134
6525135
6618668
6626560
6651700
6651702
6652580
6655547
6682654
6691418
6721486
6745566
6808058
6831473
6870022
6870719
6870731
6956790
6960351
7059173
7076293
7084231
7085601
7087800
7120653
7159321
7215356
7240122
7259671
7271666
7311910
7316903
7316906
7337606
7337613
7340589
7392997
7393014
7395405
7447837
7447838
7447839
7453583
7498006
7518037
7524442
7533594
7547950
7557289
7567111
7606667
7630886
7635192
7642130
7646009
7765476
7795082
7822250
7836292
7876189
7922115
8011595
8034003
8043633
8055554
8077400
8110658
8117095
8129326
8172899
8210679
8257369
8270705
8271920
8285659
8358671
8419930
8448188
8453753
8515232
8535001
8605003
8656593
8662745
8674977
8764515
8779582
8782717
8851609
8855673
8863408
8925934
8981982
9116021
9177489
9190244
9210669
9273313
9292993
9341204
9345272
9353305
9354352
9371441
9376400
9404073
9409763
9519447
9585889
9647844
9647845
9704110
9755431
9839379
9852490
9925605
10091333
10319461
10390872
10395464
10408639
10416654
10416664
10416666
10455029
10515948
10542108
10543825
10592830
10752090
10752687
10803955
10811642
10830505
10868812
10870553
10913863
10919770
10945267
11002191
11161557
11229912
11250197
11274101
11353383
11403397
11404834
11478880
11495996
11499940
11710008
11710184
11748878
11748888
11749150
11749218
11827480
11862104
11866565
11888317
11916457
11980954
12003930
12011516
12052556
12115439
12189420
12198309
12234536
12236735
12353878
12355320
12381838
12387577
12454005
12470477
12486049
12498593
12523851
12538888
12542709
12548770
12549327
12561215
12562807
12659415
12680761
12682138
12741767
12755474
12766801
12788762
12851931
12882560
12885256
12904565
12987217
12995997
13034718
13073497
13096506
13101207
13117884
13130071
13345750
13384634
13403279
13403280
13426108
13475253
13534033
13586108
13610807
13611275
13620310
13630541
13660437
13688633
13752370
13765189
13765190
13769431
13776262
13848986
13866780
13906379
13917568
13932252
14042946
14102872
14108299
14119395
14156322
14197404
14245395
14353822
14361225
14423858
14445883
14486221
14622260
14657110
14657111
14736882
14769044
14771478
14778948
14827072
14830508
14902735
14996791
15022936
15125645
15128530
15178476
15242127
15301545
15321685
15345423
15389476
15527912
15528518
15566182
15612811
15640200
15654182
15667308
15843029
15900523
15974000
15988790
15991580
15993053
16013500
16026167
16048938
16080003
16085470
16086258
16094869
16143458
16147554
16151169
16161028
16198262
16256681
16279953
16280529
16285722
16345951
16347068
16347254
16348465
16348724
16371356
16472081
16496701
16517890
16549680
16550378
16561981
16564960
16574144
16585701
16677036
16704412
16730779
16738107
16746654
16799762
16822636
16893560
16907816
16954289
16964982
16974130
17087503
17298903
17321737
17410875
17425112
17536835
17579406
17597295
17653820
17693456
17704395
17712582
17924665
18041957
18211262
18288535
18293022
18303118
18320464
18358002
18366740
18453685
18548680
18549457
18553373
18554901
18670923
18680060
18711269
18766500
18766558
18766782
18766831
18766888
18766948
18807988
19023670
19072172
19191954
19214757
19270134
19323288
19342772
19353863
19383702
19432003
19458967
19517818
19581475
19665891
19684310
19685239
19719666
19802966
19845283
19853994
19880150
20000723
20024544
20061679
20083495
20267290
20267438
20300870
20411403
20421651
20640871
20730594
20933405
20945335
20955193
21188422
21332568
21340467
21419032
21477370
21482280
21487206
21567989
21660542
21863850
21867444
21880418
21913706
21939276
21948132
22029433
22131949
22335615
22341844
22410310
22442220
22456728
22514894
22534373
22581609
22592482
22606987
22654161
22721690
22810959
22906194
22933773
23085490
23100774
23100825
23105084
23150098
23182212
23202556
23302108
23334835
23354499
23489084
23489571
23554204
23718548
23759862
23812277
23895234
23985542
23987333
24023621
24034129
24194200
24199204
24270139
24271214
24393040
24411668
24552054
24670615
24766313
24784766
24813397
25385973
25420652
25473993
25540337
25612551
25615962
25632387
25667924
25681630
25782532
25898673
25921720
26014754
26048940
26109003
26205522
26219073
26263697
26354704
26566664
26656226
26732414
26760830
26796583
26798138
26826227
26845217
26941148
27025548
27056227
27060247
27065995
27203516
27287254
27380367
27391673
27449326
27557974
27591519
27662853
27784932
27816824
27959868
27978438
27984803
28059164
28217898
28243718
28246965
28291752
28330229
28344478
28448840
28451946
28596570
28698130
28708280
28711831
28759798
28848020
28879417
28930018
28936681
29192081
29206938
29234354
29280555
29322098
29334060
29414084
29458844
29478231
29483539
29525084
29573611
29623398
29723054
29781294
29802182
29968036
30008019
30060425
30081124
30096664
30149357
30199324
30205544
30227664
30446148
30498220
30533923
30618110
30647702
30692170
30716513
30880308
30918144
30978196
31006638
31062755
31065815
31110207
31129897
31160400
31216511
31293550
31338473
31407234
31413883
31419121
31420725
31489931
31635051
31719965
31745784
31749786
31762671
31766621
31811889
31890646
31972401
32023994
32041043
32075156
32138518
32169497
32311138
32315891
32492617
32508276
32698404
32699323
32705496
32721596
32748276
32759701
32764567
32860988
32923377
33069232
33072469
33090249
33101234
33113984
33151992
33176714
33213673
33247311
33298256
33342014
33342352
33360286
33429050
33430173
33465711
33496925
33520959
33522128
33650215
33660173
33713309
33758248
33786758
33832632
33843758
33915775
33920960
33922162
33945817
33978835
34010625
34091094
34119990
34154406
34242231
34276692
34320759
34491809
34583067
34591668
34633566
34641478
34684874
34730714
34737557
34826621
34827320
34838572
34845321
34876146
34920076
34971500
35048174
35108103
35118527
35138929
35142967
35208774
35289650
35335094
35397247
35416242
35435711
35443609
35453719
35514515
35583699
35604228
35665452
35683947
35736119
35766505
35868466
35898416
36000902
36006231
36014045
36014053
36101364
36138114
36138811
36162464
36240959
36262331
36296332
36311334
36313823
36453948
36458224
36527381
36587069
36598248
36764617
36806039
36820967
37079742
37110277
37112598
37153508
37156195
37184721
37193242
37198688
37310887
37310888
37348663
37529212
37537575
37594123
37596503
37675527
37715894
37728456
37731010
38086299
38111357
38217256
38304346
38381746
38383675
38460556
38525229
38552525
38593473
38606189
38647998
38668821
38676363
38690316
38723495
38753661
38759302
38760709
38767750
38772748
38813263
38817737
38848370
38904697
38924411
38972366
39124146
39167393
39180394
39204649
39255373
39320640
39414063
39600180
9131
10837
39619
42958
96110
103976
141925
216188
323288
355133
401538
402108
429047
436898
533270
535934
596866
620409
667741
701468
749416
804853
809010
843521
870806
882025
972185
1039027
1063929
1168491
1170807
1331097
1368114
1390780
1416919
1466914
1504046
1525956
1525959
1583129
1594573
1645615
1660699
1779406
1932014
2108949
2116366
2119804
2127264
2157622
2269298
2276766
2390217
2408888
2421546
2432903
2432904
2477670
2510591
2579531
2644188
2673241
2782877
2822054
2824441
2835003
2844743
2886695
2898035
2909547
2982314
2990672
3008603
3037269
3046483
3079591
3096189
3096349
3112082
3156669
3159710
3211007
3228322
3271558
3312026
3337823
3373536
3466723
3477332
3512305
3536999
3595868
3597205
3597749
3606132
3689262
3729855
3729858
3729861
3739213
3741274
3783698
3788350
3833219
3834901
3873902
3890634
3942778
3957648
3964203
3985873
3985881
3985885
4005219
4074238
4157343
4198261
4255956
4284666
4291036
4298489
4311036
4331576
4333687
4335182
4342811
4429796
4432775
4469250
4706190
4882024
4907000
4967107
4977328
5035829
5042462
5069749
5361217
5479151
5516596
5526240
5543971
5543972
5577149
5577150
5594818
5651324
5717090
5720876
5746788
5865123
5866381
5927040
5964562
5965357
5993325
5995735
6011204
6051982
6092534
6148928
6164259
6168173
6194668
6205553
6206261
6224684
6227314
6227315
6232270
6253256
6263871
6269480
6274637
6285882
6303402
6324856
6361825
6362809
6395844
6400487
6416837
6420029
6426509
6428887
6449924
6476581
6487189
6490857
6525132
6525134
6525135
6618668
6626560
6651700
6651702
6652580
6655547
6682654
6691418
6721486
6745566
6808058
6831473
6870022
6870719
6870731
6956790
6960351
7059173
7076293
7084231
7085601
7087800
7120653
7159321
7215356
7240122
7259671
7271666
7311910
7316903
7316906
7337606
7337613
7340589
7392997
7393014
7395405
7447837
7447838
7447839
7453583
7498006
7518037
7524442
7533594
7547950
7557289
7567111
7606667
7630886
7635192
7642130
7646009
7765476
7795082
7822250
7836292
7876189
7922115
8011595
8034003
8043633
8055554
8077400
8110658
8117095
8129326
8172899
8210679
8257369
8270705
8271920
8285659
8358671
8419930
8448188
8453753
8515232
8535001
8605003
8656593
8662745
8674977
8764515
8779582
8782717
8851609
8855673
8863408
8925934
8981982
9116021
9177489
9190244
9210669
9273313
9292993
9341204
9345272
9353305
9354352
9371441
9376400
9404073
9409763
9519447
9585889
9647844
9647845
9704110
9755431
9839379
9852490
9925605
10091333
10319461
10390872
10395464
10408639
10416654
10416664
10416666
10455029
10515948
10542108
10543825
10592830
10752090
10752687
10803955
10811642
10830505
10868812
10870553
10913863
10919770
10945267
11002191
11161557
11229912
11250197
11274101
11353383
11403397
11404834
11478880
11495996
11499940
11710008
11710184
11748878
11748888
11749150
11749218
11827480
11862104
11866565
11888317
11916457
11980954
12003930
12011516
12052556
12115439
12189420
12198309
12234536
12236735
12353878
12355320
12381838
12387577
12454005
12470477
12486049
12498593
12523851
12538888
12542709
12548770
12549327
12561215
12562807
12659415
12680761
12682138
12741767
12755474
12766801
12788762
12851931
12882560
12885256
12904565
12987217
12995997
13034718
13073497
13096506
13101207
13117884
13130071
13345750
13384634
13403279
13403280
13426108
13475253
13534033
13586108
13610807
13611275
13620310
13630541
13660437
13688633
13752370
13765189
13765190
13769431
13776262
13848986
13866780
13906379
13917568
13932252
14042946
14102872
14108299
14119395
14156322
14197404
14245395
14353822
14361225
14423858
14445883
14486221
14622260
14657110
14657111
14736882
14769044
14771478
14778948
14827072
14830508
14902735
14996791
15022936
15125645
15128530
15178476
15242127
15301545
15321685
15345423
15389476
15527912
15528518
15566182
15612811
15640200
15654182
15667308
15843029
15900523
15974000
15988790
15991580
15993053
16013500
16026167
16048938
16080003
16085470
16086258
16094869
16143458
16147554
16151169
16161028
16198262
16256681
16279953
16280529
16285722
16345951
16347068
16347254
16348465
16348724
16371356
16472081
16496701
16517890
16549680
16550378
16561981
16564960
16574144
16585701
16677036
16704412
16730779
16738107
16746654
16799762
16822636
16893560
16907816
16954289
16964982
16974130
17087503
17298903
17321737
17410875
17425112
17536835
17579406
17597295
17653820
17693456
17704395
17712582
17924665
18041957
18211262
18288535
18293022
18303118
18320464
18358002
18366740
18453685
18548680
18549457
18553373
18554901
18670923
18680060
18711269
18766500
18766558
18766782
18766831
18766888
18766948
18807988
19023670
19072172
19191954
19214757
19270134
19323288
19342772
19353863
19383702
19432003
19458967
19517818
19581475
19665891
19684310
19685239
19719666
19802966
19845283
19853994
19880150
20000723
20024544
20061679
20083495
20267290
20267438
20300870
20411403
20421651
20640871
20730594
20933405
20945335
20955193
21188422
21332568
21340467
21419032
21477370
21482280
21487206
21567989
21660542
21863850
21867444
21880418
21913706
21939276
21948132
22029433
22131949
22335615
22341844
22410310
22442220
22456728
22514894
22534373
22581609
22592482
22606987
22654161
22721690
22810959
22906194
22933773
23085490
23100774
23100825
23105084
23150098
23182212
23202556
23302108
23334835
23354499
23489084
23489571
23554204
23718548
23721991
23759862
23812277
23895234
23985542
23987333
24023621
24034129
24194200
24199204
24270139
24271214
24393040
24411668
24552054
24670615
24766313
24784766
24813397
25385973
25420652
25473993
25540337
25612551
25615962
25632387
25667924
25681630
25782532
25898673
25921720
26014754
26048940
26109003
26205522
26219073
26263697
26354704
26566664
26656226
26732414
26760830
26796583
26798138
26826227
26845217
26941148
27025548
27056227
27060247
27065995
27203516
27287254
27380367
27391673
27449326
27557974
27591519
27662853
27784932
27816824
27959868
27978438
27984803
28059164
28217898
28243718
28246965
28291752
28330229
28344478
28448840
28451946
28596570
28698130
28708280
28711831
28759798
28848020
28879417
28930018
28936681
29192081
29206938
29234354
29280555
29322098
29334060
29414084
29458844
29478231
29483539
29525084
29573611
29623398
29723054
29781294
29802182
29968036
30008019
30060425
30081124
30096664
30149357
30199324
30205544
30227664
30446148
30498220
30533923
30618110
30647702
30692170
30716513
30880308
30918144
30978196
31006638
31062755
31065815
31110207
31129897
31160400
31216511
31293550
31338473
31407234
31413883
31419121
31420725
31489931
31635051
31719965
31745784
31749786
31762671
31766621
31811889
31890646
31972401
32023994
32041043
32075156
32138518
32169497
32311138
32315891
32492617
32508276
32698404
32699323
32705496
32721596
32748276
32759701
32764567
32860988
32923377
33069232
33072469
33090249
33101234
33113984
33151992
33176714
33213673
33247311
33298256
33342014
33342352
33360286
33429050
33430173
33465711
33496925
33520959
33522128
33650215
33660173
33713309
33758248
33786758
33832632
33843758
33915775
33920960
33922162
33945817
33978835
34010625
34091094
34119990
34154406
34242231
34276692
34320759
34491809
34583067
34591668
34633566
34641478
34684874
34730714
34737557
34826621
34827320
34838572
34845321
34876146
34920076
34971500
35048174
35108103
35118527
35138929
35142967
35208774
35289650
35335094
35397247
35416242
35435711
35443609
35453719
35514515
35583699
35604228
35665452
35683947
35736119
35766505
35868466
35898416
36000902
36006231
36014045
36014053
36101364
36138114
36138811
36162464
36240959
36262331
36296332
36311334
36313823
36453948
36458224
36527381
36587069
36598248
36764617
36806039
36820967
37079742
37110277
37112598
37153508
37156195
37184721
37193242
37198688
37310887
37310888
37348663
37529212
37537575
37594123
37596503
37675527
37715894
37728456
37731010
38086299
38111357
38217256
38304346
38381746
38383675
38460556
38525229
38552525
38593473
38606189
38647998
38668821
38676363
38690316
38723495
38753661
38759302
38760709
38767750
38772748
38813263
38817737
38848370
38904697
38924411
38972366
39124146
39167393
39180394
39204649
39255373
39320640
39414063
39600180
