286
1368
4629
5058
11208
15980
26600
26668
31351
35239
61175
65876
67754
84856
102346
127739
141466
146257
160925
174728
176930
177076
191065
202113
216314
217865
234252
234904
235245
235409
235514
236790
237881
378947
380687
389300
405508
437110
444513
448140
454709
462473
464610
486468
507492
513201
533770
534959
541825
542135
547917
547919
551756
551758
560426
562852
618849
627681
631331
638151
639825
643062
648516
652043
656453
656486
658403
667693
677536
681280
687626
695253
702650
708724
709438
711668
718901
718990
728473
747025
760784
760788
776833
776936
793633
841870
845120
848216
848738
851532
851551
856420
861265
870042
899794
900942
900943
902894
908614
911832
914776
914777
921974
924676
935661
950321
956119
971945
976034
984999
985808
990315
1003469
1004257
1025884
1026851
1099985
1125831
1179873
1182151
1193497
1193716
1198879
1207494
1261269
1267428
1275332
1281149
1284088
1307416
1390762
1406382
1417615
1440934
1461941
1462726
1510663
1533160
1535512
1556079
1584084
1584085
1616922
1616923
1696306
1697315
1714730
1722304
1732213
1735725
1740134
1753886
1753887
1762175
1778416
1791778
1791779
1835211
1841633
1863720
2002012
2007558
2036360
2107395
2119590
2140945
2158966
2214893
2224487
2232909
2275861
2277590
2283030
2318804
2326188
2352496
2365693
2375734
2378878
2399638
2420589
2424998
2428802
2444156
2444561
2447119
2453449
2471045
2513356
2515097
2526120
2544484
2552957
2579388
2614382
2619458
2619465
2619467
2619478
2669829
2691360
2694245
2740454
2762159
2786189
2817215
2822609
2826447
2833310
2895162
2912675
2933074
2939801
2958088
2959635
2960250
2973459
2981796
2988562
3001023
3001032
3005836
3027049
3029869
3032749
3038846
3056138
3090766
3113136
3123458
3141576
3146169
3155967
3156136
3191126
3208762
3249581
3312093
3318046
3358960
3384931
3392773
3447476
3447478
3454547
3501335
3519581
3539192
3567184
3571159
3604826
3606106
3626465
3630470
3663702
3667217
3712423
3729418
3773051
3801429
3801430
3837791
3902490
3925928
3964006
3964647
3965744
3972768
3979563
3980443
3980463
3994965
3996198
4008216
4016065
4028662
4045426
4052402
4063347
4067577
4106810
4114278
4118305
4120326
4125688
4131319
4133913
4137837
4138526
4139715
4145171
4149248
4215761
4334752
4339322
4341521
4345854
4347923
4352491
4356073
4357019
4366832
4368536
4371925
4378339
4407457
4436927
4461849
4471597
4508332
4515622
4545833
4546884
4546885
4548416
4555408
4570599
4584581
4586145
4598432
4603647
4604399
4620358
4623312
4643094
4643340
4644259
4645949
4682132
4684605
4690870
4709990
4712565
4719142
4736684
4772677
4796196
4820352
4822050
4824711
4830862
4841672
4852593
4919991
4943173
5011001
5041943
5060072
5070088
5070656
5082995
5141123
5165763
5169114
5579139
6123348
6125309
6138096
6145699
6148965
6160144
6169683
6181548
6214837
6256386
6274406
6286600
6289267
6289406
6289408
6289409
6308135
6318828
6330034
6365962
6405040
6413389
6424527
6429337
6432835
6445554
6452174
6456906
6469219
6479337
6503621
6511354
6511356
6525566
6530599
6534165
6605325
6607230
6615132
6615133
6619094
6619095
6631407
6652058
6652059
6655457
6659737
6659765
6661465
6675342
6679141
6685661
6712063
6713302
6723803
6724620
6734406
6750757
6773575
6793538
6793734
6797154
6811565
6830442
6838876
6849129
6874642
6889758
6892608
6892886
6893417
6988017
6991483
6999784
7004379
7006267
7042999
7048811
7064318
7087799
7093275
7098542
7104342
7106296
7112894
7115700
7118831
7123047
7123057
7123058
7124157
7150569
7150675
7159213
7186082
7213607
7213725
7217074
7240083
7240087
7250125
7259182
7260084
7263616
7278710
7286852
7286853
7295188
7306495
7318830
7352994
7353632
7370250
7373281
7373282
7375739
7388026
7391817
7407064
7407113
7407129
7407377
7407696
7410317
7411115
7411689
7433124
7441818
7441822
7467914
7488623
7496518
7520735
7537069
7577924
7577974
7577975
7599176
7654774
7655655
7655656
7663744
7684488
7809977
7811721
7811919
7857790
7867633
7918591
7947725
8012588
8025692
8089114
8123554
8142410
8142444
8161186
8162181
8163159
8172919
8183277
8193124
8220826
8266577
8277708
8344904
8347505
8355626
8378987
8407837
8434920
8457569
8469777
8486158
8497202
8512939
8586892
8624360
8636032
8673252
8756472
8768552
8780516
8844861
8863413
8971688
8988017
8991592
8995384
9026067
9032946
9044700
9044715
9064069
9130238
9168906
9172862
9201936
9248270
9311135
9343550
9368025
9371427
9408176
9443602
9540838
9541971
9556349
9651487
9711661
9819821
9826609
10092194
10202551
10220338
10383763
10448065
10471588
10576701
10591121
10643272
10734070
10752125
10754712
10766306
10773494
10779957
10835245
10862349
10876765
10974119
11018666
11018677
11033866
11234424
11294844
11310317
11353647
11425741
11470544
11548275
11685510
11722647
11737647
11766822
11766823
11783455
11814658
11928999
12038980
12093284
12153313
12234195
12324351
12444980
12460196
12460438
12464611
12564934
12694183
12736075
12911309
14688287
15006769
15057462
15354840
15456223
15542606
15545416
15606802
15609859
15765866
15765878
15981411
16018216
16195931
16211853
16212262
16250233
16493888
16557990
16698795
16759150
16786625
16862282
17221137
17270132
17444657
17482408
17546953
17825246
18192365
18217348
18405663
18606798
18683662
18766648
18771176
18777290
18944479
18981182
19280788
19431488
19625389
19634344
20014143
20149685
20153666
20158050
20228111
20495768
20710124
20854458
20886746
21268853
21381316
21442949
21443922
21460883
21502068
21540185
21598658
21623458
21725891
21784942
21794032
21808652
21835275
22002515
22210215
22982171
23126015
23168404
23251100
23651007
23677636
23824459
23869703
24112653
24388950
24517235
24595068
24605048
24726609
24795097
24961908
25088052
25188349
25844442
25872370
25978394
26070671
26244581
26829840
27016831
27025481
27363513
27684739
27999573
28089962
28153907
28251976
28993557
29097461
29326221
29343618
29411856
29415764
29611799
29868307
30052940
30612794
31178051
31440540
31519782
31621646
31735421
32222272
32495745
32775567
32864959
33134443
33159562
33368039
33509992
33686188
34132722
34447623
34827353
34966969
35127151
35457161
35497866
35505869
35934107
36142700
37895124
38113213
39190596
39462362
286
1368
4629
5058
11208
15980
26600
26668
31351
35239
61175
65876
67754
84856
102346
127739
141466
146257
160925
174728
176930
177076
191065
202113
216314
217865
234252
234904
235245
235409
235514
236790
237881
378947
380687
389300
405508
437110
444513
448140
454709
462473
464610
486468
507492
513201
533770
534959
541825
542135
547917
547919
551756
551758
560426
562852
618849
627681
631331
638151
639825
643062
648516
652043
656453
656486
658403
667693
677536
681280
687626
695253
702650
708724
709438
711668
718901
718990
728473
747025
760784
760788
776833
776936
793633
841870
845120
848216
848738
851532
851551
856420
861265
870042
899794
900942
900943
902894
908614
911832
914776
914777
921974
924676
935661
950321
956119
971945
976034
984999
985808
990315
1003469
1004257
1025884
1026851
1099985
1125831
1179873
1182151
1193497
1193716
1198879
1207494
1261269
1267428
1275332
1281149
1284088
1307416
1390762
1406382
1417615
1440934
1461941
1462726
1510663
1533160
1535512
1556079
1584084
1584085
1616922
1616923
1696306
1697315
1714730
1722304
1732213
1735725
1740134
1753886
1753887
1762175
1778416
1791778
1791779
1835211
1841633
1863720
2002012
2007558
2036360
2107395
2119590
2140945
2158966
2214893
2224487
2232909
2275861
2277590
2283030
2318804
2326188
2352496
2365693
2375734
2378878
2399638
2402972
2420589
2424998
2428802
2444156
2444561
2447119
2453449
2471045
2513356
2515097
2526120
2544484
2552957
2579388
2614382
2619458
2619465
2619467
2619478
2669829
2691360
2694245
2740454
2762159
2786189
2817215
2822609
2826447
2833310
2895162
2912675
2933074
2939801
2958088
2959635
2960250
2973459
2981796
2988562
3001023
3001032
3005836
3027049
3029869
3032749
3038846
3056138
3090766
3113136
3123458
3141576
3146169
3155967
3156136
3191126
3208762
3249581
3312093
3318046
3358960
3384931
3392773
3447476
3447478
3454547
3501335
3519581
3539192
3567184
3571159
3604826
3606106
3626465
3630470
3663702
3667217
3712423
3729418
3773051
3801429
3801430
3837791
3902490
3925928
3964006
3964647
3965744
3972768
3979563
3980443
3980463
3994965
3996198
4008216
4016065
4028662
4045426
4052402
4063347
4067577
4106810
4114278
4118305
4120326
4125688
4131319
4133913
4137837
4138526
4139715
4145171
4149248
4215761
4334752
4339322
4341521
4345854
4347923
4352491
4356073
4357019
4366832
4368536
4371925
4378339
4407457
4436927
4461849
4471597
4508332
4515622
4545833
4546884
4546885
4548416
4555408
4570599
4584581
4586145
4598432
4603647
4604399
4620358
4623312
4643094
4643340
4644259
4645949
4682132
4684605
4690870
4709990
4712565
4719142
4736684
4772677
4796196
4820352
4822050
4824711
4830862
4841672
4852593
4919991
4943173
5011001
5041943
5060072
5070088
5070656
5082995
5141123
5165763
5169114
5579139
6123348
6125309
6138096
6145699
6148965
6160144
6169683
6181548
6214837
6256386
6274406
6286600
6289267
6289406
6289408
6289409
6308135
6318828
6330034
6365962
6405040
6413389
6424527
6429337
6432835
6445554
6452174
6456906
6469219
6479337
6503621
6511354
6511356
6525566
6530599
6534165
6605325
6607230
6615132
6615133
6619094
6619095
6631407
6652058
6652059
6655457
6659737
6659765
6661465
6675342
6679141
6685661
6712063
6713302
6723803
6724620
6734406
6750757
6773575
6793538
6793734
6797154
6811565
6830442
6838876
6849129
6874642
6889758
6892608
6892886
6893417
6988017
6991483
6999784
7004379
7006267
7042999
7048811
7064318
7087799
7093275
7098542
7104342
7106296
7112894
7115700
7118831
7123047
7123057
7123058
7124157
7150569
7150675
7159213
7186082
7213607
7213725
7217074
7240083
7240087
7250125
7257151
7259182
7260084
7263616
7278710
7286852
7286853
7295188
7306495
7318830
7352994
7353632
7370250
7373281
7373282
7375739
7388026
7391817
7407064
7407113
7407129
7407377
7407696
7410317
7411115
7411689
7433124
7441818
7441822
7467914
7488623
7496518
7520735
7537069
7577924
7577974
7577975
7599176
7654774
7655655
7655656
7663744
7684488
7809977
7811721
7811919
7832648
7857790
7867633
7918591
7947725
7997760
8012588
8025692
8089114
8123554
8142410
8142444
8161186
8162181
8163159
8172919
8183277
8193124
8220826
8266577
8277708
8344904
8347505
8355626
8378987
8407837
8434920
8457569
8469777
8486158
8497202
8512939
8586892
8624360
8636032
8673252
8756472
8768552
8780516
8844861
8863413
8971688
8988017
8991592
8995384
9026067
9032946
9044700
9044715
9064069
9130238
9168906
9172862
9201936
9248270
9311135
9343550
9368025
9371427
9408176
9443602
9540838
9541971
9556349
9651487
9711661
9819821
9826609
10092194
10202551
10220338
10383763
10448065
10471588
10576701
10591121
10643272
10734070
10752125
10754712
10766306
10773494
10779957
10835245
10862349
10876765
10974119
11018666
11018677
11033866
11234424
11294844
11310317
11353647
11425741
11470544
11548275
11685510
11722647
11737647
11766822
11766823
11783455
11814658
11928999
12038980
12093284
12153313
12234195
12324351
12444980
12460196
12460438
12464611
12564934
12694183
12736075
12911309
14688287
15006769
15057462
15354840
15456223
15542606
15545416
15606802
15609859
15765866
15765878
15981411
16018216
16195931
16211853
16212262
16250233
16493888
16557990
16698795
16759150
16786625
16862282
17221137
17270132
17444657
17482408
17546953
17825246
18192365
18217348
18405663
18606798
18683662
18766648
18771176
18777290
18944479
18981182
19280788
19431488
19625389
19634344
20014143
20149685
20153666
20158050
20228111
20495768
20710124
20854458
20886746
21268853
21381316
21442949
21443922
21460883
21502068
21540185
21598658
21623458
21725891
21784942
21794032
21808652
21835275
22002515
22210215
22982171
23126015
23168404
23251100
23651007
23677636
23824459
23869703
24112653
24388950
24517235
24595068
24605048
24726609
24795097
24961908
25059705
25088052
25188349
25844442
25872370
25978394
26070671
26244581
26829840
27016831
27025481
27363513
27684739
27999573
28089962
28153907
28251976
28993557
29097461
29326221
29343618
29411856
29415764
29611799
29868307
30052940
30612794
31178051
31440540
31519782
31621646
31735421
32222272
32495745
32775567
32864959
33134443
33159562
33368039
33509992
33686188
34132722
34447623
34827353
34966969
35127151
35457161
35497866
35505869
35934107
36142700
37895124
38113213
39190596
39462362
