7491236
7498668
7521357
7534931
7542443
7543264
7545181
7559957
7591104
7615711
7650189
7795048
8240958
8547519
8603944
8645836
8698906
8712787
8727894
8783692
8810011
8844102
8862597
8880497
8893399
8903217
8909840
8922574
8927169
8944742
8998590
9041393
9196420
9205511
9272384
9274034
9276403
9282717
9296106
9573163
9652454
9665953
9717922
9730179
9792380
9801332
9817529
9826373
9833092
9895398
9986818
10093604
10219581
10325344
10391847
10396283
10399647
10476755
10488160
10506816
10589908
10618271
10642694
10702548
10746763
10748868
10770788
10835846
10885846
10913410
10967601
11061635
11072674
11083791
11095849
11174378
11179366
11181164
11191808
11325978
11338477
11410341
11470985
11715399
11724882
11791987
11801791
11837299
11864111
11864215
11871479
11897074
12061434
12133660
12173772
12199539
12203165
12204950
12208256
12498677
12522046
12540561
12543668
12599058
12608089
12614981
12643829
12653141
12667243
12695049
12759589
12781702
12799150
12812344
12821469
12860643
12860664
12860677
12860697
12874309
12874367
12905141
14605187
14616946
14654579
14663288
14688569
14720393
15155610
15210978
15219970
15347808
15365873
15472378
15498175
15541600
15558347
15573198
15634949
15643300
15655785
15696612
15752438
15753218
15845521
15891120
15891141
15903070
15960851
16022780
16102321
16109957
16275550
16318727
16323139
16331372
16334219
16386308
16388485
16432867
16444416
16449005
16481530
16481531
16485482
16490335
16494745
16495631
16506456
16517201
16525103
16606978
16714552
16732891
16754257
16825371
16926391
16962956
17093037
17114713
17307937
17326937
17365807
17428928
17453076
17576755
17606598
17632260
17721391
17763416
17827380
17889492
18037886
18070893
18094131
18165862
18289294
18295347
18334491
18368229
18430664
18455348
18489542
18499964
18503234
18520326
18619818
18729057
18775802
18795592
18981245
18985544
19076842
19129406
19141385
19284965
19523290
19538271
19553582
19602882
19696500
19793127
19796889
19830188
19929979
20201124
20333257
20374571
20397506
20450002
20548954
20683276
20822446
20947664
21285862
21423736
21477003
21536788
21541920
21557164
21558050
21710687
21771478
21816218
21888799
21974965
22019400
22135251
22172306
22229763
22293094
22316326
22360386
22519749
22577862
22607067
22652603
22653356
22691748
22926397
23069652
23101982
23105078
23166430
23178432
23200028
23282705
23328718
23347418
23408526
23408694
23450663
23456350
23484416
23517327
23554923
23564167
23602630
23648147
23710386
24019440
24248316
24400877
24404961
24799368
24933445
24935950
24972870
25052114
25176401
25280380
25420746
25449254
25503777
25590435
25647503
25652715
25688336
26000974
26063867
26176779
26369716
26392158
26404944
26584238
26724735
26965788
27138665
27159039
27258542
27295087
27316654
27356504
27375211
27428207
27651404
27670746
27726806
27885316
27916953
28105732
28131381
28393665
28399311
28730981
28931077
29048284
29048299
29116007
29126839
29451890
29513260
29539448
29652646
29664950
30250981
30307643
30357961
30402241
30463105
30528588
30589638
30680557
30793686
30852734
30931274
31026253
31053177
31104379
31115789
31174587
31174687
31251702
31296621
31408412
31691592
31780437
31828013
31916921
31988849
32087069
32233019
32264930
32318966
32334794
32366193
32429864
32572066
32678094
32782016
32959380
33035476
33147255
33288506
33334612
33518618
33609646
33731411
33797675
33802018
33829350
34069707
34077294
34145690
34239947
34537011
34586426
34641972
34684210
34739391
34873007
34983610
35094696
35369282
35379004
35402314
35473988
35617170
35631082
35640989
35692107
35726500
35749315
35803580
35895412
35910824
36214431
36571112
36633562
36692454
36708061
36882746
36919827
37280715
37295184
37567429
37676863
37730694
37787179
37856333
37918779
37976173
38003765
38018745
38072301
38079378
38130946
38199070
38230945
38286581
38288381
38370291
38417187
38514461
38544857
38655084
38655925
38740807
38911703
38916637
39043406
39077245
39095833
39192995
39326850
39369199
39370417
39447862
39478136
39592244
39592252
39592261
39592579
39600931
39611834
