231958
518236
528052
528685
1280812
1314221
1318974
1481764
1494447
1528638
1797120
1847699
1860282
1879924
2088216
2108991
2200793
2254020
2305182
2355094
2358715
2387843
2533606
2613326
2628861
2643582
2661543
2704977
2762019
2916537
3056238
3059276
3160840
3268744
3377043
3384900
3436319
3439382
3463569
3546133
3570460
3679548
3959182
3986710
4020345
4028664
4030102
4047964
6362631
6470184
6574154
6576737
6581194
6655060
6661699
6715520
6769807
6822434
6883221
6939685
6949951
6975240
7145731
7153332
7216425
7478762
7478767
7507660
7545183
7560233
7660080
7722848
7779886
7853132
7870467
7870469
7883900
7997330
8148788
8315093
8322052
8377663
8536469
8915954
8961558
8998988
9028259
9138193
9206446
9220164
9390475
9467351
9569986
9573819
9573822
9660335
9763332
9856645
9872116
9879519
10207839
10599911
10681352
10711615
10914791
11034118
11142661
11147996
11155173
11327065
11501485
11748186
11846195
12666949
14766881
14986909
15983248
16269128
16489943
16882454
17135428
18218926
18302616
18477431
19228092
19386852
19405829
19772671
19937216
21304645
21405933
21410554
21625744
21916371
22252100
22377404
22417880
22445846
22703649
24013195
24283398
24576620
25892513
26511188
26729712
26800339
27110949
27313576
27629977
27666996
28403363
28606669
28620153
29181783
29520825
29998833
30290791
31111067
31765020
31832691
31889858
32993357
33456255
33994426
34093510
34673216
35114271
35139675
35414181
35968170
36416468
36761526
36826427
37743659
37882859
38674317
38764065
38884611
39125925
39158230
39318433
39596308
