279054
888185
1378524
1398917
1406375
1470840
1537892
1541567
1583335
1629326
1693472
1700634
1715879
1719021
1778432
1919046
1931568
2316791
2428261
2461660
3044156
3770946
3911360
4516163
4519947
4527596
4958777
5276315
5779156
5995786
7012005
7515366
7527118
7533323
7534931
7557421
7559324
7680804
7690338
7696292
7741177
7815963
7890422
7954111
7997750
8027347
8102375
8117465
8188391
8225570
8240958
8522538
8573607
8616242
8673798
8703269
8758062
8870245
8885168
8916440
9141685
9226264
9247895
9274034
9288812
9304784
9418257
9463663
9466759
9797224
9801332
9880487
10077844
10080922
10093604
10344656
10353353
10373642
10399647
10427032
10428946
10463692
10612742
10618267
10694402
10746763
10760174
10770788
10921956
10948113
10950782
10968948
10992508
11007995
11008109
11052646
11060108
11260140
11401976
11410341
11491358
11831868
11837299
12232839
12354853
12390349
12499219
12668141
12696402
12825349
12860693
12860696
12941162
13065631
13065632
13079109
13137391
13460670
13460671
13460686
14507641
14638782
14659047
14794897
14951682
14959269
15238689
15297516
15956202
16126349
16481528
16481529
17049676
17201284
17449882
17554119
18037886
18094131
18334491
18489542
18489724
18875365
18957122
19665314
19696500
19793460
19869166
19869204
19869217
19869218
19869219
19869238
19869264
19869265
19869288
19869395
19869408
19869409
19869445
19869508
19869598
19869628
19869639
19869674
19871168
19969497
19989875
20230435
20450002
20548954
21755237
21811647
22229763
22308774
22441071
22449771
22519749
23145188
23317043
23409255
23602630
23985925
24043691
24098822
24515944
24585618
24651298
24847360
24933445
24936029
25032975
25123883
25371184
25522230
25989173
26175727
26296673
26369716
26413097
26436553
26543106
26732912
26824740
26904743
26959642
26991495
27167125
27389274
27627803
27667026
27903286
28221130
28628613
29187394
29191209
29311425
29864510
29941013
29941982
30226144
30514235
30589638
30648063
30909982
31095212
31443674
31647703
31780437
31800933
31859777
31896649
32226702
32302357
32526587
32738366
32785422
32931955
33023645
33216745
33405333
33802018
34077294
34260585
34358026
34451381
34536263
34755483
34990451
35146375
35379004
35544109
35766735
36400246
36633562
36748511
36939868
37228134
37815991
37967433
39204290
39324821
39566279
39599072
39611834
