356945
743647
1298884
1298886
1299838
1316154
1362170
1375402
1458371
1474945
1538694
1557035
1577701
1683791
1702507
1747385
1749822
1758472
1772347
1779763
1805302
1823284
1913346
1935975
1987127
2131098
2148964
2159109
2160221
2175386
2198943
2217570
2243795
2283026
2332404
2485650
2504694
2525551
2544914
2546068
2559312
2608029
2608030
2664449
2675764
2695597
2699042
2722757
2811907
2837298
2878685
2880836
2887545
2893582
2907369
2957360
3000892
3081492
3087965
3104311
3112764
3182731
3244926
3299877
3683426
3864779
3894333
3936328
3939568
3956501
4019412
4083831
6257362
6384189
6417113
6418571
6425263
6501230
6690429
6735986
6769575
6773649
6789740
6796245
6812526
6812651
6993864
7130127
7397611
7483580
7553451
7559324
7585362
7646034
7727752
7730264
7740550
7756697
7760764
7883178
7902833
7903193
7916012
8001567
8002571
8026752
8049272
8051002
8097514
8125248
8135531
8138139
8183305
8202090
8210676
8226619
8248945
8277250
8327784
8355653
8428988
8432718
8491742
8504172
8577994
8597034
8597175
8621068
8631686
8640606
8655539
8665916
8752338
8759845
8759869
8760922
8763942
8765122
8823621
8868238
8939798
9043641
9145321
9222418
9231412
9275272
9337487
9411490
9424624
9429775
9485308
9487693
9489028
9503607
9504993
9573149
9608743
9631255
9657936
9695932
9720864
9782509
9791120
9801770
9863198
9882688
9921270
9973364
9987751
10030007
10076635
10092839
10234653
10327459
10357231
10361275
10376830
10518727
10518735
10530336
10618211
10650197
10651638
10742237
10785395
10788397
10808499
10890352
10902916
10930748
10935160
10978548
11029423
11061189
11092733
11092742
11092875
11129057
11157237
11186453
11211255
11233091
11253424
11253425
11261489
11299384
11310743
11338835
11357434
11368271
11391466
11396906
11409544
11411863
11450462
11470362
11472903
11479384
11501672
11558272
11558276
11566390
11572454
11668346
11673445
11679360
11695269
11763784
11763787
11810255
11823250
11830945
11852790
11898609
11916713
11927988
11934495
11939529
11949252
11996841
12007664
12024821
12035088
12039714
12039753
12045829
12048566
12068582
12069605
12084480
12111224
12166678
12171390
12209775
12219208
12243065
12421082
12435098
12511501
12552797
12552819
12594023
12698793
12739073
12755478
12777402
12788722
12798997
12856415
12898135
12901008
12942749
12957965
13679161
14638420
14645050
14675659
14680957
14980446
14987774
15033235
15045359
15049443
15113695
15137096
15142611
15198028
15213753
15246443
15246448
15249067
15256588
15259367
15321662
15354940
15375141
15381976
15386115
15466584
15498940
15644901
15688946
15723223
15797248
15808950
15812004
15823402
15824907
15828683
15869971
15887032
15938396
15938399
15961260
15982765
16121231
16151168
16211327
16211863
16232291
16232298
16232299
16239079
16240678
16315981
16332319
16333334
16345372
16345484
16345490
16345531
16345707
16346311
16346386
16346482
16346571
16346898
16347042
16347043
16347052
16347284
16347289
16347693
16347781
16348011
16348150
16348161
16348295
16348569
16349041
16349297
16359132
16359338
16430864
16450071
16463319
16502288
16534951
16535030
16535388
16579446
16598630
16661514
16661913
16684104
16775786
16788185
16835232
16855225
16867140
16871806
16907731
16963029
16972125
16978346
17025182
17061513
17123824
17147763
17156127
17158972
17172333
17202142
17205338
17215899
17306559
17309628
17317126
17329796
17340145
17345081
17403037
17466529
17521360
17523482
17572072
17619573
17707621
17715936
17723223
17723559
17766418
17906157
17952626
18024023
18028310
18038554
18065619
18094958
18173106
18226805
18248455
18297874
18358553
18392451
18398202
18437449
18522320
18522332
18533840
18599837
18619846
18624646
18636407
18641130
18683653
18754787
18819640
19025567
19131333
19137717
19232053
19246750
19249329
19332821
19334596
19366628
19390839
19459961
19477184
19583800
19584053
19694814
19709190
19762447
19765087
19875302
19938589
20000572
20133866
20138146
20141548
20198920
20235434
20411670
20493877
20531482
20598158
20632001
20795494
20844890
20857096
20869221
21043573
21105907
21128071
21214648
21232929
21233159
21234749
21242066
21273247
21334868
21340736
21365472
21377754
21397014
21501384
21627671
21645649
21656820
21695788
21742820
21843946
21887633
21963770
22017658
22038243
22074780
22092709
22092983
22099380
22130692
22267004
22307541
22307896
22372947
22425876
22461486
22471602
22481309
22522896
22567865
22567881
22575749
22684866
22752168
22803079
22815567
22873070
22881071
22960797
22975128
22975129
22983183
22991739
23017779
23023973
23029909
23059974
23144248
23173079
23179704
23352842
23354446
23360460
23416991
23449160
23471188
23500958
23512960
23573008
23594921
23645021
23725220
23734462
23766228
23818625
23895777
23961049
23978662
24031239
24037658
24049474
24061414
24097367
24148195
24175418
24185346
24188110
24219779
24220861
24227135
24276540
24293732
24329683
24415306
24415382
24425490
24466738
24573606
24575180
24576433
24605150
24649405
24705077
24713235
24796562
24841066
24846646
24863127
24886190
25009362
25059863
25129521
25138314
25146193
25194793
25240180
25242948
25242949
25273383
25280241
25299938
25359154
25405495
25423733
25470927
25474889
25502569
25509377
25509394
25544744
25554489
25556026
25610702
25644954
25645593
25681691
25700632
25797155
25842039
25844444
25952083
25962762
26027369
26141894
26187960
26204775
26255131
26263623
26263631
26343325
26407887
26535566
26567001
26614058
26638482
26708984
26759120
26769130
26863134
26873699
26924113
27020359
27041715
27055294
27068592
27090758
27133558
27145602
27147530
27169244
27263830
27268113
27393999
27476204
27551017
27557935
27742715
28044270
28099582
28105917
28145473
28199673
28263905
28264994
28324369
28338674
28343859
28357640
28362815
28393833
28416707
28439037
28489199
28510188
28559297
28613381
28711791
28724262
28780591
28812258
28889294
29018432
29110138
29117218
29120483
29120487
29141156
29156387
29204736
29214999
29327073
29350442
29372802
29472339
29492373
29512118
29512969
29581233
29738246
29762883
29773623
29803733
29881875
29945074
29980814
30002971
30017324
30036857
30058999
30144254
30172303
30217849
30292926
30299474
30318739
30320901
30336067
30397795
30448870
30506306
30590146
30617456
30633437
30656428
30660677
30685816
30688544
30715422
30763337
30763794
30831360
30845717
30881352
30924989
30925326
30972503
30974243
30975454
30998695
31063499
31101077
31120967
31171196
31173600
31176475
31178044
31201008
31341665
31371541
31438655
31450055
31473159
31536609
31551333
31555910
31599156
31739060
31776586
31776908
31781905
31784916
31861075
31887674
32078698
32081264
32100101
32105306
32184193
32189086
32267854
32273589
32274559
32290956
32376190
32378235
32471917
32480762
32485238
32513682
32556389
32562424
32585580
32591387
32607666
32647456
32695176
32697085
32708226
32784849
32847137
32860049
32882650
32919283
32965535
32979295
33009649
33025128
33064068
33140139
33144311
33147514
33224175
33228533
33354785
33396893
33401477
33408368
33424906
33436847
33489786
33594007
33601223
33629714
33669948
33675052
33725785
33808642
33859664
33860372
33863284
33962983
33968002
34021824
34057226
34066521
34076164
34116336
34205012
34274835
34276734
34302571
34331344
34433236
34461275
34472164
34512702
34539107
34570625
34591447
34620450
34731216
34834799
34866129
34954806
34967451
34984661
35031990
35056643
35069641
35199239
35233885
35316539
35331729
35424620
35524818
35567126
35579112
35587317
35614083
35663903
35690224
35771351
35821321
35859341
35889009
35890481
35913881
35966678
36041365
36060892
36233333
36326839
36334127
36358265
36363804
36430691
36432883
36435046
36563730
36583055
36714773
36737831
36813333
36825888
36840219
36895350
36926990
36941452
37031840
37035362
37110469
37196102
37223804
37255486
37279865
37299089
37356790
37457347
37512900
37512920
37514313
37514417
37521928
37534167
37606788
37653924
37687354
37687389
37725833
37727857
37764053
37896039
37919670
37970062
38013212
38162741
38163938
38214292
38214876
38223701
38231212
38324183
38417500
38427979
38475295
38475442
38492040
38498218
38596061
38596071
38605320
38611474
38654167
38747856
38769246
38775579
38795456
38836802
38931099
38954221
38960411
38971246
39030648
39228378
39252838
39376706
39406770
39458416
39473422
39599365
