353012
528390
528391
659323
670084
1400190
1551599
1612441
6706847
7006261
7789807
7793962
7947789
8253693
8344517
8626249
8932530
9182697
9251186
9252578
9569688
9654097
10671445
10941524
11464274
11722888
11762192
11797049
12139020
12147356
12207217
12855715
12876348
14287715
15112997
15168093
15522513
15691927
15717130
15767695
15850758
16161486
16231220
16233249
16568718
17029925
17977593
18540075
18645964
19656940
21181427
22806864
25336658
27132847
28064425
29704649
30372975
30869776
32858108
37444255
