1381
4623
15979
15980
15986
26668
31413
36436
63748
67333
70405
81929
82520
98203
105054
108940
115097
119499
214422
300742
319081
326348
328400
362924
363743
370008
371746
379366
380631
425603
427513
428582
446791
474493
475368
485650
500800
503380
511782
521491
528688
566328
568566
568567
569083
624691
631031
632344
632625
644417
670389
670755
701070
701462
725708
730828
741335
772129
791125
842177
848933
853244
853290
863860
867205
871894
873611
899796
900177
911463
914773
925148
938019
950379
961432
963492
977538
977550
990884
999741
1067274
1168854
1176630
1194408
1269532
1270263
1279213
1290278
1294666
1301006
1301266
1302867
1303321
1303857
1323094
1337506
1342453
1381174
1387449
1391016
1399928
1402087
1408103
1408484
1415396
1420690
1421625
1421898
1425793
1459399
1468088
1468430
1474979
1477024
1490749
1503585
1526460
1536243
1543829
1544343
1549404
1550392
1553356
1559174
1567492
1567493
1568095
1579798
1583143
1587621
1597361
1605412
1606115
1617924
1619287
1624724
1639520
1650694
1655056
1662719
1662887
1695684
1699897
1734556
1738513
1738516
1749694
1750746
1755420
1755423
1757544
1765307
1790724
1791333
1800368
1801185
1804612
1857723
1863619
1864284
1865182
1879107
1885745
1888200
1889178
1896046
1902990
1906731
1907404
1913859
1916797
1925272
1929260
1929320
1939557
1940278
1953057
1959541
1959546
1964899
1986957
1987063
1988886
1991913
1992615
1997429
2002986
2003532
2003533
2007558
2019861
2028540
2030488
2031521
2032707
2037381
2050410
2062554
2083293
2087418
2097465
2124210
2128698
2154428
2159259
2179113
2179556
2181689
2183719
2191184
2195452
2205581
2216718
2218419
2220215
2223596
2223597
2226582
2228220
2230173
2240110
2264614
2267881
2269508
2272911
2282776
2289018
2307026
2311799
2315905
2318645
2326188
2336308
2336309
2348635
2352238
2358390
2363322
2367160
2380032
2381637
2403156
2408311
2411464
2432583
2444559
2451616
2470677
2482331
2486979
2490169
2506027
2506290
2507222
2510327
2511801
2513356
2515097
2534520
2563702
2565306
2579388
2589358
2599651
2603894
2618914
2619479
2619480
2628275
2632013
2640277
2644604
2647690
2661422
2672257
2673884
2675611
2678669
2687748
2690615
2694245
2712363
2712541
2723898
2724446
2729260
2732118
2733020
2739437
2756511
2767221
2771527
2771528
2780294
2783262
2797647
2799066
2817215
2822838
2840639
2843982
2845345
2883137
2891633
2891889
2899235
2903082
2909979
2913355
2917792
2925249
2928659
2929686
2940655
2942454
2948164
2950784
2951285
2970452
2973283
2973712
2982264
2984619
2998533
3002538
3012805
3025807
3032480
3034761
3043969
3047857
3050852
3051621
3053438
3053571
3055206
3065398
3067625
3067640
3069248
3069805
3075818
3083395
3096726
3097973
3099640
3100755
3109958
3112969
3114313
3118595
3123079
3125215
3128883
3130429
3131061
3131306
3132377
3132382
3135605
3135606
3136430
3137045
3137152
3137284
3140532
3143576
3143587
3148302
3160035
3174298
3182976
3183001
3195254
3195715
3204659
3210111
3210836
3210837
3215107
3215443
3224973
3245522
3259948
3262199
3278969
3278970
3283360
3287738
3294448
3301631
3312098
3318082
3321869
3323168
3323169
3324978
3325934
3332781
3337164
3343327
3344217
3355095
3358240
3360691
3361546
3382330
3384437
3417503
3426144
3431914
3435130
3437785
3437786
3448156
3449457
3453423
3485379
3488530
3490001
3491981
3494789
3497827
3501335
3512315
3515945
3520885
3521481
3522307
3528484
3532626
3534731
3538672
3539992
3540894
3540895
3540896
3540897
3540898
3540899
3540901
3540903
3540904
3540905
3540906
3540907
3543767
3543811
3546153
3552747
3555054
3555082
3557979
3563283
3563830
3571480
3573062
3574192
3587970
3595751
3611320
3615080
3667226
3667910
3668966
3669058
3669803
3669804
3670950
3670956
3673336
3680940
3687627
3690418
3699891
3700599
3700618
3701114
3701115
3715677
3717610
3717939
3718062
3719732
3721515
3721543
3730958
3737042
3739634
3760133
3761214
3770756
3777059
3783341
3783390
3789692
3793871
3795198
3797321
3797322
3797323
3797324
3797325
3797326
3797328
3797329
3797330
3797331
3797333
3801833
3803373
3806917
3817953
3818931
3820274
3826174
3830774
3835596
3841542
3868640
3873446
3877803
3881657
3881828
3882564
3883615
3885669
3890223
3892448
3894550
3900948
3904251
3906033
3907172
3910080
3910541
3920959
3932554
3937130
3939493
3943640
3959204
3959253
3963038
3963998
3964000
3964985
3965307
3967787
3969756
3970093
3988705
4020782
4028663
4039533
4039970
4043971
4044255
4049607
4056004
4066560
4080586
4081940
4086030
4096578
4533227
6096300
6121728
6127254
6146874
6152985
6171581
6200942
6201503
6210265
6218407
6224125
6236618
6237903
6263869
6269042
6280502
6283441
6287175
6321990
6322705
6326293
6338252
6342286
6344763
6351785
6361216
6364404
6365962
6369706
6369873
6381102
6381769
6382823
6391179
6392177
6406199
6406539
6411515
6420299
6421028
6432835
6433572
6438766
6438816
6450231
6451177
6480368
6480371
6481650
6497071
6507538
6511316
6511317
6511871
6524554
6529772
6531060
6531061
6535453
6537962
6544607
6548687
6549013
6604191
6604763
6604890
6607498
6607499
6608436
6608516
6637065
6648745
6648750
6659736
6665663
6665671
6665672
6665675
6665676
6665680
6677008
6679147
6679148
6679149
6679152
6685946
6689378
6689382
6690468
6698224
6698226
6700691
6701710
6705709
6712055
6725880
6727710
6741258
6741538
6742014
6766274
6778385
6779634
6790148
6803233
6823266
6823429
6833482
6842005
6842018
6849359
6871652
6886493
6887487
6893939
6894560
6897895
6958241
6969736
6981712
6981830
7007416
7009221
7014616
7016906
7024429
7028208
7039760
7040444
7046333
7047554
7076871
7082604
7084856
7085079
7104592
7106003
7109071
7114503
7127057
7141059
7142072
7143422
7143589
7153318
7153345
7180023
7180236
7185968
7201468
7204548
7214120
7218669
7221804
7236360
7244646
7248235
7256497
7271091
7276624
7283415
7287395
7296255
7298197
7308504
7308507
7310848
7311654
7311655
7333925
7364067
7373281
7380768
7393690
7394696
7399916
7402508
7415876
7420587
7422192
7427690
7427705
7429007
7430073
7447539
7452788
7469210
7482104
7482108
7506653
7519803
7537430
7549563
7552544
7552594
7555366
7562292
7575705
7576165
7585898
7585901
7588844
7608879
7612097
7629982
7638006
7662803
7663651
7681846
7691651
7698376
7698682
7700272
7708396
7714149
7744239
7768469
7768764
7801884
7805974
7812104
7814541
7814552
7819688
7831266
7848246
7851968
7855940
7859257
7862377
7867300
7868260
7872759
7872762
7889070
7898825
7900509
7923339
7957794
7981109
7991855
8000551
8001403
8027311
8033923
8034222
8034499
8034502
8035299
8036045
8037325
8063080
8064730
8072829
8075258
8077390
8077737
8080192
8082448
8083669
8116718
8125831
8140488
8146353
8150252
8161256
8201486
8215294
8219924
8231433
8233624
8240947
8248756
8249222
8276027
8276597
8299794
8306156
8311389
8321733
8324131
8327303
8329428
8345996
8345998
8353822
8354321
8356311
8357043
8373676
8374221
8374634
8385592
8396626
8399898
8399899
8399900
8399901
8399902
8399903
8399904
8399905
8399906
8399907
8399908
8399916
8399918
8399919
8399924
8399930
8399939
8410850
8437791
8442648
8443311
8457981
8468091
8470312
8471540
8474408
8477168
8478120
8480940
8493698
8496757
8498758
8499824
8501029
8517233
8529783
8532246
8539070
8543819
8550495
8552879
8555304
8569773
8580659
8584311
8602379
8608099
8619564
8624520
8653437
8667407
8685180
8688393
8690868
8707732
8719713
8737122
8740310
8758403
8758449
8758778
8808308
8812782
8834213
8849180
8849228
8852922
8863456
8874078
8877123
8885502
8912360
8914774
8918953
8929244
8951464
8967185
8968907
8983524
8986107
9008327
9021392
9024109
9029830
9058344
9075546
9099504
9109137
9109154
9109159
9114407
9114682
9116732
9133961
9141349
9150329
9152038
9155551
9162880
9173376
9194108
9218948
9222069
9240007
9259934
9263572
9267343
9269303
9277073
9286061
9286063
9286064
9290454
9292112
9292342
9310650
9310943
9334863
9355087
9365099
9377664
9382274
9393806
9447527
9469401
9477586
9484871
9511064
9515674
9517957
9536833
9542952
9545798
9574683
9576384
9576388
9577917
9582199
9593171
9596858
9596879
9596901
9596936
9643328
9649098
9650134
9669200
9671250
9686728
9686729
9699202
9707308
9709898
9713129
9722706
9738062
9744030
9745094
9772420
9774567
9803463
9804226
9806043
9812505
9821094
9822296
9822511
9825976
9825977
9828433
9829160
9856315
9877041
9885690
9891672
9919010
9923526
9927273
9973141
9973807
9986808
10028111
10052839
10065792
10076122
10090059
10098479
10194166
10194643
10198558
10203515
10224793
10231688
10325375
10326880
10328022
10328029
10350390
10401191
10404335
10422688
10438393
10458530
10462605
10513649
10525015
10555372
10565945
10575584
10589928
10629381
10630635
10632761
10634025
10650644
10674351
10681801
10681836
10682488
10682556
10699016
10701063
10702559
10726942
10730379
10736488
10770737
10773494
10774483
10782745
10799180
10806761
10808589
10820553
10824029
10870778
10872907
10872914
10879244
10879809
10882652
10904807
10905076
10921144
10932729
10932748
10933253
10942482
10948822
10952617
10968119
10968599
10968880
10972036
10979348
10993825
10997504
11003900
11006655
11034506
11036807
11040429
11048724
11064431
11081683
11083834
11084554
11120932
11124356
11124544
11139195
11143859
11149166
11200673
11210648
11218582
11220481
11236738
11242818
11245329
11250779
11257021
11264026
11270970
11286181
11286881
11287692
11295198
11303191
11306884
11316936
11326000
11326935
11326936
11330640
11333586
11340678
11349058
11353084
11367696
11367920
11370327
11379193
11440663
11460209
11473221
11478413
11502536
11509812
11525356
11526679
11526680
11548181
11561190
11568991
11708762
11717647
11718071
11722812
11734763
11769668
11773101
11820488
11822223
11830301
11839161
11869060
11874162
11910508
11921380
11931172
11939406
11948794
11972343
12016794
12040954
12050955
12109655
12110824
12119537
12133816
12135835
12227406
12228302
12262383
12265005
12266602
12280505
12288347
12359818
12373067
12395292
12396535
12427276
12435067
12459871
12471378
12479037
12490114
12496176
12500671
12501267
12515431
12516260
12522757
12536620
12548950
12552439
12562472
12567170
12575924
12586032
12592953
12595594
12634663
12648172
12670978
12671545
12678959
12688106
12711099
12714809
12734216
12734722
12747227
12747231
12749137
12752072
12754428
12774671
12798523
12816150
12843076
12851028
12860331
12861836
12868657
12875517
12930907
12931378
12956892
12966887
12973952
13680393
14516780
14516781
14526331
14535851
14535852
14550591
14556323
14556813
14566349
14583992
14586326
14587375
14605250
14617140
14646436
14681420
14689895
14692140
14730659
14977904
14979196
14985631
15006769
15008400
15027187
15037417
15059581
15059585
15076934
15080072
15107742
15123136
15132870
15198807
15207093
15272412
15284720
15311367
15320905
15351237
15364299
15364308
15379939
15388749
15458546
15481912
15482111
15486833
15493724
15497702
15507969
15524401
15524422
15537264
15567220
15571285
15590440
15595680
15605188
15611477
15612996
15669986
15678510
15739821
15745253
15746262
15751921
15756355
15760380
15778862
15800097
15804106
15841609
15845463
15846863
15849868
15886468
15893230
15893829
15901257
15901266
15924526
15959994
15976604
15979492
16005182
16034149
16036633
16044191
16093289
16102559
16105789
16112738
16127901
16146268
16160805
16218534
16260207
16266393
16278442
16294308
16298086
16303724
16312697
16314032
16318974
16336273
16340190
16420239
16464324
16489881
16495637
16506086
16632414
16645491
16734777
16749996
16750108
16752003
16752749
16758739
16761537
16793613
16796981
16797960
16802622
16817073
16822087
16830600
16864693
16894939
16918159
16953371
16956563
17042035
17057305
17061502
17091417
17094040
17095137
17109090
17118199
17135751
17141453
17148091
17160569
17172033
17214350
17217015
17229853
17251394
17283099
17295897
17297383
17343254
17357319
17357320
17368648
17372403
17380088
17383646
17401188
17462733
17508488
17511725
17522569
17531993
17575931
17587272
17633140
17642504
17654349
17674243
17697595
17725308
17806051
17889479
17929414
17949381
17956056
17978806
17988404
18006553
18038556
18062195
18077823
18080562
18094550
18166302
18172392
18174297
18202910
18204300
18237241
18307078
18336453
18336462
18357907
18368789
18382019
18397552
18424791
18436310
18436601
18451040
18462587
18475323
18475339
18475351
18475380
18475406
18475413
18476048
18476105
18476120
18513147
18577163
18596706
18614434
18646667
18649747
18679037
18679597
18686383
18707551
18727730
18753188
18807493
18976044
18982817
19004865
19031281
19046141
19071132
19089553
19090264
19140411
19177768
19216747
19220471
19228227
19261782
19273669
19279393
19285457
19290856
19297275
19300187
19322575
19330704
19371925
19403499
19413770
19423471
19451322
19500195
19515594
19521097
19538417
19538765
19558525
19567205
19567408
19570447
19573386
19705693
19715210
19738335
19821660
19882050
19906019
19945777
19949678
19957526
20005575
20012733
20035248
20043167
20073423
20192887
20207094
20209864
20214140
20215624
20361538
20385350
20387726
20402416
20460265
20498099
20498103
20504068
20540437
20561928
20616189
20673839
20705423
20706675
20739488
20799402
20805331
20806253
20849724
20856647
20860627
20862818
20873309
20920170
20978774
21029592
21071566
21091298
21099445
21126118
21167277
21174140
21174576
21213011
21214658
21253312
21261443
21263808
21285914
21291519
21304192
21306340
21308549
21354056
21415210
21444986
21446174
21461284
21481090
21568946
21571622
21672080
21672305
21697330
21747320
21791147
21795510
21805206
21860112
21898997
21917901
21947096
21960733
21977592
21979223
22006584
22013807
22052774
22087366
22106821
22113463
22123897
22135257
22142497
22189109
22189123
22235672
22252268
22280558
22308534
22320109
22346506
22362682
22370921
22379935
22449180
22449336
22471518
22489672
22524106
22546762
22562187
22563554
22565456
22569709
22580915
22646228
22686088
22767305
22803817
22897222
22899414
22915608
22928002
22930310
22967004
22978046
23000853
23021257
23084560
23114371
23140621
23155097
23163043
23168304
23185254
23192735
23216633
23223595
23258645
23302568
23328422
23362449
23427443
23445723
23471315
23529298
23538378
23569916
23587772
23602797
23678833
23686458
23749142
23749559
23764022
23796000
23805669
23805676
23819400
23844520
23880127
23905372
23912532
23939010
23960141
23966022
23970289
23970658
24008852
24022938
24028637
24031629
24046809
24047884
24072679
24079950
24095619
24097830
24106340
24106832
24118383
24206645
24220356
24223415
24253351
24318169
24341208
24348659
24348660
24411218
24462432
24478494
24478517
24486047
24526918
24527539
24552584
24566785
24587152
24659951
24671783
24710943
24721348
24745152
24814157
24856994
24874306
24925897
24958801
24976225
24986642
24997675
25017795
25019616
25031509
25047036
25051693
25053998
25081985
25093900
25106851
25156010
25190175
25194120
25195368
25219820
25288795
25344182
25423707
25444567
25467173
25500516
25503859
25533217
25578885
25616607
25630539
25632744
25645833
25688579
25713205
25717022
25720095
25790530
25792346
25796688
25802703
25847903
25865969
25892209
25911355
25921486
25926956
25953941
26010780
26078959
26195516
26209240
26220178
26234041
26280325
26311339
26331225
26355309
26378187
26390557
26518581
26528045
26537883
26538551
26586777
26593075
26602615
26607860
26658669
26677674
26706392
26728808
26732001
26756000
26756001
26795404
26796553
26813816
26825087
26845624
26853743
26856767
26874867
26904723
26951983
26987281
27000449
27013259
27025738
27031891
27032228
27112831
27166039
27172116
27172838
27197925
27208664
27236775
27246773
27262518
27324895
27368750
27401661
27418415
27443698
27499775
27530531
27537683
27542698
27558163
27580005
27580179
27743513
27751210
27752891
27796644
27803864
27870156
27884651
27981387
27992658
28012250
28078900
28099135
28112332
28128176
28141596
28150678
28260146
28263902
28268197
28295282
28334949
28345794
28502201
28504825
28531212
28562253
28599391
28617561
28637523
28646898
28703488
28711440
28717267
28739435
28784668
28803864
28803865
28843262
28867456
28871927
28951103
28960028
28980570
29052561
29154392
29155238
29234642
29246195
29269957
29271025
29272448
29281209
29286178
29376018
29376609
29455108
29498739
29520664
29524791
29553074
29558521
29620787
29658257
29662365
29681370
29706149
29726647
29726648
29749874
29762820
29786533
29792190
29797677
29856498
29924422
29935063
29959546
30008604
30033344
30052651
30070088
30078782
30088705
30125380
30146824
30147292
30156075
30173454
30173461
30231293
30267972
30299238
30341386
30344067
30390337
30403730
30466466
30498048
30501682
30541468
30541666
30606394
30642935
30663264
30764830
30786784
30799304
30799562
30803037
30819052
30911247
30918881
30928565
30946732
30953260
30972218
30991220
31001484
31007108
31161092
31164096
31210732
31270127
31271192
31271277
31307183
31336668
31417035
31417517
31435420
31514559
31515293
31525453
31533513
31636643
31642639
31658334
31673281
31675147
31685849
31693497
31695443
31721313
31757739
31781517
31832807
31883200
31885754
31904441
31920092
31935673
31941460
31978082
32002066
32031768
32053510
32088246
32131651
32141797
32149960
32170033
32212485
32212507
32216196
32223089
32226590
32231855
32233207
32251562
32299615
32318788
32342905
32379710
32405804
32414777
32438506
32453875
32460721
32489299
32513794
32534943
32600306
32677400
32684296
32724807
32781998
32794312
32849509
32854606
32921103
32958133
32966677
33069221
33076082
33092572
33172234
33198541
33259953
33263642
33264795
33271546
33309583
33332062
33367765
33377738
33385441
33398853
33417733
33502501
33520043
33526524
33544205
33553066
33593837
33640187
33652790
33853728
33866885
33883524
33886170
33906318
34040514
34046899
34052582
34055347
34089202
34093967
34113135
34154600
34156000
34169683
34183027
34332883
34380416
34393245
34497776
34564986
34572612
34618416
34620929
34645186
34668543
34686092
34690966
34719855
34738595
34749321
34749670
34759615
34782548
34803955
34817203
34827308
34844543
34844551
34900157
34909611
34914320
34933533
34934454
34956983
34959565
34977452
34981015
35118003
35144833
35147799
35166152
35171026
35242210
35298429
35337285
35341439
35344737
35352527
35360463
35432251
35447602
35571499
35579283
35626297
35647888
35664640
35687904
35693060
35701892
35704729
35765546
35820579
35843271
35875909
35892509
35934404
35993783
36001207
36028274
36043133
36050217
36094115
36099373
36104850
36136820
36188314
36269329
36298685
36303664
36372885
36394740
36397449
36467297
36494947
36537833
36601742
36614842
36688743
36721453
36743092
36743104
36755309
36776009
36822158
36927441
36944923
36948449
36950601
36950686
36967949
36974436
36995230
37011545
37069731
37072756
37131309
37145085
37146535
37238455
37275751
37276443
37285685
37305734
37354670
37452127
37585358
37595415
37606383
37609747
37628372
37641375
37663112
37679579
37739477
37740962
37741759
37746588
37751973
37819180
37852554
37916720
37928183
37975346
38003814
38019851
38025994
38039859
38072060
38089034
38133318
38154434
38154893
38166231
38182150
38196047
38203213
38223622
38399821
38454820
38461865
38486167
38534675
38570745
38585416
38619413
38623683
38629933
38633399
38717222
38743894
38785734
38832769
38846122
38850689
38856807
38868882
38934167
39022638
39040988
39058457
39142351
39148384
39169329
39175806
39188580
39192626
39222020
39238694
39240843
39263668
39268811
39315333
39351971
39430093
39471231
39497783
39511828
39539704
39560424
39566527
39582749
39599556
39607610
