17082409
23797292
25522518
25657286
26042866
26453993
26712619
26830772
27439917
27491995
27848154
28334335
28498521
28527763
28938018
29024173
29686086
30405655
30746495
31205303
31354776
31379783
31668625
31755073
32786359
32846260
32860502
33270007
33396893
33654765
33672351
33672702
33799825
33803181
33863284
33958418
33963810
34204989
34360661
34537968
34824476
34856020
34864996
34890798
34999969
35141832
35161300
35242117
35406900
35642916
36679084
36786577
36949520
37166592
37282370
37470457
37651474
38018896
38068694
38257241
38527548
39169536
17082409
23797292
25522518
25657286
26042866
26453993
26712619
26830772
27439917
27491995
27848154
28334335
28498521
28527763
28938018
29024173
29686086
30405655
30746495
31205303
31354776
31379783
31668625
31755073
32786359
32846260
32860502
33270007
33396893
33654765
33672351
33672702
33799825
33803181
33863284
33958418
33963810
34204989
34360661
34537968
34824476
34856020
34864996
34890798
34999969
35141832
35161300
35242117
35406900
35642916
36679084
36786577
36949520
37166592
37282370
37470457
37651474
38018896
38068694
38257241
38527548
39169536
