33225
94809
96972
105727
168077
172482
180238
239628
240102
374053
406203
415144
457850
480356
602264
605065
681246
743235
786637
821930
837440
893229
896480
896928
930120
950314
953049
956055
977549
1031838
1176450
1176604
1199135
1271305
1278999
1335580
1505864
1539994
1540134
1554361
1592677
1682303
1682304
1756981
1798704
1847988
1898366
1908220
1910335
1916274
1919505
1930139
1930140
2085424
2127105
2173561
2276604
2276609
2651156
2742450
2822004
2854843
3013728
3027691
3038538
3074016
3192492
3266858
3312488
3448155
3499147
3680009
3841534
3932458
3949628
4137065
4191143
4212365
4212366
4212367
4334965
4379475
4494518
4627138
4677614
4695140
4853248
4919965
5418302
5437730
5474797
5474798
5493425
5742394
5775907
5867753
5875611
5915367
5919689
5953825
5968582
6246193
6255438
6271645
6275259
6279094
6289084
6292047
6299270
6365871
6381058
6547127
6606457
6609701
6642320
6704204
6708550
6743245
6783621
6793652
6825689
6975618
6978132
6980645
6984651
7126702
7197578
7214241
7251486
7329920
7409166
7409167
7419707
7424821
7460282
7506344
7534372
7565095
7607497
7768794
7828868
7902308
7908269
7915004
7960928
7961479
8026751
8196549
8223587
8316078
8326867
8424800
8484734
8590678
8955381
9003289
9004222
9038144
9157134
9265630
9378520
9571773
9580131
9748446
9758803
9797299
9919382
10027969
10517589
10517591
10554314
10612726
10716740
10747830
10770761
10779713
11192220
11221085
11306350
11376004
11386345
11421816
11426925
11427236
11693940
11748878
11748888
11983340
12100029
12550087
12609668
12799458
12878134
12906361
13022850
13022851
13151554
13435972
13598814
13716580
13737991
13831587
13886273
14197569
14278231
14293867
14328224
14346085
14417071
14421508
14467640
14545906
14602594
15112734
15186422
15255901
15583353
15625109
15638529
15911378
15978766
16164546
16305230
16347759
16408310
16554717
16558117
16707707
16725283
16751529
16797944
16831757
16841887
16874749
17021216
17193757
17392281
17396254
17624525
17655191
17717992
17768249
18062184
18156784
18160394
18265757
18401530
18556785
18592568
18648803
18988223
19246195
19247393
19478828
19620242
19835841
19957443
20122935
20387794
20399259
20406823
20637975
20816933
20937800
21132287
21472278
21536147
21571936
21718029
21768346
22120896
22151149
22156425
22162248
22477566
22557219
22901894
22915152
23143534
23157252
23220968
23251084
23302687
23772365
24168704
24277863
24337397
24495463
24554499
24566921
24593309
24594582
24633227
24688837
24759645
24784492
24800508
24819608
24975573
25012786
25081867
25128200
25269462
25353334
25391353
25416691
25521786
25635820
25657283
25727957
25803299
25822496
25907804
25924180
26023709
26043159
26098197
26459865
26492365
26515616
26873555
26969249
27001601
27018252
27040671
27055525
27081146
27123899
27264245
27412461
27417933
27447056
27577857
27618884
27830292
27981234
28052753
28293709
28401259
28445069
28455615
28497061
28497964
28528473
28545544
28590725
28611737
28634080
28656701
28676857
28758722
28812299
28817927
28852167
28890887
28956398
29057800
29217579
29225593
29338229
29350227
29454348
29500256
29518990
29602787
29603527
29738206
29938937
29958422
29979567
30065171
30196100
30290169
30385744
30400361
30425983
30427300
30427301
30440014
30556239
30556942
30590919
30733734
30816348
31017319
31112560
31222036
31324940
31407584
31413341
31518785
31552238
31741644
31781915
31916339
31918711
31998688
32048165
32050690
32170856
32340131
32412752
32439662
32448325
32481766
32503302
32524351
32532869
32625420
32676973
32708402
32727097
32771628
32778124
32808679
32838281
32849342
32911655
32915250
33050154
33072052
33207845
33270372
33297539
33341113
33445110
33473470
33532924
33624374
33730177
33741615
34051369
34064751
34082758
34135687
34216097
34381705
34388000
34442689
34442719
34458799
34470207
34564766
34584996
34617948
34659714
34684801
34806536
34838572
34982582
35082443
35088709
35185841
35194265
35201649
35253423
35488016
35625244
35652652
35664928
35756964
36099515
36144353
36212995
36274688
36383002
36417169
36468867
36534026
36599132
36658647
36677886
36731876
36735280
36823304
36844473
37006697
37042607
37086378
37138074
37183364
37254281
37480372
37561973
37621439
37792269
37821509
37856788
37964282
38019997
38072358
38123018
38146267
38170464
38679882
38790014
38904409
39021363
39045837
39082481
39099750
39305259
39316423
39362288
39582691
39590760
39591591
