8573507
8782677
8863428
9102660
9210790
9281394
9342699
9362051
9647697
9731948
10224028
10534418
10562442
10631065
10805966
10826163
11021641
11437525
11473585
11812121
12089057
12361261
12485745
12539820
12620836
12725811
12797406
12835837
14977098
15050840
15145253
15189284
15256579
15279248
15530737
15951140
16156557
16169624
16269801
16375916
16405170
16420974
16458322
16514018
16551367
16626408
17015336
17037251
17037257
17069642
17083701
17290940
17363055
17404328
17517481
17554499
17601687
17882929
18046600
18054037
18192429
18207338
18331334
18508208
18539412
18571197
18573258
18640122
18687369
18767715
18831978
19024500
19216106
19304833
19322786
19358885
19459943
19559547
19616552
19638278
19695106
19781868
19909971
20116222
20202425
20398671
20406378
20409652
20411504
20437392
20545737
20609532
20623426
21167037
21229198
21330433
21510179
21683605
21853316
21858429
21923906
22151200
22200645
22344911
22381478
22386493
22510214
22615573
22805922
23000777
23156141
23220240
23264573
23361165
23662456
23757273
23762370
23765853
23809335
23919248
23992535
24009112
24026473
24073406
24096349
24119163
24204850
24233582
24288051
24401780
24427957
24509920
24578609
24586572
24599066
24613082
24698417
24761740
24789904
24827680
24975930
25044543
25069424
25080172
25080221
25118351
25174730
25237888
25244044
25296446
25431956
25450740
25477523
25505346
25505523
25529345
25757461
25820295
25852743
25899502
25904391
25929327
26048941
26062113
26089405
26130193
26136497
26167894
26210039
26230630
26296874
26316636
26472825
26495106
26496797
26610041
26638480
26674357
26674447
26740757
26744371
26904379
26959221
27020320
27130035
27144085
27216238
27365124
27394713
27468390
27480379
27589675
27738559
27760211
27864589
27885557
27905924
27943550
28145462
28230192
28258722
28307711
28467471
28468244
28572312
28573033
28698604
28869798
28900241
28917651
28986750
29044873
29076622
29117379
29124866
29140998
29264966
29361561
29385571
29391178
29393586
29472795
29512116
29512117
29567247
29578641
29588011
29622612
29657417
29761912
29764667
29892084
29903825
30029517
30043554
30087835
30157454
30217838
30269313
30350228
30453484
30518109
30533661
30533693
30544571
30549614
30579360
30666531
30679452
30723636
30796258
30862950
30957692
31003985
31016569
31027721
31187922
31303818
31357646
31421717
31506760
31624548
31656524
31664160
31762664
31844879
31889094
31902832
31959580
32073851
32111267
32126215
32143610
32201239
32252629
32426257
32696346
32722196
32824137
32849478
32922737
32937902
33281785
33289829
33418906
33496680
33499318
33574806
33613504
33615656
33669183
33718463
33732036
33799666
33808848
33904855
33921572
33995331
34160267
34201873
34204079
34216360
34300655
34439010
34485429
34521052
34531482
34555441
34564612
34821836
34860153
34968060
35082220
35130328
35137131
35323537
35349126
35366103
35447107
35447776
35487884
35498733
35533189
35614119
35622764
35647102
35653619
35810895
35923395
35946602
36072387
36123020
36288134
36325099
36431788
36456855
36481105
36526535
36558073
36611761
36809600
36816323
36836795
36851407
36892790
36913910
36947033
36977252
36985490
37031709
37097489
37152741
37226109
37312882
37350994
37377428
37400312
37640200
37705301
37763237
37821148
37989931
38028830
38045927
38132847
38180723
38319944
38411571
38418777
38595951
38661390
38667398
38706719
38742951
38786906
38818453
38826346
38879955
38886123
38889604
39026776
39152125
39226984
39257743
39272476
39330821
39420228
39452362
