11272812
11761368
12204383
12382065
12420179
12656161
12664261
12809275
12855721
12882002
12889028
14643991
15177901
15212904
15313256
15375674
15538552
15676194
15739171
15816681
16233839
16245345
16281556
16306687
16400536
16423726
16716938
16825452
16861791
16979697
17091343
17142362
17275185
17302937
17473888
17537479
17633639
17634983
17966524
18079054
18206305
18846450
19055775
19076637
19464109
19618279
19699031
19879686
19937213
20012335
20159572
20633920
21046430
21090604
21191788
21216139
21255296
21466919
21638040
21705214
21716305
21773763
21864881
22113561
22123759
22212349
22214994
22295641
22341516
22560175
22584430
22968225
23053079
23178791
23335869
23411451
23436458
23454463
23513681
23562448
23709230
23836868
23861147
23995926
24171423
24294251
24355385
24389460
24390831
24520720
24699951
24768743
24797809
24946573
24993543
25050971
25145209
25148779
25158614
25165619
25229870
25262394
25320861
25347960
25353947
25384695
25461931
25478575
25633028
25697901
25923144
25978855
26011694
26064886
26155679
26264736
26393925
26481159
26492170
26677108
26704063
27003697
27187796
27312277
27338270
27416516
27430211
27434303
27486930
27506054
27548157
27682113
28128937
28154559
28473816
28702905
28861071
28940098
28953461
28956213
29227145
29288469
29303046
29353112
29466318
29515535
29637455
29722683
29730593
29851391
29858724
29937764
30267316
30427795
30481705
30500707
30615628
30708273
30769253
30909069
31059950
31398782
31420797
31463545
31577980
31998751
32010095
32231653
32448917
32507739
32884068
32947659
33031917
33111226
33288317
33430222
33472156
33780674
34281070
34381430
34554057
34745072
34745076
35192165
35283152
35643293
35838790
35962820
36276475
36778865
36867908
37014849
37228625
37232219
37323903
37544520
37634402
37686204
37848738
38152287
38346803
38364921
38907882
39016549
39080164
39161578
39315164
39473843
