7727274
8068543
8824148
9277123
10319468
10835245
10919803
11157226
11310322
11766823
11766824
11785417
11977409
12023088
12037085
12089017
12153313
12404720
14751311
15883180
16001251
16190201
16233771
16402166
16508115
16822636
17043911
17098542
17158998
17570712
17705249
17929575
17963935
18051298
18198803
18246718
18792008
18800559
18924409
19061488
19147103
19633395
19643873
19685239
19700527
19716146
19719679
19722792
19880635
20087629
20446872
20495940
20667718
20864217
21354204
21469734
21502070
21617535
21859934
21868215
22447589
22692741
22717753
22767883
23041042
23041635
23180480
23385852
23574004
24041203
24206770
24352010
24961605
25320854
25434179
25556393
25868996
25899343
26048743
26112790
26195654
26275273
26290494
26612364
26650422
26861877
27038879
27376311
27434738
27915249
28073586
28175269
28251535
28264729
28330195
28887556
29343618
29484917
29523775
30101804
30168313
30191430
30319141
30643678
30923241
31279310
31891759
32130634
32192230
32339868
32447013
32481934
33070702
33146522
33297160
33975829
34160649
34303790
34962578
34963589
35134397
35378117
35388567
35409708
35410874
35758290
36057350
36507672
36518135
36617769
36752589
36796552
36846752
36917516
37110389
37186067
37213006
37879108
37941439
38152378
38304346
38763660
38902695
39239913
39325059
7727274
8068543
8824148
9277123
10319468
10835245
10919803
11157226
11310322
11766823
11766824
11785417
11977409
12023088
12037085
12089017
12153313
12404720
14751311
15883180
16001251
16190201
16233771
16402166
16508115
16822636
17043911
17098542
17158998
17570712
17705249
17929575
17963935
18051298
18198803
18246718
18792008
18800559
18924409
19061488
19147103
19633395
19643873
19685239
19700527
19716146
19719679
19722792
19880635
20087629
20446872
20495940
20667718
20864217
21354204
21469734
21502070
21617535
21859934
21868215
22447589
22692741
22717753
22767883
23041042
23041635
23180480
23385852
23574004
24041203
24206770
24352010
24961605
25320854
25434179
25556393
25868996
25899343
26048743
26112790
26195654
26275273
26290494
26612364
26650422
26861877
27038879
27376311
27434738
27915249
28073586
28175269
28251535
28264729
28330195
28887556
29343618
29484917
29523775
30101804
30168313
30191430
30319141
30643678
30923241
31279310
31891759
32130634
32192230
32339868
32447013
32481934
33070702
33146522
33297160
33975829
34160649
34303790
34962578
34963589
35134397
35378117
35388567
35409708
35410874
35758290
36057350
36507672
36518135
36617769
36752589
36796552
36846752
36917516
37110389
37186067
37213006
37879108
37941439
38152378
38304346
38763660
38902695
39239913
39325059
