1909244
8590688
8752375
8908607
8940989
8981347
9062784
9114196
9170266
9251054
9251062
9364677
9392597
9393823
9399546
9483878
9494666
9522982
9561627
9574801
9665960
9673928
9683108
9701943
9701944
9809424
9826373
9866742
9876950
10338191
10344653
10432060
10467771
10496165
10524792
10531289
10543774
10545254
10556707
10585144
10585145
10593093
10635814
10639422
10643299
10655679
10738028
10764614
10789509
10796680
10871922
10874723
10895979
10924780
10957711
10974999
10981892
11114390
11119542
11131808
11134571
11138539
11179287
11226850
11238230
11261762
11268679
11268685
11296840
11424485
11485073
11497219
11500099
11504834
11561571
11565564
11716109
11791995
11860788
11940347
11944714
12016590
12041564
12061450
12117985
12183528
12236430
12236431
12373493
12456377
12458119
12479551
12516769
12556154
12606829
12622944
12661080
12685633
12690274
12693590
12693591
12693592
12702230
12738637
12738648
12757225
12757226
12803503
12812345
12860596
12860627
12860654
12860658
12860659
12860686
12874360
12875300
12875301
12924799
12932099
12950666
12971530
12971561
14501995
14515037
14524618
14575767
14605439
14607867
14643640
14695089
14720413
14989353
15001228
15099992
15100446
15107540
15115095
15115096
15211012
15272753
15307429
15383701
15451469
15460968
15504273
15546086
15555396
15665455
15691135
15757589
15769332
15827286
15827287
15840959
15891142
15906651
15909673
15965302
15965303
16041019
16107952
16165341
16282307
16297509
16325368
16368461
16481489
16481499
16481519
16481526
16494751
16494757
16500780
16596351
16626907
16790799
16836828
16904284
17051495
17114707
17114788
17152505
17152514
17176580
17214088
17235005
17249357
17297242
17302769
17360883
17375000
17404000
17415986
17433390
17446675
17483455
17539252
17556627
17687111
17691691
17870041
17877223
17900956
17939381
17976731
17978077
17979530
17984347
17997258
18003808
18070125
18076670
18093627
18214193
18251273
18281226
18312580
18322585
18399148
18402595
18424015
18428046
18500929
18505434
18508905
18510826
18528528
18541778
18565558
18697486
18794046
18799810
18806355
19009332
19091812
19099688
19115620
19144812
19220144
19225079
19289508
19291097
19319622
19407134
19411777
19416296
19438636
19438655
19457173
19485773
19492945
19493203
19501007
19538261
19566581
19583101
19624507
19699129
19762057
19778303
19793117
19815883
19843286
19849842
19860249
19861068
19931108
19935272
19960694
19967137
20016046
20129967
20138477
20160019
20186754
20221740
20302599
20433689
20470879
20553108
20555045
20600142
20651929
20654145
20682628
20682883
20715556
20810835
20854933
20877503
20889895
20926708
21035078
21068287
21137321
21151880
21156179
21162818
21172901
21212571
21223345
21241829
21282412
21292894
21353950
21362468
21441323
21443412
21450057
21457660
21458586
21460017
21508168
21518541
21593255
21610853
21623605
21633035
21703220
21712103
21789197
21803311
21857951
21888791
21914549
21931873
22049051
22056929
22192733
22208541
22219313
22250452
22253938
22379331
22449515
22462646
22484764
22492158
22505220
22527840
22549469
22665616
22723924
22735791
22764306
22787193
22789674
22858805
22860140
22905277
22934454
22967923
22970193
23010430
23039302
23049227
23071693
23088884
23092017
23166411
23169998
23230293
23253042
23270154
23298927
23301113
23316486
23342173
23391799
23394970
23421889
23589529
23590326
23647883
23678256
23678257
23716407
23716411
23727805
23732256
23760611
23764295
23791848
23802452
23825810
23871280
23891643
23930973
23930974
23936576
23959500
23985798
24002486
24029193
24064639
24107204
24159441
24159523
24159528
24159549
24166036
24297814
24361181
24445200
24470959
24475357
24498445
24499627
24516677
24522141
24549632
24550643
24557641
24565850
24600976
24647254
24647257
24661931
24685046
24692372
24721932
24737886
24820571
24850971
24897859
24915541
24947244
24957537
24961137
24968681
24995849
25010338
25065842
25092819
25112312
25122501
25166298
25251025
25253616
25254971
25297022
25298907
25298908
25359599
25412503
25446172
25461664
25491523
25530231
25548900
25552462
25556044
25560004
25569562
25575441
25577986
25601925
25617190
25627940
25689778
25692099
25768004
25778504
25780502
25802430
25823954
25928653
25954814
25993123
26000454
26024375
26055741
26082810
26097756
26101478
26130947
26157595
26161793
26170417
26192432
26219315
26274584
26317517
26317624
26369561
26371067
26378973
26438572
26458778
26491185
26557523
26626287
26675629
26680308
26771218
26771283
26771425
26817445
26817467
26832670
26833324
26860982
26904743
26921773
26937940
26943125
26974185
27005452
27008880
27139448
27189302
27195943
27248711
27296391
27411364
27413521
27417085
27433834
27449540
27463223
27478327
27479584
27536803
27540052
27582280
27602667
27606708
27620720
27645781
27698275
27737634
27788693
27885295
27887623
28044222
28050364
28055333
28056811
28078179
28086810
28103630
28115665
28195095
28202789
28241043
28248956
28256470
28260341
28282373
28291501
28393016
28399204
28412201
28449088
28474626
28513097
28531311
28536430
28601091
28607239
28612320
28679481
28694624
28719308
28723951
28726604
28726617
28726619
28742087
28750012
28816212
28820712
28820719
28833968
28878522
28890912
28892515
28934071
28945755
28969124
28979009
28985768
29037778
29099844
29109174
29111373
29178391
29208659
29211737
29216334
29250787
29253266
29259327
29313468
29350148
29350608
29358295
29386235
29386829
29417046
29431689
29449793
29491236
29522521
29548879
29553921
29567888
29581051
29584919
29590177
29635529
29637374
29644830
29653201
29692908
29697421
29698425
29709963
29734393
29760694
29874223
29943715
29979764
29982731
30011267
30014833
30016222
30035711
30035807
30050348
30107504
30124190
30165719
30233599
30235210
30246875
30270910
30270920
30274407
30274409
30274417
30274459
30274470
30282787
30295746
30298801
30320912
30343521
30360694
30366455
30381545
30383521
30404620
30419740
30429398
30457537
30478364
30501981
30521561
30526730
30559222
30567173
30581619
30656500
30675849
30684683
30705472
30716070
30717408
30782137
30795827
30863381
30864670
30866767
30866787
30904436
30909868
30915946
30938265
30957085
30983808
31002063
31041272
31052283
31087695
31095191
31096051
31104409
31219004
31237478
31253202
31269906
31270995
31271001
31283768
31370347
31407963
31419222
31424010
31436153
31438510
31469878
31482787
31511528
31539395
31549736
31555249
31570937
31608099
31641512
31648003
31659261
31685019
31718355
31720472
31769398
31782274
31810465
31897364
31906849
31941602
31961870
31998942
32003348
32054525
32119672
32132189
32189679
32260591
32264829
32284475
32301923
32303196
32350215
32393759
32414774
32441637
32448167
32458785
32461399
32468739
32492397
32493778
32536641
32568664
32580611
32602433
32607585
32615743
32620750
32687019
32687023
32753908
32776473
32781029
32793413
32818400
32834918
32857146
32868511
32871638
32893834
32903648
32941229
32972336
32975175
32995211
32999008
33014689
33057334
33121158
33170499
33180784
33184172
33202508
33219812
33269738
33309595
33338890
33396228
33441087
33442438
33564174
33579158
33602136
33613493
33684931
33713627
33735183
33767094
33771726
33784301
33803616
33807835
33826009
33849868
33857149
33861353
33883180
33905914
33906994
33907001
33912170
33916224
33918345
33958367
33996170
34003557
34021500
34058913
34059539
34068402
34109905
34121002
34124995
34186946
34191633
34202348
34215476
34218605
34223707
34253778
34276693
34287349
34290159
34290699
34298125
34314437
34320039
34325318
34328572
34340535
34368012
34380797
34387528
34412700
34442642
34451491
34480177
34508431
34515306
34521454
34544047
34545804
34585890
34595519
34605464
34634775
34663445
34692809
34707621
34737516
34818869
34832542
34850037
34858931
34876034
34880398
34946346
34953052
34973586
35054302
35062669
35074948
35114958
35164614
35170455
35171943
35202227
35223759
35282331
35318932
35338394
35351257
35359522
35378507
35381826
35383749
35384418
35386785
35397554
35435726
35443519
35479068
35527118
35569525
35573006
35631033
35655325
35690987
35727026
35727462
35730490
35739103
35763515
35765168
35771886
35860421
35865917
35881216
35895396
35903921
35911355
35923476
35925895
35932455
35947959
35953350
35986264
36050139
36124484
36124485
36150144
36192256
36225235
36255415
36259194
36277104
36297141
36297144
36322894
36339235
36369816
36374099
36382204
36409660
36417363
36428288
36467661
36512533
36512535
36518125
36529286
36530696
36541760
36566774
36588363
36598595
36618364
36621527
36623483
36668917
36678402
36678476
36741550
36751761
36751766
36758328
36759505
36828490
36957990
36977175
36988415
37009509
37026214
37029825
37081000
37083859
37086017
37146079
37213043
37221073
37267407
37312047
37316285
37347821
37404720
37407239
37426673
37464324
37486323
37490497
37498779
37530306
37593313
37625029
37644872
37648231
37648489
37671547
37736686
37746469
37747922
37751629
37752443
37766717
37773827
37811079
37811399
37840877
37843234
37850800
37854108
37873999
37877457
37890141
37890413
37952213
37960796
37970282
37972992
38008898
38041104
38069822
38089699
38091346
38101580
38110855
38131781
38133275
38181193
38187223
38188601
38193886
38205975
38254176
38286033
38298891
38302958
38350558
38394398
38424500
38430991
38442086
38449467
38468746
38471176
38478694
38494626
38502427
38529912
38557925
38574814
38598549
38626103
38632506
38633550
38659991
38660358
38664621
38668254
38674692
38686644
38717067
38719691
38742967
38743761
38768316
38784570
38840756
38861980
38880051
38905360
38907107
38910723
38946645
38977291
39040726
39041981
39061090
39114313
39130827
39154270
39161486
39190223
39211076
39220860
39234326
39247735
39277599
39308469
39324805
39331879
39338927
39342094
39355852
39376595
39382463
39383151
39388099
39401259
39428778
39439614
39449664
39450535
39451706
39452388
39530857
39555121
39578961
39588942
39591321
1909244
8590688
8752375
8908607
8940989
8981347
9062784
9114196
9170266
9251054
9251062
9364677
9392597
9393823
9399546
9483878
9494666
9522982
9561627
9574801
9665960
9673928
9683108
9701943
9701944
9809424
9826373
9866742
9876950
10338191
10344653
10432060
10467771
10496165
10524792
10531289
10543774
10545254
10556707
10585144
10585145
10593093
10635814
10639422
10643299
10655679
10738028
10764614
10789509
10796680
10871922
10874723
10895979
10924780
10957711
10974999
10981892
11114390
11119542
11131808
11134571
11138539
11179287
11226850
11238230
11261762
11268679
11268685
11296840
11424485
11485073
11497219
11500099
11504834
11561571
11565564
11716109
11791995
11860788
11940347
11944714
12016590
12041564
12061450
12117985
12183528
12236430
12236431
12373493
12456377
12458119
12479551
12516769
12556154
12606829
12622944
12661080
12685633
12690274
12693590
12693591
12693592
12702230
12738637
12738648
12757225
12757226
12803503
12812345
12860596
12860627
12860654
12860658
12860659
12860686
12874360
12875300
12875301
12924799
12932099
12950666
12971530
12971561
14501995
14515037
14524618
14575767
14605439
14607867
14643640
14695089
14720413
14989353
15001228
15099992
15100446
15107540
15115095
15115096
15211012
15272753
15307429
15383701
15451469
15460968
15504273
15546086
15555396
15665455
15691135
15757589
15769332
15827286
15827287
15840959
15891142
15906651
15909673
15965302
15965303
16041019
16107952
16165341
16282307
16297509
16325368
16368461
16481489
16481499
16481519
16481526
16494751
16494757
16500780
16596351
16626907
16790799
16836828
16904284
17051495
17114707
17114788
17152505
17152514
17176580
17214088
17235005
17249357
17297242
17302769
17360883
17375000
17404000
17415986
17433390
17446675
17483455
17539252
17556627
17687111
17691691
17711736
17870041
17877223
17900956
17939381
17976731
17978077
17979530
17984347
17997258
18003808
18070125
18076670
18093627
18181321
18214193
18251273
18281226
18312580
18322585
18399148
18402595
18424015
18428046
18500929
18505434
18508905
18510826
18528528
18541778
18565558
18697486
18794046
18799810
18806355
19009332
19091812
19099688
19115620
19144812
19220144
19225079
19289508
19291097
19319622
19407134
19411777
19416296
19438636
19438655
19457173
19485773
19492945
19493203
19501007
19538261
19566581
19583101
19624507
19699129
19762057
19778303
19793117
19815883
19843286
19849842
19860249
19861068
19931108
19935272
19960694
19967137
20016046
20129967
20138477
20160019
20186754
20221740
20302599
20433689
20470879
20553108
20555045
20600142
20651929
20654145
20682628
20682883
20715556
20810835
20854933
20877503
20889895
20926708
21035078
21068287
21137321
21151880
21156179
21162818
21172901
21212571
21223345
21241829
21282412
21292894
21353950
21362468
21441323
21443412
21450057
21457660
21458586
21460017
21508168
21518541
21593255
21610853
21623605
21633035
21703220
21712103
21789197
21803311
21857951
21888791
21914549
21931873
22049051
22056929
22192733
22208541
22219313
22250452
22253938
22379331
22449515
22462646
22484764
22492158
22505220
22527840
22549469
22665616
22723924
22735791
22764306
22787193
22789674
22858805
22860140
22905277
22934454
22967923
22970193
23010430
23039302
23049227
23071693
23088884
23092017
23166411
23169998
23230293
23253042
23270154
23298927
23301113
23316486
23342173
23391799
23394970
23421889
23589529
23590326
23647883
23678256
23678257
23716407
23716411
23727805
23732256
23760611
23764295
23791848
23802452
23825810
23871280
23891643
23930973
23930974
23936576
23959500
23985798
24002486
24029193
24064639
24107204
24159441
24159523
24159528
24159549
24166036
24297814
24361181
24445200
24470959
24475357
24498445
24499627
24516677
24522141
24549632
24550643
24557641
24565850
24600976
24647254
24647257
24661931
24685046
24692372
24721932
24737886
24820571
24850971
24897859
24915541
24947244
24957537
24961137
24968681
24995849
25010338
25065842
25092819
25112312
25122501
25166298
25251025
25253616
25254971
25297022
25298907
25298908
25359599
25412503
25446172
25461664
25491523
25530231
25548900
25552462
25556044
25560004
25569562
25575441
25577986
25601925
25617190
25627940
25689778
25692099
25768004
25778504
25780502
25802430
25823954
25928653
25954814
25993123
26000454
26024375
26055741
26082810
26097756
26101478
26130947
26157595
26161793
26170417
26192432
26219315
26274584
26317517
26317624
26369561
26371067
26378973
26438572
26458778
26491185
26557523
26626287
26675629
26680308
26771218
26771283
26771425
26817445
26817467
26832670
26833324
26860982
26904743
26921773
26937940
26943125
26974185
27005452
27008880
27139448
27189302
27195943
27248711
27296391
27411364
27413521
27417085
27433834
27449540
27463223
27472555
27478327
27479584
27536803
27540052
27582280
27602667
27606708
27620720
27645781
27698275
27737634
27788693
27885295
27887623
28044222
28050364
28055333
28056811
28078179
28086810
28103630
28115665
28195095
28202789
28241043
28248956
28256470
28260341
28282373
28291501
28393016
28399204
28412201
28449088
28474626
28513097
28531311
28536430
28601091
28607239
28612320
28679481
28694624
28719308
28723951
28726604
28726617
28726619
28742087
28750012
28816212
28820712
28820719
28833968
28878522
28890912
28892515
28934071
28945755
28969124
28979009
28985768
29037778
29099844
29109174
29111373
29178391
29208659
29211737
29216334
29250787
29253266
29259327
29313468
29350148
29350608
29358295
29386235
29386829
29417046
29431689
29449793
29491236
29522521
29548879
29553921
29567888
29581051
29584919
29590177
29635529
29637374
29644830
29653201
29692908
29697421
29698425
29709963
29734393
29760694
29874223
29943715
29979764
29982731
30011267
30014833
30016222
30035711
30035807
30050348
30107504
30124190
30165719
30233599
30235210
30246875
30270910
30270920
30274407
30274409
30274417
30274459
30274470
30282787
30295746
30298801
30320912
30343521
30360694
30366455
30381545
30383521
30404620
30419740
30429398
30457537
30478364
30501981
30521561
30526730
30559222
30567173
30581619
30656500
30675849
30684683
30705472
30716070
30717408
30782137
30795827
30863381
30864670
30866767
30866787
30904436
30909868
30915946
30938265
30957085
30983808
31002063
31041272
31052283
31087695
31095191
31096051
31104409
31219004
31237478
31253202
31269906
31270995
31271001
31283768
31370347
31407963
31419222
31424010
31436153
31438510
31469878
31482787
31511528
31539395
31549736
31555249
31570937
31608099
31641512
31648003
31659261
31685019
31718355
31720472
31769398
31782274
31810465
31897364
31906849
31941602
31961870
31998942
32003348
32054525
32119672
32132189
32189679
32260591
32264829
32284475
32301923
32303196
32350215
32393759
32414774
32441637
32448167
32458785
32461399
32468739
32492397
32493778
32536641
32568664
32580611
32602433
32607585
32615743
32620750
32687019
32687023
32753908
32776473
32781029
32793413
32818400
32834918
32857146
32868511
32871638
32893834
32903648
32941229
32972336
32975175
32995211
32999008
33014689
33057334
33121158
33170499
33180784
33184172
33202508
33219812
33269738
33309595
33338890
33396228
33441087
33442438
33564174
33579158
33602136
33613493
33684931
33713627
33735183
33767094
33771726
33784301
33803616
33807835
33826009
33849868
33857149
33861353
33862243
33883180
33905914
33906994
33907001
33912170
33916224
33918345
33958367
33996170
34003557
34021500
34058913
34059539
34068402
34109905
34121002
34124995
34186946
34191633
34202348
34215476
34218605
34223707
34253778
34276693
34287349
34290159
34290699
34298125
34314437
34320039
34325318
34328572
34340535
34368012
34380797
34387528
34412700
34442642
34451491
34480177
34508431
34515306
34521454
34544047
34545804
34585890
34595519
34605464
34634775
34663445
34692809
34707621
34737516
34818869
34832542
34850037
34858931
34876034
34880398
34946346
34953052
34973586
35054302
35062669
35074948
35114958
35164614
35170455
35171943
35202227
35223759
35282331
35318932
35338394
35351257
35359522
35378507
35381826
35383749
35384418
35386785
35397554
35435726
35443519
35479068
35527118
35569525
35573006
35631033
35655325
35690987
35727026
35727462
35730490
35739103
35763515
35765168
35771886
35860421
35865917
35881216
35895396
35903921
35911355
35923476
35925895
35932455
35947959
35953350
35986264
36050139
36124484
36124485
36150144
36192256
36225235
36255415
36259194
36277104
36297141
36297144
36322894
36339235
36369816
36374099
36382204
36409660
36417363
36428288
36467661
36512533
36512535
36518125
36529286
36530696
36541760
36566774
36588363
36598595
36618364
36621527
36623483
36668917
36678402
36678476
36741550
36751761
36751766
36758328
36759505
36828490
36957990
36977175
36988415
37009509
37026214
37029825
37081000
37083859
37086017
37146079
37213043
37221073
37267407
37312047
37316285
37347821
37404720
37407239
37426673
37464324
37486323
37490497
37498779
37530306
37593313
37625029
37644872
37648231
37648489
37671547
37736686
37746469
37747922
37751629
37752443
37766717
37773827
37811079
37811399
37840877
37843234
37850800
37854108
37873999
37877457
37890141
37890413
37952213
37960796
37970282
37972992
38008898
38041104
38069822
38089699
38091346
38101580
38110855
38131781
38133275
38181193
38187223
38188601
38193886
38205975
38254176
38286033
38298891
38302958
38350558
38394398
38424500
38430991
38442086
38449467
38468746
38471176
38478694
38494626
38502427
38529912
38557925
38574814
38598549
38626103
38632506
38633550
38659991
38660358
38664621
38668254
38674692
38686644
38717067
38719691
38742967
38743761
38768316
38784570
38840756
38855771
38861980
38880051
38905360
38907107
38910723
38946645
38977291
39040726
39041981
39061090
39114313
39130827
39154270
39161486
39190223
39211076
39220860
39234326
39247735
39277599
39308469
39324805
39331879
39338927
39342094
39355852
39376595
39382463
39383151
39388099
39401259
39428778
39439614
39449664
39450535
39451706
39452388
39530857
39555121
39578961
39588942
39591321
