484990
1452665
1863529
2742218
2768455
7784821
7852561
7968529
8349773
8565419
8833496
8854178
8890004
9044705
9172867
9377012
9464403
9473046
9485602
9542084
9553794
9562874
9721965
9785799
9872000
9884506
9925632
9928133
10565953
10733894
10768513
10936661
10974779
11064046
11131069
11248520
11412314
11450870
11463532
11557504
11696092
12324317
12374819
12384342
12506991
14662931
15046311
15058195
15178007
15208851
15220091
15515896
15636373
15636374
15765868
15872303
15880998
16211849
16232447
16255138
16313891
16504328
16820458
16860421
16953174
17007950
17594524
18663920
18674754
18683651
19054227
19196267
19214389
19382678
19442965
19487076
19734331
20364711
20511369
20526836
20545014
20673614
21033566
21204884
21216903
21724233
21913947
22178338
22234511
22308745
22582378
22870190
22884172
23144397
23194595
23361186
23525792
23580557
23643124
23709169
23743733
24118978
24211774
24548927
24628667
24740715
24894539
25049913
25185494
25206941
25264035
25502691
25828704
26090257
26114142
26238172
26294004
26410540
26424139
26708648
26978486
27113591
28221856
28322207
28834204
28853686
28855801
29091941
29806064
29899507
30251788
30368606
30644572
30706635
30780428
30884649
30891337
31230216
31420951
31614586
31707426
31915899
32215712
32547526
32591910
32608057
32912908
33067433
33667801
33735446
33851290
33861730
34168626
34394158
34442724
34721482
34828891
34930479
34951128
35630335
35960247
36186024
36245565
36329346
36588345
36662824
36734488
36748653
36837758
37245214
37374869
37375098
37488042
37587316
37628984
37705293
38026036
38111882
38233167
38237425
38426108
38437795
38461279
38772747
38792831
38871681
38948031
39112832
39243999
39273989
