9331678
10939646
12148636
12807180
14742316
15465260
16623745
18614655
18774196
19054100
19486386
20445334
21752968
22064537
22092382
22377494
22461547
22475940
22723288
23052307
23453226
23521820
24033711
24131584
24246203
24391203
24629902
24637236
24713045
24750527
25097398
25233845
25463789
25514118
25838157
26003348
27216720
27329036
28364623
28800820
29079186
29487437
29692760
29907746
30165820
30619147
31774832
31981112
32134941
32336375
32413097
33570041
33694058
36076456
36417612
37237746
37364321
37761191
37886068
38273357
39318384
39410094
39600731
9331678
10939646
12148636
12807180
14742316
15465260
16623745
18614655
18774196
19054100
19486386
20445334
21752968
22064537
22092382
22377494
22461547
22475940
22723288
23052307
23141639
23453226
23521820
24033711
24131584
24246203
24391203
24629902
24637236
24713045
24750527
25097398
25233845
25463789
25514118
25838157
26003348
27216720
27329036
28364623
28800820
29079186
29487437
29692760
29907746
30165820
30619147
31774832
31981112
32134941
32336375
32413097
33570041
33694058
36076456
36417612
37237746
37364321
37761191
37886068
38273357
39318384
39410094
39600731
