11057514
12384365
16902031
18684121
20495024
21038149
21246247
21571938
21686169
22099498
22846131
23315267
23668151
24031236
24158950
24666701
25515411
26255032
26257915
26276159
26758181
27052863
27765000
27796642
28916321
28956275
29312264
29430355
29618738
29797432
29849466
29882431
30094005
30594102
30880308
30907589
31464224
31517421
31812764
31889104
32217404
32475882
32612373
33208588
33978469
34184722
35312630
35456782
35467501
35491280
36948016
37094716
37394461
37405539
38127105
38784798
39436865
39495724
