518083
921137
1200551
1560128
1907300
2325579
2341647
2417541
2669778
3118808
3202953
3318869
3893942
4005048
4152411
4153221
4154811
4849758
5406055
6417206
6468663
6965246
7407710
7487024
7738259
7763138
7765819
8200658
8510571
8534081
8593139
8702530
9525776
9572040
9853380
10100740
10490224
10792542
11060310
11087133
12380742
12450808
12569628
12620847
12675573
12810268
14594223
15121334
15759261
16102864
16428871
16924914
16960062
17022663
17177574
17449705
17594463
17907780
17953581
18248983
18485698
18651247
18757576
19297150
19349755
19393740
19545998
19659701
19709935
19726178
19772877
19840859
20227610
20432934
20581196
20633941
20739184
20824675
21169015
21484272
21511461
21530675
21956266
21970164
22038864
22139042
22160206
22236013
22290020
22318084
22427494
22511218
22622932
22961639
23043827
23270719
23417280
23452443
23518684
23519192
23628611
23659760
23723404
23756581
23811065
23819976
23950123
23996152
24013291
24106762
24533663
24704888
24888558
24929721
25042169
25084675
25118984
25129496
25168611
25190602
25242431
25363722
25449011
25767226
25814611
25851718
25863199
25870135
25894463
26002632
26051312
26074234
26230610
26319319
26338123
26516087
26683375
26769706
26855685
26899448
26923043
26941139
27052697
27116556
27140868
27157571
27302759
27375262
27426447
27554159
28040464
28238080
28258996
28295202
28337710
28343058
28370869
28439766
28536840
28576357
28801602
28843121
28873726
28925260
28952564
29034861
29160025
29220814
29329775
29398025
29423868
29501337
29501473
29530750
29561227
29627851
29705796
29713378
29778795
29946355
30245320
30278351
30296065
30469134
30472781
30497591
30656592
30788572
30822948
31018376
31111211
31155256
31195579
31323711
31326179
31346011
31415989
31472166
31559977
31704602
31881287
31906406
31958691
32062499
32418085
32437010
32500066
32516659
32708607
32794091
32855308
32888044
33032473
33058166
33082504
33188509
33266400
33370888
33451114
33711591
33845315
33921812
34021704
34023662
34189819
34211964
34222207
34299912
34338280
34530890
34562883
34591680
34837317
34872602
34917080
35086711
35097286
35267332
35589044
35722315
35752796
35783414
36071291
36290543
36322284
36378491
36418543
36462831
36596151
36609955
36620031
36734010
36825085
36948242
37051517
37174418
37254314
37356408
37732743
37919009
37921463
37923229
38213415
38252201
38336212
38398817
38414773
38548678
38611315
38672865
38816643
38873149
38898640
38945586
39099138
39235453
39337877
518083
921137
1200551
1560128
1907300
2325579
2341647
2417541
2669778
3118808
3202953
3318869
3893942
4005048
4152411
4153221
4154811
4849758
5406055
6417206
6468663
6965246
7407710
7487024
7738259
7763138
7765819
8200658
8510571
8534081
8593139
8702530
9525776
9572040
9853380
10100740
10490224
10792542
11060310
11087133
12380742
12450808
12569628
12620847
12675573
12810268
14594223
15121334
15759261
16102864
16428871
16924914
16960062
17022663
17177574
17449705
17594463
17907780
17953581
18248983
18485698
18651247
18757576
19297150
19349755
19393740
19545998
19659701
19709935
19726178
19772877
19840859
20227610
20432934
20581196
20633941
20739184
20824675
21169015
21484272
21511461
21530675
21956266
21970164
22038864
22139042
22160206
22236013
22290020
22318084
22427494
22511218
22622932
22961639
23043827
23270719
23417280
23452443
23518684
23519192
23628611
23659760
23723404
23756581
23811065
23819976
23950123
23996152
24013291
24106762
24533663
24704888
24888558
24929721
25042169
25084675
25118984
25129496
25168611
25190602
25242431
25363722
25449011
25767226
25814611
25851718
25863199
25870135
25894463
26002632
26051312
26074234
26230610
26319319
26338123
26516087
26683375
26769706
26855685
26899448
26923043
26941139
27052697
27116556
27140868
27157571
27302759
27375262
27426447
27554159
28040464
28238080
28258996
28295202
28337710
28343058
28370869
28439766
28536840
28576357
28801602
28843121
28873726
28925260
28952564
29034861
29160025
29220814
29329775
29398025
29423868
29501337
29501473
29530750
29561227
29627851
29705796
29713378
29778795
29946355
30245320
30278351
30296065
30469134
30472781
30497591
30656592
30788572
30822948
31018376
31111211
31155256
31195579
31323711
31326179
31346011
31415989
31472166
31559977
31704602
31881287
31906406
31958691
32062499
32418085
32437010
32500066
32516659
32708607
32794091
32855308
32888044
33032473
33058166
33082504
33188509
33266400
33370888
33451114
33711591
33845315
33921812
34021704
34023662
34189819
34211964
34222207
34261525
34299912
34338280
34530890
34562883
34591680
34837317
34872602
34917080
35086711
35097286
35267332
35589044
35722315
35752796
35783414
36071291
36290543
36322284
36378491
36418543
36462831
36596151
36609955
36620031
36734010
36825085
36948242
37051517
37174418
37254314
37356408
37732743
37919009
37921463
37923229
38213415
38252201
38336212
38398817
38414773
38548678
38611315
38672865
38816643
38873149
38898640
38945586
39099138
39235453
39337877
