1541534
2088215
3178207
7642257
8514392
8519477
8706691
9573809
10024564
12777489
15131188
15240317
15546975
15693824
15862461
18336372
18582335
19542285
19572893
19722792
19950474
21825617
22842223
23508116
23664905
24052059
24643218
24663814
24795374
24862495
25440112
25440509
25771833
25880819
25926895
27566661
27770517
28572307
28778894
29430138
30111628
31143408
31199220
31235964
31302459
32298431
32444143
32655519
32769185
33387437
33515008
34230496
34571050
34630385
34646837
34811963
34876793
35107355
35615499
35677897
35888639
36507724
36547222
36620010
36698799
37374966
37760729
38045609
38135273
38145402
38222109
38575895
38718119
38879123
38980940
39367431
39421302
