1294332
1317377
1355107
1371066
1377899
1383084
1384385
1393826
1394315
1404379
1406255
1421512
1435367
1444394
1444719
1484488
1503531
1504919
1515666
1528893
1551834
1603075
1610877
1622242
1622264
1624416
1645695
1647023
1655716
1657867
1657878
1660457
1663887
1663888
1675210
1717438
1730597
1768137
1769537
1779763
1785925
1785926
1793334
1793335
1799697
1799701
1799702
1829727
1840912
1846148
1846857
1850420
1856182
1856685
1892378
1892399
1896009
1912387
1965217
1970239
1975584
1976384
1987127
1988958
1991712
2000090
2007543
2007551
2014004
2034217
2045365
2045367
2061281
2094292
2121729
2129525
2134855
2134856
2140566
2172930
2187405
2198262
2200341
2200721
2211829
2211830
2215219
2241162
2250656
2254275
2266945
2294083
2318801
2320582
2325631
2369128
2383015
2407728
2445733
2447061
2464579
2473070
2491321
2492097
2498290
2503674
2503675
2506807
2535508
2536678
2541921
2542223
2547335
2548992
2552256
2555267
2559312
2563998
2575672
2597153
2624465
2646294
2655535
2664422
2664425
2695597
2710106
2753853
2759102
2771653
2792368
2793830
2859270
2879829
2883931
2903856
2907369
2914857
2999080
3009416
3029019
3034865
3036781
3037278
3053719
3054886
3056905
3067084
3086837
3115959
3118739
3132583
3146016
3192511
3313281
3322198
3343218
3350794
3350797
3357773
3410819
3422072
3462181
3462182
3473063
3473064
3479799
3532119
3558318
3584066
3609750
3684606
3707122
3793715
3822816
3941043
4008438
4008441
4019407
6090388
6090394
7520731
7520737
7547289
7557411
7559334
7565102
7574650
7592320
7592416
7592822
7608070
7635817
7649992
7655065
7665469
7665496
7682191
7697654
7715601
7715602
7721713
7737161
7737469
7746152
7780198
7780995
7841801
7857795
7860585
7862087
7873932
7891558
7892266
7896698
7961425
7961478
7968919
7984092
7988904
8002711
8012039
8012043
8021193
8025112
8031100
8031853
8045431
8049344
8054992
8055901
8075119
8101072
8101485
8113199
8117073
8118058
8130227
8132523
8137905
8153350
8163174
8169204
8197192
8200541
8226669
8230232
8231805
8240952
8253065
8262943
8264528
8282182
8297339
8300517
8305450
8316086
8319882
8335258
8349712
8352650
8354459
8355653
8368826
8380149
8382462
8386371
8390818
8399377
8400132
8412659
8416905
8423135
8423157
8427547
8464870
8464919
8510650
8552028
8572700
8599534
8621501
8621562
8626278
8628253
8631662
8654426
8661919
8661920
8752335
8755627
8755895
8758977
8769303
8808920
8810069
8810078
8820652
8825087
8830672
8842143
8858593
8876729
8878040
8892815
8941988
8955412
8981998
8989861
8990157
8990287
8996107
9004223
9004501
9008841
9020171
9045826
9045849
9058984
9061023
9076733
9084141
9108282
9113990
9136895
9139921
9140968
9140970
9141686
9171416
9171420
9200220
9202382
9222418
9257693
9287008
9336911
9341235
9353221
9358044
9363436
9406393
9446679
9448277
9473054
9497378
9524269
9537369
9537397
9554944
9560426
9561731
9563844
9572961
9572982
9573191
9582432
9593296
9603820
9612946
9620982
9622356
9655913
9683482
9705301
9707526
9711854
9714766
9747707
9748464
9758846
9790980
9832514
9848669
9860942
9864316
9870699
9872805
9882445
9889979
9890916
9914305
10049387
10065559
10069844
10103278
10223993
10224003
10226051
10388707
10406954
10419971
10427040
10433972
10438488
10438783
10447671
10482529
10494629
10528395
10528404
10543803
10552587
10572147
10612277
10613857
10618203
10647213
10650197
10675036
10692350
10692376
10696474
10716734
10722835
10729195
10746770
10747783
10758890
10781553
10788353
10792822
10826808
10843061
10871057
10872286
10879988
10880349
10903518
10913702
10932352
10932742
10945216
10958967
10968634
10978322
10981699
11004414
11010872
11043467
11055128
11055970
11058113
11073932
11097929
11108022
11131020
11141178
11157281
11157943
11157954
11178268
11211247
11231284
11240911
11251836
11277997
11287431
11319084
11321108
11338826
11351077
11381338
11392487
11432911
11444968
11457966
11467727
11472944
11479702
11479713
11483585
11491327
11526323
11531093
11531338
11532144
11535780
11580840
11599721
11679065
11690645
11695269
11716218
11717284
11718714
11726281
11758403
11763126
11766056
11768535
11804594
11849334
11856856
11872728
11909869
11911611
11939776
11989767
12010128
12032064
12055311
12111156
12118878
12135498
12177132
12177349
12177492
12180351
12223774
12226474
12228408
12228519
12228558
12228561
12231809
12232007
12232074
12232136
12234340
12244714
12271121
12324339
12325300
12390021
12393811
12396119
12398283
12398292
12421080
12427946
12461131
12481995
12508891
12513971
12520335
12537565
12548995
12555566
12556128
12583718
12597275
12597279
12724397
12729765
12732516
12744463
12756917
12788762
12813094
12820879
12881516
12897832
12906117
12911696
12949117
13130002
14510845
14526024
14533715
14608383
14617179
14618780
14660374
14663073
14663079
14665677
14666990
14669923
14680692
14702322
14745160
14973020
14986109
15022832
15028871
15031655
15032854
15066803
15112734
15128547
15141946
15148310
15153191
15188087
15214639
15224916
15242276
15256566
15280302
15292139
15315230
15356384
15359124
15361528
15448193
15456214
15462522
15466533
15476977
15501655
15547258
15553789
15613477
15667266
15667283
15667287
15695809
15711013
15774626
15811514
15866917
15900972
15911559
15915644
15920784
15939306
15966104
15966737
15968058
16001251
16030200
16042379
16060695
16085827
16116658
16132457
16167765
16207924
16223719
16233609
16250234
16254929
16269751
16310755
16328374
16339952
16346767
16347004
16347007
16347009
16347035
16347066
16347079
16347100
16347117
16347118
16347177
16347182
16347190
16347197
16347212
16347281
16347291
16347309
16347335
16347338
16347401
16347404
16347412
16347421
16347445
16347446
16347471
16347481
16347482
16347539
16347542
16347549
16347582
16347589
16347670
16347692
16347710
16347750
16347768
16347818
16347870
16347873
16347891
16347964
16347986
16347987
16348026
16348029
16348066
16348095
16348186
16348201
16348217
16348247
16348254
16348282
16348311
16348337
16348383
16348401
16348454
16348497
16348518
16348535
16348601
16348649
16348655
16348790
16348911
16348945
16348953
16348968
16349024
16349053
16349113
16349115
16349188
16349221
16349270
16349271
16349358
16349459
16349466
16360810
16362418
16385063
16385130
16403890
16417495
16417509
16417520
16441381
16442259
16452403
16453762
16453824
16475796
16517654
16534946
16534985
16535054
16535424
16535445
16541157
16556232
16573691
16579445
16579479
16593670
16593783
16593835
16593858
16593884
16593933
16597941
16597953
16604119
16627647
16653034
16653184
16664027
16664430
16664852
16664857
16665240
16665284
16665600
16665616
16665641
16665774
16665775
16665972
16666056
16666136
16666343
16666510
16666550
16666690
16666691
16666807
16666934
16667084
16667280
16667494
16667527
16667721
16667864
16668002
16668097
16668196
16668248
16668330
16668729
16668837
16668977
16688787
16699583
16707185
16723554
16751539
16761578
16779640
16802172
16813169
16813836
16820768
16894358
16904303
16913873
16936027
16952937
16986917
17018035
17039378
17061566
17077089
17092733
17096122
17098908
17100324
17107814
17136369
17144653
17160674
17172029
17193716
17213679
17227467
17234165
17240791
17241239
17259310
17259611
17259612
17265000
17308185
17309506
17310401
17350705
17385895
17400786
17401198
17446273
17473884
17483262
17487983
17530227
17569992
17601165
17616605
17619577
17660288
17660420
17696379
17799282
17897232
17899262
17918631
17951393
17963363
17977147
17993534
18045498
18061298
18179591
18201102
18214545
18219284
18246774
18266738
18326675
18336548
18375558
18393623
18402695
18416150
18433629
18441104
18446372
18449225
18486632
18511436
18539736
18564340
18616399
18616405
18626694
18689488
18689489
18700822
18785829
18814643
18817859
18849448
18854979
18931443
18942854
18971963
19011081
19036836
19052372
19053671
19093075
19095018
19108640
19114488
19121310
19173735
19201125
19298371
19493641
19502448
19539670
19555458
19560174
19628593
19659724
19687198
19704765
19719636
19747774
19772575
19800865
19840105
19854923
19933387
19955406
19958145
20016675
20023034
20023090
20030724
20047946
20070443
20104621
20133651
20135225
20138927
20143354
20154128
20158607
20173070
20230508
20233710
20335176
20363758
20367471
20367472
20367476
20418659
20452160
20459317
20498065
20507443
20508137
20512733
20519277
20524010
20534735
20573962
20636103
20653888
20656373
20663625
20675088
20696874
20806226
20823675
20851547
20883496
20937853
20970431
20977351
21036035
21044808
21062474
21175888
21190435
21198362
21265789
21303397
21324970
21334970
21336922
21340735
21357454
21381313
21443850
21470300
21479798
21481185
21487206
21491983
21494823
21498770
21514760
21531520
21558711
21576856
21576876
21576887
21635695
21642459
21665197
21705608
21722412
21757309
21804001
21815830
21823087
21864045
21864047
21876745
21879796
21880957
21949379
22003029
22003042
22049940
22073160
22074348
22092879
22103544
22103545
22105542
22112296
22119543
22159889
22201760
22233051
22258152
22286999
22307307
22348109
22351985
22389485
22452844
22463793
22496839
22505680
22526778
22547296
22559273
22574129
22615938
22622944
22624681
22636783
22685450
22692703
22782468
22805968
22806160
22843990
22863334
22885756
22916258
22940317
23012364
23047151
23054568
23060368
23123159
23124116
23187170
23204412
23228549
23250226
23293821
23295123
23401036
23430716
23468637
23474617
23480054
23497193
23504968
23546876
23563944
23569109
23603686
23624475
23661323
23666536
23667236
23683924
23700351
23721857
23750954
23795474
23882027
23989975
23993531
24027245
24031880
24034434
24039876
24061413
24098533
24139145
24142247
24178068
24196994
24212485
24215997
24221417
24221484
24221521
24221924
24225224
24240357
24254143
24272866
24276796
24276967
24277587
24280513
24294095
24301261
24302304
24311284
24330393
24378220
24379809
24415006
24415429
24420286
24420898
24421129
24421188
24425338
24430068
24451132
24463964
24521100
24595907
24632260
24646221
24710291
24716625
24728599
24730143
24756908
24782310
24800509
24888481
24947409
24949739
24951780
24975873
25003187
25037078
25046425
25050789
25108459
25166872
25240615
25269599
25272963
25288888
25366746
25371196
25401334
25423682
25476067
25521500
25523773
25549672
25583978
25609676
25645367
25660818
25700406
25941314
25973713
26012898
26025905
26035130
26048934
26092458
26129823
26141894
26204840
26213919
26224454
26224455
26227594
26235952
26287653
26350405
26364183
26382958
26494666
26499393
26564204
26579144
26594329
26603749
26638490
26654528
26729068
26848549
26874294
26906560
26921431
26963811
26998998
27039118
27046066
27107716
27193761
27253495
27255489
27285822
27288412
27303417
27324571
27379473
27388263
27527669
27660633
27700227
27749147
27788207
27826313
27827356
27834614
27838542
27842068
28004208
28167162
28169364
28183772
28394446
28592720
28643122
28648724
28710792
28729275
28829903
28912104
28921808
28936222
29102065
29109361
29129977
29267254
29275259
29278144
29295473
29381237
29538303
29546586
29582151
29617389
29636388
29751062
29782030
29875740
29898432
29925020
29970951
30112795
30120506
30141864
30320901
30323709
30336451
30417315
30483288
30498504
30519234
30617456
30637629
30647659
30665660
30733794
30803109
30828341
30831360
30860585
31031014
31057581
31068617
31075893
31113327
31139173
31236871
31294164
31400771
31463869
31494531
31531377
31562172
31575385
31706562
31819714
31860058
32005934
32139173
32410239
32420051
32480858
32480970
32489716
32528487
32554810
32554940
32608249
32689081
32742810
32748824
32899474
32918111
33049159
33050103
33083897
33125669
33126699
33193213
33226040
33230149
33513023
33539931
33541886
33584615
33611117
33674438
33709900
33820122
33863182
33888066
34017351
34024037
34288607
34396150
34551014
34566459
34601230
34691097
34764331
34782938
34826097
34881158
34941379
34990307
35003167
35267395
35369449
35381465
35401626
35404419
35408596
35438622
35481095
35498680
35513812
35522779
35567006
35744676
35744714
35783378
35821321
35893631
35916509
35952804
36030678
36076165
36360159
36432740
36432745
36456673
36483966
36648393
36658293
36687662
36710321
36764263
36771765
37010421
37017542
37036547
37176826
37248242
37275141
37298285
37404542
37446991
37503354
37512827
37601342
37667205
37822737
38038163
38092216
38111636
38166112
38399708
38405589
38522657
38575428
38590773
38628363
38725184
38842312
38844667
38957615
38980055
38995612
39030648
39324627
39339532
39344378
39363931
39405999
39511696
1294332
1317377
1355107
1371066
1377899
1383084
1384385
1393826
1394315
1404379
1406255
1421512
1435367
1444394
1444719
1484488
1503531
1504919
1515666
1528893
1551834
1603075
1610877
1622242
1622264
1624416
1645695
1647023
1655716
1657867
1657878
1660457
1663887
1663888
1675210
1717438
1730597
1768137
1769537
1779763
1785925
1785926
1793334
1793335
1799697
1799701
1799702
1829727
1840912
1846148
1846857
1850420
1856182
1856685
1892378
1892399
1896009
1912387
1965217
1970239
1975584
1976384
1987127
1988958
1991712
2000090
2007543
2007551
2014004
2034217
2045365
2045367
2061281
2094292
2121729
2129525
2134855
2134856
2140566
2172930
2187405
2198262
2200341
2200721
2211829
2211830
2215219
2241162
2250656
2254275
2266945
2294083
2318801
2320582
2325631
2369128
2383015
2407728
2445733
2447061
2464579
2473070
2491321
2492097
2498290
2503674
2503675
2506807
2535508
2536678
2541921
2542223
2547335
2548992
2552256
2555267
2559312
2563998
2575672
2597153
2624465
2646294
2655535
2664422
2664425
2695597
2710106
2753853
2759102
2771653
2792368
2793830
2859270
2879829
2883931
2903856
2907369
2914857
2999080
3009416
3029019
3034865
3036781
3037278
3053719
3054886
3056905
3067084
3086837
3115959
3118739
3132583
3146016
3192511
3313281
3322198
3343218
3350794
3350797
3357773
3410819
3422072
3462181
3462182
3473063
3473064
3479799
3532119
3558318
3584066
3609750
3684606
3707122
3793715
3822816
3941043
4008438
4008441
4019407
6090388
6090394
7520731
7520737
7547289
7557411
7559334
7565102
7574650
7592320
7592416
7592822
7608070
7635817
7649992
7655065
7665469
7665496
7682191
7697654
7715601
7715602
7721713
7737161
7737469
7746152
7780198
7780995
7841801
7857795
7860585
7862087
7873932
7891558
7892266
7896698
7961425
7961478
7968919
7984092
7988904
8002711
8012039
8012043
8021193
8025112
8031100
8031853
8045431
8049344
8054992
8055901
8075119
8101072
8101485
8113199
8117073
8118058
8130227
8132523
8137905
8153350
8163174
8169204
8197192
8200541
8226669
8230232
8231805
8240952
8253065
8262943
8264528
8282182
8297339
8300517
8305450
8316086
8319882
8335258
8349712
8352650
8354459
8355653
8368826
8380149
8382462
8386371
8390818
8399377
8400132
8412659
8416905
8423135
8423157
8427547
8464870
8464919
8510650
8552028
8572700
8599534
8621501
8621562
8626278
8628253
8631662
8654426
8661919
8661920
8752335
8755627
8755895
8758977
8769303
8808920
8810069
8810078
8820652
8825087
8830672
8842143
8858593
8876729
8878040
8892815
8941988
8955412
8981998
8989861
8990157
8990287
8996107
9004223
9004501
9008841
9020171
9045826
9045849
9058984
9061023
9076733
9084141
9108282
9113990
9136895
9139921
9140968
9140970
9141686
9171416
9171420
9200220
9202382
9222418
9257693
9287008
9336911
9341235
9353221
9358044
9363436
9406393
9446679
9448277
9473054
9497378
9524269
9537369
9537397
9554944
9560426
9561731
9563844
9572961
9572982
9573191
9582432
9593296
9603820
9612946
9620982
9622356
9655913
9683482
9705301
9707526
9711854
9714766
9747707
9748464
9758846
9790980
9832514
9848669
9860942
9864316
9870699
9872805
9882445
9889979
9890916
9914305
10049387
10065559
10069844
10103278
10223993
10224003
10226051
10388707
10406954
10419971
10427040
10433972
10438488
10438783
10447671
10482529
10494629
10528395
10528404
10543803
10552587
10572147
10612277
10613857
10618203
10647213
10650197
10675036
10692350
10692376
10696474
10716734
10722835
10729195
10746770
10747783
10758890
10781553
10788353
10792822
10826808
10843061
10871057
10872286
10879988
10880349
10903518
10913702
10932352
10932742
10945216
10958967
10968634
10978322
10981699
11004414
11010872
11043467
11055128
11055970
11058113
11073932
11097929
11108022
11131020
11141178
11157281
11157943
11157954
11178268
11211247
11231284
11240911
11251836
11277997
11287431
11319084
11321108
11338826
11351077
11381338
11392487
11432911
11444968
11457966
11467727
11472944
11479702
11479713
11483585
11491327
11526323
11531093
11531338
11532144
11535780
11580840
11599721
11679065
11690645
11695269
11716218
11717284
11718714
11726281
11758403
11763126
11766056
11768535
11804594
11849334
11856856
11872728
11909869
11911611
11939776
11989767
12010128
12032064
12055311
12111156
12118878
12135498
12177132
12177349
12177492
12180351
12223774
12226474
12228408
12228519
12228558
12228561
12231809
12232007
12232074
12232136
12234340
12244714
12271121
12324339
12325300
12390021
12393811
12396119
12398283
12398292
12421080
12427946
12461131
12481995
12508891
12513971
12520335
12537565
12548995
12555566
12556128
12583718
12597275
12597279
12724397
12729765
12732516
12744463
12756917
12788762
12813094
12820879
12881516
12897832
12906117
12911696
12949117
13130002
14510845
14526024
14533715
14608383
14617179
14618780
14660374
14663073
14663079
14665677
14666990
14669923
14680692
14702322
14745160
14973020
14986109
15022832
15028871
15031655
15032854
15066803
15112734
15128547
15141946
15148310
15153191
15188087
15214639
15224916
15242276
15256566
15280302
15292139
15315230
15356384
15359124
15361528
15448193
15456214
15462522
15466533
15476977
15501655
15547258
15553789
15613477
15667266
15667283
15667287
15695809
15711013
15774626
15811514
15866917
15900972
15911559
15915644
15920784
15939306
15966104
15966737
15968058
16001251
16030200
16042379
16060695
16085827
16116658
16132457
16167765
16207924
16223719
16233609
16250234
16254929
16269751
16310755
16328374
16339952
16346767
16347004
16347007
16347009
16347035
16347066
16347079
16347100
16347117
16347118
16347177
16347182
16347190
16347197
16347212
16347281
16347291
16347309
16347335
16347338
16347401
16347404
16347412
16347421
16347445
16347446
16347471
16347481
16347482
16347539
16347542
16347549
16347582
16347589
16347670
16347692
16347710
16347750
16347768
16347818
16347870
16347873
16347891
16347964
16347986
16347987
16348026
16348029
16348066
16348095
16348186
16348201
16348217
16348247
16348254
16348282
16348311
16348337
16348383
16348401
16348454
16348497
16348518
16348535
16348601
16348649
16348655
16348790
16348911
16348945
16348953
16348968
16349024
16349053
16349113
16349115
16349188
16349221
16349270
16349271
16349358
16349459
16349466
16360810
16362418
16385063
16385130
16403890
16417495
16417509
16417520
16441381
16442259
16452403
16453762
16453824
16475796
16517654
16534946
16534985
16535054
16535424
16535445
16541157
16556232
16573691
16579445
16579479
16593670
16593783
16593835
16593858
16593884
16593933
16597941
16597953
16604119
16627647
16653034
16653184
16664027
16664430
16664852
16664857
16665240
16665284
16665600
16665616
16665641
16665774
16665775
16665972
16666056
16666136
16666343
16666510
16666550
16666690
16666691
16666807
16666934
16667084
16667280
16667494
16667527
16667721
16667864
16668002
16668097
16668196
16668248
16668330
16668729
16668837
16668977
16688787
16699583
16707185
16723554
16751539
16761578
16779640
16802172
16813169
16813836
16820768
16894358
16904303
16913873
16936027
16952937
16986917
17018035
17039378
17061566
17077089
17092733
17096122
17098908
17100324
17107814
17136369
17144653
17160674
17172029
17193716
17213679
17227467
17234165
17240791
17241239
17259310
17259611
17259612
17265000
17308185
17309506
17310401
17350705
17385895
17400786
17401198
17446273
17473884
17483262
17487983
17530227
17569992
17601165
17616605
17619577
17660288
17660420
17696379
17799282
17897232
17899262
17918631
17951393
17963363
17977147
17993534
18045498
18061298
18179591
18201102
18214545
18219284
18246774
18266738
18326675
18336548
18375558
18393623
18402695
18416150
18433629
18441104
18446372
18449225
18486632
18511436
18539736
18564340
18616399
18616405
18626694
18689488
18689489
18700822
18785829
18814643
18817859
18849448
18854979
18931443
18942854
18971963
19011081
19036836
19052372
19053671
19093075
19095018
19108640
19114488
19121310
19173735
19201125
19298371
19493641
19502448
19539670
19555458
19560174
19628593
19659724
19687198
19704765
19719636
19747774
19772575
19800865
19840105
19854923
19933387
19955406
19958145
20016675
20023034
20023090
20030724
20047946
20070443
20104621
20133651
20135225
20138927
20143354
20154128
20158607
20173070
20230508
20233710
20335176
20363758
20367471
20367472
20367476
20418659
20452160
20459317
20498065
20507443
20508137
20512733
20519277
20524010
20534735
20573962
20636103
20653888
20656373
20663625
20675088
20696874
20806226
20823675
20851547
20883496
20937853
20970431
20977351
21036035
21044808
21062474
21175888
21190435
21198362
21265789
21303397
21324970
21334970
21336922
21340735
21357454
21381313
21443850
21470300
21479798
21481185
21487206
21491983
21494823
21498770
21514760
21531520
21558711
21576856
21576876
21576887
21635695
21642459
21665197
21705608
21722412
21757309
21804001
21815830
21823087
21864045
21864047
21876745
21879796
21880957
21949379
22003029
22003042
22049940
22073160
22074348
22092879
22103544
22103545
22105542
22112296
22119543
22159889
22201760
22233051
22258152
22286999
22307307
22348109
22351985
22389485
22452844
22463793
22496839
22505680
22526778
22547296
22559273
22574129
22615938
22622944
22624681
22636783
22685450
22692703
22782468
22805968
22806160
22843990
22863334
22885756
22916258
22940317
23012364
23047151
23054568
23060368
23123159
23124116
23187170
23204412
23228549
23250226
23293821
23295123
23401036
23430716
23468637
23474617
23480054
23497193
23504968
23546876
23563944
23569109
23603686
23624475
23661323
23666536
23667236
23683924
23700351
23721857
23750954
23795474
23882027
23989975
23993531
24027245
24031880
24034434
24039876
24061413
24098533
24139145
24142247
24178068
24196994
24212485
24215997
24221417
24221484
24221521
24221924
24225224
24240357
24254143
24272866
24276796
24276967
24277587
24280513
24294095
24301261
24302304
24311284
24330393
24378220
24379809
24415006
24415429
24420286
24420898
24421129
24421188
24425338
24430068
24451132
24463964
24521100
24595907
24632260
24646221
24710291
24716625
24728599
24730143
24756908
24782310
24800509
24888481
24947409
24949739
24951780
24975873
25003187
25037078
25046425
25050789
25108459
25166872
25240615
25269599
25272963
25288888
25366746
25371196
25401334
25423682
25476067
25521500
25523773
25549672
25583978
25609676
25645367
25660818
25700406
25941314
25973713
26012898
26025905
26035130
26048934
26092458
26129823
26141894
26204840
26213919
26224454
26224455
26227594
26235952
26287653
26350405
26364183
26382958
26494666
26499393
26564204
26579144
26594329
26603749
26638490
26654528
26729068
26848549
26874294
26906560
26921431
26963811
26998998
27039118
27046066
27107716
27193761
27253495
27255489
27285822
27288412
27303417
27324571
27379473
27388263
27527669
27660633
27700227
27749147
27788207
27826313
27827356
27834614
27838542
27842068
28004208
28167162
28169364
28183772
28394446
28592720
28643122
28648724
28710792
28729275
28829903
28912104
28921808
28936222
29102065
29109361
29129977
29267254
29275259
29278144
29295473
29381237
29538303
29546586
29582151
29617389
29636388
29751062
29782030
29875740
29898432
29925020
29970951
30112795
30120506
30141864
30320901
30323709
30336451
30417315
30483288
30498504
30519234
30617456
30637629
30647659
30665660
30733794
30803109
30828341
30831360
30860585
31031014
31057581
31068617
31075893
31113327
31139173
31236871
31294164
31400771
31463869
31494531
31531377
31562172
31575385
31706562
31819714
31860058
32005934
32139173
32410239
32420051
32480858
32480970
32489716
32528487
32554810
32554940
32608249
32689081
32742810
32748824
32899474
32918111
33049159
33050103
33083897
33125669
33126699
33193213
33226040
33230149
33513023
33539931
33541886
33584615
33611117
33674438
33709900
33820122
33863182
33888066
34017351
34024037
34288607
34396150
34551014
34566459
34601230
34691097
34764331
34782938
34826097
34881158
34941379
34990307
35003167
35267395
35369449
35381465
35401626
35404419
35408596
35438622
35481095
35498680
35513812
35522779
35567006
35744676
35744714
35783378
35821321
35893631
35916509
35952804
36030678
36076165
36360159
36432740
36432745
36456673
36483966
36648393
36658293
36687662
36710321
36764263
36771765
37010421
37017542
37036547
37176826
37248242
37275141
37298285
37404542
37446991
37503354
37512827
37601342
37667205
37822737
38038163
38092216
38111636
38166112
38399708
38405589
38522657
38575428
38590773
38628363
38725184
38842312
38844667
38957615
38980055
38995612
39030648
39324627
39339532
39344378
39363931
39405999
39511696
