11451516
11931160
12071980
12072957
12350161
12486458
12728360
12799004
12904916
13129625
15033241
15194233
15528534
15841344
16179480
16330755
16649816
16953586
16971080
17020745
17488508
17571211
17938852
18198898
18239610
18325625
18399915
18399917
18427718
18515390
18537839
18566451
18957079
18991393
18996223
19289053
19560470
19704876
19778064
19951421
20067303
20164864
20446691
20561021
20888835
21104180
21288897
21449587
21461978
21856978
22479446
22623305
23062114
23336673
23373661
23376264
23671678
23741374
23898480
24225341
24379808
24447185
24600446
25132231
25752803
26056770
26431969
27329048
27635331
28379004
29045010
29099492
29429564
29529204
29725727
30072959
30213145
30565684
30724439
31071110
31375689
31804687
33202630
34130090
34780163
34887548
34908470
36229623
36611086
37002449
37481762
37996679
38228587
39002191
39441989
39548060
39579348
11451516
11931160
12071980
12072957
12350161
12486458
12728360
12799004
12904916
13129625
15033241
15194233
15528534
15841344
16179480
16330755
16649816
16953586
16971080
17020745
17488508
17571211
17938852
18198898
18239610
18325625
18399915
18399917
18427718
18515390
18537839
18566451
18957079
18991393
18996223
19289053
19560470
19704876
19778064
19951421
20067303
20164864
20446691
20561021
20888835
21104180
21288897
21449587
21461978
21856978
22479446
22623305
23062114
23336673
23373661
23376264
23671678
23741374
23898480
24225341
24379808
24447185
24600446
25132231
25752803
26056770
26431969
27329048
27635331
28379004
29045010
29099492
29429564
29529204
29725727
30072959
30213145
30565684
30724439
31071110
31375689
31804687
33202630
34130090
34780163
34887548
34908470
36229623
36611086
37002449
37481762
37996679
38228587
39002191
39441989
39548060
39579348
