1371056
11161067
11766822
11827206
12744513
15384489
16157172
18705865
18942974
18943044
18944608
18986259
18993005
19322356
19453225
19486410
19589067
19594310
19710279
19934523
21093249
21304596
21536424
21628471
21742879
22232252
22660700
23043311
23148096
23166741
23638044
24200076
24785387
24945525
25027476
25131295
25267487
25374564
25482815
25617720
25625819
25763989
25951847
26378528
26766411
26847889
26864896
26915352
26988059
27003508
27264863
27370686
27391081
27472315
27904465
27936012
28101092
28502647
28553696
28682158
28846056
28934168
29657296
30064339
30087681
30136440
30169134
30226422
30463191
30688596
30704011
30708508
30708509
30708652
30727087
30727271
30731750
30743454
30743577
30759519
30769613
30781258
30781326
30791314
30812392
30818461
30818616
30818734
30823000
30823221
30841088
30841172
30841265
30856878
30861737
30861867
30870934
30985034
31449847
31630460
31861562
32448506
32909626
33084546
33135963
33659400
33923354
34152204
34203170
34421970
34627012
35008738
35615433
36814761
37227226
37571006
37744907
38265710
