9756463
10510722
11430409
12656147
14555451
15859323
16545517
17329778
17329787
17392224
17867641
17926427
18406094
18523175
18647357
18763518
19720454
19912433
20091296
20132847
20834145
21204940
22489111
22610435
22805814
22918457
22940327
23047101
23391906
23517195
24482523
24867376
25764223
27299717
27396994
27590807
27627697
28299401
28856100
29541882
29637426
30148972
30170307
30445269
30507352
31019671
31048711
31466023
31621557
31751112
32257739
32464440
32503910
32707504
32729393
32790072
32806781
32814501
33288198
33411131
33411665
33463216
34031078
34413838
34765463
34809641
35129690
35285671
35547011
35711746
36430408
36474116
36537811
36998141
37286071
37303801
37313602
37348367
37426801
37660098
38190241
38336644
39022698
39521773
39603136
