360
1386
11179
13839
17224
18846
26690
55287
60233
63098
68625
98039
110425
120633
217347
238466
238730
272642
309306
321469
322398
324523
325127
330558
331029
332705
340445
343059
355631
375634
377948
381269
382712
383106
389806
393169
398460
398647
403178
405356
409012
414139
414686
416627
419384
474606
516444
526006
528380
533889
591923
626495
649233
666291
718154
735565
735566
747014
762012
765360
766398
766576
769841
769842
775258
776236
778391
779534
786887
789246
793508
798704
801712
803487
803822
805163
808165
809052
817594
823538
825853
844994
893226
983532
984753
994325
998035
1046355
1092371
1095669
1097068
1097069
1097982
1098655
1099088
1100773
1103488
1104913
1107330
1107978
1107992
1225169
1269292
1274501
1285649
1286954
1291115
1342000
1396779
1400314
1400963
1402074
1416835
1416879
1417697
1424507
1433903
1433905
1450854
1455907
1459614
1473360
1482518
1490908
1494227
1495193
1510436
1512934
1517807
1522669
1537931
1588844
1615062
1622167
1646779
1667782
1689714
1691576
1698255
1715274
1723073
1729230
1737440
1748988
1759523
1761213
1791468
1793089
1793474
1797456
1797457
1800377
1800379
1801489
1809807
1809811
1818798
1855423
1861655
1864899
1873972
1887711
1889877
1892429
1894369
1904106
1906261
1915401
1920808
1960856
2037363
2041153
2041155
2074367
2086221
2086814
2092365
2093108
2094758
2110118
2111121
2112533
2113800
2120452
2123973
2124650
2127264
2127348
2128340
2128341
2130800
2146395
2150610
2158496
2161820
2163438
2170081
2182382
2183712
2193701
2200847
2210489
2222120
2232151
2233983
2243794
2244791
2248685
2253497
2262962
2274037
2279381
2282970
2287060
2291754
2321928
2341181
2387776
2397372
2408403
2422854
2441900
2464692
2470027
2479701
2490681
2494066
2497137
2497275
2503788
2504597
2505788
2508543
2512140
2543009
2560422
2570557
2578213
2589845
2591172
2596535
2597516
2606817
2613590
2614380
2618714
2632214
2651127
2656259
2658786
2661439
2664255
2671775
2681561
2686139
2686416
2686425
2691714
2694690
2696722
2699894
2731448
2769941
2777377
2785801
2785904
2786371
2786519
2789493
2791722
2809698
2809699
2809703
2829250
2830163
2850139
2878036
2899107
2903175
2946296
2997113
3015853
3026002
3034144
3037985
3045200
3054490
3055173
3056246
3058021
3060458
3065612
3076912
3091889
3093439
3095773
3098699
3102447
3103207
3116431
3125353
3144528
3153166
3157551
3164987
3172169
3190190
3197461
3204654
3210296
3210297
3215108
3216475
3216482
3216800
3221428
3239838
3254940
3260766
3262045
3263354
3263833
3264166
3268941
3286605
3287105
3296994
3300111
3300528
3301894
3304155
3304847
3305367
3308458
3323840
3324173
3326520
3327966
3329212
3393781
3396470
3444015
3474430
3475483
3476290
3485506
3487538
3489648
3492172
3492175
3493236
3496845
3500161
3512839
3519112
3519851
3525497
3527060
3527987
3529797
3531130
3533762
3538717
3541843
3542728
3545730
3546360
3549692
3551413
3551500
3555051
3569007
3571568
3596808
3622885
3623698
3669285
3709268
3724208
3729343
3791478
3816503
3871761
3877607
3879464
3881591
3881949
3887108
3887815
3890729
3891117
3893942
3903943
3905734
3906016
3908437
3913422
3915273
3915330
3928466
3928497
3929215
3930806
3964203
3966445
4036072
4064797
4073862
4083013
4090453
4114566
4118184
4120245
4124878
4141437
4142032
4166554
4169439
4185069
4195529
4198261
4237338
4255900
4281652
4299624
4339719
4359387
4361295
4369409
4369540
4379017
4382999
4384481
4402781
4405504
4405509
4550558
4558137
4567938
4569406
4569768
4577177
4583359
4587463
4589141
4590911
4595608
4596988
4599828
4603139
4603835
4609257
4610136
4616232
4616584
4617920
4618603
4829932
4860856
4867742
4872585
4874568
4877241
4877242
4877243
4877496
4884792
4891714
4897109
4911426
4922733
4925404
4945578
4948325
4955966
4956243
4958495
4958877
4964476
4967195
4967452
4968286
4982961
4983955
4994627
4996576
5000866
5002160
5120100
5158741
5183819
5231748
5305286
5305648
5321400
5326718
5327475
5330677
5340740
5342404
5344130
5369305
5398941
5412289
5494783
5520550
5567757
5586497
5601508
5612041
5619864
5630796
5633275
5633276
5633277
5645583
5650072
5650093
5662862
5663575
5674607
5686798
5701069
5706439
5733304
5734410
5755505
5758561
5781572
5808699
5812848
5816849
5823667
5826308
5848332
5857259
5871575
5874535
5899796
5899800
5912585
5936241
5956700
5971649
5980560
5985389
6003017
6003875
6039200
6052635
6052636
6052637
6062640
6064241
6076176
6080723
6081704
6086215
6090408
6092740
6100427
6104464
6154551
6180685
6188832
6202102
6214995
6224684
6238035
6251697
6251749
6254569
6264846
6268593
6269488
6269489
6271736
6272209
6275785
6292665
6294779
6294786
6298169
6302064
6306402
6311090
6312395
6321094
6322944
6326398
6331296
6334679
6341590
6360803
6367634
6369985
6372682
6379567
6383495
6388190
6394615
6399271
6402596
6412426
6416308
6427187
6442030
6442555
6453080
6454378
6456884
6457177
6472199
6493580
6512534
6601655
6601656
6605718
6609251
6625554
6677714
6684718
6701496
6706888
6752667
6754281
6754695
6755398
6758422
6761080
6761329
6762661
6765067
6765415
6782076
6784377
6805421
6808058
6833173
6951088
6967713
6971210
6972858
6975270
6982889
6990530
6990832
6990879
6991465
6994640
6995435
6997229
6999017
7002905
7006763
7012166
7014695
7018135
7018383
7019853
7038292
7039501
7045282
7046625
7049076
7050147
7106162
7174514
7191284
7235456
7249786
7251044
7251284
7257654
7271270
7396441
7396453
7416749
7440408
7447430
7496969
7498006
7510229
7512814
7538992
7539974
7547312
7592048
7606585
7607530
7642146
7689535
7695279
7722340
7726514
7726747
7728278
7729773
7729888
7748932
7752454
7758356
7759975
7763405
7783679
7806871
7844396
7872757
7896714
7911351
7927836
7933533
7933534
7939052
7949654
7956454
7957242
7976213
7976436
7986811
7990492
7996932
8026480
8027345
8040111
8043607
8049615
8051793
8055554
8060986
8063151
8073757
8074974
8095910
8096175
8097222
8112358
8121412
8144403
8150976
8153068
8156552
8157590
8181004
8199222
8205935
8231446
8243035
8244038
8254888
8254900
8289300
8300450
8300539
8346736
8354306
8360980
8360981
8405963
8406824
8412246
8412504
8421445
8431019
8449836
8459340
8472928
8486569
8494373
8505081
8515560
8576610
8598267
8626267
8643019
8666761
8701578
8744895
8751263
8770643
8771935
8774737
8774738
8786624
8786626
8831792
8834897
8843288
8862183
8864850
8878598
8914266
8938644
8986470
8986558
8987559
8996720
9032594
9045841
9079933
9083041
9113724
9124699
9145593
9176745
9206432
9222068
9232841
9246920
9247173
9271209
9275285
9279725
9281417
9288919
9300809
9371340
9420035
9421249
9435023
9437499
9488151
9488376
9513599
9524311
9542923
9547520
9551100
9561747
9593145
9598774
9613839
9720047
9721605
9722998
9741889
9746136
9750316
9753002
9760190
9811652
9814115
9825489
9832268
9854425
9858461
9859645
9861457
9914495
9925524
9926456
10049385
10051579
10073138
10216267
10339822
10374253
10404338
10408116
10425414
10426448
10449462
10486167
10515053
10515057
10548751
10573861
10618060
10620685
10651815
10655366
10661885
10664862
10687288
10687533
10752094
10817409
10824027
10884121
10930840
10934611
10940867
11028790
11034498
11042498
11082201
11093709
11101600
11109112
11145708
11181368
11190341
11257713
11261215
11268114
11283033
11305389
11322733
11326030
11337221
11344550
11403139
11418511
11421003
11448686
11451687
11475775
11482141
11491080
11548259
11552954
11569815
11599790
11601705
11701394
11708757
11720819
11751137
11771592
11783340
11803963
11916382
11924123
11929163
11934889
11945456
11948154
11952416
11958205
11964175
11971287
11977920
12007653
12024980
12029035
12043402
12071094
12076034
12078210
12081151
12190034
12234536
12296821
12374367
12384342
12400540
12426956
12460117
12482994
12493231
12499070
12559730
12617446
12621736
12622213
12650056
12676868
12691306
12699828
12706721
12722153
12724390
12727075
12801716
12801717
12851776
12886052
12892889
12900036
12958255
12997178
13011262
13020183
13022928
13037797
13039367
13050758
13058894
13070181
13081600
13081601
13085070
13093020
13122007
13137070
13143000
13143483
13148778
13150612
13159278
13163856
13163857
13170589
13171459
13179555
13181865
13183898
13192449
13194028
13198837
13212678
13212947
13221760
13221831
13227147
13233176
13251983
13257676
13257677
13295234
13297476
13300783
13327980
13340825
13340826
13340827
13340838
13382868
13385063
13387507
13394216
13394217
13394218
13402118
13403328
13403357
13403883
13404064
13407727
13416515
13425939
13427941
13428205
13428717
13439156
13446190
13459892
13464451
13469285
13471775
13475671
13475673
13491215
13491797
13498467
13499411
13499577
13513183
13517226
13520006
13522148
13522158
13522580
13524214
13527229
13531808
13534420
13534421
13544896
13549486
13551934
13554508
13560643
13562983
13566132
13571977
13576583
13584397
13595801
13600380
13611674
13616523
13616602
13617931
13620663
13654216
13659120
13671044
13697178
13712301
13716418
13746648
13746649
13779057
13788199
13801642
13817151
13817152
13835584
13854096
13936284
13938446
13943283
13962647
13964160
13977149
13994251
13995418
14013428
14019568
14044962
14052592
14059316
14065258
14066018
14066466
14102879
14113867
14117874
14128043
14165349
14178339
14184716
14188382
14190313
14197883
14225806
14230966
14243613
14243614
14273647
14279226
14300654
14325267
14325870
14332133
14360523
14360524
14360541
14360559
14363410
14364655
14367752
14370451
14375922
14389175
14393583
14421815
14424219
14424220
14424221
14441611
14479045
14479049
14479578
14497328
14499576
14503866
14504433
14515268
14515806
14523535
14556999
14557001
14567255
14616732
14619457
14629019
14630178
14640959
14649681
14661872
14661873
14670728
14679232
14692381
14713164
14773555
14774341
14778952
14778972
14794627
14798936
14799994
14801895
14810679
14811992
14812741
14824115
14824116
14824483
14824484
14824688
14829480
14832419
14899459
14902473
14938389
14944602
14946100
14953920
15007873
15028876
15040914
15117925
15127790
15177476
15193800
15200380
15241936
15248481
15256000
15279944
15280059
15340240
15346948
15394071
15395181
15400375
15400376
15413915
15415581
15436463
15471682
15494235
15505717
15527919
15528892
15537715
15595406
15636137
15689642
15691161
15691229
15708308
15765490
15765758
15765877
15787241
15828189
15830485
15893850
15896669
15949629
16028510
16040216
16048932
16091610
16108757
16114094
16124436
16145858
16154655
16157987
16159702
16161756
16165191
16203120
16232577
16240656
16260068
16262693
16269344
16325351
16355978
16388031
16414588
16414814
16414867
16431396
16438372
16438373
16455316
16457381
16490835
16517878
16557732
16560420
16560632
16561527
16597634
16600546
16636376
16690235
16710900
16730921
16745154
16746341
16747440
16784863
16790938
16791563
16803630
16831214
16869486
16887087
16895493
16914034
16921702
16924840
16964974
16965817
16989308
17004904
17037203
17042964
17051471
17134518
17165837
17257839
17263251
17287329
17309613
17436614
17473478
17499887
17504300
17557147
17601512
17604254
17664798
17701035
17704565
17717992
17718003
17861144
17861211
17909283
17913083
17936254
18033780
18053715
18062653
18096337
18102526
18119697
18119790
18126513
18138466
18143475
18194244
18207759
18226481
18227125
18257138
18280679
18293716
18297685
18304644
18310935
18341335
18390126
18392891
18398539
18404337
18445965
18455288
18472013
18475868
18555284
18561122
18569717
18582911
18608768
18611781
18665848
18683661
18717581
18719184
18775587
18793843
18817180
18819979
18824352
18825530
18844677
18849565
18860368
18871570
18873686
18879180
18886556
18899232
18900200
18908800
18942676
18973441
18992215
18998406
19023670
19024213
19044009
19053992
19069869
19083231
19145212
19157864
19162449
19169199
19205264
19211175
19263248
19286325
19297379
19356034
19357756
19402279
19423702
19426267
19434215
19471191
19505365
19556373
19651402
19658320
19678547
19700784
19703500
19713994
19718822
19731596
19767424
19783520
19802966
19802967
19817640
19839139
19865487
19874237
19880150
19899620
19900493
19919545
20084919
20109237
20136454
20161950
20162076
20193210
20201321
20238819
20247334
20259429
20277178
20287912
20334209
20398742
20407917
20429059
20448847
20451306
20475136
20475706
20490605
20496582
20514796
20522990
20524651
20556891
20557451
20568530
20576412
20580853
20624429
20673614
20684601
20687340
20707287
20709916
20717525
20723574
20780637
20786773
20798627
20803417
20818094
20835958
20838528
20842240
20842250
20874394
20890628
20922992
20925692
20931081
20988615
21061576
21067910
21146157
21213020
21213230
21215620
21216482
21218063
21242734
21299431
21328125
21339157
21369453
21443849
21514980
21537295
21543140
21599889
21615062
21643707
21740100
21741416
21764289
21771452
21771680
21787731
21794959
21795256
21796869
21804771
21815436
21849051
21852187
21877950
21897707
21910285
21950158
21965411
21977871
22010349
22098701
22104118
22124231
22171288
22182927
22238015
22252223
22265286
22274395
22341494
22350001
22363079
22369898
22405285
22516426
22546149
22553437
22557021
22557045
22557062
22557101
22557111
22557125
22557219
22557227
22557230
22557236
22557251
22557327
22580142
22624326
22666124
22699309
22713958
22726264
22806196
22806485
22808694
22817766
22830412
22834301
22871061
22884742
22919330
22934782
22942742
22951389
23001051
23072432
23072646
23077711
23100644
23115018
23129142
23181593
23195903
23206280
23213297
23215435
23221141
23224222
23271509
23329529
23354894
23355972
23360007
23365533
23381026
23409711
23505696
23542052
23567362
23569795
23571552
23579689
23587958
23610972
23620859
23626388
23626390
23631594
23662150
23667611
23676924
23709372
23711394
23713670
23730637
23731467
23739558
23741812
23790332
23815879
23821828
23877712
23983523
23983696
23990740
23997637
24049916
24073965
24146483
24257752
24294497
24311840
24334064
24383325
24403664
24504382
24505922
24538464
24544441
24544847
24545125
24600307
24623975
24660479
24679105
24686205
24783781
24800336
24854906
24861313
24866333
24883301
24895583
24906387
24907731
25001555
25012967
25016203
25026735
25076655
25077839
25084024
25147657
25148969
25155597
25162013
25177514
25181986
25204049
25204648
25209440
25218230
25253268
25312166
25342681
25345136
25366133
25371583
25428071
25428676
25437844
25477930
25491811
25501887
25531756
25546491
25569523
25583073
25638292
25639039
25656290
25666157
25689641
25721778
25740801
25767990
25778990
25799818
25871371
25874387
25881066
25992819
26004714
26005932
26028178
26106285
26124061
26184478
26217895
26219671
26229716
26255183
26256838
26277407
26400293
26401399
26417316
26435145
26437638
26445537
26454221
26617250
26618137
26627645
26642685
26645323
26647633
26675021
26745757
26748500
26748982
26749799
26793432
26794757
26813402
26824086
26842598
26865336
26944634
26981531
27049282
27074391
27074856
27074858
27087086
27113300
27150396
27190676
27245453
27312817
27331806
27344400
27358615
27376253
27393875
27396523
27406903
27416144
27416146
27416150
27416151
27418912
27422658
27449536
27501924
27529000
27569886
27585257
27605837
27609432
27720324
27747311
27789329
27790424
27795886
27873695
27905092
27981504
28095182
28110033
28167929
28203232
28219296
28330077
28330133
28330748
28344478
28389893
28441606
28476971
28478895
28498641
28503342
28507912
28537028
28621711
28634338
28662040
28704712
28725623
28805537
28867634
28877672
28936060
28941700
29022998
29047237
29057984
29061520
29098912
29112318
29113049
29137766
29138082
29148294
29169140
29173489
29180295
29202138
29203405
29241121
29254478
29257028
29297845
29318401
29324657
29358817
29427677
29448204
29482462
29509133
29510358
29530530
29679910
29704178
29734113
29764195
29768242
29780759
29796898
29805463
29853152
29855151
29940777
30058033
30078873
30082510
30087928
30140182
30210545
30267962
30288618
30338059
30386313
30436591
30447153
30524823
30536550
30543960
30582010
30653879
30672676
30700013
30759417
30764957
30793388
30793610
30899158
30906323
30913669
30925643
30936664
30939680
30996432
30997304
31026720
31045439
31077117
31203800
31207044
31272033
31300120
31327898
31327903
31335187
31365649
31380500
31413191
31429302
31439997
31489000
31499097
31522113
31588663
31631973
31653016
31714658
31787658
31847159
31856459
31865290
31888576
31899325
31923557
31935840
31962058
32017761
32024629
32024895
32044965
32084183
32104711
32155266
32173495
32186146
32219114
32304193
32311502
32333828
32363819
32374900
32414461
32424607
32468183
32503127
32521485
32525722
32559773
32565829
32567498
32708454
32729432
32732030
32740782
32788850
32791283
32801139
32820648
32837457
32845793
32848326
32903722
32952485
32974269
33041813
33090344
33113894
33119308
33121415
33131958
33202618
33244683
33260701
33301662
33304126
33313885
33350041
33396533
33467047
33568035
33574492
33574858
33613063
33613909
33644481
33648280
33656194
33680696
33688217
33782825
33787713
33797716
33830114
33851599
33857127
33858076
33877915
33895758
33908303
33909957
33920893
33972626
33997008
34001110
34017172
34089254
34139850
34163458
34320048
34369734
34393126
34451401
34466093
34501078
34518249
34638966
34661008
34670184
34675270
34707376
34757031
34788824
34798838
34815857
34834641
34839020
34841780
34845992
34907733
34961185
34978647
34999676
35011355
35034356
35056655
35056783
35063036
35073723
35097108
35195177
35206710
35207560
35224830
35229262
35268806
35294769
35298766
35318079
35383740
35396383
35453361
35503010
35509364
35540189
35544788
35546990
35579741
35630396
35663349
35663730
35689963
35695587
35705723
35740174
35744715
35775318
35854099
35857430
35874032
35876342
35895250
35904606
35910619
35924677
35942947
35945879
35956852
35978236
36005630
36134229
36135966
36144225
36144828
36145290
36152740
36171782
36200747
36214343
36227490
36235187
36246292
36263957
36276974
36286156
36358192
36467908
36472321
36506216
36523753
36613438
36642886
36685702
36687608
36715784
36734918
36735220
36749057
36756486
36789076
36828109
36883491
36890980
36919069
36992867
36996937
37049972
37103134
37111459
37138194
37152127
37160695
37189038
37213499
37241781
37251479
37251888
37284758
37289638
37323557
37371906
37395392
37431354
37431447
37467211
37468747
37509568
37511256
37511410
37517548
37532185
37534073
37583872
37647307
37692171
37702668
37759305
37759617
37789322
37859304
37936928
37947943
38002229
38005278
38005702
38020800
38023952
38029826
38029828
38062240
38100668
38116313
38139763
38216997
38241346
38296119
38300630
38329697
38353777
38381797
38389104
38391567
38392727
38399800
38418969
38446646
38546016
38585593
38666980
38668368
38794223
38808159
38847341
38890495
38912332
39036470
39037962
39050777
39061347
39114092
39171628
39199405
39203505
39208707
39285885
39330906
39337972
39338959
39426638
39480030
39521814
39572567
39590607
39597577
