2473444
11491336
11876359
16834611
17578416
18279336
18523756
19291243
20402780
24072640
24621525
24935234
27242684
27690185
27693041
29338888
29773630
30116040
30687842
32592599
32694137
33899623
33925782
35587780
36372203
36419422
36728415
37458195
37918657
37975935
38366190
38473077
39003345
39250984
2473444
11491336
11876359
16834611
17578416
18279336
18523756
19291243
20402780
24072640
24621525
24935234
27242684
27690185
27693041
29338888
29773630
30116040
30687842
32592599
32694137
33899623
33925782
35587780
36372203
36419422
36728415
37458195
37918657
37975935
38366190
38473077
39003345
39250984
