101614
177188
406199
699669
723781
738931
1055902
1146449
1199975
1520766
1791853
1962095
2230245
2509070
3098873
3134206
3250412
3370877
3479958
3500646
3615070
3624452
3728028
3891778
3943903
3973408
3987202
4210467
4213703
4911936
5040222
5210135
5554812
6277004
6374834
6434640
6522873
7315860
7761899
8033138
8338418
8734089
10807906
10952602
11034118
11230407
11422256
11683469
11864091
11953311
12834503
13780979
13841905
15338148
15491316
15642056
16046172
16258875
16503987
17517058
17949342
18380085
18422583
18436031
18597615
19053926
19228092
19701123
19762442
20152679
20719993
21083570
21390726
21488936
21605286
21864643
21895662
21996660
22032849
22443543
22703649
23014361
23316996
23554203
23714165
23905778
24020769
24048531
24097834
24995517
25291599
25465085
25809116
26888274
27296270
28065676
28374932
28766815
29031240
29081982
29430138
30408494
30480537
30565684
31260145
31320675
31481603
32151606
32341761
32375974
32423958
32522927
32748644
33204698
33343520
33505838
33986084
34664266
35167935
35281306
35369513
35463878
35507782
36053331
36085010
36147601
36362240
36764395
37255761
37671197
38075042
38313762
38378291
38550499
38563734
38660744
39092171
39210455
39228292
39454929
