23487
108526
538957
560617
656502
713843
804473
849934
864718
889327
921275
942210
1026940
1174548
1315749
1366497
1367010
1453953
1526467
1610198
1989978
2078535
2078536
2280708
2306096
2319593
2506811
2549012
2647718
2647719
2826430
2843518
3032966
4148231
4295540
4319837
4330058
4341053
4348547
4395379
4515610
4530312
4699216
4726833
4743875
4745429
4830742
4854399
5137581
5542691
6775423
6841319
6880250
7171645
7236789
7532480
7547720
7584049
7592483
7670642
7794414
7841178
8361351
8742353
8782716
8808943
8878991
8910057
8910058
8917473
9006031
9096332
9119013
9195486
9260937
9327569
9359843
9428695
9667935
9680410
9727022
9748457
9758800
9765804
9785454
9799514
9821673
9922249
9925581
10049394
10074066
10099198
10099401
10322030
10347009
10397816
10397885
10427005
10461375
10517528
10615683
10692156
10709978
10727934
10744688
10856771
10880359
10919799
10966380
10971768
11021915
11042552
11084589
11131392
11133449
11135197
11171083
11207749
11233165
11356578
11390693
11578312
11589966
11601611
11673442
11679317
11872128
12054256
12074088
12115060
12382057
12804773
12924980
13355396
14742471
15003032
15023067
15170232
15205419
15388721
15467162
15528546
15892745
15968501
16004451
16226327
16262333
16345883
16347708
16347790
16348427
16391089
16456612
16477811
16715401
16919325
17053902
17555837
18311564
18406094
18548726
18609546
18609586
18629897
18713662
19498224
19936829
20048058
20381342
20467780
20817837
21404697
21511464
22042232
22105517
22614340
22705534
23644074
23768111
23907259
23918786
24021726
24191576
24771278
25528517
25542165
25561017
25574037
25766604
25926818
26047553
26388838
27016679
27666872
27884748
27919815
28755506
28798180
28811756
28867233
29239716
29242764
29408276
29948825
30548758
30601113
31504833
32242797
32365784
32501786
32535434
32668712
32681188
33587227
33797591
33888508
34274579
34320047
34320440
34673215
34788370
35689128
35951661
36081787
36152867
36175476
36175516
36191769
36748522
36821901
36985325
36988348
37004897
37168120
37451418
37513278
37848137
38585078
38674043
38921461
39083106
39380487
39430297
