52247
89805
93271
94508
112891
125872
134541
207030
219811
322987
327415
372534
392987
416656
444165
516956
517172
517173
517174
525455
547528
561483
565130
574619
574858
607783
607785
610397
610399
610402
629445
636667
637393
640585
702509
706144
716473
730218
736341
747123
749325
749579
751477
751478
751479
754539
754547
803887
809393
933318
944004
952090
1015033
1016138
1031249
1033057
1146444
1154905
1163881
1182046
1216620
1217271
1217273
1247196
1258571
1261268
1303697
1384550
1417125
1503000
1503975
1531564
1554336
1554766
1570491
1606200
1616989
1626367
1696940
1752312
1785433
1854835
1899679
2043091
2048108
2050103
2137414
2220182
2229337
2254434
2266055
2291674
2306672
2335281
2382592
2437149
2505742
2517160
2584166
2609500
2619491
2631734
2680056
2697071
2761229
2775064
2789193
2799088
2824865
2924578
3057718
3103596
3176311
3190592
3190598
3202763
3247859
3247860
3247871
3247875
3287562
3307208
3374091
3384899
3405100
3411715
3439021
3439487
3519460
3546148
3565092
3573477
3573490
3601804
3625071
3629918
3632242
3686503
3687650
3710707
3727369
3735594
3748879
3762421
3764331
3766039
3767113
3798967
3811200
3826847
3826862
3834911
3841441
3878351
3879656
3913118
3930281
3981829
3992198
3993665
4013077
4035995
4038499
4066201
4097587
4107345
4214281
4558491
4592996
4594747
4657140
4669268
4743874
4755777
4799765
4809597
4852627
4870832
4877823
4939121
4972058
4984411
5002723
5043134
5120114
5123161
5160669
5163748
5278133
5283762
5322918
5359396
5386767
5392355
5398240
5471273
5498556
5499308
5517301
5599693
5601504
5604167
5679780
5729928
5750826
5784200
5830742
5855500
5868957
5868969
5893048
5956701
6098437
6174056
6177128
6211872
6271028
6277098
6418038
6419448
6426191
6426192
6492326
6497110
6516848
6521154
6655661
6686753
6706802
6721471
6721803
6741355
6748441
6750122
6791537
6808965
6808966
6880015
6880415
6886093
6891239
6892245
6997256
6999028
7148212
7171039
7171041
7171044
7201169
7209944
7258016
7258018
7258029
7258030
7258031
7271603
7342583
7343641
7358549
7384773
7424242
7434791
7521358
7537073
7570494
7587049
7636284
7710479
7723720
7740756
7790428
7794182
7866347
7933291
7948213
7982715
8005671
8028747
8075232
8116193
8150944
8268364
8319545
8359682
8399739
8423071
8427802
8507697
8513023
8589663
8613392
8645767
8811634
8822187
8915741
8967808
9022847
9035085
9111943
9114208
9160530
9235737
9251330
9336928
9347625
9352439
9386061
9409511
9431926
9492354
9523647
9524646
9557319
9593121
9618939
9632592
9678179
9682422
9704524
9712689
9760400
9774492
9780828
9795903
9838857
9839315
9867344
9887159
10084998
10085773
10216450
10216451
10384706
10396650
10411263
10421039
10456877
10482289
10525004
10535518
10565937
10605243
10607512
10624152
10699048
10731599
10756759
10788383
10802190
10832964
10843035
10861200
10870336
10893780
10962280
11007027
11014067
11073078
11092736
11130351
11178405
11178406
11204134
11254101
11315521
11329469
11337140
11347005
11403395
11423200
11681442
11748187
11825957
11913558
11972687
11975752
12072249
12150010
12219640
12238391
12408347
12507846
12531653
12627143
12633157
12650476
12687560
12700253
12729059
12823843
12930059
13001986
13001987
13001988
13001989
13001990
13001999
13011270
13022490
13099668
13127381
13132441
13132442
13132443
13132447
13146168
13147564
13168036
13179901
13183938
13236135
13236150
13259053
13311088
13311089
13319515
13378166
13378631
13385066
13394230
13394231
13395376
13538893
13538895
13598685
13604904
13658605
13778296
13778297
13790071
13811803
13816538
13831316
13849173
13878767
13879118
13884785
13891079
13938686
13945956
13945962
13961918
14006574
14006576
14006577
14122616
14211554
14266466
14266484
14266485
14286820
14317482
14343830
14343831
14343832
14343836
14369015
14451385
14513997
14605133
14742484
14774364
14775487
14775494
14777391
14777392
14792982
14794545
14794636
14796639
14806022
14812963
14815408
14842702
14852545
14877491
14918754
14924138
14954399
15053359
15053366
15068130
15086112
15116160
15129584
15139928
15156031
15425331
15426618
15439792
15479402
15712190
15863286
15962544
15974525
16112981
16133715
16178460
16236568
16249105
16312248
16405001
16420335
16475549
16516510
16557745
16557746
16558044
16559953
16560710
16607829
16621346
16678363
16859614
16863088
16869504
16921879
16922485
16935976
17422085
17422098
17422755
17475766
17571546
17648552
17648553
17648567
17648675
17648683
17648707
17648816
17648982
17649033
17658606
17823388
17877222
17893181
18016562
18111928
18150083
18265757
18324397
18438003
18460622
18514883
18670152
18671089
18770273
18777293
18777308
18783968
18818268
18828566
18864715
18899887
18959039
18977618
19027065
19078295
19120613
19193500
19407089
19433128
19481488
19578194
19578275
19663854
19733019
19737769
19777357
19840181
19900362
19923477
19959909
19997677
20068270
20093690
20117264
20124711
20171435
20183753
20244039
20244436
20251281
20252863
20265764
20276372
20279634
20294062
20295952
20477888
20499642
20579745
20676340
20834197
20888441
20922382
20926696
21010272
21024782
21082249
21088176
21152883
21154061
21168147
21186506
21313846
21409531
21478354
21479596
21649879
21660844
21785929
21850630
21878682
21915617
22061544
22096132
22112272
22143815
22168900
22224872
22230504
22303633
22352927
22446396
22498786
22505240
22526696
22538248
22658914
22664947
22692743
22729211
22761300
22820200
22832722
22949554
22957967
23083834
23140319
23201482
23505731
23542656
23545868
23559657
23569959
23601839
23662222
23819078
23961396
23988830
24019408
24066897
24072768
24261887
24405986
24492056
24661145
24772603
24856134
24881267
24993343
25064337
25075726
25080974
25183140
25223326
25377692
25462176
25466575
25613041
25649849
25649939
25666150
25759293
25774434
25785050
26028673
26100922
26151408
26198736
26378410
26416598
26478164
26700151
26758657
26817228
26975059
27033924
27072375
27112902
27222802
27301771
27373076
27479071
27541818
27543449
27596861
27610715
27701077
27707676
27773881
27786163
27872617
27873166
27977547
28056818
28110776
28139956
28201685
28206705
28250289
28284755
28314730
28327178
28405422
28637945
28720292
28761204
28848739
28855823
28976997
29038054
29196173
29377751
29475500
29519854
29595888
29619319
29619324
29847561
29891546
29944396
29992162
30322520
30446176
30542523
30555140
30605390
30649343
30852953
30909869
30951512
30965399
31018276
31057805
31060015
31172912
31219054
31289289
31364229
31373400
31432212
31548316
31676013
31682217
31690415
31756940
31767066
31862813
31967438
32050969
32053172
32070804
32076601
32119991
32231655
32269099
32315366
32351978
32512708
32532177
32586861
32713892
32735209
32912219
32924920
32928307
33083506
33137436
33145611
33269722
33397477
33570103
33676514
33685503
33924647
33984136
34031070
34134155
34263732
34424988
34553591
34606027
34780597
34789591
34910716
34946215
34987628
34987629
35075947
35132164
35158692
35466116
35595884
35601406
35601944
35623133
35730954
35776769
35876625
35893775
35958306
35962226
36094891
36101391
36284553
36353709
36453908
36510306
36677698
36838261
36986331
37140121
37303728
37470355
37627759
37724658
37760336
37783688
37815427
37848276
37856622
37915804
37919947
37987589
38293860
38299848
38359084
38361579
38731857
38797747
38914039
39004696
39045252
39233121
39284808
39286599
39345123
39373393
39394571
39457850
39471827
39596258
52247
89805
93271
94508
112891
125872
134541
207030
219811
322987
327415
372534
392987
416656
444165
516956
517172
517173
517174
525455
547528
561483
565130
574619
574858
607783
607785
610397
610399
610402
629445
636667
637393
640585
702509
706144
716473
730218
736341
747123
749325
749579
751477
751478
751479
754539
754547
803887
809393
933318
944004
952090
1015033
1016138
1031249
1033057
1146444
1154905
1163881
1182046
1216620
1217271
1217273
1247196
1258571
1261268
1303697
1384550
1417125
1503000
1503975
1531564
1554336
1554766
1570491
1606200
1616989
1626367
1696940
1752312
1785433
1854835
1899679
2043091
2048108
2050103
2137414
2220182
2229337
2254434
2266055
2291674
2306672
2335281
2382592
2437149
2505742
2517160
2584166
2609500
2619491
2631734
2680056
2697071
2761229
2775064
2789193
2799088
2824865
2924578
3057718
3103596
3176311
3190592
3190598
3202763
3247859
3247860
3247871
3247875
3287562
3307208
3374091
3384899
3405100
3411715
3439021
3439487
3519460
3546148
3565092
3573477
3573490
3601804
3625071
3629918
3632242
3686503
3687650
3710707
3727369
3735594
3748879
3762421
3764331
3766039
3767113
3798967
3811200
3826847
3826862
3834911
3841441
3878351
3879656
3913118
3930281
3981829
3992198
3993665
4013077
4035995
4038499
4066201
4097587
4107345
4214281
4558491
4592996
4594747
4657140
4669268
4743874
4755777
4799765
4809597
4852627
4870832
4877823
4939121
4972058
4984411
5002723
5043134
5120114
5123161
5160669
5163748
5278133
5283762
5322918
5359396
5386767
5392355
5398240
5471273
5498556
5499308
5517301
5599693
5601504
5604167
5679780
5729928
5750826
5784200
5830742
5855500
5868957
5868969
5893048
5956701
6098437
6174056
6177128
6211872
6271028
6277098
6418038
6419448
6426191
6426192
6492326
6497110
6516848
6521154
6655661
6686753
6706802
6721471
6721803
6741355
6748441
6750122
6791537
6808965
6808966
6880015
6880415
6886093
6891239
6892245
6997256
6999028
7148212
7171039
7171041
7171044
7201169
7209944
7258016
7258018
7258029
7258030
7258031
7271603
7342583
7343641
7358549
7384773
7424242
7434791
7521358
7537073
7570494
7587049
7636284
7710479
7723720
7740756
7790428
7794182
7866347
7933291
7948213
7982715
8005671
8028747
8075232
8116193
8150944
8268364
8319545
8359682
8399739
8423071
8427802
8507697
8513023
8589663
8613392
8645767
8811634
8822187
8915741
8967808
9022847
9035085
9111943
9114208
9160530
9235737
9251330
9336928
9347625
9352439
9386061
9409511
9431926
9492354
9523647
9524646
9557319
9593121
9618939
9632592
9678179
9682422
9704524
9712689
9760400
9766079
9774492
9780828
9795903
9838857
9839315
9867344
9887159
10084998
10085773
10216450
10216451
10384706
10396650
10411263
10421039
10456877
10482289
10525004
10535518
10565937
10605243
10607512
10624152
10699048
10731599
10756759
10788383
10802190
10832964
10843035
10861200
10870336
10893780
10962280
11007027
11014067
11073078
11092736
11107318
11130351
11178405
11178406
11204134
11254101
11315521
11329469
11337140
11347005
11403395
11423200
11681442
11748187
11825957
11913558
11972687
11975752
12072249
12150010
12219640
12238391
12408347
12507846
12531653
12627143
12633157
12650476
12678235
12687560
12700253
12729059
12823843
12930059
13001986
13001987
13001988
13001989
13001990
13001999
13011270
13022490
13099668
13127381
13132441
13132442
13132443
13132447
13146168
13147564
13168036
13179901
13183938
13236135
13236150
13259053
13311088
13311089
13319515
13378166
13378631
13385066
13394230
13394231
13395376
13538893
13538895
13598685
13604904
13658605
13778296
13778297
13790071
13811803
13816538
13831316
13849173
13878767
13879118
13884785
13891079
13938686
13945956
13945962
13961918
14006574
14006576
14006577
14122616
14211554
14266466
14266484
14266485
14286820
14317482
14343830
14343831
14343832
14343836
14369015
14451385
14513997
14605133
14742484
14774364
14775487
14775494
14777391
14777392
14792982
14794545
14794636
14796639
14806022
14812963
14815408
14842702
14852545
14877491
14918754
14924138
14954399
15053359
15053366
15068130
15086112
15116160
15129584
15139928
15156031
15425331
15426618
15439792
15479402
15712190
15863286
15962544
15974525
16112981
16133715
16178460
16236568
16249105
16312248
16405001
16420335
16475549
16516510
16557745
16557746
16558044
16559953
16560710
16607829
16621346
16678363
16859614
16863088
16869504
16921879
16922485
16935976
17422085
17422098
17422755
17475766
17571546
17648552
17648553
17648567
17648675
17648683
17648707
17648816
17648982
17649033
17658606
17823388
17877222
17893181
18016562
18111928
18150083
18265757
18324397
18438003
18460622
18514883
18670152
18671089
18770273
18777293
18777308
18783968
18818268
18828566
18864715
18899887
18959039
18977618
19027065
19078295
19120613
19193500
19195828
19407089
19433128
19481488
19578194
19578275
19663854
19733019
19737769
19777357
19840181
19900362
19923477
19959909
19997677
20068270
20093690
20117264
20124711
20171435
20183753
20244039
20244436
20251281
20252863
20265764
20276372
20279634
20294062
20295952
20477888
20499642
20579745
20676340
20834197
20888441
20922382
20926696
21010272
21024782
21082249
21088176
21152883
21154061
21168147
21186506
21313846
21409531
21478354
21479596
21649879
21660844
21785929
21850630
21878682
21915617
22061544
22096132
22112272
22143815
22168900
22224872
22230504
22303633
22352927
22446396
22498786
22505240
22526696
22538248
22658914
22664947
22692743
22729211
22761300
22820200
22832722
22949554
22957967
23083834
23140319
23201482
23505731
23542656
23545868
23559657
23569959
23601839
23662222
23819078
23961396
23988830
24019408
24066897
24072768
24261887
24405986
24492056
24661145
24772603
24856134
24881267
24993343
25064337
25075726
25080974
25183140
25223326
25377692
25462176
25466575
25613041
25649849
25649939
25666150
25759293
25774434
25785050
26028673
26100922
26151408
26198736
26378410
26416598
26478164
26700151
26758657
26817228
26975059
27033924
27072375
27112902
27222802
27301771
27373076
27479071
27541818
27543449
27596861
27610715
27701077
27707676
27773881
27786163
27872617
27873166
27977547
28056818
28110776
28139956
28201685
28206705
28250289
28284755
28314730
28327178
28405422
28637945
28720292
28761204
28848739
28855823
28976997
29038054
29196173
29377751
29475500
29519854
29595888
29619319
29619324
29847561
29891546
29944396
29992162
30322520
30446176
30542523
30555140
30605390
30649343
30852953
30909869
30951512
30965399
31018276
31057805
31060015
31172912
31219054
31289289
31364229
31373400
31432212
31548316
31676013
31682217
31690415
31756940
31767066
31862813
31967438
32050969
32053172
32070804
32076601
32119991
32231655
32269099
32315366
32351978
32512708
32532177
32586861
32713892
32735209
32912219
32924920
32928307
33083506
33137436
33145611
33269722
33397477
33570103
33676514
33685503
33924647
33984136
34031070
34134155
34263732
34424988
34553591
34606027
34780597
34789591
34910716
34946215
34987628
34987629
35075947
35132164
35158692
35466116
35595884
35601406
35601944
35623133
35730954
35776769
35876625
35893775
35958306
35962226
36094891
36101391
36284553
36353709
36453908
36510306
36677698
36838261
36986331
37140121
37303728
37470355
37627759
37724658
37760336
37783688
37815427
37848276
37856622
37915804
37919947
37987589
38293860
38299848
38359084
38361579
38731857
38797747
38914039
39004696
39045252
39233121
39284808
39286599
39345123
39373393
39394571
39457850
39471827
39596258
