10319476
10555354
10650200
11034485
16887710
17718835
20686513
20857523
20963614
21181147
21209126
22534607
22581067
22806613
23898195
25299601
25533445
25549405
25796741
26486646
26701794
26773390
26848182
27006087
27381339
27822648
28375806
28471355
29167267
29302014
29330191
29963361
30532686
30816855
30871249
30897381
30901468
30930871
31141234
31208713
32126968
32143621
32265456
32272752
32299873
32690600
32782952
32992653
33549142
33616341
33819509
34199239
34382101
34779042
34879869
34982792
35163921
35418098
35549618
35592630
35659381
35992168
36100953
36404809
36428566
36539569
36558359
36624306
36750571
36913464
36925044
36952265
36966151
37119525
37124355
37235163
37345674
37422083
37476669
37555615
37587126
37610596
37671197
37704113
37980216
38172637
38178601
38178927
38313048
38360226
38467857
38506069
38609782
38675747
38758414
38855768
38884693
38961767
38964511
38987012
39070266
39163526
39586156
