10985
221033
429305
818880
1053471
1132563
1177289
1263249
2059053
2202258
2547140
2552908
2901767
3167086
3340884
3398535
3773526
3861198
4004226
6477942
6513554
6513816
6587175
6630441
6645485
6683343
6780184
6982794
7112187
7176656
7444560
8913453
8922829
9178431
9393694
9593138
9872779
10222583
10443953
10552394
10898616
11223399
11349846
12222935
12466882
12499210
12503404
14280804
14686922
15713033
15899410
16162139
16232804
16233001
16233129
16233520
16233526
16301809
16559961
16559962
16717412
17091272
19231169
20466941
20680578
21666887
21703948
22528309
22528310
22592776
24083511
25247930
25692054
25707104
26476162
27811092
28903469
28943535
29044436
29062200
30341329
31304854
31585203
32158702
33171286
33938389
34641521
34660667
34900587
37899246
38929360
39055622
39247421
39330818
39432428
10985
221033
429305
818880
1053471
1132563
1177289
1263249
2059053
2202258
2547140
2552908
2901767
3167086
3340884
3398535
3773526
3861198
4004226
6477942
6513554
6513816
6587175
6630441
6645485
6683343
6780184
6982794
7112187
7176656
7444560
8913453
8922829
9178431
9393694
9593138
9872779
10222583
10443953
10552394
10898616
11223399
11349846
12222935
12466882
12499210
12503404
14280804
14686922
15713033
15899410
16162139
16232804
16233001
16233129
16233520
16233526
16301809
16559961
16559962
16717412
17091272
19231169
20466941
20680578
21666887
21703948
22528309
22528310
22592776
24083511
25247930
25692054
25707104
26476162
27811092
28903469
28943535
29044436
29062200
30341329
31304854
31585203
32158702
33171286
33938389
34641521
34660667
34900587
37899246
38929360
39055622
39247421
39330818
39432428
