19661501
22178338
23743733
24291178
25323718
25336457
25505188
25588558
25638018
25916475
25925795
26017755
26484052
26733958
26742623
27902257
27992816
28487209
28707241
29458492
29753190
29855042
30070086
30247543
30548881
30689668
31174587
31420951
31475368
31828310
33394154
33401210
33488726
33547790
33964813
34578589
35937693
36014045
36348390
36699260
36948016
37180881
37320920
37351184
37888568
37893644
38257241
38835040
39207620
39338570
19661501
22178338
23743733
24291178
25323718
25336457
25505188
25588558
25638018
25916475
25925795
26017755
26484052
26733958
26742623
27902257
27992816
28487209
28707241
29458492
29753190
29855042
30070086
30247543
30548881
30689668
31174587
31420951
31475368
31828310
33394154
33401210
33488726
33547790
33964813
34578589
35937693
36014045
36348390
36699260
36948016
37180881
37320920
37351184
37888568
37893644
38257241
38835040
39207620
39338570
