15545472
16269788
16313648
17176403
17196653
17624667
18490699
18684558
19040456
19285800
20084095
20228206
20556541
21257807
21339985
22093060
22203393
22512707
22556357
22865066
22972004
23731867
24012541
24131520
24212572
24588385
25105803
25181317
25470743
26300116
27001671
27770459
27912917
29022875
29211972
29378510
29516180
29891837
30468318
30877322
31617792
31874697
32143559
32210028
32484353
32624837
32805554
33250864
35738062
35865814
36182828
36208600
36640569
36925474
39004728
39259478
39419775
