15388718
19625424
19661502
19692561
22234511
22268814
24254742
25473358
25547004
26166323
26484219
27221097
27628580
28102479
28353459
29146256
29211248
30109058
30556804
31349556
31707320
31822450
32013646
33567501
33579133
33917630
34441545
35395518
35726919
37231027
37715879
39307473
39612210
15388718
19625424
19661502
19692561
22234511
22268814
24254742
25473358
25547004
26166323
26484219
27221097
27628580
28102479
28353459
29146256
29211248
30109058
30556804
31349556
31707320
31822450
32013646
33567501
33579133
33917630
34441545
35395518
35726919
37231027
37715879
39307473
39612210
