924869
1497187
2930033
3366676
3421522
3667410
4083587
6476577
6703459
7436074
12023074
12714813
12855723
12967750
14695451
15049457
15053317
15150170
15269208
15269900
15269913
15478177
15578160
15649009
16276738
16701526
16701537
16870765
16870792
16982780
17575979
17702255
17714522
17983770
18048934
18180149
18263572
18594170
18694300
18808384
19084607
19118364
19332143
19628464
19666803
19752232
19757992
19812272
20129959
20496091
20671048
21087786
21189338
21211038
21284853
21292417
21304652
21376823
21672636
21861307
21918193
22247408
22249932
22444687
22571938
22696444
23148447
23341134
23727512
23877700
24217692
24335013
24533528
24577953
24685556
24688717
24822135
24859537
25039504
25164331
25448620
25470674
25515374
25796741
25910855
25923378
26054221
26206683
26638540
26798518
26876802
27572456
27603942
27692827
27756620
27771471
28279857
28319430
28326156
28522362
28552416
28583865
28904182
28993327
29321635
29374525
29718358
30116843
30155447
30555141
30738691
30738869
30951830
31103531
31203733
31435929
31469008
31491639
31518350
31533849
31557138
31579386
31634565
31778809
32001335
32029178
32117109
32467123
32531434
32570867
32768216
32909234
32941440
33017653
33538555
33632119
33896610
34003309
34043027
34229056
34309646
34356802
34364884
34442745
34551274
34747331
34873092
34990817
35040752
35097461
35293804
35312473
35391578
35467392
35545182
35604937
35837556
35859139
35901180
36105818
36383025
36404462
36647902
36764604
37098571
37247806
37438354
37641353
37793445
37824356
38666261
39104524
39173342
39253328
39473561
