64456
83297
99029
101465
101466
102906
104130
110016
117293
121115
212448
351072
403761
408272
408372
415982
416326
560410
624588
646026
805061
814399
814756
820639
821274
825463
829915
1253630
1279381
1311544
1350165
1350171
1350172
1350180
1370573
1391224
1427089
1600020
1612741
1641348
1687635
1687639
1693170
1693751
1695051
1696768
1700564
1708354
1718869
1724051
1759527
1899861
1900279
1904433
1906875
1907072
1937771
1975978
2108225
2114532
2115783
2116101
2116107
2116109
2119343
2120186
2120188
2120554
2122457
2164291
2165754
2368252
2378469
2442101
2466795
2467065
2485302
2491840
2492515
2498207
2500317
2501218
2501676
2506721
2507662
2510429
2512394
2555259
2574944
2576585
2681788
2753854
2768201
2864837
2874731
2878591
2883858
2883859
2981194
2986146
3009528
3031491
3039361
3079735
3085407
3085408
3087883
3091580
3092512
3098686
3104207
3107281
3112124
3121731
3122641
3132113
3137741
3141283
3143519
3144818
3559416
3918004
3920844
3922154
3922155
3922182
3929500
3929501
3929506
3937396
4111449
4189399
4199957
4204823
4209860
4210529
4216445
4219440
4219446
4626737
4632271
4953436
4953580
4953581
4955319
4955320
4957620
4957654
4957693
4958240
4961414
4963089
4965217
4965428
4965911
4974491
4975810
4976174
4976821
4977218
4977809
4978500
4978580
4978644
4979154
4979160
4979370
4979642
4979939
4981552
4984401
4984870
4986010
4988295
4988296
4991081
4992807
4994503
4996243
5296996
5499929
6107023
6130061
6138988
6140840
6143501
6154428
6189947
6260663
6317650
6345509
6403652
6406365
6412490
6415092
6417262
6421035
6425214
6427180
6430804
6432695
6434527
6782900
6783534
6783535
6783537
6783677
6783902
6785241
6785459
6792838
6792842
6793620
6796519
6797160
6799496
6802758
6809842
6815087
6816142
6818434
6818794
6818798
7061394
7395402
7439974
7496969
7514579
7518807
7520114
7542988
7545181
7557459
7589569
7592400
7601694
7608097
7622232
7684727
7690026
7691748
7739594
7747963
7783679
7828873
7896702
7976865
7981106
8022263
8037579
8103913
8104842
8132353
8132476
8150068
8184624
8224887
8240958
8300546
8335370
8412628
8416891
8422995
8440683
8478082
8478089
8509341
8519206
8606109
8626305
8662004
8721994
8741704
8808950
8818887
8820689
8825301
8892818
8927063
8936316
8991597
9103608
9196749
9245137
9274032
9284381
9335295
9346184
9387243
9453609
9460861
9488376
9546649
9555894
9607082
9662801
9662804
9689214
9693729
9711305
9770078
9823893
9917392
9973346
9986818
10098400
10322027
10339434
10341077
10356738
10376009
10376669
10381609
10406115
10407080
10476755
10486973
10505262
10511530
10523584
10546195
10570992
10589908
10702548
10765727
10770788
10796014
10809714
10817744
10846475
10865960
10879059
10882661
10899876
11040286
11040996
11045918
11058154
11160121
11200233
11247722
11259647
11289671
11319266
11412844
11491333
11545276
11587856
11596732
11691932
11772040
11785264
11791987
11792002
11812492
11825713
11886588
11983902
12083509
12096117
12202579
12216451
12225862
12270838
12379714
12447741
12498677
12556155
12653141
12730161
12743802
12783309
12804116
12860643
12860705
12860715
12860719
13014599
13032757
13035109
13035110
13064817
13117792
13132473
13174502
13182501
13182556
13182558
13201754
13213608
13238649
13319354
13329704
13329820
13353716
13382600
13405861
13416206
13465869
13479526
13497205
13520704
13531537
13531856
13536769
13538923
13569988
13582156
13585032
13604100
13620655
13659978
13670912
13676454
13676456
13686181
13701107
13721452
13746918
13746919
13787943
13803410
13825482
13831848
13843709
13843711
13852576
13852635
13870354
13888722
13894378
13923875
13923876
13938416
13942448
13948228
13960007
13969238
13972411
14000181
14035496
14038515
14038978
14039898
14040210
14040372
14042272
14062755
14070202
14077151
14105832
14106022
14108529
14113553
14134912
14149139
14198890
14209633
14214912
14233097
14237291
14239942
14249721
14263619
14291466
14292441
14313642
14360641
14406556
14408153
14421713
14421718
14435201
14450477
14457998
14489079
14491345
14556899
14580202
14609478
14662925
14671022
14702324
14874885
14919043
14921146
14928403
14935772
14950154
14951680
14954405
14998511
15081509
15126491
15128537
15170337
15188395
15210978
15230349
15252962
15297478
15462918
15471415
15488766
15583310
15608207
15643300
15652978
15879256
15891141
15903070
15960851
15986834
16001251
16077118
16145131
16177343
16323139
16364512
16381962
16386381
16412683
16481486
16481488
16481496
16481497
16489758
16574381
16606977
16606978
16704780
16751980
16903827
16923893
17114680
17114713
17114790
17158683
17301007
17402199
17419766
17483455
17537665
17582570
17720821
17984264
18171297
18366341
18582834
18628941
18680662
18697325
18787695
18872690
18891250
18940873
18952868
19036234
19438625
19506016
19527779
19538262
19538276
19624912
19837287
19995185
20049326
20188126
20268189
20368341
20581209
20687836
20888424
21061576
21217797
21288480
21298070
21518541
21519943
21642410
21764940
21904060
21904061
22098357
22098502
22360386
22529927
22737150
23000023
23002218
23166491
23282225
23772074
23814035
23818842
23903543
24059918
24146844
24244168
24497633
24564928
24689928
25010827
25412248
25498244
25688336
25848874
26384814
26392158
26470431
27010457
27159039
27307072
27357983
27375581
27404664
27474738
27726780
28089350
28398677
28709615
28750865
29126839
29551481
29912688
30050361
30334722
30537329
30712763
31053177
31108786
31174587
31553224
31922183
31984654
32318966
32366193
32546622
32805367
32959380
33035476
34655721
35062669
35202227
35632507
35639778
36006255
36628901
37031729
37221073
37567429
37608125
37638221
37730694
38003765
38659991
39154713
39447222
64456
83297
99029
101465
101466
102906
104130
110016
117293
121115
212448
351072
403761
408272
408372
415982
416326
560410
624588
646026
805061
814399
814756
820639
821274
825463
829915
1253630
1279381
1311544
1350165
1350171
1350172
1350180
1370573
1391224
1427089
1600020
1612741
1641348
1687635
1687639
1693170
1693751
1695051
1696768
1700564
1708354
1718869
1724051
1759527
1899861
1900279
1904433
1906875
1907072
1937771
1975978
2108225
2114532
2115783
2116101
2116107
2116109
2119343
2120186
2120188
2120554
2122457
2164291
2165754
2368252
2378469
2442101
2466795
2467065
2485302
2491840
2492515
2498207
2500317
2501218
2501676
2506721
2507662
2510429
2512394
2555259
2574944
2576585
2681788
2753854
2768201
2864837
2874731
2878591
2883858
2883859
2981194
2986146
3009528
3031491
3039361
3079735
3085407
3085408
3087883
3091580
3092512
3098686
3104207
3107281
3112124
3121731
3122641
3132113
3137741
3141283
3143519
3144818
3559416
3918004
3920844
3922154
3922155
3922182
3929500
3929501
3929506
3937396
4111449
4189399
4199957
4204823
4209860
4210529
4216445
4219440
4219446
4626737
4632271
4953436
4953580
4953581
4955319
4955320
4957620
4957654
4957693
4958240
4961414
4963089
4965217
4965428
4965911
4974491
4975810
4976174
4976821
4977218
4977809
4978500
4978580
4978644
4979154
4979160
4979370
4979642
4979939
4981552
4984401
4984870
4986010
4988295
4988296
4991081
4992807
4994503
4996243
5296996
5499929
6107023
6130061
6138988
6140840
6143501
6154428
6189947
6260663
6317650
6345509
6403652
6406365
6412490
6415092
6417262
6421035
6425214
6427180
6430804
6432695
6434527
6782900
6783534
6783535
6783537
6783677
6783902
6785241
6785459
6792838
6792842
6793620
6796519
6797160
6799496
6802758
6809842
6815087
6816142
6818434
6818794
6818798
7061394
7395402
7439974
7496969
7514579
7518807
7520114
7542988
7545181
7557459
7589569
7592400
7601694
7608097
7622232
7684727
7690026
7691748
7739594
7747963
7783679
7828873
7896702
7976865
7981106
8022263
8037579
8103913
8104842
8132353
8132476
8150068
8184624
8224887
8240958
8300546
8335370
8412628
8416891
8422995
8440683
8478082
8478089
8509341
8519206
8606109
8626305
8662004
8721994
8741704
8808950
8818887
8820689
8825301
8892818
8927063
8936316
8991597
9103608
9196749
9245137
9274032
9284381
9335295
9346184
9387243
9453609
9460861
9488376
9546649
9555894
9607082
9662801
9662803
9662804
9689214
9693729
9711305
9717922
9770078
9823893
9917392
9973346
9986818
10098400
10322027
10339434
10341077
10356738
10376009
10376669
10381609
10406115
10407080
10476755
10486973
10505262
10511530
10523584
10546195
10570992
10589908
10702548
10765727
10770788
10796014
10809714
10817744
10846475
10865960
10879059
10882661
10899876
11040286
11040996
11045918
11058154
11160121
11200233
11247722
11259647
11289671
11319266
11412844
11491333
11545276
11587856
11596732
11691932
11772040
11785264
11791987
11792002
11812492
11825713
11886588
11983902
12083509
12096117
12202579
12216451
12225862
12270838
12379714
12447741
12498677
12556155
12653141
12730161
12743802
12783309
12804116
12860643
12860705
12860715
12860719
13014599
13032757
13035109
13035110
13064817
13117792
13132473
13174502
13182501
13182556
13182558
13201754
13213608
13238649
13319354
13329704
13329820
13353716
13382600
13405861
13416206
13465869
13479526
13497205
13520704
13531537
13531856
13536769
13538923
13569988
13582156
13585032
13604100
13620655
13659978
13670912
13676454
13676456
13686181
13701107
13721452
13746918
13746919
13787943
13803410
13825482
13831848
13843709
13843711
13852576
13852635
13870354
13888722
13894378
13923875
13923876
13938416
13942448
13948228
13960007
13969238
13972411
14000181
14035496
14038515
14038978
14039898
14040210
14040372
14042272
14062755
14070202
14077151
14105832
14106022
14108529
14113553
14134912
14149139
14198890
14209633
14214912
14233097
14237291
14239942
14249721
14263619
14291466
14292441
14313642
14360641
14406556
14408153
14421713
14421718
14435201
14450477
14457998
14489079
14491345
14556899
14580202
14609478
14662925
14671022
14702324
14874885
14919043
14921146
14928403
14935772
14950154
14951680
14954405
14998511
15081509
15126491
15128537
15170337
15188395
15210978
15230349
15252962
15297478
15462918
15471415
15488766
15583310
15608207
15643300
15652978
15879256
15891141
15903070
15960851
15986834
16001251
16077118
16145131
16177343
16323139
16364512
16381962
16386381
16412683
16481486
16481488
16481496
16481497
16489758
16574381
16606977
16606978
16704780
16751980
16903827
16923893
17114680
17114713
17114790
17158683
17301007
17402199
17419766
17483455
17537665
17582570
17720821
17984264
18171297
18366341
18582834
18628941
18680662
18697325
18787695
18872690
18891250
18940873
18952868
19036234
19438625
19506016
19527779
19538262
19538276
19624912
19837287
19995185
20049326
20188126
20268189
20368341
20581209
20687836
20888424
21061576
21217797
21288480
21298070
21413251
21518541
21519943
21642410
21764940
21904060
21904061
22098357
22098502
22360386
22529927
22737150
23000023
23002218
23166491
23282225
23772074
23814035
23818842
23903543
24059918
24146844
24244168
24497633
24564928
24689928
25010827
25412248
25498244
25688336
25848874
26384814
26392158
26470431
27010457
27159039
27307072
27357983
27375581
27404664
27474738
27726780
28089350
28398677
28709615
28750865
29126839
29551481
29912688
30050361
30334722
30537329
30712763
31053177
31108786
31174587
31553224
31922183
31984654
32318966
32366193
32546622
32805367
32959380
33035476
34655721
35062669
35202227
35632507
35639778
36006255
36628901
37031729
37221073
37567429
37608125
37638221
37730694
38003765
38659991
39154713
39447222
