10319462
10319478
10713423
10826799
10951204
11342681
11403400
11476910
11521279
11583855
11641895
11705470
11705957
11705971
11790256
11827203
11866007
11874892
11925757
11953375
11998363
12003968
12003969
12065543
12082308
12086181
12167363
12182000
12217337
12225590
12384581
12387780
12393097
12435507
12455703
12530578
12571613
12620657
12660925
12713490
12714566
12722268
12733835
12742318
12802452
12825116
12866851
12867569
12892683
14531894
14568150
14583636
14707329
14729693
14756775
14967815
15053368
15059212
15064091
15068198
15084508
15172741
15177123
15184423
15215617
15225250
15266599
15272067
15287391
15293899
15314192
15325059
15325761
15351037
15351039
15361367
15369241
15378754
15383149
15490840
15501794
15516667
15535936
15561871
15575487
15585496
15587889
15611157
15613113
15629918
15635034
15638128
15639470
15640964
15646047
15653568
15667910
15695646
15700690
15722416
15723684
15728882
15731073
15758234
15770027
15773404
15777838
15782279
15802306
15804102
15812167
15819175
15837807
15840455
15893396
15895932
15935092
15943066
15961690
15968402
15972471
16000443
16024220
16028201
16045922
16104465
16111232
16113821
16130036
16143584
16172105
16179895
16218888
16269262
16272196
16275386
16278427
16278441
16282606
16285353
16333333
16340003
16427247
16455935
16466844
16470249
16505289
16517874
16545314
16550192
16555283
16597708
16597845
16597874
16611950
16623756
16636057
16683046
16689827
16696549
16725009
16737990
16754641
16772415
16792979
16797933
16808545
16826346
16831207
16857767
16864493
16938728
16984419
16988194
16996738
17005805
17027196
17033719
17040657
17052347
17069099
17072447
17098542
17106155
17199102
17201097
17204998
17207034
17211544
17216421
17259630
17314374
17317791
17322199
17353114
17353287
17356093
17365124
17366051
17384874
17390759
17417751
17433889
17467336
17515640
17534977
17554569
17570631
17590080
17593507
17594460
17595392
17609060
17611121
17625732
17681276
17693492
17698431
17701714
17712530
17766419
17804659
17868919
17875058
17878998
17888618
17906838
17913539
17916241
17938194
17977063
17982719
17989193
18018632
18021431
18032625
18051210
18054938
18059252
18059568
18073166
18077024
18094125
18177205
18178034
18192789
18199028
18222926
18230606
18255180
18257433
18259994
18274953
18281400
18284660
18307777
18309103
18312573
18312581
18321237
18339033
18347111
18378345
18399867
18436480
18473791
18474399
18480232
18487846
18489582
18513407
18516711
18528704
18547488
18547827
18558790
18566843
18572268
18590240
18602805
18650351
18651417
18655722
18674609
18708502
18758425
18768674
18779198
18790867
18799752
18853090
18953592
18957606
18990975
19031443
19046171
19076843
19089556
19100193
19133011
19134224
19149742
19177778
19177780
19177781
19179688
19181607
19191640
19195444
19201821
19205763
19220337
19246110
19284712
19302698
19357786
19358448
19360122
19375247
19396519
19397283
19397877
19398057
19451031
19479364
19486214
19494280
19528151
19607664
19623657
19647071
19657383
19670403
19716898
19726892
19744321
19780821
19782917
19818051
19828035
19879704
19901344
19928419
19958038
20012631
20013705
20014950
20019196
20038490
20038627
20040079
20077843
20078556
20088373
20154210
20171546
20182626
20224677
20226329
20233301
20332585
20377739
20383512
20384541
20387520
20425516
20427267
20453895
20472695
20483921
20493214
20495268
20503289
20525132
20610673
20632890
20637522
20647256
20653790
20671971
20920764
20935201
20973617
21029939
21029940
21056004
21087215
21126854
21147636
21206480
21213597
21233265
21244774
21303746
21337816
21366733
21397428
21424938
21439159
21439510
21450942
21456360
21466255
21466993
21472615
21503738
21504249
21511028
21515486
21524762
21537656
21683553
21694911
21715282
21721597
21744047
21786334
21786512
21789730
21816027
21844295
21867470
21899086
21908308
21923826
21996708
22009528
22018212
22022378
22029185
22031704
22068503
22103467
22104141
22112996
22157685
22170925
22214635
22214836
22232679
22234110
22251792
22253735
22264034
22276187
22282461
22285188
22287234
22309125
22320048
22332714
22389880
22433882
22433883
22452056
22489145
22541789
22549730
22561532
22564212
22654169
22669447
22718210
22750778
22774484
22795649
22830280
22838216
22886080
22908176
22959702
22965844
22992790
22994343
23030426
23053502
23065148
23096022
23104286
23130469
23163026
23178757
23190778
23206723
23291401
23318112
23385305
23394038
23400696
23468028
23529295
23626952
23637791
23661898
23705964
23796866
23798484
23835957
23835963
23861566
23891050
23904736
23956742
23993112
24011460
24096817
24099147
24123899
24147043
24150959
24156214
24279792
24292583
24330609
24334587
24340964
24341213
24378946
24435604
24516674
24530959
24596014
24619271
24626238
24640716
24651090
24685965
24721274
24781376
24789653
24910016
24911847
24934886
24979513
25033402
25066224
25176557
25182260
25182736
25253920
25290923
25316132
25344890
25384710
25412551
25485049
25524126
25572113
25574216
25579777
25658556
25724797
25742148
25751402
25764275
25840889
25842957
25874735
25879563
25887603
25983299
25988545
26037459
26063946
26105737
26209405
26223662
26224210
26401998
26425041
26452737
26528392
26649559
26672473
26713222
26848612
26922251
26932735
27057055
27276986
27296817
27334731
27382410
27401621
27421128
27721281
27776489
27793655
27800148
27866051
27960208
28049398
28062246
28121925
28157451
28158460
28256360
28376442
28393985
28431520
28583026
28599867
28656992
28856082
28886324
28913776
28922613
29021189
29153416
29395563
29683836
29889810
30008645
30019769
30074472
30105627
30112061
30177108
30178647
30226949
30305033
30360684
30622770
30646442
30938344
31014083
31016635
31125127
31223496
31389781
31410186
31599865
31700879
31705486
31748320
32052706
32132186
32140050
32186784
32222707
32275058
32446031
32517424
32537759
32584969
32607824
32703757
32834786
32847534
32883927
32919870
33030784
33304716
33401725
33421260
33512346
33665182
33774629
33939189
33976101
33983474
34057145
34113780
34338833
34425035
34433341
34435925
34661780
34675464
34800846
35225702
35469122
35490727
35932403
35992996
36296002
36498822
36879715
37039613
37090467
37153983
37823565
38052876
38521114
39270089
39483362
39503821
1428498
1608116
1926842
2042158
2056624
7549683
7561707
7561718
7564162
7691166
7817549
7856555
7987518
8019629
8058954
8129453
8131545
8163694
8169158
8195733
8253607
8317762
8325072
8480296
8496387
8521559
8655672
8697832
8711652
8711653
8763272
8790080
8948274
8969782
8981349
9103345
9113050
9154297
9259669
9266862
9404385
9472881
9495296
9550510
9659245
9711934
9715854
9741366
9792563
9872193
9933263
10026342
10026343
10026344
10027809
10093125
10096928
10096930
10096931
10099908
10193321
10195925
10202227
10205100
10223091
10226644
10319462
10319478
10347340
10351965
10396235
10401775
10448994
10474515
10512900
10513803
10539855
10539856
10539858
10539859
10539860
10539861
10539867
10539870
10559011
10611843
10616357
10637199
10642692
10669671
10684935
10712401
10713423
10748879
10764674
10826799
10840006
10871362
10884447
10884448
10902759
10903649
10903653
10903675
10904288
10951204
10952949
10961970
10978041
11023928
11034939
11067785
11067786
11096035
11108751
11136684
11145952
11157684
11179272
11240944
11265174
11265175
11273986
11283382
11304476
11337179
11342681
11348947
11403400
11404071
11433804
11445102
11447462
11476910
11485974
11493128
11496270
11503273
11521279
11546882
11546883
11569482
11583855
11588309
11641895
11668312
11705470
11705957
11705971
11739967
11772870
11790256
11827203
11835034
11840367
11865005
11866007
11874892
11884286
11896076
11925757
11926852
11929685
11935040
11953375
11953984
11986341
11988599
11997286
11997783
11998363
12003968
12003969
12045171
12052977
12065338
12065339
12065543
12075941
12082308
12086181
12110780
12117719
12149525
12167363
12182000
12196331
12208796
12217337
12225590
12270859
12379526
12384581
12387780
12393097
12411646
12422113
12426257
12435507
12451002
12455703
12456911
12460096
12468766
12491229
12530578
12538424
12571613
12576242
12600889
12610104
12620657
12630585
12660662
12660925
12663369
12682364
12686665
12695244
12713490
12714566
12714806
12722268
12732822
12733835
12740268
12742286
12742318
12743003
12754346
12756349
12766754
12768072
12783969
12789196
12802452
12825116
12837872
12842841
12847174
12860900
12866851
12867569
12891203
12892683
13129985
14500333
14531894
14564351
14568150
14583636
14621450
14707329
14729693
14756775
14967815
14972377
14993140
15053368
15059212
15060260
15064091
15068198
15084508
15085509
15128877
15165950
15172741
15177123
15184423
15215617
15215794
15225250
15252403
15266599
15272067
15287391
15293899
15297834
15314192
15325059
15325761
15351037
15351039
15361367
15369241
15378754
15383149
15490840
15501794
15505130
15516667
15535936
15550694
15555826
15561871
15575487
15585496
15587889
15604325
15611157
15613113
15625297
15629918
15635034
15638128
15639470
15640964
15644584
15646047
15653568
15667910
15681485
15695646
15700690
15701426
15722416
15723684
15728882
15731073
15758234
15770027
15772219
15773404
15777838
15782279
15802306
15804102
15812167
15819175
15837807
15840455
15875533
15892001
15893396
15895932
15917413
15935092
15943066
15961690
15968402
15968485
15972471
15994620
16000443
16024220
16028201
16045922
16104465
16111232
16113821
16130036
16143191
16143584
16156318
16172105
16179594
16179895
16218888
16269262
16272196
16275386
16278427
16278441
16282606
16285353
16304082
16333333
16340003
16424371
16427247
16434129
16455935
16466844
16469962
16470249
16504656
16504677
16505289
16517571
16517874
16543974
16545314
16550192
16555283
16597708
16597845
16597874
16611950
16623756
16636057
16683046
16689827
16696549
16725009
16737990
16754641
16765261
16772415
16792979
16797933
16808545
16826346
16831207
16857767
16864493
16877849
16938728
16984419
16988194
16996738
17005805
17027196
17031241
17033719
17040657
17052347
17069099
17072447
17098542
17106155
17145421
17199102
17201097
17204998
17207034
17211544
17216421
17259630
17314374
17317791
17322199
17353114
17353287
17356093
17365124
17366051
17384874
17388221
17390759
17417751
17433889
17467336
17471326
17515640
17534977
17554569
17570631
17590080
17593507
17594460
17595392
17609060
17611121
17625732
17681276
17693492
17698431
17701714
17712530
17766419
17804659
17868919
17875058
17878998
17888618
17906838
17913539
17916241
17938194
17977063
17982719
17989193
18018632
18021431
18032625
18051210
18054938
18059252
18059568
18073166
18077024
18079229
18094125
18159563
18177205
18178034
18192789
18199028
18222926
18230606
18255180
18257433
18259994
18274953
18281400
18284660
18307777
18309103
18312573
18312581
18321237
18339033
18347111
18378345
18399867
18436480
18473791
18474399
18480232
18487846
18489582
18513407
18516711
18528704
18547488
18547827
18558790
18566843
18572268
18590240
18602805
18650351
18651417
18655722
18674609
18708502
18758425
18762502
18768674
18774395
18779198
18790867
18794053
18799752
18853090
18953592
18957606
18990975
18996904
19031443
19046171
19076843
19089556
19100193
19119705
19133011
19134224
19139383
19149742
19177778
19177780
19177781
19179688
19181607
19191640
19195444
19201821
19205763
19220337
19246110
19249505
19284712
19302698
19357786
19358448
19360122
19375247
19375572
19396519
19397283
19397877
19398057
19404948
19426888
19451031
19455698
19479364
19486214
19494280
19528151
19607664
19623657
19647071
19657383
19670403
19716898
19726892
19744321
19780821
19782917
19818051
19828035
19879704
19901344
19928419
19958038
20012631
20013705
20014950
20019196
20038490
20038627
20040079
20077843
20078556
20088373
20154210
20155838
20171546
20182626
20224677
20226329
20233301
20332585
20377739
20383512
20384541
20387520
20425516
20427267
20453895
20472695
20483921
20493214
20495268
20503289
20525132
20596362
20610673
20632890
20637522
20647256
20653790
20671971
20920764
20935201
20973617
21029939
21029940
21056004
21087215
21126854
21147636
21173126
21206480
21213597
21233265
21244774
21280466
21303746
21315234
21337816
21366733
21397428
21413294
21424938
21439159
21439510
21450942
21454155
21456360
21466255
21466993
21472615
21503738
21504249
21511028
21515486
21524762
21537656
21683553
21694911
21715282
21721597
21744047
21786334
21786512
21789730
21816027
21844295
21867470
21899086
21906466
21908308
21923826
21996708
22009528
22018212
22022378
22029185
22031704
22049224
22068503
22103467
22104141
22112996
22157685
22170925
22214635
22214836
22232679
22234110
22251792
22253735
22264034
22276187
22282461
22285188
22287234
22309125
22320048
22332714
22389880
22433882
22433883
22452056
22489145
22514397
22541789
22549730
22561532
22564212
22654169
22669447
22718210
22750778
22774484
22795649
22830280
22838216
22886080
22908176
22959702
22965844
22992790
22994343
23030426
23038741
23053502
23065148
23096022
23104286
23130469
23163026
23178757
23188566
23190778
23206723
23291401
23318112
23385305
23394038
23400696
23468028
23523029
23529295
23535111
23626952
23637791
23661898
23705964
23730316
23796866
23798484
23835957
23835963
23861566
23891050
23904736
23956742
23993112
24011460
24096817
24099147
24123899
24147043
24150959
24156214
24261578
24279792
24292583
24330609
24334587
24340964
24341213
24378946
24435604
24516674
24530959
24596014
24619271
24626238
24640716
24651090
24685965
24721274
24781376
24789653
24854912
24910016
24911847
24934886
24979513
25033402
25066224
25176557
25182260
25182736
25253920
25263435
25290923
25316132
25344890
25384710
25412551
25485049
25524126
25572113
25574216
25579777
25658556
25666507
25724797
25742148
25751402
25764275
25840889
25842957
25853997
25874735
25879563
25887603
25956614
25983299
25988545
26037459
26063946
26086356
26105737
26209405
26223662
26224210
26401998
26425041
26452737
26528392
26649559
26672473
26713222
26848612
26922251
26924667
26932735
27057055
27082601
27120360
27128479
27276986
27296817
27334731
27382410
27401621
27408004
27421128
27599935
27627462
27721281
27776489
27793655
27800148
27819396
27866051
27960208
28035483
28049398
28062246
28120588
28121925
28157451
28158460
28256360
28376442
28393985
28431520
28435302
28583026
28599867
28656992
28856082
28886324
28913776
28922613
28950002
29021189
29153416
29395563
29615379
29683836
29889810
29937375
30008645
30019769
30074472
30105627
30112061
30177108
30178647
30226949
30305033
30360684
30622770
30646442
30768887
30938344
31014083
31016635
31125127
31203748
31223496
31389781
31410186
31599865
31636331
31700879
31705486
31748320
31755895
32052706
32132186
32140050
32186784
32222707
32275058
32446031
32517424
32537759
32584969
32607824
32703757
32834786
32847534
32883927
32919870
33030784
33115294
33304716
33401725
33421260
33512346
33665182
33774629
33939189
33976101
33983474
34057145
34104025
34113780
34338833
34425035
34433341
34435925
34548004
34661780
34675464
34800846
35225702
35327112
35469122
35490727
35931565
35932403
35992996
36296002
36498822
36879715
37039613
37090467
37153983
37823565
38052876
38521114
38674603
39270089
39483362
39503821
