12892111
15368854
15865981
16153178
16391138
16407324
16461689
16461692
16517618
16517861
16564958
16751513
16885271
16940057
16946248
17012590
17028281
17032654
17085716
17250911
17403709
17462017
17600070
17616603
17961480
17961481
17961482
17961483
17961484
17961487
17961488
18083886
18165369
18194157
18310022
18310412
18315498
18319726
18363715
18364348
18384726
18399520
18411315
18436316
18632910
18667565
18667576
18832315
18840283
18931120
19047735
19091520
19135125
19201803
19204834
19329660
19332683
19400783
19424691
19474200
19561130
19616585
19709925
19921916
20110298
20177822
20355960
20511417
20559624
20926389
20932977
20949038
21106564
21163644
21177022
21221570
21255376
21256886
21256890
21567174
21592360
21629774
21640142
21642412
21706173
21858787
21876057
21893158
21951420
21961954
22020504
22027104
22034222
22048956
22117008
22211470
22266021
22364438
22604448
22685145
22697494
22707704
22876180
22911967
22917029
23042182
23057831
23087036
23209414
23269319
23358859
23409126
23414076
23415234
23456955
23566822
23651250
23760935
23769314
23813679
23856542
23889709
23914313
23925114
24062157
24118075
24206355
24248361
24277845
24389701
24515368
24657325
24657872
24709747
24800891
24898054
24910088
25116410
25192990
25243386
25304505
25326171
25374488
25470793
25505188
25512307
25703793
25848876
25927464
26031711
26460058
26623546
26628912
26910138
27010837
27065985
27190150
27474711
27527105
27588325
27645387
27694229
27855668
27866334
27869203
27956618
28069648
28128549
28202049
28256129
28333269
28335611
28389542
28465060
28475324
28537542
28575400
28592862
28651136
28667117
28671531
28771515
28772085
28810221
29091031
29124876
29148975
29281838
29422050
29437849
29494913
29507210
29514194
29575790
29604497
29686076
29722872
29722970
29735524
29915086
29988745
30019131
30151056
30271720
30304227
30355324
30370317
30446926
30538684
30658983
30703321
30735959
30857542
30874951
30885321
31038208
31044004
31050420
31144015
31159259
31181062
31197144
31302257
31386349
31626631
31636611
31690263
31693901
31751122
31933477
31965791
31993023
32111158
32232367
32246719
32271547
32433767
32453732
32461272
32477866
32625021
32665440
32979486
33231069
33270000
33274919
33373881
33495250
33590377
33666232
33769448
33941886
33964988
33965615
34145281
34216972
34339990
34416455
34430203
34444543
34465899
34542714
34788063
34789573
35038910
35215152
35217159
35623386
35653968
35663866
35675214
35714537
35862682
36005297
36094736
36140010
36284096
36504387
36632971
36788632
36804950
37003003
37095301
37336722
37414179
37522309
37526972
37561843
37879175
37938640
37966228
38168668
38289138
38554512
38623940
38711153
38760330
38851749
38895488
38944415
38990002
39024393
39076007
39111212
39135654
39185236
39253634
39283914
39324609
39427784
39555486
39559337
39570052
39575186
12892111
15368854
15865981
16153178
16391138
16407324
16461689
16461692
16517618
16517861
16564958
16751513
16885271
16940057
16946248
17012590
17028281
17032654
17085716
17250911
17403709
17462017
17600070
17616603
17961480
17961481
17961482
17961483
17961484
17961487
17961488
18083886
18165369
18194157
18310022
18310412
18315498
18319726
18363715
18364348
18384726
18399520
18411315
18436316
18632910
18667565
18667576
18832315
18840283
18931120
19047735
19091520
19135125
19201803
19204834
19329660
19332683
19400783
19424691
19474200
19561130
19616585
19709925
19921916
20110298
20177822
20355960
20511417
20559624
20926389
20932977
20949038
21106564
21163644
21177022
21221570
21255376
21256886
21256890
21567174
21592360
21629774
21640142
21642412
21706173
21858787
21876057
21893158
21951420
21961954
22020504
22027104
22034222
22048956
22117008
22211470
22266021
22364438
22604448
22685145
22697494
22707704
22876180
22911967
22917029
23042182
23057831
23087036
23209414
23269319
23358859
23409126
23414076
23415234
23456955
23566822
23651250
23760935
23769314
23813679
23856542
23889709
23914313
23925114
24062157
24118075
24206355
24248361
24277845
24389701
24515368
24657325
24657872
24709747
24800891
24898054
24910088
25116410
25192990
25243386
25304505
25326171
25374488
25470793
25505188
25512307
25703793
25848876
25927464
26031711
26460058
26623546
26628912
26910138
27010837
27065985
27190150
27474711
27527105
27588325
27645387
27694229
27855668
27866334
27869203
27956618
28069648
28128549
28202049
28256129
28333269
28335611
28389542
28465060
28475324
28537542
28575400
28592862
28651136
28667117
28671531
28771515
28772085
28810221
29091031
29124876
29148975
29281838
29422050
29437849
29494913
29507210
29514194
29575790
29604497
29686076
29722872
29722970
29735524
29915086
29988745
30019131
30151056
30271720
30304227
30355324
30370317
30446926
30538684
30658983
30703321
30735959
30857542
30874951
30885321
31038208
31044004
31050420
31144015
31159259
31181062
31197144
31302257
31386349
31626631
31636611
31690263
31693901
31751122
31933477
31965791
31993023
32111158
32232367
32246719
32271547
32433767
32453732
32461272
32477866
32625021
32665440
32979486
33231069
33270000
33274919
33373881
33495250
33590377
33666232
33769448
33941886
33964988
33965615
34145281
34216972
34339990
34416455
34430203
34444543
34465899
34542714
34788063
34789573
35038910
35215152
35217159
35623386
35653968
35663866
35675214
35714537
35862682
36005297
36094736
36140010
36284096
36504387
36632971
36788632
36804950
37003003
37095301
37336722
37414179
37522309
37526972
37561843
37879175
37938640
37966228
38168668
38289138
38554512
38623940
38711153
38760330
38851749
38895488
38944415
38990002
39024393
39076007
39111212
39135654
39185236
39253634
39283914
39324609
39427784
39555486
39559337
39570052
39575186
