7547295
10758862
12710630
15056899
16579793
17634925
18590244
19712369
21305330
22003011
22428466
22642595
23995925
25140825
25646964
26870019
27999269
28363962
28818891
30217842
30248412
30637397
33060815
34142183
36208551
36301131
36328328
36634199
36671739
38809302
39030411
39136490
7547295
9405328
10670083
10758862
12144078
12710630
15056899
16579793
17634925
18590244
19712369
21305330
22003011
22428466
22642595
23995925
25140825
25646964
26870019
27999269
28363962
28818891
30217842
30248412
30637397
33060815
34142183
36208551
36301131
36328328
36634199
36671739
38809302
39030411
39136490
