894261
1162538
1309148
1425729
1506332
1612438
1761760
1774244
1791347
1866050
2280003
2619279
2687724
2695658
3050378
3185419
3923733
4045424
4630513
4690961
4867374
5541017
5628956
5653227
6763136
6774393
6811691
6875513
7003057
7050640
7412591
7699072
7784809
7814557
7815796
7924919
7957271
8208693
8235027
8239595
8263194
8329506
8364799
8672272
8922819
9157173
9176548
9356820
9431933
9449954
9455561
9591807
9701809
9780283
10100569
10386029
10390216
10506241
10637675
10684358
10783584
10795594
10795598
10872932
11109809
11120610
11257051
11310493
11464085
11594609
11757165
11776088
11837639
11880451
11932043
11987046
11989194
12004185
12212324
12595808
12643874
12648329
12727363
12848762
12963390
13130054
15023947
15184406
15297512
15466710
15474324
15481429
15496565
15538907
15545412
15628807
15632997
15692815
15882201
15903008
15947983
16101725
16133219
16181681
16192444
16483691
16496092
16553327
16569850
16672480
16678731
16685629
16705460
16775924
16825752
16867876
16882297
16911989
17116136
17374898
17443467
17496101
17553640
17612924
17640940
17721390
17727619
17913932
17975533
17981593
17992418
18192116
18212080
18296529
18335548
18414775
18435787
18514285
18516465
18622150
18702072
18778714
18820059
18942140
19049715
19195210
19207566
19398458
19455958
19482928
19501534
19508699
19639036
19715960
19800240
19832708
19855295
19864421
19885661
19918785
19942945
19954528
19955277
20046038
20073376
20093696
20146956
20211000
20216281
20308368
20420167
20425752
20467197
20567260
20606978
20636427
20677745
20810768
20966578
20980572
21060211
21060759
21092733
21097631
21110444
21347309
21372184
21467769
21602344
21608435
21726965
21751711
21762220
21997125
22011194
22038382
22101053
22112954
22128272
22219309
22230859
22244759
22278699
22341733
22379487
22520872
22612440
22807545
22988018
23121560
23124149
23177807
23275726
23505268
23556433
23675087
23690786
23748622
24031926
24060098
24088757
24134652
24198056
24311420
24421815
24482994
24618874
24693470
24855916
24876989
24884595
25126828
25189562
25239419
25370728
25372679
25372695
25410282
25443661
25462168
25791233
25802330
25972856
26041903
26153281
26181420
26200967
26278314
26664185
26827769
26887569
26925294
26972429
27053677
27066088
27090987
27148228
27155949
27241370
27407288
27419070
27503802
27557658
27613736
27617207
27706151
27762425
27766680
27861348
27882322
27932160
27999029
28017289
28065456
28088585
28189735
28275374
28407752
28614268
28626172
28729142
28870771
28923878
28951103
29146850
29263313
29780924
29933049
29977974
30009552
30119864
30212050
30289689
30544463
30552795
30560472
30640397
30654014
30658169
30679058
30687825
31179675
31400449
31453821
31487535
31533175
31552514
31703558
31712200
31741644
31792448
31818815
31952512
31964749
31971013
32074098
32086305
32144593
32310744
32381049
32462470
32478652
32548751
32853327
32900716
32920680
32989873
33145893
33254655
33299565
33318622
33333664
33357387
33418607
33577013
33650134
33855101
33892637
33952779
33989644
34059965
34129286
34210509
34283803
34321779
34344324
34344465
34348670
34358801
34398037
34408177
34596213
34876035
34900588
34902263
34936163
35044443
35057749
35068005
35203142
35204671
35234511
35283335
35309304
35364301
35493464
35654278
35719360
36088197
36107518
36126300
36190829
36266937
36297128
36317239
36352407
36397417
36453208
36557577
36558822
36845087
36853822
36853823
36871785
36941739
37087417
37092136
37180040
37269756
37279417
37291661
37376969
37393238
37440372
37456198
37459246
37527397
37553662
37914426
37942657
38195189
38267747
38452245
38546929
38589778
38647136
38670455
38846199
39006736
39028178
39029015
39153257
39170217
39234171
39240104
39251945
39290475
39304798
39363255
39400917
39402651
39432872
39443120
39597048
894261
1162538
1309148
1425729
1506332
1612438
1761760
1774244
1791347
1866050
2280003
2619279
2687724
2695658
3050378
3185419
3923733
4045424
4630513
4690961
4867374
5541017
5628956
5653227
6763136
6774393
6811691
6875513
7003057
7050640
7412591
7699072
7784809
7814557
7815796
7831543
7924919
7957271
8208693
8235027
8239595
8263194
8329506
8364799
8672272
8922819
9157173
9176548
9356820
9431933
9449954
9455561
9591807
9701809
9780283
10100569
10386029
10390216
10506241
10637675
10684358
10783584
10795594
10795598
10872932
11109809
11120610
11257051
11310493
11464085
11594609
11757165
11776088
11837639
11880451
11897524
11932043
11987046
11989194
12004185
12212324
12595808
12643874
12648329
12727363
12848762
12963390
13130054
15023947
15184406
15297512
15466710
15474324
15481429
15496565
15538907
15545412
15628807
15632997
15692815
15882201
15903008
15947983
16101725
16133219
16181681
16192444
16483691
16496092
16553327
16569850
16672480
16678731
16685629
16705460
16775924
16825752
16867876
16882297
16911989
17116136
17374898
17443467
17496101
17553640
17612924
17640940
17721390
17727619
17913932
17975533
17981593
17992418
18192116
18212080
18296529
18335548
18414775
18435787
18514285
18516465
18622150
18702072
18778714
18820059
18942140
19049715
19195210
19207566
19398458
19455958
19482928
19501534
19508699
19639036
19715960
19800240
19832708
19855295
19864421
19885661
19918785
19942945
19954528
19955277
20046038
20073376
20093696
20146956
20211000
20216281
20308368
20420167
20425752
20467197
20567260
20606978
20636427
20677745
20810768
20966578
20980572
21060211
21060759
21092733
21097631
21110444
21347309
21372184
21467769
21602344
21608435
21644070
21726965
21751711
21762220
21997125
22011194
22038382
22101053
22112954
22128272
22219309
22230859
22244759
22278699
22341733
22379487
22520872
22612440
22807545
22988018
23121560
23124149
23177807
23275726
23505268
23547669
23556433
23675087
23690786
23748622
24031926
24060098
24088757
24134652
24198056
24311420
24421815
24482994
24618874
24693470
24855916
24876989
24884595
25126828
25189562
25239419
25370728
25372679
25372695
25410282
25443661
25462168
25791233
25802330
25972856
26041903
26153281
26181420
26200967
26278314
26664185
26827769
26887569
26925294
26972429
27053677
27058325
27066088
27090987
27148228
27155949
27241370
27407288
27419070
27503802
27557658
27613736
27617207
27706151
27762425
27766680
27861348
27882322
27932160
27999029
28017289
28065456
28088585
28189735
28275374
28407752
28614268
28626172
28729142
28870771
28923878
28951103
29146850
29263313
29780924
29933049
29977974
30009552
30119864
30212050
30289689
30544463
30552795
30560472
30640397
30654014
30658169
30679058
30687825
31179675
31400449
31453821
31487535
31533175
31552514
31703558
31712200
31741644
31792448
31818815
31952512
31964749
31971013
32074098
32086305
32144593
32310744
32381049
32462470
32478652
32548751
32853327
32900716
32920680
32989873
33145893
33254655
33299565
33318622
33333664
33357387
33418607
33577013
33650134
33855101
33892637
33952779
33989644
33997629
34059965
34129286
34210509
34283803
34321779
34344324
34344465
34348670
34358801
34398037
34408177
34596213
34876035
34900588
34902263
34936163
35044443
35057749
35068005
35203142
35204671
35234511
35283335
35309304
35364301
35493464
35654278
35719360
36088197
36107518
36126300
36190829
36266937
36297128
36317239
36352407
36397417
36453208
36557577
36558822
36845087
36853822
36853823
36871785
36941739
37087417
37092136
37180040
37269756
37279417
37291661
37376969
37393238
37440372
37456198
37459246
37527397
37553662
37914426
37942657
38195189
38267747
38452245
38546929
38589778
38647136
38670455
38846199
39006736
39028178
39029015
39153257
39170217
39234171
39240104
39251945
39290475
39304798
39363255
39400917
39402651
39432872
39443120
39597048
