328394
402976
974903
1250863
1374831
1400192
1475520
1597198
1620344
1709944
1732217
1774293
1856175
1894368
1917844
2012626
2026057
2085371
2322358
2380356
2430886
2430936
2447018
2462540
2526098
2620924
2648388
2668197
2670902
2671033
2676703
2680978
2708827
2715327
2779470
2833442
2921247
3043955
3045083
3285346
3296565
3305368
3312473
3400914
3514656
3519850
3528292
3531343
3536339
3544258
3546079
3609249
3711672
3713560
3747862
3882572
3898419
3901616
3957864
4008623
4137302
4436261
6184774
6208218
6208310
6341249
6347899
6358023
6358026
6360891
6375144
6384040
6389370
6392104
6500721
6727709
6811121
7127055
7142104
7142105
7549163
7760753
7891557
7896704
7927729
8132345
8132453
8206841
8409912
8411090
8423106
8425377
8548542
8755894
8995804
9045823
9244248
9358369
9389001
9467407
9920119
10219171
10542176
10895695
12791876
14611730
16968306
16983197
17591787
17628359
18243592
18263731
18937826
19081208
19144804
19144810
19204100
19297029
19996562
20036086
20107009
21763087
22901455
22910436
23498015
23658264
24304812
24814794
24821857
25355757
25428906
25740778
25781328
25788552
25937315
25977404
26276110
26283341
26392840
26482550
26550763
26597022
27016768
27162082
27208135
27259832
28985709
30219415
31111067
31410630
31520339
31999237
32854737
33007829
33023205
33162093
33189292
33489929
33780514
33853987
33980645
33987574
34370779
34399828
34631855
34835315
36467632
37261642
38135044
38189287
38338124
38698418
38742897
38890626
38940601
39029736
39338987
