37594
44185
88239
94236
107240
120169
121108
129552
147329
240870
276916
286029
294457
296564
320648
320806
332633
352421
370142
380459
401771
424284
424288
436847
477429
479359
500186
518236
521483
564596
623475
624589
650887
665242
782243
819454
830651
856727
869652
1267430
1267432
1278168
1281976
1315389
1324304
1331018
1332663
1334649
1336047
1337555
1338315
1356262
1359860
1369193
1383912
1396137
1398963
1408362
1417419
1437068
1449134
1452706
1464104
1481764
1494447
1494450
1494452
1494453
1494454
1506205
1527683
1528621
1528635
1528636
1552469
1555762
1581188
1602152
1607829
1652240
1658290
1665573
1668249
1680938
1696949
1715737
1738513
1738725
1747843
1752997
1761686
1769945
1784868
1800380
1809801
1812466
1812468
1812907
1818345
1819444
1820561
1820562
1820571
1831499
1832457
1832458
1837056
1857723
1858270
1875392
1884985
1890219
1890226
1894623
1895035
1901873
1915341
1920011
1929341
1937760
1940739
1940740
1945492
1966733
1987169
2002433
2027071
2047551
2047749
2050897
2059480
2080074
2082243
2087345
2088213
2088373
2096960
2098710
2108991
2117654
2123926
2124492
2131168
2141873
2148949
2159259
2178339
2202809
2204641
2211506
2212083
2213468
2223601
2244788
2279992
2288212
2293348
2305182
2312676
2321929
2323539
2324922
2327774
2347952
2349450
2369526
2406875
2414424
2415637
2426200
2435875
2441233
2451642
2478473
2488355
2489336
2524581
2533606
2553609
2565597
2575556
2601596
2620945
2624558
2627499
2636259
2637908
2639298
2639950
2640313
2641196
2643582
2646331
2661253
2680992
2682427
2685948
2693496
2700196
2700361
2711113
2712197
2762019
2768541
2777378
2777379
2789463
2831155
2877431
2887084
2912893
2927018
2937904
2952706
2963111
3018251
3025315
3074469
3084735
3093222
3114229
3114343
3156816
3162983
3171543
3190205
3204481
3221197
3254470
3257940
3265430
3305628
3314581
3369805
3384929
3396488
3397235
3422291
3458742
3462210
3473219
3476504
3476519
3476581
3488389
3494743
3505564
3522651
3534760
3541135
3583320
3583410
3655733
3666961
3674857
3679548
3700617
3710577
3760817
3766465
3816354
3818097
3855894
3860518
3863838
3864881
3865351
3869650
3875311
3876327
3877980
3888103
3925111
3932293
3965396
3988337
3988345
4005713
4019082
4026269
4030102
4031041
4033466
4067950
4813895
5238887
5808078
6103573
6114929
6131871
6168752
6191518
6219208
6220969
6258779
6264847
6285816
6286266
6334029
6370865
6372026
6372038
6386896
6406540
6412623
6433084
6437812
6480100
6488936
6513099
6574153
6577178
6578589
6579906
6581165
6581193
6584421
6584423
6585918
6592318
6596040
6602093
6604024
6630460
6643242
6678915
6715883
6732670
6735473
6742716
6751304
6807917
6811551
6818334
6832811
6833485
6861605
6872619
6883221
6929559
6941977
6947391
6947763
6949951
6950701
6956714
6958855
6960463
6975240
6995428
7020896
7025153
7026598
7037827
7041865
7075325
7076290
7087804
7096563
7118829
7125789
7136704
7141708
7194067
7216420
7216463
7218398
7265908
7320695
7321142
7330760
7399691
7408372
7411827
7436139
7473013
7478755
7478762
7487574
7496956
7498613
7502770
7540389
7548558
7548560
7548575
7553378
7560223
7560233
7560387
7561654
7562321
7562347
7565172
7567064
7587049
7588760
7591143
7593702
7595152
7597416
7608849
7641609
7641631
7665673
7667223
7675517
7722848
7753905
7767709
7782983
7784823
7795076
7799211
7808772
7833000
7840599
7846999
7853125
7853128
7853129
7853132
7868409
7870467
7870469
7880467
7891253
7936718
7945523
7987966
7988882
8008428
8008430
8034995
8041356
8106950
8118535
8126176
8133415
8153579
8157769
8164114
8180485
8189061
8195974
8195981
8228523
8229676
8233568
8233573
8247608
8260004
8289023
8290445
8290878
8315093
8324119
8324128
8324131
8324134
8324135
8324136
8324137
8366411
8380804
8386762
8387107
8388448
8391864
8393106
8400338
8406032
8406834
8416766
8426279
8426283
8429541
8458947
8478862
8502161
8510980
8514113
8517721
8544102
8546586
8573293
8583022
8583161
8596666
8602332
8602334
8602339
8602345
8604250
8606098
8616556
8620588
8642574
8665477
8675312
8675315
8675741
8683417
8703443
8708971
8739161
8748295
8760321
8789019
8794965
8794972
8849850
8863368
8868437
8868438
8877655
8915950
8915954
8918954
8931245
8936322
8938641
8941761
8941767
8941776
8951624
8961558
8973727
8995811
8999284
9003238
9021323
9028199
9028259
9029446
9029450
9048462
9085216
9134112
9135551
9138193
9144046
9147124
9151568
9151580
9151584
9152041
9155677
9163447
9171508
9178115
9205437
9206427
9206441
9210683
9220512
9220753
9222046
9226388
9249633
9250777
9266340
9284152
9293025
9310640
9310682
9310708
9337029
9358364
9393820
9395099
9402504
9411079
9418037
9467386
9467387
9467388
9467390
9467403
9469606
9477821
9480485
9487859
9495612
9527568
9553868
9558584
9573496
9573801
9573805
9573822
9573823
9578167
9587296
9590895
9593139
9596720
9605989
9612984
9641124
9650877
9660335
9663117
9674195
9683480
9689613
9693583
9695913
9712762
9712771
9720465
9722004
9722273
9722706
9722720
9745120
9746571
9747334
9759015
9781990
9802719
9805230
9823113
9823138
9835745
9846793
9855600
9874230
9879519
9986867
9988804
10052771
10065949
10086624
10093532
10102550
10103012
10190119
10203506
10207839
10223950
10322610
10332243
10338189
10339828
10348773
10371248
10382573
10382581
10384401
10390208
10412851
10423739
10439028
10444744
10447722
10451179
10466072
10471570
10482067
10487314
10491198
10520968
10524276
10530260
10534075
10534188
10551153
10551960
10569761
10585835
10599911
10612731
10634119
10635291
10648549
10674959
10683469
10693296
10722579
10726537
10755795
10766401
10768009
10768988
10791707
10807119
10816455
10824034
10828396
10835022
10842858
10846222
10846737
10859431
10865188
10869478
10870469
10872683
10872965
10883867
10895690
10898709
10899873
10906266
10912293
10914791
10932905
10952607
10960022
10972648
10983929
10992465
10996873
11013664
11034124
11037755
11054158
11073150
11073323
11073328
11083641
11089368
11099090
11099928
11120995
11154401
11154434
11154438
11155173
11155175
11158500
11159963
11159968
11168244
11179300
11192504
11199767
11202881
11202893
11229930
11246701
11269730
11270609
11283301
11292769
11295464
11307403
11327077
11329462
11338294
11354921
11358538
11361180
11374358
11374470
11394403
11422580
11422582
11429938
11434480
11438899
11442852
11472519
11482142
11487145
11542181
11592487
11594003
11598029
11598583
11600383
11686820
11705193
11705942
11706954
11737507
11737656
11737657
11748186
11751976
11759856
11764403
11767277
11771203
11800436
11808376
11832510
11833695
11850275
11852471
11856276
11860556
11862208
11864323
11880435
11887461
11889109
11895544
11905002
11908470
11931161
11938715
11985513
11997163
12009188
12056141
12059935
12066942
12120708
12123816
12136096
12169034
12173104
12200976
12202557
12224327
12238802
12354214
12384389
12393204
12395007
12399036
12400529
12427931
12458140
12472995
12479628
12483235
12485325
12485330
12485332
12493794
12507842
12508477
12546094
12546101
12562362
12594033
12597711
12599430
12615878
12620862
12627274
12636250
12636253
12654095
12654097
12654101
12654663
12669880
12670069
12677098
12677763
12702113
12710750
12716335
12735922
12751315
12753466
12761156
12775007
12785172
12790510
12799352
12820224
12823794
12823803
12834497
12843117
12875518
12877258
12886961
12898417
12902270
12930529
12945954
12950576
12964652
12970005
14505184
14558378
14578498
14614671
14616727
14622340
14641423
14643404
14662931
14678476
14688115
14706749
14729939
14756532
14761124
14871191
14871344
14977937
15002886
15004048
15039352
15055430
15061891
15078687
15102043
15107066
15107070
15117935
15127993
15128058
15128729
15153460
15154917
15167471
15167473
15209995
15211927
15212354
15216949
15240317
15256578
15295960
15311367
15322341
15327642
15329567
15367191
15368845
15371934
15374661
15381723
15385524
15455548
15491349
15491465
15501650
15508748
15528856
15548272
15553899
15559195
15560836
15562911
15566569
15574887
15591601
15598414
15612944
15613007
15619426
15623054
15623322
15627441
15664960
15691348
15695050
15695690
15715865
15720569
15720575
15752104
15770029
15829891
15830645
15836513
15836514
15836518
15840783
15878525
15882210
15886266
15894879
15917680
15937752
15943770
15943771
15958206
15960594
15966886
15993010
15993836
15996357
15998275
16018752
16030227
16040725
16087299
16098849
16101361
16101965
16115683
16125361
16127476
16145547
16162241
16173383
16220801
16239058
16254004
16274309
16288835
16304448
16310217
16332869
16343117
16352873
16367855
16369022
16427466
16464693
16476021
16489881
16489950
16490986
16498070
16499621
16501929
16508267
16508276
16516355
16583596
16626372
16626377
16645308
16671872
16671878
16673792
16677187
16699623
16701526
16701543
16701590
16728241
16798738
16806047
16822635
16841550
16842503
16869198
16870757
16881806
16887570
16887597
16887630
16887680
16887684
16887710
16887717
16905529
16907740
16922925
16922933
16970621
16982270
17014526
17022361
17064390
17115690
17120973
17134590
17142900
17172525
17185543
17199544
17210663
17223966
17224032
17240107
17241171
17299802
17307939
17309590
17319360
17325219
17326786
17347537
17350209
17355248
17397314
17446294
17449701
17470026
17475517
17488439
17517058
17517867
17530037
17535287
17539719
17540586
17557287
17577065
17584449
17584471
17588948
17600532
17600539
17605768
17627697
17643017
17653931
17668047
17668971
17675512
17720859
17760545
17804319
17822332
17889698
17912965
17928002
17931833
17949053
17949342
17954025
17956474
17964476
17986621
17992914
18004487
18025213
18028054
18029022
18031953
18037050
18062110
18062115
18065672
18081808
18086168
18173791
18173796
18212108
18243157
18257820
18279175
18279180
18302616
18312575
18322067
18337385
18352899
18379160
18380965
18385433
18391005
18397461
18400025
18413987
18422583
18431474
18436031
18436038
18436604
18447205
18448617
18449962
18465191
18473545
18476559
18481022
18498901
18517068
18535638
18547832
18554305
18554947
18560463
18565108
18565132
18570988
18582327
18633282
18642853
18705525
18712174
18718367
18718748
18770577
18771363
18775647
18776663
18780488
18792815
18793356
18793368
18805588
18821484
18834241
18843894
18942189
18954348
18971361
18996848
19007234
19007407
19026872
19041936
19049647
19054094
19084124
19084131
19084132
19088890
19097755
19099976
19103770
19114111
19121507
19126114
19131319
19134350
19162109
19166766
19169240
19177855
19178100
19210341
19228092
19273645
19286780
19299164
19360025
19374709
19386852
19389765
19398030
19398541
19405829
19405834
19407153
19419440
19426276
19426923
19454014
19459962
19483793
19485826
19489256
19528150
19540450
19563294
19563299
19563330
19564387
19572900
19626350
19628046
19637485
19656037
19679682
19683589
19693550
19702956
19720223
19738533
19749049
19761790
19762989
19772853
19818393
19828891
19828892
19832799
19832803
19837836
19839485
19905954
19926616
19945523
19949758
19955278
20002682
20003934
20008529
20040739
20059413
20059425
20081826
20088984
20093145
20093874
20096064
20096084
20127471
20129893
20152022
20154130
20155507
20177952
20189489
20193770
20195365
20201270
20219537
20219690
20221728
20299401
20303060
20331795
20331801
20350153
20350156
20380884
20381790
20392909
20396365
20413556
20454638
20456514
20472741
20491536
20498762
20500696
20507380
20518635
20528699
20534493
20541177
20546113
20560458
20610663
20618959
20621241
20623601
20646351
20663022
20666581
20670341
20798974
20823215
20831669
20843232
20847052
20849395
20850664
20851973
20871960
20951304
20957048
21036348
21054554
21057979
21070210
21155359
21158427
21160186
21160219
21163008
21208407
21214612
21214870
21220789
21233793
21244761
21248725
21255867
21258201
21261620
21261622
21269037
21287208
21295545
21311610
21314291
21329492
21333271
21336757
21375559
21375703
21375705
21375706
21383473
21386152
21386161
21391770
21404968
21405936
21410554
21413336
21415204
21417591
21421785
21431261
21439473
21447697
21453047
21459369
21485313
21488936
21492236
21493682
21496656
21521225
21523222
21523230
21523231
21524712
21536792
21538238
21545698
21547839
21548800
21563313
21569094
21596220
21625744
21688602
21692631
21700161
21736512
21762153
21763894
21767207
21798982
21830010
21830275
21842009
21846535
21854077
21864643
21866899
21885033
21896155
21902996
21911466
21921248
21929616
21945879
21958970
21967952
21984462
22000457
22002730
22009989
22024403
22028508
22040113
22067936
22074222
22075753
22077587
22077868
22083120
22089068
22108653
22150619
22150723
22155833
22166166
22169888
22192063
22194794
22202886
22203875
22220677
22220967
22221039
22226009
22233143
22248219
22249094
22252100
22257880
22259811
22266273
22304677
22313692
22322557
22324488
22326171
22328675
22339235
22353894
22368259
22368985
22374743
22394469
22401128
22403423
22414835
22416621
22426587
22427297
22443519
22443521
22445846
22457623
22464641
22466881
22493171
22526568
22531876
22546352
22547549
22571226
22594401
22605875
22606045
22607053
22607095
22609780
22613548
22621847
22623652
22627958
22633049
22655057
22668649
22685668
22693508
22703649
22708633
22710412
22727529
22762355
22771792
22789022
22794210
22794217
22812456
22817336
22843689
22875742
22882677
22890195
22890546
22897652
22914919
22943491
22965077
22967269
22989070
23002071
23018230
23023263
23030239
23034475
23042171
23049613
23077425
23092104
23105064
23106206
23115747
23132491
23132536
23133617
23173872
23192034
23199017
23211763
23249744
23259412
23263257
23278531
23285437
23289803
23297645
23300185
23316996
23321233
23327288
23334268
23335969
23347381
23357386
23368885
23370791
23372876
23380724
23404558
23421598
23433684
23437088
23510146
23513511
23523285
23529731
23538426
23539559
23573433
23581569
23583539
23584672
23589576
23594193
23619431
23625375
23633772
23638858
23641708
23644821
23645178
23646850
23659237
23659420
23664904
23678390
23689247
23694907
23711357
23722529
23731652
23739678
23761916
23766283
23782848
23805811
23815431
23824040
23839528
23845046
23865430
23868895
23890391
23891675
23897119
23906425
23927597
23937452
23945215
23954158
23954159
23967169
23991570
23991831
24011184
24025042
24031714
24036419
24040571
24051159
24055631
24077540
24090988
24094834
24098460
24102075
24112724
24112735
24164211
24174754
24223777
24261910
24278920
24334410
24335143
24336378
24336379
24336380
24340084
24346334
24354338
24355228
24392268
24404975
24416378
24423407
24444257
24450771
24458367
24459284
24461411
24462349
24473989
24478074
24487184
24494651
24501407
24505483
24507924
24526626
24535074
24556493
24566622
24574281
24594108
24599709
24611977
24614721
24640241
24643713
24650474
24656409
24660305
24662076
24664826
24665919
24666896
24671797
24676582
24677258
24679105
24683780
24697888
24709428
24710990
24717928
24727003
24736704
24738759
24767562
24769315
24770899
24773294
24778902
24811328
24814979
24834145
24835305
24857830
24861390
24861845
24862703
24877093
24879903
24896093
24909337
24915846
24918364
24930431
24942004
24945514
24949828
24966358
24972311
24976684
25004958
25019109
25024367
25054150
25061055
25088120
25095835
25098564
25101249
25102986
25107981
25110288
25119373
25132418
25139407
25155235
25170958
25178742
25183372
25195495
25201643
25217278
25232962
25252124
25263382
25280920
25283067
25283543
25294115
25340203
25345340
25357190
25369260
25384405
25387289
25399962
25401076
25407737
25412608
25430459
25440112
25447193
25458966
25465519
25476763
25526624
25530149
25536224
25561710
25568806
25568808
25569450
25575589
25576662
25581046
25582922
25585200
25591021
25605993
25619301
25638399
25638530
25653408
25654035
25662538
25665430
25671713
25672555
25674314
25680274
25692696
25703934
25705082
25705785
25710035
25711725
25722484
25742081
25753989
25759232
25799538
25806806
25813714
25816509
25827437
25834342
25847068
25859394
25879057
25888404
25892513
25900429
25904141
25926392
25926895
25929419
25938806
25957375
25957512
25986950
25996787
26021107
26025449
26028195
26033167
26047797
26055820
26058004
26062839
26068320
26079509
26080369
26085091
26097349
26101735
26120510
26121972
26143497
26152186
26158901
26165725
26166513
26170876
26181352
26187422
26193958
26207764
26210284
26232134
26242770
26246690
26252036
26254142
26259070
26288621
26311717
26318875
26319990
26323501
26345599
26347298
26371120
26373223
26376027
26397137
26405611
26407282
26408641
26411857
26419364
26419675
26426306
26437752
26447754
26461083
26469811
26470857
26478974
26483407
26502235
26513268
26525412
26538799
26545740
26550526
26552761
26580607
26591620
26597465
26604743
26606331
26617192
26619277
26639759
26676022
26687842
26691472
26699859
26718210
26750739
26762510
26774566
26779448
26783023
26811607
26838600
26853831
26861944
26865948
26870849
26882501
26901305
26914065
26919939
26923748
26923863
26930710
26932733
26936175
26946197
26955836
26966464
26983837
27000771
27004000
27009305
27020873
27020914
27032997
27045372
27056827
27058385
27058704
27061393
27071620
27111280
27118478
27126270
27130618
27142589
27150460
27151479
27153291
27168055
27176600
27185790
27220676
27224005
27227499
27262200
27266517
27287170
27295972
27296270
27297417
27301874
27301879
27303740
27313576
27315395
27323816
27330709
27339262
27353076
27391467
27394008
27405227
27413739
27419922
27429708
27440820
27458454
27469171
27469559
27469562
27469569
27472955
27476978
27485551
27506846
27512904
27515277
27520811
27540086
27542376
27556678
27558263
27558278
27558381
27565090
27572513
27585669
27585775
27602578
27607555
27613803
27666672
27671471
27677454
27678333
27693964
27694921
27697996
27699574
27717180
27722787
27727287
27737357
27745799
27753430
27757550
27762731
27769987
27777193
27786617
27793138
27797940
27808349
27809921
27811909
27828984
27833893
27858553
27859260
27876571
27885964
27894820
27898560
27899684
27909688
27965635
27976528
27982237
27982490
27999400
28013413
28033374
28034636
28045107
28050984
28067105
28077337
28083982
28104616
28108235
28111388
28111632
28125762
28126355
28131960
28135570
28154519
28163049
28173636
28186709
28193569
28198980
28199859
28223139
28223198
28235227
28237092
28259058
28285095
28286386
28292019
28298816
28304209
28317637
28319129
28322293
28326155
28358152
28359872
28387608
28397248
28403363
28413322
28416491
28423670
28442908
28460249
28470309
28483840
28486933
28492362
28500338
28500506
28510876
28512280
28516038
28554093
28554609
28580924
28582482
28587675
28597080
28606669
28633639
28651243
28666877
28671508
28687946
28691459
28698865
28706760
28713780
28721234
28724342
28736715
28748028
28753421
28753429
28755761
28757933
28766990
28771533
28776753
28778894
28793925
28797303
28798773
28823057
28823592
28826733
28833079
28833699
28841474
28848365
28848499
28861286
28874750
28874771
28879094
28898513
28912574
28914596
28942408
28945499
28945671
28960881
28967828
28971271
28987726
29016688
29021252
29024797
29033369
29079615
29081665
29081982
29110296
29121411
29125911
29151903
29170280
29190775
29206142
29207065
29214046
29216848
29217301
29220094
29232563
29234378
29242685
29250491
29252717
29273882
29276776
29285324
29293651
29299190
29306533
29307651
29315353
29317709
29317796
29327482
29327500
29333111
29340028
29340343
29343611
29352461
29356919
29358871
29362520
29364345
29373772
29375539
29396061
29409815
29420132
29430094
29435792
29439598
29440924
29442084
29442188
29445368
29456300
29456893
29458668
29460547
29464948
29467738
29482049
29482557
29499786
29500439
29502368
29505121
29508166
29515553
29521212
29533182
29533185
29535688
29535887
29539710
29539789
29553809
29564037
29568173
29572688
29573336
29595860
29619076
29626971
29633646
29642940
29668903
29678329
29680846
29691334
29693356
29696001
29702004
29702299
29704258
29705028
29729257
29736391
29744166
29744209
29747062
29753950
29755677
29756653
29760804
29761905
29763780
29766378
29766652
29786050
29792893
29794316
29803336
29844920
29853892
29857043
29863142
29869726
29900537
29910954
29914865
29955390
29968498
29969107
29969632
29972970
29976644
29976645
29980934
29984751
29988826
30013655
30030249
30039349
30054809
30062471
30065719
30071442
30074166
30080658
30083138
30090032
30090033
30099741
30108246
30116794
30118892
30121899
30123276
30126459
30141157
30142468
30142971
30143044
30143822
30149697
30152021
30153554
30187780
30191984
30194685
30202609
30203018
30220506
30227799
30228205
30230039
30232623
30240535
30243120
30244399
30263056
30266020
30267963
30278844
30282858
30283710
30310087
30315109
30329223
30345964
30349083
30351354
30356383
30356779
30359695
30367824
30374684
30376889
30386642
30386996
30387778
30389429
30389718
30392142
30392224
30392434
30404694
30407731
30409946
30411281
30417145
30423355
30423437
30427965
30439465
30468900
30470868
30474730
30487648
30502966
30505364
30506795
30517429
30530235
30542916
30546113
30552930
30565684
30575059
30580031
30586952
30589008
30589011
30593855
30598580
30603105
30609885
30609928
30610246
30629300
30630498
30634002
30636375
30642137
30663264
30688370
30689497
30692557
30695392
30700472
30719234
30728337
30755185
30768986
30776583
30786859
30787706
30793777
30802400
30808354
30818128
30828815
30833345
30833975
30872392
30886168
30900682
30903099
30906650
30930939
30931739
30940608
30944162
30951563
30975483
30982727
30982987
30986689
31007867
31018870
31025134
31034083
31035942
31038565
31041915
31044617
31069151
31074693
31077259
31077449
31084561
31094270
31106894
31110496
31111123
31111495
31112873
31116469
31134160
31143001
31143408
31157977
31160615
31167516
31169991
31171880
31195631
31211815
31214897
31219661
31226983
31235721
31238823
31240835
31244813
31249571
31257591
31257792
31262445
31272064
31275529
31309006
31316043
31332342
31334107
31341421
31344909
31354857
31355071
31357852
31358543
31364335
31367145
31367996
31370775
31398016
31407806
31417514
31423156
31428073
31428633
31430531
31432641
31437202
31448062
31460537
31481495
31492736
31501282
31508405
31509826
31518869
31521732
31522142
31537147
31537299
31540050
31541617
31551152
31554963
31555583
31569943
31574832
31578306
31605288
31608279
31609493
31610014
31615779
31620100
31623495
31635333
31638919
31641894
31646072
31653078
31655839
31657425
31661053
31662752
31695620
31696976
31706504
31710746
31725116
31730263
31732934
31737164
31765020
31765243
31765952
31773089
31775309
31776231
31782024
31791356
31791536
31793046
31798247
31802939
31806965
31825025
31831970
31838294
31846135
31871854
31880318
31891129
31891793
31898324
31901280
31903123
31904448
31906541
31910722
31915144
31921705
31945548
31949936
31953683
31955445
31959912
31962136
31988023
31993418
31997506
32003320
32007684
32010645
32017196
32019270
32023661
32025313
32028171
32046045
32046375
32051205
32057978
32070755
32087294
32091956
32102416
32105635
32106858
32109938
32124070
32125181
32150046
32153411
32155293
32157085
32179736
32198788
32202959
32210258
32213018
32214064
32233092
32235377
32241904
32244052
32244784
32244806
32250572
32257046
32259029
32271108
32280099
32280686
32282725
32303484
32308061
32320601
32329066
32333174
32368971
32370077
32384777
32385879
32385886
32392236
32396022
32411618
32416351
32428892
32433701
32440552
32441482
32454322
32475280
32493549
32494020
32496444
32497654
32503390
32508326
32516848
32523307
32539234
32549271
32556012
32558324
32565332
32569727
32573481
32579699
32591509
32604093
32608955
32612578
32613174
32616928
32617182
32621740
32622974
32623478
32626941
32633422
32638533
32645434
32660414
32664528
32665930
32670905
32678024
32689841
32691717
32694172
32695120
32700516
32733392
32733820
32748644
32760103
32763436
32768506
32768588
32782710
32785473
32788340
32792794
32811287
32815126
32815141
32823729
32825310
32831510
32841232
32845308
32847022
32847029
32850497
32857044
32860137
32861687
32862387
32867334
32872214
32878603
32880823
32885473
32896201
32897213
32897280
32916756
32920199
32920436
32937742
32944837
32965768
32967071
32977534
32977686
32978483
32981945
32983143
32984045
32993357
32993749
33002094
33004892
33004953
33005238
33010943
33011399
33012230
33017653
33022149
33036329
33039709
33042984
33052764
33054632
33066545
33075154
33083352
33088065
33089288
33092182
33093521
33096404
33112129
33116001
33120999
33123499
33124948
33127901
33128827
33147550
33147687
33153344
33156979
33157493
33160314
33172926
33174234
33176328
33182686
33182693
33193429
33197108
33197886
33199749
33202844
33203363
33218162
33221386
33231303
33236145
33242360
33246097
33249255
33255933
33260439
33270246
33272322
33278515
33280822
33289330
33291114
33292922
33297665
33299132
33304856
33309240
33318282
33323393
33324571
33324800
33327403
33329610
33330137
33330141
33336898
33340803
33350176
33353919
33368813
33381121
33381183
33383903
33391626
33400271
33400284
33407938
33408714
33410957
33421657
33424181
33432590
33435582
33436075
33441378
33446688
33447816
33449545
33452304
33452405
33476522
33485112
33488528
33491374
33500312
33512709
33515720
33527328
33530340
33535497
33536501
33536555
33539704
33546189
33552262
33572938
33580557
33591301
33591576
33591640
33613745
33628398
33632539
33632927
33633259
33634320
33634615
33647328
33650677
33653893
33660315
33669771
33671537
33674867
33675513
33686787
33690940
33693760
33706748
33711535
33715113
33718241
33718256
33721544
33724569
33737279
33737297
33738434
33742371
33750907
33762533
33769187
33772970
33789570
33794847
33804585
33807120
33816348
33817201
33823861
33824205
33830386
33840648
33841394
33844080
33846399
33854732
33872790
33885765
33887307
33896018
33899578
33911468
33913592
33914825
33917114
33917384
33925337
33928075
33928953
33932297
33934384
33935016
33938367
33962608
33991267
34022363
34024010
34029354
34031877
34041870
34058723
34063506
34069179
34071688
34074747
34093546
34093848
34106188
34108031
34114101
34121231
34144677
34151813
34159520
34162680
34163569
34167373
34170942
34184813
34187798
34203649
34210555
34239075
34259502
34261660
34279421
34286500
34294795
34297705
34298645
34302234
34302932
34305476
34307189
34309194
34312118
34322877
34328481
34328665
34333506
34336716
34337719
34343129
34348007
34361863
34362003
34395310
34395935
34402021
34410639
34418158
34425476
34438976
34442627
34443332
34447054
34447232
34447307
34454095
34458990
34464993
34469191
34479599
34486125
34490259
34497144
34503249
34505256
34516125
34521784
34531854
34543761
34554173
34554489
34555886
34559030
34571091
34576835
34586760
34588273
34608480
34616690
34616755
34619680
34632963
34635053
34635612
34639088
34642332
34645607
34645758
34650542
34650590
34659241
34659955
34660289
34665439
34679776
34680424
34683666
34683868
34689777
34693429
34698557
34699926
34700376
34703120
34703138
34706245
34707364
34708063
34713993
34717543
34737207
34743032
34745444
34748126
34761269
34764793
34774023
34781821
34782592
34783814
34795206
34797780
34804168
34821641
34827224
34827318
34829940
34830424
34833094
34835510
34835527
34837266
34841314
34844611
34853619
34853678
34854484
34854493
34866248
34866611
34876791
34887459
34888908
34896161
34906686
34911531
34929558
34935355
34935421
34935568
34946084
34946186
34947842
34949212
34953626
34956157
34965620
34966694
34968795
34983630
34988460
34988907
34995318
34997976
35003221
35003484
35007370
35008213
35014370
35017221
35029789
35033591
35034433
35037112
35040555
35048038
35054281
35055157
35061858
35071038
35075206
35085920
35090978
35107394
35114271
35117679
35122046
35130731
35139675
35143955
35144835
35151278
35160348
35166235
35170250
35186795
35187875
35198889
35199474
35208651
35208792
35212644
35220887
35222330
35224756
35241518
35244963
35244980
35244982
35250279
35252868
35255786
35256335
35273176
35273925
35281303
35283816
35293551
35295948
35301576
35308221
35311577
35312122
35317097
35317317
35319052
35320712
35321079
35321298
35321708
35328456
35335684
35339427
35351006
35357354
35358913
35359716
35360109
35360114
35364661
35365452
35367366
35368312
35369440
35369522
35379861
35389253
35391731
35404098
35406380
35407847
35420473
35422211
35435776
35437333
35453169
35454384
35456752
35463878
35478282
35478496
35479401
35480234
35493741
35505575
35526359
35529047
35539473
35545147
35563488
35563501
35567912
35573793
35574378
35575504
35579104
35581016
35581731
35592523
35618163
35625693
35640321
35644006
35646552
35658028
35664967
35678912
35685473
35689551
35695538
35712915
35713232
35724733
35732022
35739324
35740158
35749000
35765030
35766483
35789992
35792253
35800370
35813949
35814712
35821582
35836203
35849907
35852319
35858553
35859218
35861776
35869172
35877336
35877697
35882133
35888639
35895217
35897955
35908649
35917985
35920882
35923175
35937993
35953094
35959306
35961112
35984699
35986029
35988055
35992661
35993728
35998069
36013840
36015115
36030633
36033476
36033825
36049430
36050890
36054305
36056757
36058786
36059542
36070107
36073813
36075265
36080177
36081491
36088655
36097481
36110534
36112976
36115181
36116790
36118051
36135579
36136589
36139097
36140246
36144385
36144470
36157109
36157114
36161895
36165635
36169273
36188448
36190371
36197820
36212420
36218233
36227570
36230809
36244678
36245273
36246249
36254955
36256708
36260319
36261869
36262751
36279751
36281629
36288629
36295072
36296174
36301704
36303164
36306549
36307278
36307484
36320634
36326270
36329432
36329592
36336782
36346473
36351016
36358769
36363705
36363792
36371909
36384132
36396820
36398428
36398568
36406437
36406461
36407281
36415093
36416468
36420924
36429724
36430898
36443754
36444550
36448787
36452179
36464292
36466367
36467733
36468477
36473689
36474311
36478348
36497293
36497419
36497685
36500223
36504541
36510191
36522829
36523635
36527679
36529123
36539813
36547565
36551257
36551597
36551744
36556459
36563560
36564826
36576461
36578080
36583042
36590433
36596411
36599917
36600023
36600287
36602418
36605125
36608841
36610232
36612265
36613775
36615226
36633093
36634619
36634827
36644813
36647249
36647641
36654677
36656051
36674985
36675166
36677408
36687169
36688805
36693067
36699721
36703031
36715211
36719965
36724261
36724265
36752573
36754953
36757430
36764670
36764829
36765824
36768657
36768839
36769315
36770464
36776365
36778151
36779221
36785929
36790675
36801248
36803460
36812865
36814951
36824689
36826189
36829112
36834525
36838283
36839184
36839472
36840590
36841279
36847700
36852302
36859379
36861850
36873972
36883026
36893736
36898846
36902162
36916659
36919771
36919895
36923589
36927206
36943793
36950522
36960042
36968439
36968797
36968802
36970057
36971101
36979838
36984891
36991009
36992076
36992108
36994247
36995882
37002440
37004750
37005460
37008776
37009513
37009688
37017266
37017684
37026700
37036595
37039662
37042769
37043490
37054714
37057929
37059221
37077878
37081680
37100345
37103292
37110385
37118737
37123122
37123448
37124035
37125198
37125513
37130518
37140235
37145081
37153991
37154325
37158960
37162269
37170476
37173453
37174049
37174650
37178651
37186610
37191270
37191955
37197204
37197270
37197959
37201179
37205899
37207216
37213286
37213508
37216106
37221488
37237391
37245723
37260140
37263983
37274313
37274926
37283724
37285504
37291703
37302554
37312686
37315307
37317121
37329940
37338617
37341631
37345463
37348872
37349047
37369626
37374981
37375087
37393565
37402327
37404144
37404195
37406386
37413710
37415454
37423597
37432500
37434131
37438133
37438965
37442534
37451427
37451680
37459655
37459952
37460552
37462300
37468740
37469615
37471504
37482657
37491404
37492800
37513004
37536958
37538192
37539102
37542310
37545858
37550944
37554340
37559975
37574481
37577907
37578005
37597851
37599125
37608950
37609623
37614602
37614819
37619934
37621240
37622431
37623956
37625767
37626595
37629016
37629042
37630564
37632683
37641475
37646908
37649969
37655344
37661243
37664740
37675608
37684625
37689446
37690227
37692019
37694140
37695289
37707436
37710263
37712682
37718958
37722134
37723150
37723977
37724895
37734673
37735213
37742798
37749267
37753264
37760083
37760563
37760729
37760818
37764202
37764918
37768099
37768238
37770177
37772997
37775739
37780754
37787214
37795995
37799603
37801450
37805845
37814323
37815706
37815709
37819098
37822817
37826945
37827419
37828235
37832062
37840153
37848855
37860073
37887550
37889007
37889013
37889702
37894788
37894951
37898872
37921156
37922985
37933041
37936077
37938164
37940951
37951156
37954619
37956925
37983010
37984620
37984629
37987621
38003346
38009960
38012618
38018349
38018574
38022043
38022389
38029104
38031653
38035341
38049888
38050061
38058703
38059640
38075864
38085169
38089783
38089810
38093556
38095271
38102837
38116749
38117463
38126163
38128496
38138101
38147353
38148018
38156313
38169981
38171827
38175302
38182885
38185820
38193290
38197659
38200234
38215172
38220090
38227097
38229827
38233485
38240101
38247746
38250215
38276166
38281181
38286561
38289043
38289287
38290225
38293542
38302656
38304493
38309455
38346349
38351376
38357799
38360615
38363784
38369542
38375155
38375901
38377890
38378498
38382652
38388556
38402201
38402337
38404290
38409691
38409736
38411269
38411876
38417878
38435376
38436569
38446489
38446997
38455060
38455371
38457020
38459950
38471967
38477807
38479393
38483479
38496101
38497600
38509359
38515284
38522327
38525041
38529905
38533566
38535257
38536233
38538709
38542256
38549470
38552106
38556263
38581039
38586917
38587683
38589501
38595373
38597503
38602474
38604121
38607584
38612423
38621974
38627536
38637499
38643839
38644421
38649355
38655310
38656204
38657754
38660493
38666917
38667331
38668368
38672071
38673822
38674317
38681125
38682201
38685821
38689063
38693119
38698370
38698893
38702412
38702623
38708875
38714001
38717147
38719087
38720110
38722527
38725098
38726597
38728106
38743207
38756728
38761182
38764161
38767151
38771061
38775019
38776586
38782256
38786539
38789725
38791123
38791469
38792809
38795023
38822160
38823062
38825404
38826609
38833520
38836053
38838905
38849764
38853104
38853996
38854496
38860458
38861677
38877111
38883904
38884299
38902783
38904265
38917506
38918142
38919733
38921706
38922179
38922243
38925622
38926242
38928550
38930439
38930519
38936784
38939107
38941022
38942052
38942229
38952680
38953141
38958462
38962877
38964527
38970464
38971721
38972868
38973701
38979233
38988217
38992099
38993678
38998500
38998934
39015311
39017726
39024554
39028146
39030445
39038544
39038631
39038849
39039804
39044834
39056428
39058349
39061018
39064580
39064605
39065059
39066392
39067179
39072352
39074834
39100682
39109036
39114684
39117122
39118149
39128436
39129952
39131522
39132842
39133417
39139835
39140431
39155022
39169124
39174419
39175147
39176096
39180429
39183390
39192736
39197739
39201069
39201258
39201711
39203357
39203379
39203489
39206807
39214193
39219619
39221673
39224896
39225843
39229080
39245706
39266402
39267665
39269543
39280926
39286811
39302868
39303027
39303724
39309908
39334232
39334342
39334474
39334517
39351058
39357525
39360709
39394640
39394990
39398260
39409058
39409925
39410260
39420333
39424140
39425223
39425255
39436120
39436969
39439926
39443226
39444169
39450334
39456772
39456922
39458216
39458274
39462261
39473909
39475060
39486276
39496643
39504687
39506436
39517401
39519088
39520704
39523223
39534061
39548531
39565308
39567970
39570663
39584837
39587707
39588362
39588945
39589091
39589428
39589820
39594625
39596404
39597602
39599569
39600698
39601335
39603332
39605705
39611826
37594
44185
88239
94236
107240
120169
121108
129552
147329
240870
276916
286029
294457
296564
320648
320806
332633
352421
370142
380459
401771
424284
424288
436847
477429
479359
500186
518236
521483
564596
623475
624589
650887
665242
782243
819454
830651
856727
869652
1267430
1267432
1278168
1281976
1315389
1324304
1331018
1332663
1334649
1336047
1337555
1338315
1356262
1359860
1369193
1383912
1396137
1398963
1408362
1417419
1437068
1449134
1452706
1464104
1481764
1494447
1494450
1494452
1494453
1494454
1506205
1527683
1528621
1528635
1528636
1552469
1555762
1581188
1602152
1607829
1652240
1658290
1665573
1668249
1680938
1696949
1715737
1738513
1738725
1747843
1752997
1761686
1769945
1784868
1800380
1809801
1812466
1812468
1812907
1818345
1819444
1820561
1820562
1820571
1831499
1832457
1832458
1837056
1857723
1858270
1875392
1884985
1890219
1890226
1894623
1895035
1901873
1915341
1920011
1929341
1937760
1940739
1940740
1945492
1966733
1987169
2002433
2027071
2047551
2047749
2050897
2059480
2080074
2082243
2087345
2088213
2088373
2096960
2098710
2108991
2117654
2123926
2124492
2131168
2141873
2148949
2159259
2178339
2202809
2204641
2211506
2212083
2213468
2223601
2244788
2279992
2288212
2293348
2305182
2312676
2321929
2323539
2324922
2327774
2347952
2349450
2369526
2406875
2414424
2415637
2426200
2435875
2441233
2451642
2478473
2488355
2489336
2524581
2533606
2553609
2565597
2575556
2601596
2620945
2624558
2627499
2636259
2637908
2639298
2639950
2640313
2641196
2643582
2646331
2661253
2680992
2682427
2685948
2693496
2700196
2700361
2711113
2712197
2762019
2768541
2777378
2777379
2789463
2831155
2877431
2887084
2912893
2927018
2937904
2952706
2963111
3018251
3025315
3074469
3084735
3093222
3114229
3114343
3156816
3162983
3171543
3190205
3204481
3221197
3254470
3257940
3265430
3305628
3314581
3369805
3384929
3396488
3397235
3422291
3458742
3462210
3473219
3476504
3476519
3476581
3488389
3494743
3505564
3522651
3534760
3541135
3583320
3583410
3655733
3666961
3674857
3679548
3700617
3710577
3760817
3766465
3816354
3818097
3855894
3860518
3863838
3864881
3865351
3869650
3875311
3876327
3877980
3888103
3925111
3932293
3965396
3988337
3988345
4005713
4019082
4026269
4030102
4031041
4033466
4067950
4813895
5238887
5808078
6103573
6114929
6131871
6168752
6191518
6219208
6220969
6258779
6264847
6285816
6286266
6334029
6370865
6372026
6372038
6386896
6406540
6412623
6433084
6437812
6463385
6480100
6488936
6513099
6574153
6577178
6578589
6579906
6581165
6581193
6584421
6584423
6585918
6592318
6596040
6602093
6604024
6630460
6643242
6678915
6715883
6732670
6735473
6742716
6751304
6752210
6807917
6811551
6818334
6832811
6833485
6861605
6872619
6883221
6929559
6941977
6947391
6947763
6949951
6950701
6956714
6958855
6960463
6975240
6995428
7020896
7025153
7026598
7037827
7041865
7075325
7076290
7087804
7096563
7118829
7125789
7136704
7141708
7194067
7216420
7216463
7218398
7265908
7320695
7321142
7330760
7399691
7408372
7411827
7435464
7436139
7473013
7478755
7478762
7487574
7496956
7498613
7502770
7540389
7548558
7548560
7548575
7553378
7560223
7560233
7560387
7561654
7562321
7562347
7565172
7567064
7587049
7588760
7591143
7593702
7595152
7597416
7608849
7641609
7641631
7665673
7667223
7675517
7722848
7753905
7767709
7770877
7782983
7784823
7795076
7799211
7808772
7833000
7840599
7846999
7853125
7853128
7853129
7853132
7868409
7870467
7870469
7880467
7891253
7936718
7945523
7987966
7988882
8008428
8008430
8034995
8041356
8106950
8118535
8126176
8133415
8153579
8157769
8164114
8180485
8189061
8195974
8195981
8228523
8229676
8233568
8233573
8247608
8260004
8289023
8290445
8290878
8315093
8324119
8324128
8324131
8324134
8324135
8324136
8324137
8366411
8380804
8386762
8387107
8388448
8391864
8393106
8400338
8406032
8406834
8416766
8426279
8426283
8429541
8458947
8478862
8502161
8510980
8514113
8517721
8544102
8546586
8573293
8583022
8583161
8596666
8602332
8602334
8602339
8602345
8604250
8606098
8616556
8620588
8642574
8665477
8675312
8675315
8675741
8683417
8703443
8708971
8739161
8748295
8760321
8789019
8794965
8794972
8849850
8863368
8868437
8868438
8877655
8915950
8915954
8918954
8931245
8936322
8938641
8941761
8941767
8941776
8951624
8961558
8973727
8995811
8999284
9003238
9021323
9028199
9028259
9029446
9029450
9048462
9085216
9134112
9135551
9138193
9144046
9147124
9151568
9151580
9151584
9152041
9155677
9163447
9171508
9178115
9205437
9206427
9206441
9210683
9220512
9220753
9222046
9226388
9249633
9250777
9266340
9284152
9293025
9310640
9310682
9310708
9337029
9358364
9393820
9395099
9402504
9411079
9418037
9467386
9467387
9467388
9467390
9467403
9469606
9477821
9480485
9487859
9495612
9527568
9553868
9558584
9573496
9573801
9573805
9573822
9573823
9578167
9587296
9590895
9593139
9596720
9605989
9612984
9641124
9650877
9660335
9663117
9674195
9683480
9689613
9693583
9695913
9712762
9712771
9720465
9722004
9722273
9722706
9722720
9745120
9746571
9747334
9759015
9781990
9802719
9805230
9823113
9823138
9835745
9846793
9855600
9874230
9879519
9986867
9988804
10052771
10065949
10086624
10093532
10102550
10103012
10190119
10203506
10207839
10223950
10322610
10332243
10338189
10339828
10348773
10371248
10382573
10382581
10384401
10390208
10412851
10423739
10439028
10444744
10447722
10451179
10466072
10471570
10482067
10487314
10491198
10520968
10524276
10530260
10534075
10534188
10551153
10551960
10569761
10585835
10599911
10612731
10634119
10635291
10648549
10674959
10683469
10693296
10722579
10726537
10755795
10766401
10768009
10768988
10791707
10807119
10816455
10824034
10828396
10835022
10842858
10846222
10846737
10859431
10865188
10869478
10870469
10872683
10872965
10883867
10895690
10898709
10899873
10906266
10912293
10914791
10932905
10952607
10960022
10972648
10983929
10992465
10996873
11013664
11034124
11037755
11054158
11073150
11073323
11073328
11083641
11089368
11099090
11099928
11120995
11154401
11154434
11154438
11155173
11155175
11158500
11159963
11159968
11168244
11179300
11192504
11199767
11202881
11202893
11229930
11246701
11269730
11270609
11283301
11292769
11295464
11307403
11327077
11329462
11338294
11354921
11358538
11361180
11374358
11374470
11394403
11422580
11422582
11429938
11434480
11438899
11442852
11472519
11482142
11487145
11542181
11592487
11594003
11598029
11598583
11600383
11686820
11705193
11705942
11706954
11737507
11737656
11737657
11748186
11751976
11759856
11764403
11767277
11771203
11800436
11808376
11832510
11833695
11850275
11852471
11856276
11860556
11862208
11864323
11880435
11887461
11889109
11895544
11905002
11908470
11931161
11938715
11966936
11985513
11997163
12009188
12056141
12059935
12066942
12120708
12123816
12136096
12169034
12173104
12200976
12202557
12224327
12238802
12354214
12384389
12393204
12395007
12399036
12400529
12427931
12458140
12472995
12479628
12483235
12485325
12485330
12485332
12493794
12507842
12508477
12546094
12546101
12562362
12594033
12597711
12599430
12615878
12620862
12627274
12636250
12636253
12654095
12654097
12654101
12654663
12669880
12670069
12677098
12677763
12702113
12710750
12716335
12735922
12751315
12753466
12761156
12775007
12785172
12790510
12799352
12820224
12823794
12823803
12834497
12843117
12875518
12877258
12886961
12898417
12902270
12930529
12945954
12950576
12964652
12970005
14505184
14558378
14578498
14614671
14616727
14622340
14641423
14643404
14662931
14678476
14688115
14706749
14729939
14756532
14761124
14871191
14871344
14977937
15002886
15004048
15039352
15055430
15061891
15078687
15102043
15107066
15107070
15117935
15127993
15128058
15128729
15153460
15154917
15167471
15167473
15209995
15211927
15212354
15216949
15240317
15256578
15295960
15311367
15322341
15327642
15329567
15367191
15368845
15371934
15374661
15381723
15385524
15455548
15491349
15491465
15501650
15508748
15528856
15548272
15553899
15559195
15560836
15562911
15566569
15574887
15591601
15598414
15612944
15613007
15619426
15623054
15623322
15627441
15664960
15691348
15695050
15695690
15715865
15720569
15720575
15752104
15770029
15829891
15830645
15836513
15836514
15836518
15840783
15878525
15882210
15886266
15894879
15917680
15937752
15943770
15943771
15958206
15960594
15966886
15993010
15993836
15996357
15998275
16018752
16030227
16040725
16087299
16098849
16101361
16101965
16115683
16125361
16127476
16145547
16162241
16173383
16220801
16239058
16254004
16274309
16288835
16304448
16310217
16332869
16343117
16352873
16367855
16369022
16427466
16464693
16476021
16489881
16489950
16490986
16498070
16499621
16501929
16508267
16508276
16516355
16583596
16626372
16626377
16645308
16671872
16671878
16673792
16677187
16699623
16701526
16701543
16701590
16728241
16798738
16806047
16822635
16841550
16842503
16869198
16870757
16881806
16887570
16887597
16887630
16887680
16887684
16887710
16887717
16905529
16907740
16922925
16922933
16970621
16982270
17014526
17022361
17064390
17115690
17120973
17134590
17142900
17172525
17185543
17199544
17210663
17223966
17224032
17240107
17241171
17299802
17307939
17309590
17319360
17325219
17326786
17347537
17350209
17355248
17397314
17446294
17449701
17470026
17475517
17488439
17517058
17517867
17530037
17535287
17539719
17540586
17557287
17577065
17584449
17584471
17588948
17600532
17600539
17605768
17627697
17643017
17653931
17668047
17668971
17675512
17720859
17760545
17804319
17822332
17889698
17912965
17928002
17931833
17949053
17949342
17954025
17956474
17964476
17986621
17992914
18004487
18025213
18028054
18029022
18031953
18037050
18062110
18062115
18065672
18081808
18086168
18173791
18173796
18212108
18243157
18257820
18279175
18279180
18302616
18312575
18322067
18337385
18352899
18379160
18380965
18385433
18391005
18397461
18400025
18413987
18422583
18431474
18436031
18436038
18436604
18447205
18448617
18449962
18465191
18473545
18476559
18481022
18498901
18517068
18535638
18547832
18554305
18554947
18560463
18565108
18565132
18570988
18582327
18633282
18642853
18705525
18712174
18718367
18718748
18770577
18771363
18775647
18776663
18780488
18792815
18793356
18793368
18805588
18821484
18834241
18843894
18942189
18954348
18971361
18996848
19007234
19007407
19026872
19041936
19049647
19054094
19084124
19084131
19084132
19088890
19097755
19099976
19103770
19114111
19121507
19126114
19131319
19134350
19162109
19166766
19169240
19177855
19178100
19210341
19228092
19273645
19286780
19299164
19360025
19374709
19386852
19389765
19398030
19398541
19405829
19405834
19407153
19419440
19426276
19426923
19454014
19459962
19483793
19485826
19489256
19528150
19540450
19563294
19563299
19563330
19564387
19572900
19626350
19628046
19637485
19656037
19679682
19683589
19693550
19702956
19720223
19738533
19749049
19761790
19762989
19772853
19818393
19828891
19828892
19832799
19832803
19837836
19839485
19905954
19926616
19945523
19949758
19955278
20002682
20003934
20008529
20040739
20059413
20059425
20081826
20088984
20093145
20093874
20096064
20096084
20127471
20129893
20152022
20154130
20155507
20177952
20189489
20193770
20195365
20201270
20219537
20219690
20221728
20299401
20303060
20331795
20331801
20350153
20350156
20380884
20381790
20392909
20396365
20413556
20454638
20456514
20472741
20491536
20498762
20500696
20507380
20518635
20528699
20534493
20541177
20546113
20560458
20610663
20618959
20621241
20623601
20646351
20663022
20666581
20670341
20798974
20823215
20831669
20843232
20847052
20849395
20850664
20851973
20871960
20951304
20957048
21036348
21054554
21057979
21070210
21155359
21158427
21160186
21160219
21163008
21208407
21214612
21214870
21220789
21233793
21244761
21248725
21255867
21258201
21261620
21261622
21269037
21287208
21295545
21311610
21314291
21329492
21333271
21336757
21375559
21375703
21375705
21375706
21383473
21386152
21386161
21391770
21404968
21405936
21410554
21413336
21415204
21417591
21421785
21431261
21439473
21447697
21453047
21459369
21485313
21488936
21492236
21493682
21496656
21521225
21523222
21523230
21523231
21524712
21536792
21538238
21545698
21547839
21548800
21563313
21569094
21596220
21625744
21688602
21692631
21700161
21736512
21762153
21763894
21767207
21798982
21830010
21830275
21842009
21846535
21854077
21864643
21866899
21885033
21896155
21902996
21911466
21921248
21929616
21945879
21958970
21967952
21984462
21996245
22000457
22002730
22009989
22024403
22028508
22040113
22067936
22074222
22075753
22077587
22077868
22083120
22089068
22108653
22150619
22150723
22155833
22166166
22169888
22192063
22194794
22202886
22203875
22220677
22220967
22221039
22226009
22233143
22248219
22249094
22252100
22257880
22259811
22266273
22304677
22313692
22322557
22324488
22326171
22328675
22339235
22353894
22368259
22368985
22374743
22394469
22401128
22403423
22414835
22416621
22426587
22427297
22443519
22443521
22445846
22457623
22464641
22466881
22493171
22526568
22531876
22546352
22547549
22571226
22594401
22605875
22606045
22607053
22607095
22609780
22613548
22621847
22623652
22627958
22633049
22655057
22668649
22685668
22693508
22703649
22708633
22710412
22727529
22736291
22762355
22771792
22789022
22794210
22794217
22812456
22817336
22843689
22875742
22882677
22890195
22890546
22897652
22914919
22943491
22965077
22967269
22989070
23002071
23018230
23023263
23030239
23034475
23042171
23049613
23077425
23092104
23105064
23106206
23115747
23132491
23132536
23133617
23173872
23192034
23199017
23211763
23249744
23259412
23263257
23278531
23285437
23289803
23297645
23300185
23316996
23321233
23327288
23334268
23335969
23347381
23357386
23368885
23370791
23372876
23380724
23404558
23421598
23433684
23437088
23510146
23513511
23523285
23529731
23538426
23539559
23573433
23581569
23583539
23584672
23589576
23594193
23619431
23625375
23633772
23638858
23641708
23644821
23645178
23646850
23659237
23659420
23664904
23678390
23689247
23694907
23711357
23722529
23731652
23739678
23761916
23766283
23782848
23805811
23815431
23824040
23839528
23845046
23865430
23868895
23890391
23891675
23897119
23906425
23927597
23937452
23945215
23954158
23954159
23967169
23981622
23991570
23991831
24011184
24025042
24031206
24031714
24036419
24040571
24051159
24055631
24077540
24090988
24094834
24098460
24102075
24112724
24112735
24164211
24174754
24223777
24261910
24278920
24334410
24335143
24336378
24336379
24336380
24340084
24346334
24354338
24355228
24392268
24404975
24416378
24423407
24444257
24450771
24458367
24459284
24461411
24462349
24473989
24478074
24487184
24494651
24501407
24505483
24507924
24526626
24535074
24556493
24566622
24574281
24594108
24599709
24611977
24614721
24640241
24643713
24650474
24656409
24660305
24662076
24664826
24665919
24666896
24671797
24676582
24677258
24679105
24683780
24697888
24709428
24710990
24717928
24727003
24736704
24738759
24767562
24769315
24770899
24773294
24778902
24811328
24814979
24834145
24835305
24857830
24861390
24861845
24862703
24877093
24879903
24896093
24909337
24915846
24918364
24930431
24942004
24945514
24949828
24966358
24972311
24976684
25004958
25019109
25024367
25054150
25061055
25088120
25095835
25098564
25101249
25102986
25107981
25110288
25119373
25132418
25139407
25155235
25170958
25178742
25183372
25195495
25201643
25217278
25232962
25252124
25263382
25280920
25283067
25283543
25294115
25340203
25345340
25357190
25369260
25384405
25387289
25399962
25401076
25407737
25412608
25430459
25440112
25447193
25458966
25465519
25476763
25526624
25530149
25536224
25561710
25568806
25568808
25569450
25575589
25576662
25581046
25582922
25585200
25591021
25605993
25619301
25638399
25638530
25653408
25654035
25662538
25665430
25671713
25672555
25674314
25680274
25692696
25703934
25705082
25705785
25710035
25711725
25722484
25742081
25753989
25759232
25799538
25806806
25813714
25816509
25827437
25834342
25847068
25859394
25879057
25888404
25892513
25900429
25904141
25926392
25926895
25929419
25938806
25957375
25957512
25986950
25996787
26021107
26025449
26028195
26033167
26047797
26055820
26058004
26062839
26068320
26079509
26080369
26085091
26097349
26101735
26120510
26121972
26143497
26152186
26158901
26165725
26166513
26170876
26181352
26187422
26193958
26207764
26210284
26232134
26242770
26246690
26252036
26254142
26259070
26288621
26311717
26318875
26319990
26323501
26345599
26347298
26371120
26373223
26376027
26397137
26405611
26407282
26408641
26411857
26419364
26419675
26426306
26437752
26447754
26461083
26469811
26470857
26478974
26483407
26502235
26513268
26525412
26538799
26545740
26550526
26552761
26580607
26591620
26597465
26604743
26606331
26617192
26619277
26639759
26676022
26687842
26691472
26699859
26718210
26750739
26762510
26774566
26779448
26783023
26811607
26838600
26853831
26861944
26865948
26870849
26882501
26901305
26914065
26919939
26923748
26923863
26930710
26932733
26936175
26946197
26955836
26966464
26983837
27000771
27004000
27009305
27020873
27020914
27032997
27045372
27056827
27058385
27058704
27061393
27071620
27111280
27118478
27126270
27130618
27142589
27150460
27151479
27153291
27168055
27176600
27185790
27220676
27224005
27227499
27262200
27266517
27287170
27295972
27296270
27297417
27301874
27301879
27303740
27313576
27315395
27323816
27330709
27339262
27353076
27391467
27394008
27405227
27413739
27419922
27429708
27440820
27458454
27469171
27469559
27469562
27469569
27472955
27476978
27485551
27506846
27512904
27515277
27520811
27540086
27542376
27556678
27558263
27558278
27558381
27565090
27572513
27585669
27585775
27602578
27607555
27613803
27666672
27671471
27677454
27678333
27693964
27694921
27697996
27699574
27717180
27722787
27727287
27737357
27745799
27753430
27757550
27762731
27769987
27777193
27786617
27793138
27797940
27808349
27809921
27811909
27828984
27833893
27858553
27859260
27876571
27885964
27894820
27898560
27899684
27909688
27965635
27966513
27976528
27982237
27982490
27999400
28013413
28033374
28034636
28045107
28050984
28067105
28077337
28083982
28104616
28108235
28111388
28111632
28125762
28126355
28131960
28135570
28154519
28163049
28173636
28186709
28193569
28198980
28199859
28223139
28223198
28235227
28237092
28259058
28263451
28285095
28286386
28292019
28298816
28304209
28317637
28319129
28322293
28326155
28335189
28358152
28359872
28387608
28397248
28403363
28413322
28416491
28423670
28442908
28460249
28470309
28483840
28486933
28492362
28500338
28500506
28510876
28512280
28516038
28554093
28554609
28580924
28582482
28587675
28597080
28606669
28633639
28651243
28666877
28671508
28687946
28691459
28698865
28706760
28713780
28721234
28724342
28736715
28748028
28753421
28753429
28755761
28757933
28766990
28771533
28776753
28778894
28793925
28797303
28798773
28823057
28823592
28826733
28833079
28833699
28841474
28848365
28848499
28861286
28874750
28874771
28879094
28898513
28912574
28914596
28942408
28945499
28945671
28960881
28967828
28971271
28987726
29016688
29021252
29024797
29033369
29079615
29081665
29081982
29110296
29121411
29125911
29151903
29170280
29190775
29206142
29207065
29214046
29216848
29217301
29220094
29232563
29234378
29242685
29250491
29252717
29273882
29276776
29285324
29293651
29299190
29306533
29307651
29315353
29317709
29317796
29327482
29327500
29333111
29340028
29340343
29343611
29352461
29356919
29358871
29362520
29364345
29373772
29375539
29396061
29409815
29420132
29430094
29435792
29439598
29440924
29442084
29442188
29445368
29456300
29456893
29458668
29460547
29464948
29467738
29482049
29482557
29499786
29500439
29502368
29505121
29508166
29515553
29521212
29533182
29533185
29535688
29535887
29539710
29539789
29553809
29564037
29568173
29572688
29573336
29595860
29619076
29626971
29633646
29642940
29668903
29678329
29680846
29691334
29693356
29696001
29702004
29702299
29704258
29705028
29729257
29736391
29744166
29744209
29747062
29753950
29755677
29756653
29760804
29761905
29763780
29766378
29766652
29786050
29792893
29794316
29803336
29844920
29853892
29857043
29863142
29869726
29900537
29904241
29910954
29914865
29955390
29968498
29969107
29969632
29972970
29976644
29976645
29980934
29984751
29988826
30013655
30030249
30039349
30054809
30062471
30065719
30071442
30074166
30080658
30083138
30090032
30090033
30099741
30108246
30116794
30118892
30121899
30123276
30126459
30141157
30142468
30142971
30143044
30143822
30149697
30152021
30153554
30187780
30191984
30194685
30202609
30203018
30220506
30227799
30228205
30230039
30232623
30240535
30243120
30244399
30263056
30266020
30267963
30278844
30282858
30283710
30310087
30315109
30329223
30345964
30349083
30351354
30356383
30356779
30359695
30367824
30374684
30376889
30386642
30386996
30387778
30389429
30389718
30392142
30392224
30392434
30404694
30407731
30409946
30411281
30417145
30423355
30423437
30427965
30439465
30468900
30470868
30474730
30487648
30502966
30505364
30506795
30517429
30530235
30542916
30546113
30552930
30565684
30575059
30580031
30586952
30589008
30589011
30593855
30598580
30603105
30609885
30609928
30610246
30629300
30630498
30634002
30636375
30642137
30663264
30688370
30689497
30692557
30695392
30700472
30719234
30728337
30755185
30768986
30776583
30786859
30787706
30793777
30802400
30808354
30818128
30828815
30833345
30833975
30872392
30886168
30900682
30903099
30906650
30930939
30931739
30940608
30944162
30951563
30975483
30982727
30982987
30986689
31007867
31018870
31025134
31034083
31035942
31038565
31041915
31044617
31069151
31074693
31077259
31077449
31084561
31094270
31106894
31110496
31111123
31111495
31112873
31116469
31134160
31143001
31143408
31157977
31160615
31167516
31169991
31171880
31195631
31211815
31214897
31219661
31226983
31235721
31238823
31240835
31244813
31249571
31257591
31257792
31262445
31272064
31275529
31309006
31316043
31332342
31334107
31341421
31344909
31354857
31355071
31357852
31358543
31364335
31367145
31367996
31370775
31398016
31407806
31417514
31423156
31428073
31428633
31430531
31432641
31437202
31448062
31460537
31481495
31492736
31501282
31508405
31509826
31518869
31521732
31522142
31537147
31537299
31540050
31541617
31551152
31554963
31555583
31569943
31574832
31578306
31605288
31608279
31609493
31610014
31615779
31620100
31623495
31635333
31638919
31641894
31646072
31653078
31655839
31657425
31661053
31662752
31695620
31696976
31706504
31710746
31725116
31730263
31732934
31737164
31765020
31765243
31765952
31773089
31775309
31776231
31782024
31791356
31791536
31793046
31798247
31802939
31806965
31825025
31831970
31838294
31846135
31871854
31880318
31891129
31891793
31898324
31901280
31903123
31904448
31906541
31910722
31915144
31921705
31945548
31949936
31953683
31955445
31959912
31962136
31988023
31993418
31997506
32003320
32007684
32010645
32017196
32019270
32023661
32025313
32028171
32046045
32046375
32051205
32057978
32070755
32087294
32091956
32102416
32105635
32106858
32109938
32124070
32125181
32150046
32153411
32155293
32157085
32179736
32198788
32202959
32210258
32213018
32214064
32233092
32235377
32241904
32244052
32244784
32244806
32250572
32257046
32259029
32271108
32280099
32280686
32282725
32303484
32308061
32320601
32329066
32333174
32368971
32370077
32384777
32385879
32385886
32392236
32396022
32411618
32416351
32428892
32433701
32440552
32441482
32454322
32475280
32493549
32494020
32496444
32497654
32503390
32508326
32516848
32523307
32539234
32549271
32556012
32558324
32565332
32569727
32573481
32579699
32591509
32604093
32608955
32612578
32613174
32616928
32617182
32621740
32622974
32623478
32626941
32633422
32638533
32645434
32660414
32664528
32665930
32670905
32678024
32689841
32691717
32694172
32695120
32700516
32733392
32733820
32748644
32760103
32763436
32768506
32768588
32782710
32785473
32788340
32792794
32811287
32815126
32815141
32823729
32825310
32831510
32841232
32845308
32847022
32847029
32850497
32857044
32860137
32861687
32862387
32867334
32872214
32878603
32880823
32885473
32896201
32897213
32897280
32916756
32920199
32920436
32923141
32937742
32944837
32965768
32967071
32977534
32977686
32978483
32981945
32983143
32984045
32993357
32993749
33002094
33004892
33004953
33005238
33010943
33011399
33012230
33017653
33022149
33036329
33039709
33042984
33052764
33054632
33066545
33075154
33083352
33088065
33089288
33092182
33093521
33096404
33112129
33112888
33116001
33120999
33123499
33124948
33127901
33128827
33147550
33147687
33153344
33156979
33157493
33160314
33172926
33174234
33176328
33182686
33182693
33193429
33197108
33197886
33199749
33202844
33203363
33218162
33221386
33227279
33231303
33236145
33242360
33246097
33249255
33255933
33260439
33270246
33272322
33278515
33280822
33289330
33291114
33292922
33297665
33299132
33304856
33309240
33318144
33318282
33323393
33324571
33324800
33327403
33329610
33330137
33330141
33336898
33340803
33350176
33353919
33368813
33381121
33381183
33383903
33391626
33400271
33400284
33407938
33408714
33410957
33421657
33424181
33432590
33435582
33436075
33441378
33446688
33447816
33449545
33452304
33452405
33476522
33485112
33488528
33491374
33500312
33512709
33515720
33527328
33530340
33535497
33536501
33536555
33539704
33546189
33552262
33572938
33580557
33591301
33591576
33591640
33613745
33628398
33632539
33632927
33633259
33634320
33634615
33647328
33650677
33653893
33660315
33669771
33671537
33672708
33674867
33675513
33686787
33690940
33693760
33706748
33711535
33715113
33718241
33718256
33721544
33724569
33737279
33737297
33738434
33742371
33750907
33762533
33769187
33772970
33789570
33794847
33804585
33807120
33816348
33817201
33823861
33824205
33830386
33840648
33841394
33844080
33846399
33854732
33872790
33885765
33887307
33896018
33899578
33911468
33913592
33914825
33917114
33917384
33925337
33928075
33928953
33932297
33934384
33935016
33938367
33962608
33991267
34022363
34024010
34029354
34031877
34041870
34058723
34063506
34069179
34071688
34074747
34093546
34093848
34106188
34108031
34114101
34121231
34144677
34151813
34159520
34162680
34163569
34167373
34170942
34184813
34187798
34203649
34210555
34239075
34259502
34261660
34279421
34286500
34294795
34297705
34298645
34302234
34302932
34305476
34307189
34309194
34312118
34322877
34328481
34328665
34333506
34336716
34337719
34343129
34348007
34361863
34362003
34395310
34395935
34402021
34410639
34418158
34425476
34438976
34442627
34443332
34447054
34447232
34447307
34454095
34458990
34464993
34469191
34479599
34486125
34490259
34497144
34503249
34505256
34516125
34521784
34531854
34543761
34554173
34554489
34555886
34559030
34571091
34576835
34586760
34588273
34608480
34616690
34616755
34619680
34632963
34635053
34635612
34639088
34642332
34645607
34645758
34650542
34650590
34659241
34659955
34660289
34665439
34679776
34680424
34683666
34683868
34689777
34693429
34698557
34699926
34700376
34703120
34703138
34706245
34707364
34708063
34713993
34717543
34737207
34743032
34745444
34748126
34761269
34764793
34774023
34781821
34782592
34783814
34795206
34797780
34804168
34821641
34827224
34827318
34829940
34830424
34833094
34835510
34835527
34837266
34841314
34844611
34853619
34853678
34854484
34854493
34866248
34866611
34876791
34887459
34888908
34896161
34906686
34911531
34929558
34935355
34935421
34935568
34946084
34946186
34947842
34949212
34953626
34956157
34965620
34966694
34968795
34983630
34988460
34988907
34995318
34997976
35003221
35003484
35007370
35008213
35014370
35017221
35029789
35033591
35034433
35037112
35040555
35048038
35054281
35055157
35061858
35071038
35075206
35085920
35090978
35107394
35114271
35117679
35122046
35130731
35139675
35143955
35144835
35151278
35160348
35166235
35170250
35186795
35187875
35198889
35199474
35208651
35208792
35212644
35220887
35222330
35224756
35241518
35244963
35244980
35244982
35250279
35252868
35255786
35256335
35273176
35273925
35281303
35283816
35293551
35295948
35301576
35308221
35311577
35312122
35317097
35317317
35319052
35320712
35321079
35321298
35321708
35328456
35335684
35339427
35351006
35357354
35358913
35359716
35360109
35360114
35364661
35365452
35367366
35368312
35369440
35369522
35379861
35389253
35391731
35404098
35406380
35407847
35420473
35422211
35435776
35437333
35453169
35454384
35456752
35463878
35478282
35478496
35479401
35480234
35493741
35505575
35526359
35529047
35539473
35545147
35563488
35563501
35567912
35573793
35574378
35575504
35579104
35581016
35581731
35592523
35618163
35625693
35640321
35644006
35646552
35658028
35664967
35678912
35685473
35689551
35695538
35712915
35713232
35724733
35732022
35739324
35740158
35749000
35765030
35766483
35789992
35792253
35800370
35813949
35814712
35821582
35836203
35849907
35852319
35858553
35859218
35861776
35869172
35877336
35877697
35882133
35888639
35895217
35897955
35908649
35917985
35920882
35923175
35937993
35953094
35959306
35961112
35984699
35986029
35988055
35992661
35993728
35998069
36013840
36015115
36030633
36033476
36033825
36049430
36050890
36054305
36056757
36058786
36059542
36070107
36073813
36075265
36080177
36081491
36088655
36097481
36110534
36112976
36115181
36116790
36118051
36135579
36136589
36139097
36140246
36144385
36144470
36157109
36157114
36161895
36165635
36169273
36188448
36190371
36197820
36212420
36218233
36227570
36230809
36244678
36245273
36246249
36254955
36256708
36260319
36261869
36262751
36279751
36281629
36288629
36295072
36296174
36301704
36303164
36306549
36307278
36307484
36320634
36326270
36329432
36329592
36336782
36346473
36351016
36358769
36363705
36363792
36371909
36384132
36396820
36398428
36398568
36406437
36406461
36407281
36415093
36416468
36420924
36429724
36430898
36443754
36444550
36448787
36452179
36464292
36466367
36467733
36468477
36473689
36474311
36478348
36497293
36497419
36497685
36500223
36504541
36510191
36513974
36522829
36523635
36527679
36529123
36539813
36547565
36551257
36551597
36551744
36556459
36563560
36564826
36576461
36578080
36583042
36590433
36596411
36599917
36600023
36600287
36602418
36605125
36608841
36610232
36612265
36613775
36615226
36633093
36634619
36634827
36644813
36647249
36647641
36654677
36656051
36674985
36675166
36677408
36687169
36688805
36693067
36699721
36703031
36709580
36715211
36719965
36724261
36724265
36752573
36754953
36757430
36764670
36764829
36765824
36768657
36768839
36769315
36770464
36776365
36778151
36779221
36785929
36790675
36801248
36803460
36812865
36814951
36824689
36826189
36829112
36834525
36838283
36839184
36839472
36840590
36841279
36847700
36852302
36859379
36861850
36873972
36883026
36893736
36898846
36902162
36916659
36919771
36919895
36923589
36927206
36943793
36950522
36960042
36968439
36968797
36968802
36970057
36971101
36979838
36984891
36991009
36992076
36992108
36994247
36995882
37002440
37004750
37005460
37008776
37009513
37009688
37017266
37017684
37026700
37036595
37039662
37042769
37043490
37054714
37057929
37059221
37077878
37081680
37100345
37103292
37110385
37118737
37123122
37123448
37124035
37125198
37125513
37130518
37140235
37145081
37153991
37154325
37158960
37162269
37170476
37173453
37174049
37174650
37178651
37186610
37191270
37191955
37197204
37197270
37197959
37201179
37205899
37207216
37213286
37213508
37216106
37221488
37237391
37245723
37260140
37263983
37274313
37274926
37283724
37285504
37291703
37302554
37312686
37315307
37317121
37329940
37338617
37341631
37345463
37348872
37349047
37369626
37374981
37375087
37393565
37402327
37404144
37404195
37406386
37413710
37415454
37423597
37432500
37434131
37438133
37438965
37442534
37451427
37451680
37459655
37459952
37460552
37462300
37468740
37469615
37471504
37482657
37491404
37492800
37513004
37536958
37538192
37539102
37542310
37545858
37550944
37554340
37559975
37574481
37577907
37578005
37597851
37599125
37608950
37609623
37614602
37614819
37619934
37621240
37622431
37623956
37625767
37626595
37629016
37629042
37630564
37632683
37641475
37646908
37649969
37655344
37661243
37664740
37675608
37684625
37689446
37690227
37692019
37694140
37695289
37707436
37710263
37712682
37718958
37722134
37723150
37723977
37724895
37729258
37734673
37735213
37742798
37749267
37753264
37760083
37760563
37760729
37760818
37764202
37764918
37768099
37768238
37770177
37772997
37775739
37780754
37787214
37795995
37799603
37801450
37805845
37814323
37815706
37815709
37819098
37822817
37826945
37827419
37828235
37832062
37840153
37848855
37860073
37887550
37889007
37889013
37889702
37894788
37894951
37898872
37921156
37922985
37933041
37936077
37938164
37940951
37951156
37954619
37956925
37983010
37984620
37984629
37987621
38003346
38009960
38012618
38018349
38018574
38022043
38022389
38029104
38031653
38035341
38049888
38050061
38058703
38059640
38075864
38085169
38089783
38089810
38093556
38095271
38102837
38116749
38117463
38126163
38128496
38138101
38147353
38148018
38156313
38169981
38171827
38175302
38182885
38185820
38193290
38197659
38200234
38215172
38220090
38227097
38229827
38233485
38240101
38247746
38250215
38276166
38281181
38286561
38289043
38289287
38290225
38293542
38302656
38304493
38309455
38346349
38351376
38357799
38360615
38363784
38369542
38375155
38375901
38377890
38378498
38382652
38388556
38402201
38402337
38404290
38409691
38409736
38411269
38411876
38417878
38435376
38436569
38446489
38446997
38455060
38455371
38457020
38459950
38471967
38477807
38479393
38483479
38496101
38497600
38509359
38515284
38522327
38525041
38529905
38533566
38535257
38536233
38538709
38542256
38549470
38552106
38556263
38581039
38586917
38587683
38589501
38595373
38597503
38602474
38604121
38607584
38612423
38621974
38627536
38637499
38643839
38644421
38649355
38655310
38656204
38657754
38660493
38666917
38667331
38668368
38672071
38673822
38674317
38681125
38682201
38685821
38689063
38693119
38698370
38698893
38702412
38702623
38708875
38714001
38717147
38719087
38720110
38722527
38725098
38726597
38728106
38743207
38756728
38761182
38764161
38767151
38771061
38775019
38776586
38782256
38786539
38789725
38791123
38791469
38792809
38795023
38822160
38823062
38825404
38826609
38833520
38836053
38838905
38849764
38853104
38853996
38854496
38860458
38861677
38877111
38882894
38883904
38884299
38884817
38902783
38904265
38917506
38918142
38919733
38921706
38922179
38922243
38925622
38926242
38928550
38930439
38930519
38936784
38939107
38941022
38942052
38942229
38952680
38953141
38958462
38962877
38964527
38970464
38971721
38972868
38973701
38979233
38988217
38992099
38993678
38998500
38998934
39009515
39015311
39017726
39024554
39028146
39030445
39038544
39038631
39038849
39039804
39044834
39056428
39058349
39061018
39064580
39064605
39065059
39066392
39067179
39072352
39074834
39100682
39109036
39114684
39117122
39118149
39128436
39129952
39131522
39132842
39133417
39139835
39140431
39155022
39169124
39174419
39175147
39176096
39180429
39183390
39192736
39197739
39201069
39201258
39201711
39203357
39203379
39203489
39206807
39214193
39219619
39221673
39224896
39225843
39229080
39245706
39266402
39267665
39269543
39280926
39286811
39296350
39302868
39303027
39303724
39308684
39309908
39334232
39334342
39334474
39334517
39351058
39357525
39360709
39394640
39394990
39398260
39409058
39409925
39410260
39420333
39424140
39425223
39425255
39436120
39436969
39439926
39443226
39444169
39450334
39456772
39456922
39458216
39458274
39462261
39473909
39475060
39486276
39496643
39504687
39506436
39517401
39519088
39520704
39523223
39534061
39548531
39565308
39567970
39570663
39584837
39587707
39588362
39588945
39589091
39589428
39589820
39594625
39596404
39597602
39599569
39600698
39601335
39603332
39605705
39611826
