71190
1302284
1357078
1363704
1366999
1564437
1600007
1609555
1622220
1622269
1680105
1694819
1730607
1888660
1920081
1930556
1939744
1940478
1976479
2010642
2049284
2055790
2056050
2068383
2073902
2089235
2209629
2209733
2229347
2272497
2312678
2312687
2351419
2351730
2361702
2387294
2389929
2459581
2483346
2490673
2496995
2649680
2677434
2750958
2768466
2778077
3026671
3045003
3081156
3104592
3188376
3216131
3216765
3216766
3218392
3246916
3246917
3340460
3366862
3382842
3517061
3560188
3611325
3631947
3679544
3703054
3711306
3723584
3743554
3805781
3883745
3934208
3958147
3981022
4004196
4037775
4044041
4056003
4056009
4066046
6112237
6421948
6658502
6690467
6699147
7054327
7237279
7259164
7396482
7525403
7759391
7811022
7883756
7896753
7984811
7984818
8054435
8101779
8264423
8268055
8309354
8357253
8384263
8513068
8537283
8540527
8568643
8643030
8822051
8830041
8856066
8969997
8998985
9011120
9068648
9090982
9144007
9152870
9182099
9195755
9203793
9241799
9253874
9362202
9395834
9497926
9499669
9647817
9750281
9768204
9773512
9805080
9858466
10100744
10192721
10213987
10222675
10326311
10340665
10418132
10469397
10502462
10573655
10623561
10892495
10933657
10957708
11042886
11061632
11092244
11220958
11412322
11494595
11556043
11669236
11765602
11849349
11864254
11934569
12041598
12069985
12153115
12361279
12446656
12501281
12588563
12595476
12624028
12644237
14606725
14768859
15134888
15378699
15475633
15621437
15715171
15747443
15752274
15797812
15925007
15968993
16201471
16269764
16336470
16349363
16487335
16535171
16630261
16716402
16902029
16939225
17084982
17142774
17286562
17406774
17628697
17630205
17846582
17850573
17850883
17951986
17981340
18032845
18067862
18086811
18355180
18422955
18462393
18545840
18714034
18800212
18977680
19122681
19335814
19476558
19648345
19654332
19766051
19912460
19954452
20120107
20207806
20349058
20422137
20544198
20853167
21091724
21118297
21148192
21175775
21635911
21756934
21906472
22117380
22129876
22371127
22376235
22428747
22564558
22806009
22862417
22967859
22971340
23089609
23207126
23488630
23488866
23569873
23670078
23671455
23876385
23933513
24131294
24226050
24673686
25037826
25191536
25238719
25245365
25380369
25784551
25803299
25988382
26344661
26518124
26725395
26725434
26860238
26971520
27076300
27175175
27263949
27276849
27420072
27485027
27557836
27609474
27774889
28082483
28153544
28246446
28343158
28399332
28432839
28484157
28548705
28579523
28600196
28819178
28819794
28859446
28886013
29023605
29276504
29571464
29661119
29739156
29872872
29894741
29920384
30036965
30105821
30179290
30614207
30804945
30965438
30965537
31084036
31109291
31158616
31159004
31195517
31231825
31284626
31316478
31419250
31500367
31606917
31694551
31703863
31918357
31929484
31973764
32196710
32300925
32539953
32649692
32817145
33271917
33687510
33725868
33798618
33810916
33922697
34156968
34249589
34302855
34379680
34424988
34468488
34513725
34514758
34566322
34566956
34633566
34683427
35064384
35180367
35187147
35273923
35369605
35414073
35421436
35500455
35546990
35772675
35985625
36293421
36359158
36378906
36481784
36500719
36517783
36593373
36736753
36830534
37086562
37172105
37209775
37387372
37437416
37451347
37576756
37662722
37752889
37769935
38054788
38461877
38498111
38520701
38578302
38631209
38700743
38843743
38897524
39135186
39229613
39278018
39309031
71190
1302284
1357078
1363704
1366999
1479034
1564437
1600007
1609555
1622220
1622269
1680105
1694819
1730607
1888660
1920081
1930556
1939744
1940478
1976479
2010642
2049284
2055790
2056050
2068383
2073902
2089235
2209629
2209733
2229347
2272497
2312678
2312687
2351419
2351730
2361702
2387294
2389929
2459581
2483346
2490673
2496995
2649680
2677434
2731763
2750958
2768466
2778077
3026671
3045003
3081156
3104592
3188376
3216131
3216765
3216766
3218392
3246916
3246917
3340460
3366862
3382842
3517061
3560188
3611325
3631947
3679544
3703054
3711306
3723584
3743554
3805781
3883745
3934208
3958147
3981022
4004196
4037775
4044041
4056003
4056009
4066046
6112237
6421948
6658502
6690467
6699147
7054327
7237279
7259164
7396482
7525403
7759391
7811022
7883756
7896753
7984811
7984818
8054435
8089222
8101779
8264423
8268055
8309354
8357253
8384263
8456569
8513068
8537283
8540527
8568643
8643030
8655689
8822051
8830041
8856066
8969997
8998985
9011120
9068648
9074783
9090982
9144007
9152870
9182099
9195755
9203793
9241799
9253874
9362202
9395834
9497926
9499669
9647817
9750281
9768204
9773512
9805080
9854886
9854887
9858466
10100744
10192721
10213987
10222675
10326311
10340665
10418132
10469397
10502462
10573655
10623561
10892495
10933657
10957708
11042886
11061632
11092244
11220958
11412322
11494595
11556043
11669236
11765602
11849349
11864254
11934569
12041598
12069985
12153115
12361279
12446656
12501281
12588563
12595476
12624028
12644237
14606725
14768859
15134888
15378699
15475633
15621437
15715171
15747443
15752274
15797812
15925007
15968993
16201471
16269764
16336470
16349363
16487335
16535171
16630261
16716402
16902029
16939225
17084982
17142774
17286562
17406774
17628697
17630205
17846582
17850573
17850883
17951986
17981340
18032845
18067862
18086811
18355180
18422955
18462393
18481193
18545840
18714034
18800212
18977680
19122681
19335814
19476558
19648345
19654332
19766051
19912460
19954452
20120107
20207806
20349058
20422137
20544198
20853167
21091724
21118297
21148192
21175775
21635911
21756934
21906472
22117380
22129876
22371127
22376235
22428747
22564558
22806009
22862417
22967859
22971340
23089609
23207126
23488630
23488866
23569873
23670078
23671455
23876385
23933513
24131294
24226050
24673686
25037826
25191536
25238719
25245365
25380369
25706737
25784551
25803299
25988382
26344661
26518124
26725395
26725434
26860238
26971520
27076300
27175175
27263949
27276849
27420072
27485027
27557836
27609474
27774889
28082483
28153544
28246446
28343158
28399332
28432839
28484157
28548705
28579523
28600196
28819178
28819794
28859446
28886013
29023605
29276504
29571464
29661119
29739156
29872872
29894741
29920384
30036965
30105821
30179290
30614207
30804945
30965438
30965537
31084036
31109291
31158616
31159004
31195517
31231825
31284626
31316478
31419250
31500367
31606917
31694551
31703863
31918357
31929484
31973764
32196710
32300925
32539953
32649692
32817145
33271917
33687510
33725868
33798618
33810916
33922697
34156968
34249589
34302855
34379680
34399833
34424988
34468488
34513725
34514758
34566322
34566956
34633566
34683427
35064384
35180367
35187147
35273923
35369605
35414073
35421436
35500455
35546990
35772675
35985625
36293421
36359158
36378906
36481784
36500719
36517783
36528326
36593373
36736753
36830534
37086562
37172105
37209775
37387372
37437416
37451347
37576756
37662722
37752889
37769935
38054788
38461877
38498111
38520701
38578302
38631209
38700743
38843743
38897524
39135186
39229613
39278018
39309031
