3822846
8995802
11931167
12452596
16005965
16680524
16978900
16981435
17245611
18718730
18814548
19318049
20012275
20624467
20833182
21118272
21133321
21802516
22571367
23583012
24080469
24725454
24909498
25180847
25384557
25401495
25655520
25714877
25964518
26036831
26168161
26210497
26296768
26646058
26986518
27041371
27503207
28201985
28549482
28709898
28836671
29314726
29974612
30405583
31139636
31325353
31702534
32554117
32554141
32575736
33480834
33507857
33964304
35353448
35605833
36748487
36856544
37540224
37776112
37997883
38185263
39027095
39505929
39588349
3822846
8995802
11931167
12452596
16005965
16680524
16978900
16981435
17245611
18718730
18814548
19318049
20012275
20624467
20833182
21118272
21133321
21802516
22571367
23583012
24080469
24725454
24909498
25180847
25384557
25401495
25655520
25714877
25964518
26036831
26168161
26210497
26296768
26646058
26986518
27041371
27503207
28201985
28549482
28709898
28836671
29314726
29974612
30405583
31139636
31325353
31702534
32554117
32554141
32575736
33480834
33507857
33964304
35353448
35605833
36748487
36856544
37540224
37776112
37997883
38185263
39027095
39505929
39588349
