25987634
27902286
28748533
29348359
30025985
30342720
31072881
31243455
32122903
32927653
33118027
33125314
34080896
34715385
35156917
37702462
433603
1147353
1845095
3281601
3672827
3724057
7591941
7601693
7817668
8212483
8291765
8525097
8880989
9669125
9776995
10938521
11173330
11716608
11919014
12418530
12428663
12725307
12765626
12967146
14623201
14908765
16967419
17498341
18684653
19055171
19119131
19635446
20347656
20487688
21051255
21893228
22187358
23813824
25230057
25987634
26012868
26446665
26622092
26927817
27488308
27816294
27902286
28748533
28871931
28920535
29172910
29348359
30025985
30342720
30776947
31072881
31139861
31243455
31268401
31408550
31592711
31849509
32122903
32163641
32187409
32191365
32394081
32395886
32927653
32958545
33118027
33125314
33217133
33341968
34080896
34715385
35102623
35156917
36713403
37012555
37107069
37133787
37702462
37983862
38551112
38945438
39514109
