18398205
21471333
23558531
24126466
24671785
25300355
26119949
26378273
26961699
27079266
27365357
28162132
28945528
30593131
31806738
32444702
34496947
34576832
34630346
34677026
34808094
34841780
35703540
35703541
35873140
35876324
36877041
38029080
38172653
39088478
39262506
39601540
18398205
21471333
23558531
24126466
24671785
25300355
26119949
26378273
26961699
27079266
27365357
28162132
28945528
30593131
31806738
32444702
34496947
34576832
34630346
34677026
34808094
34841780
35703540
35703541
35873140
35876324
36877041
38029080
38172653
39088478
39262506
39601540
