27247
470626
649571
724669
933868
1032986
1158848
1254552
1305772
1337972
1369152
1369157
1833618
2517394
2641685
3800975
6289057
6652580
6783820
7068538
7213834
7402121
7436404
7574579
7751271
7763900
7765162
8637842
8680764
8746186
8979341
9023923
9119191
9301103
9487721
9543716
9546184
9551324
9569611
9749431
9777202
9828373
9828374
10191408
10420585
10427017
10518757
10583683
10861414
11111029
11240195
11263965
11361077
11411674
11473588
11563824
11673442
11679281
11766567
11930953
11976147
11999397
12009458
12054243
12160615
12361267
12467463
12501398
12510585
12549188
12552798
12552828
12573242
12596856
12619700
12686146
12723607
12788555
12835926
13678040
14284764
14564486
14598160
14730129
14730146
15012825
15057706
15139924
15183874
15296174
15486825
15598527
15665824
15735967
15784972
15834790
15954607
15973532
16044287
16165327
16232778
16233266
16346581
16366284
16432743
16473847
16531240
16535037
16570694
16570695
16637338
16650498
16804947
16820953
16838379
16892291
16936032
17061515
17090918
17114325
17134984
17259621
17289199
17393157
17411014
17454822
17497148
17612605
17693722
17827295
17849259
17928715
17976848
18045498
18064575
18323667
18387770
18407824
18502922
18540103
18553727
18555319
18601061
18629490
18957858
18957863
19076229
19129636
19196553
19200331
19244423
19246114
19329366
19411430
19416958
19434434
19520619
19579248
19644687
19777820
19837846
19844074
20074741
20141944
20198657
20208438
20213113
20217079
20223802
20300886
20358375
20411365
20414648
20453146
20460715
20524160
20576428
20618134
20622460
20667717
20676631
20717668
20887732
20931881
20953822
20969898
21140150
21150112
21253895
21317031
21389630
21499762
21592784
21833510
21864202
22001848
22040731
22110522
22126977
22226911
22239705
22350332
22580479
22617040
22664197
22721690
22729662
22766283
22790543
22803399
22843527
22843589
22875400
22934353
22940799
22961394
22979949
22987199
23275508
23354449
23377928
23381123
23432201
23455228
23472221
23500184
23519735
23526305
23547945
23587814
23708631
23764217
23810597
23819937
23852873
23916946
24035043
24113812
24176113
24194200
24258144
24276622
24352733
24418346
24419799
24426139
24521221
24530540
24658106
24786959
24792618
24818481
24825769
24857477
25086614
25130736
25131535
25174677
25179874
25267158
25285490
25323199
25369873
25425279
25479877
25490393
25561169
25645092
25659628
25704705
25720164
25726665
25763038
25769838
25862219
25926011
25947618
25952118
25977208
25989134
26089417
26249611
26378011
26399411
26404385
26443058
26452344
26481922
26590330
26690945
26727541
26792729
26809519
26848948
26873288
26896860
26975753
27010909
27015861
27021347
27082427
27097633
27138989
27189063
27338577
27343447
27392695
27392874
27484668
27619641
27625643
27633501
27870985
27876710
27955866
27956867
28011130
28064365
28237188
28279907
28283955
28360941
28407913
28430940
28433722
28484812
28487685
28707464
28721445
28724257
28780271
28844838
28863996
28889055
28916850
29279957
29304737
29314016
29366965
29455098
29509379
29526022
29550669
29579925
29637028
29677656
29685484
29719773
29722450
29741828
29913287
29948215
29958773
30023573
30296949
30312870
30326828
30366368
30368638
30430346
30471643
30658939
30692560
30840359
30852335
30884457
30921586
31000161
31001743
31053698
31081135
31100333
31136757
31202178
31245775
31278569
31301946
31328483
31532065
31552350
31739608
31832095
31911817
31921801
31960365
31994801
32131833
32327801
32399751
32466894
32518590
32584749
32597063
32729375
32751348
32769000
32782276
32827065
32916460
32956752
32974745
33036188
33051020
33069826
33127815
33287678
33336918
33399467
33487552
33616697
33684819
33709905
33727084
33741613
33856535
33878501
33898408
33898410
33961093
33992330
34009642
34062456
34066417
34246659
34256060
34276626
34390353
34437751
34448898
34454960
34485263
34540816
34562922
34773823
34795278
34932677
35024917
35131459
35150230
35234393
35264166
35356389
35381333
35630502
35644105
35675214
35688964
35773746
35801101
35866440
35873911
35875491
35878161
36033857
36060754
36073939
36130465
36140084
36149483
36150427
36307807
36385580
36414992
36496372
36503080
36509308
36596103
36639820
36670301
36904536
36952003
36974178
36979022
37315626
37321016
37506548
37679059
37685189
37940238
38005026
38006948
38131771
38157006
38158487
38339622
38351082
38536122
38544898
38559425
38642663
38647819
38871868
38873151
38916353
38930996
38986886
39098689
39203501
39281443
39501498
39566930
27247
470626
649571
724669
933868
1032986
1158848
1254552
1305772
1337972
1369152
1369157
1833618
2517394
2641685
3800975
6289057
6652580
6783820
7068538
7213834
7402121
7436404
7574579
7751271
7763900
7765162
8637842
8680764
8746186
8979341
9023923
9119191
9301103
9487721
9543716
9546184
9551324
9569611
9749431
9777202
9828373
9828374
10191408
10420585
10427017
10518757
10583683
10861414
11111029
11240195
11263965
11361077
11411674
11473588
11563824
11673442
11679281
11766567
11930953
11976147
11999397
12009458
12054243
12160615
12361267
12467463
12501398
12510585
12549188
12552798
12552828
12573242
12596856
12619700
12686146
12723607
12788555
12835926
13678040
14284764
14564486
14598160
14730129
14730146
15012825
15057706
15139924
15183874
15296174
15486825
15598527
15665824
15735967
15784972
15834790
15954607
15973532
16044287
16165327
16232778
16233266
16346581
16366284
16432743
16473847
16531240
16535037
16570694
16570695
16637338
16650498
16804947
16820953
16838379
16892291
16936032
17061515
17090918
17114325
17134984
17259621
17289199
17393157
17411014
17454822
17497148
17612605
17693722
17827295
17849259
17928715
17976848
18045498
18064575
18323667
18387770
18407824
18502922
18540103
18553727
18555319
18601061
18629490
18957858
18957863
19076229
19129636
19196553
19200331
19244423
19246114
19329366
19411430
19416958
19434434
19520619
19579248
19644687
19777820
19837846
19844074
20074741
20141944
20198657
20208438
20213113
20217079
20223802
20300886
20358375
20411365
20414648
20453146
20460715
20524160
20576428
20618134
20622460
20667717
20676631
20717668
20887732
20931881
20953822
20969898
21140150
21150112
21253895
21317031
21389630
21499762
21592784
21833510
21864202
22001848
22040731
22110522
22126977
22226911
22239705
22265314
22350332
22580479
22617040
22664197
22721690
22729662
22766283
22790543
22803399
22843527
22843589
22875400
22934353
22940799
22961394
22979949
22987199
23275508
23354449
23377928
23381123
23432201
23455228
23472221
23500184
23519735
23526305
23547945
23587814
23708631
23764217
23810597
23819937
23852873
23916946
24035043
24113812
24176113
24194200
24258144
24276622
24352733
24418346
24419799
24426139
24521221
24530540
24658106
24786959
24792618
24818481
24825769
24857477
25086614
25130736
25131535
25174677
25179874
25267158
25285490
25323199
25369873
25425279
25479877
25490393
25561169
25645092
25659628
25704705
25720164
25726665
25763038
25769838
25862219
25926011
25947618
25952118
25977208
25989134
26089417
26249611
26378011
26399411
26404385
26443058
26452344
26481922
26590330
26690945
26727541
26792729
26809519
26848948
26873288
26896860
26975753
27010909
27015861
27021347
27082427
27097633
27138989
27189063
27338577
27343447
27392695
27392874
27484668
27619641
27625643
27633501
27870985
27876710
27955866
27956867
28011130
28064365
28237188
28279907
28283955
28360941
28407913
28430940
28433722
28484812
28487685
28707464
28721445
28724257
28780271
28844838
28863996
28889055
28916850
29279957
29304737
29314016
29366965
29455098
29509379
29526022
29550669
29579925
29637028
29677656
29685484
29719773
29722450
29741828
29913287
29948215
29958773
30023573
30296949
30312870
30326828
30366368
30368638
30430346
30471643
30658939
30692560
30840359
30852335
30884457
30921586
31000161
31001743
31053698
31081135
31100333
31136757
31202178
31245775
31278569
31301946
31328483
31532065
31552350
31704125
31739608
31832095
31911817
31921801
31960365
31994801
32131833
32327801
32399751
32466894
32518590
32584749
32597063
32729375
32751348
32769000
32782276
32827065
32916460
32956752
32974745
33036188
33051020
33069826
33127815
33287678
33336918
33399467
33487552
33616697
33684819
33709905
33727084
33741613
33856535
33878501
33898408
33898410
33961093
33992330
34009642
34062456
34066417
34246659
34256060
34276626
34390353
34437751
34448898
34454960
34485263
34540816
34562922
34773823
34795278
34932677
35024917
35131459
35150230
35234393
35264166
35356389
35381333
35630502
35644105
35675214
35688964
35773746
35801101
35866440
35873911
35875491
35878161
36033857
36060754
36073939
36130465
36140084
36149483
36150427
36307807
36385580
36414992
36496372
36503080
36509308
36596103
36639820
36670301
36904536
36952003
36974178
36979022
37315626
37321016
37506548
37679059
37685189
37940238
38005026
38006948
38131771
38157006
38158487
38339622
38351082
38536122
38544898
38559425
38642663
38647819
38871868
38873151
38916353
38930996
38986886
39098689
39203501
39281443
39501498
39566930
