95384
1575383
1830793
2539590
2803454
2888103
3673342
5361078
7691127
7696404
7948368
8239135
8365544
8645766
9241587
10552858
11307928
11510661
12008978
12243516
13130059
15844805
16629032
17265870
17613369
17711586
17850651
17884216
17910366
17967912
18378122
18847469
19298509
19778354
20226602
20688827
21807975
22171685
23182022
23640377
25364390
26313935
26441950
26988691
27727323
28410377
28712958
28714841
29851070
29976078
30011890
30446144
31676997
33260958
33589892
33732517
34554489
35080876
36181448
36241315
36899679
36906355
39476901
