11931144
12039729
17978216
18062272
18388968
19074668
23079959
23718251
23758410
24630613
25097020
25403737
25449545
26067963
27268113
27617005
27856595
28531656
28796437
29204138
29338575
29454247
29704539
30566068
31104258
31259432
32309695
32974501
34273631
34803984
35205161
35388746
35756011
35822894
35862989
35990847
36009798
36327116
36421300
36759518
37244303
37699259
37955621
38133402
38232027
38634536
39478459
11931144
12039729
17978216
18062272
18388968
19074668
23079959
23718251
23758410
24630613
25097020
25403737
25449545
26067963
27268113
27617005
27856595
28531656
28796437
29204138
29338575
29454247
29704539
30566068
31104258
31259432
32309695
32974501
34273631
34803984
35205161
35388746
35756011
35822894
35862989
35990847
36009798
36327116
36421300
36759518
37244303
37699259
37955621
38133402
38232027
38634536
39478459
