557955
558042
562131
567035
879784
1335719
1368974
1406248
1418394
1514805
1539994
1584021
1748877
1886616
1903625
2016208
2030098
2036021
2045775
2125818
2129544
2196831
2283039
2383014
2757382
2782879
3030194
3040656
3115960
3124741
3137869
3196962
3355139
3397009
3426214
3549703
3567745
3789721
4380801
4552890
5541030
5785957
5970468
6034342
6034343
6068143
6377675
6639018
6696420
7189996
7195191
7387158
7419777
7487028
7527201
7527202
7705607
7728654
7763664
7816035
7836596
7958770
8002478
8076254
8157547
8244936
8250849
8277262
8360615
8420916
8434909
8434931
8491715
8515242
8590402
8590686
8597554
8648152
8707727
8862027
8880475
8900066
8975600
9023950
9023951
9094226
9141662
9175559
9274014
9298188
9313145
9331875
9351262
9373931
9649844
9675295
9785345
10022014
10427077
10439419
10568481
10792550
10846217
11160797
11222592
11282651
11375193
11375199
11417686
11434522
11451517
11571138
11731149
11890416
11993799
12533446
12571040
12594022
12610723
12741567
12752804
12819957
13598709
13598711
13792829
13795349
13860621
13860622
14291590
14292981
14568141
14908024
15008812
15090497
15128585
15925902
16267281
16345261
16345418
16346090
16346939
16347111
16347127
16347528
16347610
16348278
16348315
16348578
16349732
16405691
16467991
16563536
16887612
16887613
16887624
16971591
16997963
17022659
17117998
17209077
17235560
17468247
17953586
18045448
18259053
18377691
18378598
18422554
18564339
18661296
18713272
18713292
18839246
19018588
19243639
19544570
19555990
19662514
19680555
19684173
19757178
19762826
19783749
19787401
19857960
20050953
20438497
20491929
20814577
20849397
20889773
20971877
21140219
21198963
21346137
21357427
21357460
21598111
21605768
21805305
21831789
21914099
21966888
22043282
22047657
22112767
22118094
22224860
22289020
22356106
22367716
22444989
22492451
22528313
22528314
22558929
22562991
22901468
22911235
22916936
22925153
22949209
22958370
23100580
23195689
23216628
23332846
23457513
23483574
23484116
23572258
23580648
23624710
23653262
23750253
23959114
24025701
24053023
24063817
24165135
24228908
24251102
24398831
24440491
24508430
24612258
24699736
24702602
24704226
24814291
24846132
24898095
24913652
24992679
25049480
25049652
25049708
25049924
25084382
25191602
25482395
25484220
25568379
25606402
25615967
25639797
25648805
25836034
25845888
25846054
25896019
25931374
26057813
26194220
26216754
26249227
26249681
26365790
26376027
26399366
26600313
26733975
26885988
26910767
26995129
27028884
27079697
27107749
27123239
27298375
27506446
27666679
27696632
27818645
27837973
27875311
27977916
28018336
28175950
28186207
28207851
28265975
28389644
28423878
28462771
28528583
28653795
28707415
28915390
29044947
29051749
29112792
29178910
29179547
29295610
29295611
29312208
29327395
29490697
29494146
29551272
29594405
29642659
29717516
29725056
30060161
30099783
30147271
30298699
30396005
30475059
30477290
30546361
30555451
30721320
30967529
30983093
31006376
31077694
31193871
31206694
31208173
31209584
31260526
31326164
31338148
31353469
31363877
31435842
31464132
31519773
31608797
31740932
31748428
31854286
31889354
31992377
32190661
32340650
32484785
32580813
32605690
32653000
32687154
32706118
32718368
32757409
32850723
32901066
33127939
33193243
33364553
33426036
33658330
33776970
33800444
33801486
33871739
34209256
34297654
34359136
34454748
34489878
34631768
34714054
34754962
34827839
34859032
34869530
34941821
35124318
35310146
35346480
35383237
35421411
35668177
35729556
35859751
35923394
35953930
36184578
36185457
36194500
36200859
36252630
36309239
36313835
36347482
36420512
36428322
36541769
36602319
36766266
36814572
36825211
36915166
37032862
37190992
37532627
37662996
37714481
37760276
38111883
38147943
38163068
38260196
38274745
38318149
38400743
38473173
38529181
38592802
38600912
38837999
38910145
38928432
39144081
39144219
39153129
39214274
39216151
39302552
39480840
39483013
39588639
39611094
557955
558042
562131
567035
879784
1335719
1368974
1406248
1418394
1514805
1539994
1584021
1748877
1886616
1903625
2016208
2030098
2036021
2045775
2125818
2129544
2196831
2283039
2383014
2757382
2782879
3030194
3040656
3115960
3124741
3137869
3196962
3355139
3397009
3426214
3549703
3567745
3789721
4380801
4552890
5541030
5785957
5970468
6034342
6034343
6068143
6377675
6639018
6696420
7189996
7195191
7387158
7419777
7487028
7527201
7527202
7705607
7728654
7763664
7816035
7836596
7958770
8002478
8076254
8157547
8244936
8250849
8277262
8360615
8420916
8434909
8434931
8491715
8515242
8590402
8590686
8597554
8648152
8707727
8862027
8880475
8900066
8975600
9023950
9023951
9094226
9141662
9175559
9274014
9298188
9313145
9331875
9351262
9373931
9649844
9675295
9785345
10022014
10427077
10439419
10568481
10792550
10846217
11160797
11222592
11282651
11375193
11375199
11417686
11434522
11451517
11571138
11731149
11890416
11993799
12533446
12571040
12594022
12610723
12741567
12752804
12819957
13598709
13598711
13792829
13795349
13860621
13860622
14291590
14292981
14568141
14908024
15008812
15090497
15128585
15925902
16267281
16345261
16345418
16346090
16346939
16347111
16347127
16347528
16347610
16348278
16348315
16348578
16349732
16405691
16467991
16563536
16887612
16887613
16887624
16971591
16997963
17022659
17117998
17209077
17235560
17468247
17953586
18045448
18259053
18377691
18378598
18422554
18564339
18661296
18713272
18713292
18839246
19018588
19243639
19544570
19555990
19662514
19680555
19684173
19757178
19762826
19783749
19787401
19857960
20050953
20438497
20491929
20814577
20849397
20889773
20971877
21140219
21198963
21346137
21357427
21357460
21598111
21605768
21805305
21831789
21914099
21966888
22043282
22047657
22112767
22118094
22224860
22289020
22356106
22367716
22444989
22492451
22528313
22528314
22558929
22562991
22901468
22911235
22916936
22925153
22949209
22958370
23100580
23195689
23216628
23332846
23457513
23483574
23484116
23572258
23580648
23624710
23653262
23750253
23959114
24025701
24053023
24063817
24165135
24228908
24251102
24398831
24440491
24508430
24612258
24699736
24702602
24704226
24814291
24846132
24898095
24913652
24992679
25049480
25049652
25049708
25049729
25049924
25084382
25191602
25482395
25484220
25568379
25606402
25615967
25639797
25648805
25836034
25845888
25846054
25896019
25931374
26057813
26194220
26216754
26249227
26249681
26365790
26376027
26399366
26600313
26733975
26885988
26910767
26995129
27028884
27079697
27107749
27123239
27298375
27506446
27666679
27696632
27818645
27837973
27875311
27977916
28018336
28175950
28186207
28207851
28265975
28389644
28423878
28462771
28528583
28653795
28707415
28915390
29044947
29051749
29112792
29178910
29179547
29295610
29295611
29312208
29327395
29490697
29494146
29551272
29594405
29642659
29717516
29725056
30060161
30099783
30147271
30298699
30396005
30475059
30477290
30546361
30555451
30721320
30967529
30983093
31006376
31077694
31193871
31206694
31208173
31209584
31260526
31326164
31338148
31353469
31363877
31435842
31464132
31519773
31608797
31740932
31748428
31854286
31889354
31992377
32190661
32340650
32484785
32580813
32605690
32653000
32687154
32706118
32718368
32757409
32850723
32901066
33127939
33193243
33364553
33426036
33658330
33776970
33800444
33801486
33871739
34209256
34297654
34359136
34454748
34489878
34631768
34714054
34754962
34827839
34859032
34869530
34941821
35124318
35310146
35346480
35383237
35421411
35668177
35729556
35859751
35923394
35953930
36184578
36185457
36194500
36200859
36252630
36309239
36313835
36347482
36420512
36428322
36541769
36602319
36766266
36814572
36825211
36915166
37032862
37190992
37532627
37662996
37714481
37760276
38111883
38147943
38163068
38260196
38274745
38318149
38400743
38473173
38529181
38592802
38600912
38837999
38910145
38928432
39144081
39144219
39153129
39214274
39216151
39302552
39480840
39483013
39588639
39611094
