8077397
8681984
9124857
9200028
10970420
11406310
11453591
12504612
15113328
15184484
15250884
15388707
15545442
16011760
16233755
16624515
16703303
17375662
17415532
17475450
17721298
18297865
18681896
19054234
19438181
19608412
19700268
20197229
20361519
20528933
20600381
20656406
21077114
21500968
22012007
22112944
22641738
22729022
22733606
23194737
24648477
25115578
25636191
26665597
26748450
26909087
27381296
27572456
30246770
30690292
32067212
32729030
32823065
33079312
33113896
33352215
33385730
34194910
34292269
36841232
36906974
37309172
37903874
37971276
38157636
38912811
39161927
39204745
8077397
8681984
9124857
9200028
10970420
11406310
11453591
12504612
15113328
15184484
15250884
15388707
15545442
16011760
16233755
16624515
16703303
17375662
17415532
17475450
17721298
18297865
18681896
19054234
19438181
19608412
19700268
20197229
20361519
20528933
20600381
20656406
21077114
21500968
22012007
22112944
22641738
22729022
22733606
23194737
24648477
25115578
25636191
26665597
26748450
26909087
27381296
27572456
30246770
30690292
32067212
32729030
32823065
33079312
33113896
33352215
33385730
34194910
34292269
36841232
36906974
37309172
37903874
37971276
38157636
38497972
38912811
39161927
39204745
