1280806
1330536
1348781
1366231
1429627
1576165
1628664
1649830
1708763
1709115
1900506
1915883
1920450
2271518
2318202
2401296
2470483
2714630
2753046
3410830
7524035
7556082
7559332
7680125
7685830
7708661
7710318
7716158
7720693
7731042
7731814
7747960
7757011
7758460
7766626
7783614
7789791
7836294
7859734
7877172
7908011
7916055
7926666
7929298
7946471
8002596
8019412
8051015
8088532
8098326
8112583
8113161
8146153
8168477
8177738
8186240
8206994
8277941
8305426
8305427
8404889
8428625
8490025
8508805
8547314
8550425
8550470
8587125
8620891
8626307
8626340
8637847
8639329
8647119
8647418
8732758
8763936
8791626
8798600
8824600
8824608
8828220
8828221
8837481
8863738
8897600
8925837
8939753
9006052
9044261
9075622
9086272
9098079
9135121
9150231
9165089
9165090
9166771
9211715
9249063
9260284
9278147
9325114
9336838
9353929
9380682
9384563
9391052
9406428
9417944
9440516
9445798
9453151
9501917
9521117
9563834
9605973
9639601
9654452
9655830
9665854
9680336
9720201
9732444
9738498
9738902
9741105
9757133
9758794
9772186
9784234
9797268
9826752
9827326
9829951
9872409
9876292
9882656
9931254
9988532
9989504
9990324
10048332
10066778
10074080
10089319
10194385
10198119
10217775
10224005
10329177
10339416
10339434
10348846
10356999
10360571
10366510
10375529
10383424
10400580
10413084
10413491
10431826
10440379
10473401
10482784
10508089
10518949
10531001
10545265
10591103
10600747
10623526
10637321
10652529
10666588
10669801
10673438
10677353
10681061
10698923
10715213
10731419
10741672
10742238
10745009
10747806
10771437
10777501
10782993
10844677
10873683
10878123
10898863
10906345
10926490
10926519
10944350
10957972
10972187
10982878
11017041
11029437
11032797
11062444
11071948
11073219
11092873
11121578
11133978
11135667
11160919
11173478
11178891
11210497
11210524
11230160
11230537
11237691
11264293
11264598
11265459
11265464
11265469
11265474
11267830
11276258
11279147
11302503
11305941
11322871
11334785
11343697
11350934
11371185
11371186
11387344
11397091
11398458
11398465
11398482
11399761
11405233
11418778
11430821
11467933
11478862
11489132
11493003
11523890
11524683
11533060
11542087
11542160
11545590
11577108
11590605
11594624
11669649
11679748
11681700
11709173
11724582
11731804
11741953
11752803
11756459
11788711
11799399
11814840
11823189
11839301
11839304
11847284
11861927
11877432
11878558
11891051
11896624
11910033
11914504
11943156
11953414
11965430
11966826
11976506
11976749
11982404
11983074
12062428
12062450
12076797
12077454
12079353
12081482
12084914
12093724
12127967
12139940
12140321
12142418
12193646
12204603
12209774
12211025
12269809
12356303
12360532
12382112
12392722
12393922
12398348
12399456
12417026
12417345
12427944
12427957
12435510
12443532
12444080
12454487
12457561
12458220
12467572
12475972
12479413
12486062
12486729
12488014
12496312
12499554
12501181
12557182
12559906
12577257
12588867
12596851
12605255
12606030
12628255
12637020
12646382
12654928
12657645
12664263
12699702
12743122
12758075
12765545
12766153
12777766
12777787
12791255
12791256
12791288
12799461
12801516
12814622
12823970
12824489
12824492
12836677
12837793
12860127
12909018
12910462
12914941
12925805
12945057
12946342
12949104
12963366
12975375
14531859
14553940
14566049
14583029
14593916
14617622
14621988
14624580
14641594
14643406
14646090
14646194
14651272
14655001
14688265
14705032
14705033
14705036
14706350
14715651
14715906
14739320
14749326
14752199
14973124
14979719
14990747
14991425
14997553
14997577
14997578
14997579
15006759
15007066
15033357
15046585
15046597
15048837
15063721
15066175
15073298
15090526
15090529
15103638
15103640
15103641
15109714
15113157
15122884
15125680
15126479
15140883
15146481
15146505
15150268
15162483
15162496
15162497
15162498
15174135
15177165
15184138
15196010
15211522
15211523
15211524
15214806
15223314
15229892
15229893
15229894
15231816
15237973
15257291
15262225
15263836
15263852
15276836
15279620
15289606
15301527
15312775
15317868
15321722
15326606
15331784
15340214
15342584
15355973
15379559
15381397
15388921
15464606
15466556
15468322
15475969
15479416
15522299
15542087
15544807
15544816
15548516
15557262
15581376
15604789
15608123
15611189
15616586
15641793
15651027
15659099
15660994
15660995
15670594
15697234
15699034
15701599
15710423
15716271
15723348
15723543
15736940
15743948
15757516
15778817
15803660
15805535
15822122
15822125
15835922
15869470
15877369
15894609
15895196
15909233
15937903
15938627
15939017
15944409
15965714
15965736
15968988
15979091
15983865
15989268
15989950
15994328
15995209
16049755
16059689
16094695
16104019
16113684
16114879
16114885
16120678
16137685
16151150
16156790
16167343
16182234
16199668
16211510
16211521
16232957
16233122
16233670
16233841
16237010
16242963
16247799
16262687
16278209
16300397
16303119
16319927
16336782
16342933
16349338
16375925
16376937
16391122
16401086
16403639
16403873
16411890
16428313
16428401
16435371
16452444
16461685
16495677
16510973
16511117
16511275
16511288
16517673
16535021
16535035
16535498
16535713
16537479
16544291
16544324
16546208
16547022
16547037
16550304
16582479
16595662
16597824
16598263
16600296
16609704
16611245
16614923
16622408
16630633
16634630
16647714
16647715
16669613
16681995
16707700
16708165
16717424
16725395
16730025
16734788
16759231
16771517
16779835
16795119
16813561
16823040
16826544
16855243
16857941
16859838
16865707
16865708
16872276
16878985
16882724
16890956
16894162
16897562
16902408
16916792
16922500
16929110
16948158
16980482
16988785
17032654
17042497
17045964
17048124
17064285
17083917
17090922
17095014
17106678
17130153
17144654
17154526
17163981
17172017
17172029
17189272
17196392
17196981
17218336
17240986
17255199
17256761
17258452
17279749
17293421
17323919
17333463
17360515
17368402
17372359
17401214
17401542
17407324
17407781
17419729
17444523
17466017
17478132
17526717
17557852
17560602
17567048
17585781
17586771
17588774
17592850
17602502
17603473
17605473
17609127
17616523
17619101
17619822
17631272
17631894
17632124
17651440
17656578
17661366
17671357
17676871
17766373
17768351
17768353
17905878
17975840
18004772
18073106
18083821
18095710
18097097
18156253
18186650
18197971
18216012
18250105
18260100
18272173
18273849
18275082
18276588
18294673
18323606
18329043
18369189
18378597
18378602
18387093
18395001
18397308
18400755
18413861
18449535
18471287
18515342
18540059
18552192
18560156
18562314
18591240
18593706
18597481
18602113
18609636
18614530
18632584
18636642
18667161
18719905
18723845
18752623
18757535
18784651
18796525
18809514
18812402
18818867
18831037
18923516
18924193
18940669
18998543
19013466
19019243
19029144
19089822
19136958
19149470
19161841
19168617
19172747
19192394
19201797
19238258
19255464
19271193
19290860
19297693
19307556
19307717
19308466
19309315
19346249
19364131
19411328
19419144
19426845
19453185
19459325
19459327
19494578
19496182
19497097
19505148
19530231
19542229
19565337
19585523
19636909
19647806
19648237
19648244
19652339
19693552
19733088
19736993
19737520
19745807
19762644
19800110
19801540
19816891
19836334
19850053
19851881
19854184
19883701
19914575
19955424
19997761
20007320
20024076
20034111
20047317
20054115
20054116
20054139
20061476
20061481
20106957
20122942
20124698
20155483
20161694
20168300
20236808
20237647
20353826
20355710
20418388
20427180
20452362
20471400
20515024
20541393
20544237
20565117
20568735
20573954
20582400
20599513
20606262
20615256
20620151
20637423
20662387
20665694
20669924
20672854
20676678
20677811
20681989
20718290
20718298
20809285
20823514
20826814
20849416
20852258
20875084
20882017
20944216
20944229
20944235
20944236
20950419
20960218
20964411
21051354
21074514
21076033
21076397
21080212
21080423
21082721
21084405
21110513
21124049
21152978
21177858
21255309
21268113
21282100
21294581
21317284
21331585
21347726
21365786
21366819
21397193
21400100
21445639
21454699
21458667
21461371
21487935
21505244
21505252
21512246
21565704
21572987
21621500
21627332
21630044
21636901
21722627
21764944
21781332
21795804
21803176
21816169
21827767
21839861
21840320
21937514
21947648
21947914
21952543
21968904
21986199
21998276
22053082
22065588
22095087
22102257
22103589
22112909
22120743
22139191
22143172
22155081
22170108
22178915
22198718
22210771
22210966
22232163
22313787
22333529
22377538
22408192
22411095
22447242
22449095
22455619
22473211
22545085
22569255
22652894
22659119
22659323
22670715
22676349
22684078
22722933
22750542
22760628
22768259
22792712
22800682
22806709
22821437
22837527
22843398
22866991
22881431
22885293
22904083
22925190
22940582
22942281
22952795
22982531
22990880
23001531
23011877
23025815
23046649
23071576
23081838
23112165
23150241
23192024
23209025
23209028
23221536
23226342
23226719
23232322
23237794
23274918
23293964
23313664
23333740
23338701
23359690
23364423
23385455
23385748
23415559
23425532
23441918
23532838
23545650
23547956
23560779
23584458
23585905
23588970
23596207
23614777
23627611
23637642
23650595
23668907
23671075
23672258
23684653
23702189
23704786
23766220
23771144
23771581
23781956
23796004
23803769
23826965
23840057
23850694
23916814
23937561
23954504
23956201
23959663
23968233
23974142
23974146
23986752
23991893
23999304
24009120
24033594
24090243
24099461
24121353
24122101
24128552
24152100
24166034
24204429
24237145
24244144
24244549
24283966
24318986
24340303
24370478
24521160
24529187
24664447
24680785
24705700
24731214
24746687
24753428
24768824
24779446
24832102
24835339
24843005
24910337
24915082
24933681
24939659
24943124
24968740
25058141
25068636
25144650
25152414
25157154
25179901
25180761
25195245
25195894
25220976
25227262
25306867
25324130
25344445
25348365
25349191
25358773
25360685
25371336
25372832
25388160
25389111
25486100
25489338
25500512
25536293
25539028
25575592
25611453
25673083
25701680
25731877
25758186
25791616
25931133
25957275
25965330
25982945
26005928
26014055
26021931
26026992
26032540
26047917
26048924
26057670
26059515
26098718
26101016
26139605
26144229
26147435
26218520
26227774
26241217
26267297
26344854
26355961
26457429
26457510
26522934
26538516
26556099
26582607
26618153
26629492
26663887
26702306
26786892
26800369
26809452
26832825
26839796
26848046
26924489
26969117
26998654
27021210
27065976
27085421
27087545
27133023
27161115
27181355
27224728
27240671
27268384
27276075
27312048
27312125
27331105
27338140
27377296
27384708
27396836
27398092
27420042
27484669
27528693
27545412
27650471
27713741
27773606
27797506
27805055
27899597
27908729
27922000
27940539
28018485
28018486
28051765
28097692
28103592
28155177
28258150
28259516
28284017
28319664
28340294
28345008
28368101
28409846
28421660
28440031
28463498
28488566
28537196
28600316
28629859
28638047
28640457
28687653
28708383
28714993
28790446
28822027
28859813
28884159
28889282
28955930
28967962
29030117
29083854
29101202
29107484
29108954
29124191
29180014
29229777
29235472
29251926
29295859
29309633
29338043
29429102
29450823
29458431
29512641
29578581
29593673
29641168
29651849
29678790
29717409
29741707
29759379
29806742
29860047
29959252
29975681
29991595
30012626
30044948
30059738
30061529
30088105
30104598
30175674
30185822
30204415
30293964
30301235
30376298
30389613
30394621
30418685
30521331
30542147
30548096
30639408
30771387
30783893
30881354
30885325
30950821
31036855
31110048
31131322
31190240
31258522
31270241
31289693
31338597
31404871
31409483
31416273
31420168
31573681
31611236
31680790
31683666
31685873
31702584
31806708
31814619
31823008
31874027
31905784
31948765
31965019
32015452
32083193
32157539
32283632
32292570
32325232
32400824
32456184
32478746
32505855
32506832
32578427
32629051
32633500
32673419
32732029
32770029
32789320
32821837
32846294
32958806
32961724
33016853
33053818
33094361
33126240
33159067
33233217
33273654
33368567
33422670
33565573
33654191
33729768
33769792
33788945
33796509
33938983
33938999
33952728
33953919
33953921
33956375
33972249
33990300
33990309
34019879
34094307
34124750
34180241
34195748
34250527
34258615
34312785
34320379
34381032
34459148
34504963
34541345
34652139
34731048
34747014
34747611
34755863
34770995
34788017
34815415
34871574
34903153
34919400
35119930
35120932
35163512
35171339
35197741
35322207
35377552
35409349
35452497
35503211
35587531
35687242
35695998
35700827
35717862
35762779
35816919
35841720
35883557
36018003
36035778
36040263
36109417
36112575
36175749
36191052
36233345
36271099
36321948
36424347
36542490
36555681
36601806
36604113
36660887
36693880
36828688
37006680
37094164
37094698
37178000
37204816
37276959
37308645
37399654
37447423
37464145
37641933
37663063
37753476
38013433
38061393
38100250
38271668
38399016
38439669
38548921
38719683
38753963
38771136
38809317
38835217
39023292
39062466
39150147
39192163
39362083
39384939
1280806
1330536
1348781
1366231
1429627
1576165
1628664
1649830
1708763
1709115
1900506
1915883
1920450
2271518
2318202
2401296
2470483
2714630
2753046
3410830
7524035
7556082
7559332
7680125
7685830
7708661
7710318
7716158
7720693
7731042
7731814
7747960
7757011
7758460
7766626
7783614
7789791
7836294
7859734
7877172
7908011
7916055
7926666
7929298
7946471
8002596
8019412
8051015
8088532
8098326
8112583
8113161
8146153
8168477
8177738
8186240
8206994
8277941
8305426
8305427
8404889
8428625
8490025
8508805
8547314
8550425
8550470
8587125
8620891
8626307
8626340
8637847
8639329
8647119
8647418
8732758
8763936
8791626
8798600
8824600
8824608
8828220
8828221
8837481
8863738
8897600
8925837
8939753
9006052
9044261
9075622
9086272
9098079
9135121
9150231
9165089
9165090
9166771
9211715
9249063
9260284
9278147
9325114
9336838
9353929
9380682
9384563
9391052
9406428
9417944
9440516
9445798
9453151
9501917
9521117
9563834
9605973
9639601
9654452
9655830
9665854
9680336
9720201
9732444
9738498
9738902
9741105
9757133
9758794
9772186
9784234
9797268
9826752
9827326
9829951
9872409
9876292
9882656
9931254
9988532
9989504
9990324
10048332
10066778
10074080
10089319
10194385
10198119
10217775
10224005
10329177
10339416
10339434
10348846
10356999
10360571
10366510
10375529
10383424
10400580
10413084
10413491
10431826
10440379
10473401
10482784
10508089
10518949
10531001
10545265
10591103
10600747
10623526
10637321
10652529
10666588
10669801
10673438
10677353
10681061
10698923
10715213
10731419
10741672
10742238
10745009
10747806
10771437
10777501
10782993
10844677
10873683
10878123
10898863
10906345
10926490
10926519
10944350
10957972
10972187
10982878
11017041
11029437
11032797
11062444
11071948
11073219
11092873
11121578
11133978
11135667
11160919
11173478
11178891
11210497
11210524
11230160
11230537
11237691
11264293
11264598
11265459
11265464
11265469
11265474
11267830
11276258
11279147
11302503
11305941
11322871
11334785
11343697
11350934
11371185
11371186
11387344
11397091
11398458
11398465
11398482
11399761
11405233
11418778
11430821
11467933
11478862
11489132
11493003
11523890
11524683
11533060
11542087
11542160
11545590
11577108
11590605
11594624
11669649
11679748
11681700
11709173
11724582
11731804
11741953
11752803
11756459
11788711
11799399
11814840
11823189
11839301
11839304
11847284
11861927
11877432
11878558
11891051
11896624
11910033
11914504
11943156
11953414
11965430
11966826
11976506
11976749
11982404
11983074
12062428
12062450
12076797
12077454
12079353
12081482
12084914
12093724
12127967
12139940
12140321
12142418
12193646
12204603
12209774
12211025
12269809
12356303
12360532
12382112
12392722
12393922
12398348
12399456
12417026
12417345
12427944
12427957
12435510
12443532
12444080
12454487
12457561
12458220
12467572
12475972
12479413
12486062
12486729
12488014
12496312
12499554
12501181
12557182
12559906
12577257
12588867
12596851
12605255
12606030
12628255
12637020
12646382
12654928
12657645
12664263
12699702
12743122
12758075
12765545
12766153
12777766
12777787
12791255
12791256
12791288
12799461
12801516
12814622
12823970
12824489
12824492
12836677
12837793
12860127
12909018
12910462
12914941
12925805
12945057
12946342
12949104
12963366
12975375
14531859
14553940
14566049
14583029
14593916
14617622
14621988
14624580
14641594
14643406
14646090
14646194
14651272
14655001
14688265
14705032
14705033
14705036
14706350
14715651
14715906
14739320
14749326
14752199
14973124
14979719
14990747
14991425
14997553
14997577
14997578
14997579
15006759
15007066
15033357
15046585
15046597
15048837
15063721
15066175
15073298
15090526
15090529
15103638
15103640
15103641
15109714
15113157
15122884
15125680
15126479
15140883
15146481
15146505
15150268
15162483
15162496
15162497
15162498
15174135
15177165
15184138
15196010
15211522
15211523
15211524
15214806
15223314
15229892
15229893
15229894
15231816
15237973
15257291
15262225
15263836
15263852
15276836
15279620
15289606
15301527
15312775
15317868
15321722
15326606
15331784
15340214
15342584
15355973
15379559
15381397
15388921
15464606
15466556
15468322
15475969
15479416
15522299
15542087
15544807
15544816
15548516
15557262
15581376
15604789
15608123
15611189
15616586
15641793
15651027
15659099
15660994
15660995
15670594
15697234
15699034
15701599
15710423
15716271
15723348
15723543
15736940
15743948
15757516
15778817
15803660
15805535
15822122
15822125
15835922
15869470
15877369
15894609
15895196
15909233
15937903
15938627
15939017
15944409
15965714
15965736
15968988
15979091
15983865
15989268
15989950
15994328
15995209
16049755
16059689
16094695
16104019
16113684
16114879
16114885
16120678
16137685
16151150
16156790
16167343
16182234
16199668
16211510
16211521
16232957
16233122
16233670
16233841
16237010
16242963
16247799
16262687
16278209
16300397
16303119
16319927
16336782
16342933
16349338
16375925
16376937
16391122
16401086
16403639
16403873
16411890
16428313
16428401
16435371
16452444
16461685
16495677
16510973
16511117
16511275
16511288
16517673
16535021
16535035
16535498
16535713
16537479
16544291
16544324
16546208
16547022
16547037
16550304
16582479
16595662
16597824
16598263
16600296
16609704
16611245
16614923
16622408
16630633
16634630
16647714
16647715
16669613
16681995
16707700
16708165
16717424
16725395
16730025
16734788
16759231
16771517
16779835
16795119
16813561
16823040
16826544
16855243
16857941
16859838
16865707
16865708
16872276
16878985
16882724
16890956
16894162
16897562
16902408
16916792
16922500
16929110
16948158
16980482
16988785
17032654
17042497
17045964
17048124
17064285
17083917
17090922
17095014
17106678
17130153
17144654
17154526
17163981
17172017
17172029
17189272
17196392
17196981
17218336
17240986
17255199
17256761
17258452
17279749
17293421
17323919
17333463
17360515
17368402
17372359
17401214
17401542
17407324
17407781
17419729
17444523
17466017
17478132
17526717
17557852
17560602
17567048
17585781
17586771
17588774
17592850
17602502
17603473
17605473
17609127
17616523
17619101
17619822
17631272
17631894
17632124
17651440
17656578
17661366
17671357
17676871
17766373
17768351
17768353
17905878
17975840
18004772
18073106
18083821
18095710
18097097
18156253
18186650
18197971
18216012
18250105
18260100
18272173
18273849
18275082
18276588
18294673
18323606
18329043
18369189
18378597
18378602
18387093
18395001
18397308
18400755
18413861
18449535
18471287
18515342
18540059
18552192
18560156
18562314
18591240
18593706
18597481
18602113
18609636
18614530
18632584
18636642
18667161
18719905
18723845
18752623
18757535
18784651
18796525
18809514
18812402
18818867
18831037
18923516
18924193
18940669
18998543
19013466
19019243
19029144
19089822
19136958
19149470
19161841
19168617
19172747
19192394
19201797
19238258
19255464
19271193
19290860
19297693
19307556
19307717
19308466
19309315
19346249
19364131
19411328
19419144
19426845
19453185
19459325
19459327
19494578
19496182
19497097
19505148
19530231
19542229
19565337
19585523
19636909
19647806
19648237
19648244
19652339
19693552
19733088
19736993
19737520
19745807
19762644
19800110
19801540
19816891
19836334
19850053
19851881
19854184
19883701
19914575
19955424
19997761
20007320
20024076
20034111
20047317
20054115
20054116
20054139
20061476
20061481
20106957
20122942
20124698
20155483
20161694
20168300
20236808
20237647
20353826
20355710
20418388
20427180
20452362
20471400
20515024
20541393
20544237
20565117
20568735
20573954
20582400
20594156
20599513
20606262
20615256
20620151
20637423
20662387
20665694
20669924
20672854
20676678
20677811
20681989
20718290
20718298
20809285
20823514
20826814
20849416
20852258
20875084
20882017
20944216
20944229
20944235
20944236
20950419
20960218
20964411
21051354
21074514
21076033
21076397
21080212
21080423
21082721
21084405
21110513
21124049
21152978
21177858
21255309
21268113
21282100
21294581
21317284
21331585
21347726
21365786
21366819
21397193
21400100
21445639
21454699
21458667
21461371
21487935
21505244
21505252
21512246
21565704
21572987
21621500
21627332
21630044
21636901
21722627
21764944
21781332
21795804
21803176
21816169
21827767
21839861
21840320
21937514
21947648
21947914
21952543
21968904
21986199
21998276
22053082
22065588
22095087
22102257
22103589
22112909
22120743
22139191
22143172
22155081
22170108
22178915
22198718
22210771
22210966
22232163
22313787
22333529
22377538
22408192
22411095
22447242
22449095
22455619
22473211
22545085
22569255
22652894
22659119
22659323
22670715
22676349
22684078
22722933
22750542
22760628
22768259
22792712
22800682
22806709
22821437
22837527
22843398
22866991
22881431
22885293
22904083
22925190
22940582
22942281
22952795
22982531
22990880
23001531
23011877
23025815
23046649
23071576
23081838
23112165
23150241
23192024
23209025
23209028
23221536
23226342
23226719
23232322
23237794
23274918
23293964
23313664
23333740
23338701
23359690
23364423
23385455
23385748
23415559
23425532
23441918
23532838
23545650
23547956
23560779
23584458
23585905
23588970
23596207
23614777
23627611
23637642
23650595
23668907
23671075
23672258
23684653
23702189
23704786
23766220
23771144
23771581
23781956
23796004
23803769
23826965
23840057
23850694
23916814
23937561
23954504
23956201
23959663
23968233
23974142
23974146
23986752
23991893
23999304
24009120
24033594
24090243
24099461
24121353
24122101
24128552
24152100
24166034
24204429
24237145
24244144
24244549
24283966
24318986
24340303
24370478
24521160
24529187
24664447
24680785
24705700
24731214
24746687
24753428
24768824
24779446
24832102
24835339
24843005
24910337
24915082
24933681
24939659
24943124
24968740
25058141
25068636
25144650
25152414
25157154
25179901
25180761
25195245
25195894
25220976
25227262
25306867
25324130
25344445
25348365
25349191
25358773
25360685
25371336
25372832
25388160
25389111
25486100
25489338
25500512
25536293
25539028
25575592
25611453
25673083
25701680
25731877
25758186
25791616
25931133
25957275
25965330
25982945
26005928
26014055
26021931
26026992
26032540
26047917
26048924
26057670
26059515
26098718
26101016
26139605
26144229
26147435
26218520
26227774
26241217
26267297
26344854
26355961
26457429
26457510
26522934
26538516
26556099
26582607
26618153
26629492
26663887
26702306
26786892
26800369
26809452
26832825
26839796
26848046
26924489
26969117
26998654
27021210
27065976
27085421
27087545
27133023
27161115
27181355
27224728
27240671
27268384
27276075
27312048
27312125
27331105
27338140
27377296
27384708
27396836
27398092
27420042
27484669
27528693
27545412
27650471
27713741
27773606
27797506
27805055
27899597
27908729
27922000
27940539
28018485
28018486
28051765
28097692
28103592
28155177
28258150
28259516
28284017
28319664
28340294
28345008
28368101
28409846
28421660
28440031
28463498
28488566
28537196
28600316
28629859
28638047
28640457
28687653
28708383
28714993
28790446
28822027
28859813
28884159
28889282
28955930
28967962
29030117
29083854
29101202
29107484
29108954
29124191
29180014
29229777
29235472
29251926
29295859
29309633
29338043
29429102
29450823
29458431
29512641
29578581
29593673
29641168
29651849
29678790
29717409
29741707
29759379
29806742
29860047
29959252
29975681
29991595
30012626
30044948
30059738
30061529
30088105
30104598
30175674
30185822
30204415
30293964
30301235
30376298
30389613
30394621
30418685
30521331
30542147
30548096
30639408
30771387
30783893
30881354
30885325
30950821
31036855
31110048
31131322
31190240
31258522
31270241
31289693
31338597
31404871
31409483
31416273
31420168
31573681
31611236
31680790
31683666
31685873
31702584
31774394
31806708
31814619
31823008
31874027
31905784
31948765
31965019
32015452
32083193
32157539
32283632
32292570
32325232
32400824
32456184
32478746
32505855
32506832
32578427
32629051
32633500
32673419
32732029
32770029
32789320
32821837
32846294
32958806
32961724
33016853
33053818
33094361
33126240
33159067
33233217
33273654
33368567
33422670
33565573
33654191
33729768
33769792
33788945
33796509
33938983
33938999
33952728
33953919
33953921
33956375
33972249
33990300
33990309
34019879
34094307
34124750
34180241
34195748
34250527
34258615
34312785
34320379
34381032
34459148
34504963
34541345
34652139
34731048
34747014
34747611
34755863
34770995
34788017
34815415
34871574
34903153
34919400
35119930
35120932
35163512
35171339
35197741
35322207
35377552
35409349
35452497
35503211
35587531
35687242
35695998
35700827
35717862
35762779
35816919
35841720
35883557
36018003
36035778
36040263
36109417
36112575
36175749
36191052
36233345
36271099
36321948
36424347
36542490
36555681
36601806
36604113
36660887
36693880
36828688
37006680
37094164
37094698
37178000
37204816
37276959
37308645
37399654
37447423
37464145
37641933
37663063
37753476
38013433
38061393
38100250
38271668
38399016
38439669
38548921
38719683
38753963
38771136
38809317
38835217
39023292
39062466
39150147
39192163
39362083
39384939
