2037673
2037674
7514147
8486241
9068648
9143882
9171400
9203791
9228760
9464392
9813480
9986836
10584028
11348001
12361279
12746371
13130026
16349363
16535171
17021193
17114316
17554439
17636377
18545840
19413767
19590136
21091724
23090571
24031548
24914980
25583334
26971634
27396922
28383126
29394397
29903817
29928580
30609084
31158616
31192202
31654082
31770630
31990611
33640019
33712685
33742508
33995332
34406699
34566322
34683427
35134503
35598068
35874671
36165569
37584068
37779478
38217353
38855938
