8968939
9270847
9659690
9766968
9828443
10466504
11491319
12074240
12363090
12459241
12649933
12899701
14513970
14575373
14670723
14961267
14986936
14986937
15239710
15482422
15488382
15575880
15644111
15690950
15759801
15813861
15819428
15892752
15952456
15979275
16044262
16060264
16328623
16449454
16461733
16610585
16629992
16635064
16750536
16779653
16875391
17050050
17082401
17169108
17169112
17229061
17296228
17465305
17604124
17625200
17706907
17718163
17964085
17972756
18005349
18023300
18086035
18353018
18444979
18495251
18499358
18620586
18660972
18770610
18801048
18984035
19166883
19261046
19306607
19344871
19392680
19450638
19538952
19735594
19820157
19864284
20102440
20525376
20575361
20580904
20630605
20672412
20695896
20735580
20848881
20848886
21059396
21192549
21232551
21352756
21488906
21517109
21882649
21890667
21914095
21958747
22069655
22132500
22216715
22288818
22319871
22366064
22535941
22655971
22669032
22719209
22736973
22804750
22815565
22870893
22885516
22885517
22897761
22957716
22960031
22970112
23029244
23030835
23126340
23135138
23163917
23226245
23308090
23324417
23331165
23617544
23727607
23760824
23851087
23895942
23957760
24012568
24023952
24031303
24031633
24113246
24330001
24378224
24480296
24492600
24499204
24516426
24602926
24629049
24781793
24814805
24848897
24895863
24909885
24964840
24991846
25149135
25274742
25287048
25449378
25453578
25488182
25533996
25555134
25584663
25638970
25676507
25688067
25704170
25773973
25821179
25827625
25842847
25889257
25895267
25953003
26020176
26111998
26164837
26170019
26220643
26253667
26265495
26347722
26378404
26421435
26497091
26518592
26575151
26671546
26674949
26693666
26700173
26713223
26772478
26853931
26892797
26919138
26936249
26949840
27092486
27193154
27231366
27255557
27284239
27340080
27353474
27503917
27530746
27539702
27587818
27592613
27601296
27640333
27640368
27717007
27765605
27790379
27818340
27902204
27982441
28063885
28145487
28288561
28322933
28371006
28406736
28408684
28428555
28469601
28478260
28515779
28581211
28602733
28624550
28740072
28769909
28790987
28842182
28867620
28939608
28989091
29064113
29100986
29277365
29360541
29367005
29452250
29499725
29593693
29595890
29622616
29632520
29635710
29659817
29697149
29773635
29807204
29893005
30285236
30300742
30344637
30366372
30475506
30528659
30550716
30590156
30597253
30599252
30744535
30905685
30958249
30971289
31077849
31244827
31248995
31272369
31469439
31542493
31585248
31652887
31654768
31672529
31700534
31709555
31744913
31751657
31806749
31857222
32001351
32001352
32081613
32244029
32310022
32335313
32486059
32495747
32532872
32618015
32707298
32708611
32745481
32751990
32759470
32771611
32784010
32955778
32971272
33006773
33065202
33072100
33072259
33077888
33152404
33178219
33220343
33276599
33304348
33495235
33513205
33546407
33579339
33647180
33675991
33785624
33810018
33882323
33946270
33955853
33965447
33991203
34106011
34121235
34246784
34339820
34427787
34438023
34438964
34489953
34590712
34623705
34624357
34680142
34788066
34818105
34827972
34835184
34835301
35026686
35049114
35052548
35136422
35187147
35386393
35401542
35483597
35666190
35734166
35752617
35796511
35859219
35898515
35969053
35972354
35985789
36009213
36047934
36110292
36325469
36414129
36419612
36565346
36565823
36591242
36593193
36740082
36816589
36844397
36975784
37044186
37120121
37303030
37520525
37580697
37649642
37742887
37753327
37831671
37840739
37859458
37932331
38030028
38030754
38077363
38305097
38423405
38517170
38835482
39075092
39351909
39373785
39555537
39578409
