19060046
23771624
24397477
26010710
27717798
31493521
32062786
32675782
33125401
33135866
33268597
33868186
34474274
34984487
35198457
35959379
36456638
36910527
37405000
37604954
37910603
38010168
38017389
38098666
38142217
38464791
38489893
38522238
39414067
39510934
19060046
23771624
24397477
26010710
27717798
31493521
32062786
32675782
33125401
33135866
33268597
33868186
34474274
34984487
35198457
35959379
36456638
36910527
37405000
37604954
37910603
38010168
38017389
38098666
38142217
38464791
38489893
38522238
39414067
39510934
