1282312
1400961
1605418
1704793
2073901
7505793
7508460
7569622
7686183
7822229
8314996
8379970
8557080
8593625
8593626
8722540
9029257
9084234
9232616
9333055
9361442
9633652
9665300
9675486
9684510
9835030
9835543
10206715
10212406
10325325
11094296
11104668
11168729
11193345
11195660
11298152
11298244
11577152
11798419
11880437
12120946
12182488
12361288
12450810
12493783
12517869
12653305
12675569
12788730
12801013
12902254
12929818
14567422
14572058
14711621
14711629
15022385
15131162
15528512
15545485
15583280
15812015
15816212
15876227
16009278
16033460
16096687
16162138
16196461
16391087
16416897
16834587
16957352
16959506
17136884
17201209
17241348
17259365
17564610
17685629
17916160
17965346
18260813
18272350
18331520
18485677
18713059
19018956
19055113
19181038
19184798
19195264
19286781
19322829
19322838
19406805
19552770
19637649
19661523
19737389
19767353
19777882
19834099
19880860
19942377
20023103
20056117
20132668
20408936
20589152
20615345
20639356
20847188
20971875
20973408
21060246
21076488
21298691
21359592
21406364
21438765
21465259
21473256
21524195
21569927
21677752
21722746
21874596
22077228
22263432
22273455
22285201
22359318
22558796
22558801
22806114
22945232
22965843
23132657
23382388
23474652
23595231
23623467
24171567
24275651
24400424
24607425
24693571
24930011
25215191
25364917
25381664
25750710
25906999
26122364
26197289
26422448
26472835
26515403
26918528
27003220
27860343
28091764
28126040
28160162
28440688
28503965
28575441
28854745
28922740
28968179
29058712
29178580
29237513
30412585
31053184
31084156
31695684
31699768
31714200
32130978
32292399
32931346
33347550
33428331
34478007
34604309
34719531
35803423
36015062
36314601
36354326
36565641
37363437
37597560
37627730
39168635
39362549
39374597
39447227
