10028259
12089308
12734292
15210998
15609853
15803388
16226327
17381522
18795283
18799696
19827491
19937215
19943046
20859703
21393451
22799208
22848375
23039919
23524400
24076515
24380350
24777828
24936766
25027087
25478582
25824664
25837562
26149625
27068793
27120643
27260154
27339186
27505346
27557974
28477002
28618083
28823969
29184101
29234354
29375516
29670216
30008019
30143509
30578608
31316489
31507562
31680421
31886270
32004342
32800227
33036410
33263510
33306436
34241654
34668786
34795326
35283872
36598287
36833464
36847539
37512929
38365935
38851378
38855763
