11086690
11157251
11494219
11787803
12009795
12084482
12654668
12676716
12783490
12859757
14711653
14723693
15059191
15066809
15165570
15220667
15569121
15659203
15774684
15813820
15916013
15988584
16093873
16233365
16233391
16233479
16318892
17038623
17105550
17267957
17309638
17429572
17630120
17690340
17846134
18194161
18360611
18421582
18478374
18606590
18759092
18796609
19102705
19131692
19431045
19459958
19720027
19944473
20637875
21364294
21377723
21671194
21693698
21810490
22041546
22695924
23376783
23443952
23554321
23650602
23816335
24037515
24092453
24811681
24915287
25008165
25090957
25161879
25627341
25882275
25973914
26059598
26068013
26246087
26835793
26882688
27001810
27038159
27103711
27151792
27291780
27536105
27543819
27771767
27988120
28184988
28260677
28376795
28793235
28816527
28868181
28959626
29024922
29189354
29487433
29793054
29896165
29909486
30098601
30103531
30236844
30263701
30359568
30615645
30638396
30733770
30879230
31033906
31096020
31312953
31328489
31367461
31398163
31398337
31445120
31686199
31741944
31888501
31918182
32092331
32122841
32349041
32724066
32733389
32897519
33041703
33110611
33297479
33604232
33683700
33694215
33905781
33992409
34228234
34530504
34600678
34669274
34682189
34731397
34950122
34966979
35054642
35101832
35311282
35313790
35349007
35397572
35497574
35522689
35623824
35661527
35674642
35744764
35928261
36004716
36018495
36034085
36037981
36061577
36086703
36092193
36114449
36198385
36210372
36380186
36499272
36501619
36517529
36613981
36679251
36757002
36771360
36838205
36860273
36937254
37021470
37026366
37073213
37174429
37196540
37205949
37333714
37342549
37389790
37417027
37445777
37446403
37561891
37684996
37723327
37777833
37850558
37893703
37909941
37927652
38044388
38273455
38276201
38304817
38375835
38494525
38527516
38649016
38817737
38879179
38904672
39003345
39194549
39235661
39323477
39366107
39457699
39513300
