12710602
15553252
16755465
17468275
17504488
17726675
17888160
17968510
18257680
18393614
18462403
18566662
18667571
18944288
18986251
19018999
19074386
19114504
19189039
19696881
20132374
20146746
20192973
20386924
20526836
20835805
20937219
21240270
21354528
21378190
21519197
21637857
21853112
21948048
21992096
22074675
22292528
22410227
22427936
22428249
22439737
22524709
22672649
22677447
22713077
22788996
22806806
23056459
23109916
23113713
23177810
23226499
23267117
23413022
23479199
23506361
23637624
23739522
23788545
23805254
23850621
23957692
23990131
24025601
24040039
24042063
24108370
24256239
24265029
24300393
24370960
24551247
24760967
24990370
25237028
25264828
25297844
25489722
25506085
25585922
25760034
25842850
25903921
25931393
26007654
26118792
26229029
26271942
26272557
26307771
26707624
26733980
26753530
26833881
26912323
26929403
26942048
26986755
26992469
27065965
27213700
27257541
27390353
27450435
27573108
27694798
27933456
28081189
28159786
28319994
28611213
29044376
29067700
29297963
29325987
29343718
29440578
29457632
29486275
29518220
29757952
29800700
29976602
30008094
30050020
30254654
30299055
30645157
30691653
30699977
30708518
30716837
30724156
30731807
30759529
30868359
30872786
30885535
30905290
31046241
31095303
31226710
31420965
31797922
32139754
32150503
32240203
32385404
32549369
32575906
32639227
32731905
32852253
32927917
32948050
33187094
33225127
33301200
33630693
33668425
34062832
34063632
34073295
34145331
34296953
34319868
34353114
34371610
34417794
34502502
34561493
34835395
34876006
34884586
35254130
35476788
35805920
35917166
36009986
36147289
36241714
36322674
36386642
36938006
36944376
36965186
37000717
37108429
37186477
37375900
37570980
37622480
37686094
38139177
38623551
38749069
38882333
38952990
39180229
39247796
39519067
39575830
12710602
15553252
16755465
17468275
17504488
17726675
17888160
17968510
18257680
18393614
18462403
18566662
18667571
18944288
18986251
19018999
19074386
19114504
19189039
19696881
20132374
20146746
20192973
20386924
20526836
20835805
20937219
21240270
21354528
21378190
21519197
21637857
21853112
21948048
21992096
22074675
22292528
22410227
22427936
22428249
22439737
22524709
22672649
22677447
22713077
22788996
22806806
23056459
23109916
23113713
23177810
23226499
23267117
23413022
23479199
23506361
23637624
23739522
23788545
23805254
23850621
23957692
23990131
24025601
24040039
24042063
24108370
24256239
24265029
24300393
24370960
24551247
24760967
24990370
25237028
25264828
25297844
25489722
25506085
25585922
25760034
25842850
25903921
25931393
26007654
26118792
26229029
26271942
26272557
26307771
26707624
26733980
26753530
26833881
26912323
26929403
26942048
26986755
26992469
27065965
27213700
27257541
27390353
27450435
27573108
27694798
27933456
28081189
28159786
28319994
28611213
29044376
29067700
29297963
29325987
29343718
29440578
29457632
29486275
29518220
29757952
29800700
29976602
30008094
30050020
30254654
30299055
30645157
30691653
30699977
30708518
30716837
30724156
30731807
30759529
30868359
30872786
30885535
30905290
31046241
31095303
31226710
31420965
31797922
32139754
32150503
32240203
32385404
32549369
32575906
32639227
32731905
32852253
32927917
32948050
33187094
33225127
33301200
33630693
33668425
34062832
34063632
34073295
34145331
34296953
34319868
34353114
34371610
34417794
34502502
34561493
34835395
34876006
34884586
35254130
35476788
35805920
35917166
36009986
36147289
36241714
36322674
36386642
36938006
36944376
36965186
37000717
37108429
37186477
37375900
37570980
37622480
37686094
38139177
38623551
38749069
38882333
38952990
39180229
39247796
39519067
39575830
