8589054
8762474
9682490
10212408
10217486
10425751
10452561
11016612
11069644
11571151
11576302
12385239
12807189
14698214
15023954
15589653
15840955
15909333
16003472
16052710
16422513
16471356
17037048
17082408
17850318
18603448
19062639
19224401
19402209
19665790
20386651
20546413
20575436
20833430
21090261
22391587
23144389
23160947
23247152
23291759
23618715
23716265
23891151
23914551
24011469
24146914
24388446
24735708
25113210
25336661
25542595
25657326
25700095
26086793
26279274
26294619
26314128
26555880
26563812
26585900
27386392
27558133
27611871
27657656
27687863
27939872
28319745
28503994
28779739
28923690
29259290
29278781
29709806
29964531
30033241
30076196
30176467
30389529
30665150
30693434
30823056
30857102
30857619
31154180
31442862
32159616
32279200
32300351
32393121
32482934
32506526
32570140
32843548
33318512
33391864
33401438
34310825
34351232
34908471
35012550
35191747
35723336
35788449
36009048
36388555
36633137
37030217
37267284
37430991
37764115
37779718
38156002
38279273
38357732
38577436
38860787
38948031
38948232
38973878
39358614
39425006
