1402505
2211359
2211360
3382545
7557339
8995797
10555339
11181369
12362913
15006783
15308239
15561856
15640179
16348995
17381742
17526698
18175698
18217929
18949519
19239530
19322245
19717627
19840114
19936822
20098599
20378971
20626288
21569942
21717318
21779844
21979084
22187076
22328095
23192307
23968275
23994489
25126984
25227214
25669915
26151435
26445500
26462840
26489441
26873311
27655769
28631214
28663297
29119317
29212294
29301892
30042746
30323184
30459295
30535916
30883192
30991234
31022884
31093727
31455211
31514346
31598324
31699764
32127808
32176602
32555419
32658247
33833744
34264102
34670489
35036095
35687081
35909632
35978046
36678355
36719234
38538848
38757977
