14657155
15107068
15206912
15324352
15327644
15380777
15553977
15612941
15612944
15665448
15720575
15733144
15736890
15752104
15829891
15836514
15839398
15840784
15853938
15872275
15943765
15943770
15943771
15995644
16006067
16087299
16101965
16153871
16301151
16302927
16367855
16390469
16441740
16441779
16460260
16473919
16488557
16498070
16553634
16567551
16677187
16677332
16842503
16861296
16907769
16922925
16926393
16930308
16953818
16979483
16982268
17049750
17054916
17064390
17092239
17098542
17169727
17174667
17210663
17224032
17284602
17305623
17309590
17309593
17363213
17451543
17452955
17470016
17501978
17546221
17668977
17760541
17868359
17869137
17877747
17891880
17912965
17931930
17949344
17956463
17967853
17970681
17975090
18081862
18086168
18166104
18177429
18261121
18279187
18287326
18302614
18302679
18315434
18362313
18380560
18380561
18384349
18384407
18389006
18400025
18410396
18436030
18436031
18447853
18448617
18451378
18502971
18541658
18565108
18565147
18582333
18597596
18647203
18657153
18672992
18676491
18701660
18727657
18768651
18771363
18828812
18834241
18834247
18834252
18834253
18929268
18988315
19031785
19053919
19053921
19053922
19058781
19063908
19069337
19076989
19121507
19162208
19162209
19184295
19196111
19207883
19207889
19221563
19228092
19228098
19239639
19304852
19371397
19386852
19389765
19405829
19416446
19431959
19453574
19465482
19485826
19501677
19554711
19586997
19624697
19637996
19650858
19656025
19656037
19659894
19663511
19667822
19679682
19693550
19702957
19722792
19772671
19792846
19799718
19818393
19824556
19832799
19835625
19840640
19852608
19879369
19893968
19919176
19930094
19937216
20002682
20006468
20038241
20056008
20059413
20059420
20096084
20098966
20140039
20141366
20152680
20189734
20190043
20192867
20195365
20214441
20219690
20305865
20331798
20331800
20337663
20337892
20373538
20375548
20380884
20429938
20465032
20507380
20514045
20536751
20572920
20618547
20619781
20658043
20662307
20688951
20712636
20739702
20806225
20831669
20846155
20850664
20877160
20883221
20929722
20955954
21054554
21078857
21083570
21086009
21091345
21106792
21146709
21160219
21163008
21166898
21206165
21208407
21211789
21214870
21261620
21263019
21340603
21385202
21392048
21397893
21405936
21410554
21431261
21435699
21453047
21486182
21488934
21491990
21507684
21513472
21517858
21523213
21523231
21524712
21529775
21529777
21538238
21545652
21563945
21564314
21569094
21574831
21609257
21622527
21632710
21688602
21689545
21724088
21733492
21749169
21769304
21793826
21827233
21861637
21864643
21885482
21896155
21896157
21909493
21911490
21916371
21928086
21929616
21942788
22010417
22028508
22030151
22053965
22060046
22103335
22105837
22112031
22141356
22143381
22150619
22166166
22181686
22196182
22203528
22220822
22230462
22230465
22232719
22232720
22257880
22273979
22276920
22287711
22288485
22320070
22324467
22324488
22326171
22339260
22353895
22371122
22374743
22407618
22417880
22419513
22443543
22526568
22531876
22546352
22547549
22549664
22564019
22565224
22571226
22573244
22616908
22633049
22642916
22655057
22680302
22695115
22703649
22704805
22708917
22710412
22765511
22808953
22882677
22934839
22968422
22988660
22996215
22998386
23018230
23030242
23041992
23053707
23100272
23107050
23116446
23119051
23121460
23124752
23127822
23141872
23171319
23173827
23258847
23258979
23278531
23287555
23294114
23297645
23327648
23334268
23335585
23357386
23413629
23437130
23447375
23451182
23521427
23527870
23533413
23534379
23538166
23560645
23608307
23616409
23638858
23646850
23647376
23659423
23660697
23666172
23675952
23695557
23705535
23710672
23711357
23714361
23731242
23737674
23738858
23742079
23743616
23745964
23748323
23748736
23751528
23757461
23814584
23821559
23827459
23853701
23855174
23857867
23879704
23892061
23952074
23990979
23991267
24007199
24025882
24031906
24036419
24040571
24089361
24102517
24121919
24144271
24146665
24165189
24171000
24223591
24255993
24261910
24273047
24274370
24288439
24320955
24339946
24340084
24345204
24351045
24355228
24372897
24421978
24450418
24451862
24475753
24484531
24502612
24505483
24551246
24554003
24554879
24555252
24562188
24574052
24579762
24638087
24675519
24677258
24683780
24708362
24720498
24736700
24741603
24794687
24802631
24814979
24835305
24861390
24861845
24872621
24881214
24892452
24924298
24943676
24943760
24945400
24945514
24946875
24949828
24966528
24970146
24995517
25023245
25040261
25052707
25056413
25061055
25065393
25070874
25098564
25101489
25139407
25152229
25171331
25173070
25175980
25178742
25217278
25225799
25232962
25233105
25266040
25270662
25316464
25367612
25386627
25387289
25389290
25391881
25394610
25412608
25422124
25426790
25427269
25434071
25447490
25452281
25469723
25494658
25506144
25522313
25523961
25526624
25529603
25530681
25555916
25565631
25568807
25568808
25601790
25631494
25658942
25663343
25680706
25713575
25722922
25757149
25761675
25762359
25797107
25808980
25811847
25812473
25827437
25831954
25847068
25867215
25879057
25888355
25888404
25900347
25918553
25924695
25926895
25953484
25954253
25984952
26033167
26053503
26063967
26067981
26077225
26082387
26096116
26111153
26120510
26121972
26134411
26155342
26170876
26171870
26172848
26177212
26193958
26194628
26209620
26210387
26221929
26224458
26252751
26259070
26277409
26305580
26309048
26313005
26318875
26351631
26355881
26371120
26378150
26392039
26392688
26412568
26424287
26434368
26441291
26461083
26469811
26478974
26481834
26484315
26494938
26510619
26511188
26513268
26521147
26541672
26550526
26557034
26600627
26604572
26606331
26617937
26654345
26672427
26681855
26729495
26744578
26779448
26810057
26835659
26870849
26924897
26932733
26936213
26937289
27000771
27035339
27105613
27153291
27193146
27224005
27227499
27266517
27297417
27301874
27311400
27313576
27320300
27325868
27340161
27383704
27399273
27405639
27420109
27422156
27469171
27469559
27469562
27469569
27475682
27484636
27542376
27556678
27556680
27565999
27572513
27585775
27594668
27601356
27627556
27666672
27697692
27711121
27714828
27717180
27727278
27747631
27786617
27786620
27794150
27820156
27825675
27825678
27888369
27899684
27901209
27908987
27924595
27966504
27974831
27986835
27988390
27997347
28049974
28057754
28099577
28104616
28126355
28189829
28193569
28198980
28264048
28319129
28321995
28325127
28326155
28331333
28334934
28336586
28349674
28359872
28367891
28382776
28383606
28387608
28392403
28439996
28446907
28457849
28499236
28512127
28512280
28554093
28576147
28611978
28630069
28666877
28667678
28671506
28671508
28674708
28676826
28748041
28757930
28757933
28763140
28764300
28766990
28797211
28800622
28844191
28848499
28854287
28874750
28890719
28894293
28987726
29023524
29079615
29081982
29084027
29110296
29123634
29138754
29146851
29151456
29196415
29232563
29235255
29247483
29299190
29327500
29333776
29340343
29352461
29364340
29401401
29434575
29440783
29442084
29456893
29458668
29468598
29483296
29498485
29505065
29520798
29520825
29525436
29534128
29537663
29538390
29573211
29589156
29593415
29623999
29663912
29680846
29721223
29728099
29744166
29744187
29744199
29768437
29797719
29855347
29876042
29896567
29925714
29934515
29956243
29977603
29988826
30013030
30028077
30048057
30052903
30069478
30095173
30099741
30142971
30171738
30202609
30203018
30210478
30222195
30266745
30268559
30328283
30351354
30367824
30386642
30386996
30392706
30397915
30505364
30506795
30575059
30589008
30626263
30629741
30669938
30695540
30728854
30729346
30800247
30826504
30842870
30856692
30880264
30909081
30937543
30940882
30988877
31002887
31027098
31075524
31111123
31156531
31174997
31176146
31214897
31257588
31257591
31266146
31281801
31296364
31325717
31332969
31341566
31342509
31356381
31357852
31376167
31381369
31393600
31409865
31417514
31448837
31473699
31477019
31504982
31517596
31536433
31537147
31541515
31596326
31632667
31641199
31655839
31677272
31687180
31696592
31765020
31770598
31781106
31795139
31808297
31870899
31889858
31901280
31908481
31914706
31949898
31949901
32023661
32046045
32046654
32050105
32070755
32072344
32088522
32109938
32110597
32142562
32157085
32169683
32176238
32193820
32214064
32282725
32329066
32333174
32384777
32385879
32422332
32428060
32443919
32497654
32503390
32512248
32515413
32519941
32532033
32539695
32544646
32545150
32617182
32634886
32656449
32670905
32670940
32696031
32737880
32738349
32748883
32764360
32768588
32773975
32785473
32792823
32815124
32815134
32815135
32815138
32815140
32839120
32857044
32865464
32871610
32873758
32885473
32894779
32897213
32899493
32901713
32916329
32933859
32935363
32965768
32978483
33012233
33023121
33042892
33062199
33066545
33092182
33096404
33107981
33128827
33132714
33137995
33145632
33147687
33156979
33177273
33186726
33203363
33270150
33304856
33372602
33386623
33402424
33441919
33490872
33524879
33543507
33600089
33602197
33642736
33774716
33808433
33837744
33854710
33856713
33866555
33872790
33904601
33909048
33934384
33935124
34041870
34107471
34139047
34169804
34190300
34210221
34216116
34222492
34249333
34270375
34287005
34328481
34361863
34365426
34392403
34393436
34413397
34428955
34438976
34441331
34442878
34447063
34447307
34491011
34491014
34523981
34576835
34592001
34594237
34613503
34659955
34675462
34692561
34707364
34707586
34713471
34713993
34718358
34803257
34804168
34821641
34827224
34884826
34889148
34898497
34915658
34938045
34943238
34943676
34944439
34953183
34965620
34985300
35004342
35004349
35037006
35037112
35048038
35048191
35061858
35122548
35129368
35187875
35199474
35205138
35223555
35268804
35273925
35282488
35335684
35364661
35404415
35456155
35457601
35477046
35563501
35566746
35612797
35625221
35625330
35625570
35641105
35644006
35646552
35646730
35678189
35728752
35735133
35740158
35741120
35781437
35802644
35811336
35829773
35846582
35866308
35877858
35884456
35916484
35924866
35954742
35959306
35964247
35978527
35987920
35989670
35994451
35998186
36050890
36070584
36077312
36083851
36095084
36110822
36112631
36138430
36140573
36163018
36170305
36190371
36254955
36273463
36290432
36295072
36312320
36329042
36369979
36418687
36421404
36448787
36467733
36468477
36497685
36506809
36508189
36538094
36551346
36597817
36615226
36622053
36633093
36648232
36654677
36678767
36718686
36726642
36755705
36768711
36779221
36781937
36801907
36806930
36837504
36839184
36841279
36861850
36871005
36873973
36921710
36938439
36942209
36948381
36950255
36980362
36985242
37002784
37083612
37086047
37125513
37145081
37154987
37160709
37162352
37170867
37191548
37191955
37211309
37213663
37242661
37260680
37288191
37288705
37315307
37349047
37442534
37444656
37459655
37465146
37481208
37513004
37521176
37595657
37609623
37627732
37672083
37707436
37720275
37724702
37724895
37735213
37742798
37750632
37801450
37815704
37822817
37822820
37889702
37999009
38002870
38003583
38011738
38014595
38033462
38138191
38196480
38225885
38233485
38256037
38305743
38307981
38308430
38331747
38353519
38357336
38357799
38402755
38404290
38409911
38416003
38428718
38514407
38515284
38528960
38533900
38544640
38626983
38666373
38682052
38687029
38699828
38719087
38747599
38764161
38774039
38776586
38786531
38786542
38789533
38791137
38812644
38813341
38823062
38826609
38862016
38867103
38872984
38883904
38921706
38928550
38930519
38938884
38954692
38956881
39007179
39015311
39026754
39035711
39055999
39058349
39064580
39064605
39065223
39066392
39132242
39203357
39203395
39203489
39269543
39298555
39301387
39342044
39364821
39365037
39427482
39445812
39473909
39497343
39563638
39583496
39596308
39604065
14657155
15107068
15206912
15324352
15327644
15380777
15553977
15612941
15612944
15665448
15720575
15733144
15736890
15752104
15829891
15836514
15839398
15840784
15853938
15872275
15943765
15943770
15943771
15995644
16006067
16087299
16101965
16153871
16301151
16302927
16367855
16390469
16441740
16441779
16460260
16473919
16488557
16498070
16553634
16567551
16677187
16677332
16842503
16861296
16907769
16922925
16926393
16930308
16953818
16979483
16982268
17049750
17054916
17064390
17092239
17098542
17169727
17174667
17210663
17224032
17284602
17305623
17309590
17309593
17363213
17451543
17452955
17470016
17501978
17546221
17668977
17760541
17868359
17869137
17877747
17891880
17912965
17931930
17949344
17956463
17967853
17970681
17975090
18081862
18086168
18166104
18177429
18261121
18279187
18287326
18302614
18302679
18315434
18362313
18380560
18380561
18384349
18384407
18389006
18400025
18410396
18436030
18436031
18447853
18448617
18451378
18502971
18541658
18565108
18565147
18582333
18597596
18647203
18657153
18672992
18676491
18701660
18727657
18768651
18771363
18828812
18834241
18834247
18834252
18834253
18929268
18988315
19031785
19053919
19053921
19053922
19058781
19063908
19069337
19076989
19121507
19162208
19162209
19184295
19196111
19207883
19207889
19221563
19228092
19228098
19239639
19304852
19371397
19386852
19389765
19405829
19416446
19431959
19453574
19465482
19485826
19501677
19554711
19586997
19624697
19637996
19650858
19656025
19656037
19659894
19663511
19667822
19679682
19693550
19702957
19722792
19772671
19792846
19799718
19818393
19824556
19832799
19835625
19840640
19852608
19879369
19893968
19919176
19930094
19937216
20002682
20006468
20038241
20056008
20059413
20059420
20096084
20098966
20140039
20141366
20152680
20189734
20190043
20192867
20195365
20214441
20219690
20305865
20331798
20331800
20337663
20337892
20373538
20375548
20380884
20429938
20465032
20507380
20514045
20536751
20572920
20618547
20619781
20658043
20662307
20688951
20712636
20739702
20806225
20831669
20846155
20850664
20877160
20883221
20929722
20955954
21054554
21078857
21083570
21086009
21091345
21106792
21146709
21160219
21163008
21166898
21206165
21208407
21211789
21214870
21261620
21263019
21340603
21385202
21392048
21397893
21405936
21410554
21431261
21435699
21453047
21486182
21488934
21491990
21507684
21513472
21517858
21523213
21523231
21524712
21529775
21529777
21538238
21545652
21563945
21564314
21569094
21574831
21609257
21622527
21632710
21688602
21689545
21724088
21733492
21749169
21769304
21793826
21827233
21861637
21864643
21885482
21896155
21896157
21909493
21911490
21916371
21928086
21929616
21942788
22010417
22028508
22030151
22053965
22060046
22103335
22105837
22112031
22141356
22143381
22150619
22166166
22181686
22196182
22203528
22220822
22230462
22230465
22232719
22232720
22257880
22273979
22276920
22287711
22288485
22320070
22324467
22324488
22326171
22339260
22353895
22371122
22374743
22407618
22417880
22419513
22443543
22526568
22531876
22546352
22547549
22549664
22564019
22565224
22571226
22573244
22616908
22633049
22642916
22655057
22680302
22695115
22703649
22704805
22708917
22710412
22765511
22808953
22882677
22928386
22934839
22968422
22988660
22996215
22998386
23018230
23030242
23041992
23053707
23100272
23107050
23116446
23119051
23121460
23124752
23127822
23141872
23171319
23173827
23258847
23258979
23278531
23287555
23294114
23297645
23327648
23334268
23335585
23357386
23413629
23437130
23447375
23451182
23521427
23527870
23533413
23534379
23538166
23560645
23608307
23616409
23638858
23646850
23647376
23659423
23660697
23666172
23675952
23695557
23705535
23710672
23711357
23714361
23731242
23737674
23738858
23742079
23743616
23745964
23748323
23748736
23751528
23757461
23814584
23821559
23827459
23853701
23855174
23857867
23879704
23892061
23952074
23990979
23991267
24007199
24025882
24031906
24036419
24040571
24089361
24102517
24121919
24144271
24146665
24165189
24171000
24223591
24255993
24261910
24273047
24274370
24288439
24320955
24339946
24340084
24345204
24351045
24355228
24372897
24421978
24450418
24451862
24475753
24484531
24502612
24505483
24551246
24554003
24554879
24555252
24562188
24574052
24579762
24638087
24675519
24677258
24683780
24708362
24720498
24736700
24741603
24794687
24802631
24814979
24835305
24861390
24861845
24872621
24881214
24892452
24924298
24943676
24943760
24945400
24945514
24946875
24949828
24966528
24970146
24995517
25023245
25040261
25052707
25056413
25061055
25065393
25070874
25098564
25101489
25139407
25152229
25171331
25173070
25175980
25178742
25217278
25225799
25232962
25233105
25266040
25270662
25316464
25328922
25367612
25386627
25387289
25389290
25391881
25394610
25412608
25422124
25426790
25427269
25434071
25447490
25452281
25469723
25494658
25506144
25522313
25523961
25526624
25529603
25530681
25555916
25565631
25568807
25568808
25601790
25631494
25658942
25663343
25680706
25713575
25722922
25757149
25761675
25762359
25797107
25808980
25811847
25812473
25827437
25831954
25847068
25867215
25879057
25888355
25888404
25900347
25918553
25924695
25926895
25953484
25954253
25984952
26033167
26053503
26063967
26067981
26077225
26082387
26096116
26111153
26120510
26121972
26134411
26155342
26170876
26171870
26172848
26177212
26193958
26194628
26209620
26210387
26221929
26224458
26252751
26259070
26277409
26305580
26309048
26313005
26318875
26351631
26355881
26371120
26378150
26392039
26392688
26412568
26424287
26434368
26441291
26461083
26469811
26478974
26481834
26484315
26494938
26510619
26511188
26513268
26521147
26541672
26550526
26557034
26600627
26604572
26606331
26617937
26654345
26672427
26681855
26729495
26744578
26779448
26810057
26835659
26870849
26924897
26932733
26936213
26937289
27000771
27035339
27105613
27153291
27193146
27224005
27227499
27266517
27297417
27301874
27311400
27313576
27320300
27325868
27340161
27383704
27399273
27405639
27420109
27422156
27469171
27469559
27469562
27469569
27475682
27484636
27542376
27556678
27556680
27565999
27572513
27585775
27594668
27601356
27627556
27666672
27697692
27711121
27714828
27717180
27727278
27747631
27786617
27786620
27794150
27820156
27825675
27825678
27888369
27899684
27901209
27908987
27924595
27966504
27974831
27986835
27988390
27997347
28049974
28057754
28099577
28104616
28126355
28189829
28193569
28198980
28264048
28319129
28321995
28325127
28326155
28331333
28334934
28336586
28349674
28359872
28367891
28382776
28383606
28387608
28392403
28439996
28446907
28457849
28499236
28512127
28512280
28554093
28576147
28611978
28630069
28666877
28667678
28671506
28671508
28674708
28676826
28748041
28757930
28757933
28763140
28764300
28766990
28797211
28800622
28844191
28848499
28854287
28874750
28890719
28894293
28987726
29023524
29079615
29081982
29084027
29110296
29123634
29138754
29146851
29151456
29196415
29232563
29235255
29247483
29299190
29327500
29333776
29340343
29352461
29364340
29401401
29434575
29440783
29442084
29456893
29458668
29468598
29483296
29498485
29505065
29520798
29520825
29525436
29534128
29537663
29538390
29573211
29589156
29593415
29623999
29663912
29680846
29721223
29728099
29744166
29744187
29744199
29768437
29797719
29855347
29876042
29896567
29925714
29934515
29956243
29977603
29988826
30013030
30028077
30048057
30052903
30069478
30095173
30099741
30142971
30171738
30202609
30203018
30210478
30222195
30266745
30268559
30306333
30328283
30351354
30367824
30386642
30386996
30392706
30397915
30505364
30506795
30575059
30589008
30626263
30629741
30669938
30695540
30728854
30729346
30800247
30826504
30842870
30856692
30880264
30909081
30937543
30940882
30988877
31002887
31027098
31075524
31111123
31156531
31174997
31176146
31214897
31257588
31257591
31266146
31281801
31296364
31325717
31332969
31341566
31342509
31356381
31357852
31376167
31381369
31393600
31409865
31417514
31448837
31473699
31477019
31504982
31517596
31536433
31537147
31541515
31596326
31632667
31641199
31655839
31677272
31687180
31696592
31765020
31770598
31781106
31795139
31808297
31870899
31889858
31901280
31908481
31914706
31949898
31949901
32023661
32046045
32046654
32050105
32070755
32072344
32088522
32109938
32110597
32142562
32157085
32169683
32176238
32193820
32214064
32282725
32329066
32333174
32384777
32385879
32422332
32428060
32443919
32497654
32503390
32512248
32515413
32519941
32532033
32539695
32544646
32545150
32617182
32634886
32656449
32670905
32670940
32696031
32737880
32738349
32748883
32764360
32768588
32773975
32785473
32792823
32815124
32815134
32815135
32815138
32815140
32839120
32857044
32865464
32871610
32873758
32885473
32894779
32897213
32899493
32901713
32916329
32933859
32935363
32965768
32978483
32991638
33012233
33023121
33042892
33062199
33066545
33092182
33096404
33107981
33128827
33132714
33137995
33145632
33147687
33156979
33177273
33186726
33203363
33270150
33304856
33372602
33386623
33402424
33441919
33490872
33524879
33543507
33600089
33602197
33642736
33774716
33808433
33837744
33854710
33856713
33866555
33872790
33904601
33909048
33934384
33935124
34041870
34107471
34139047
34169804
34190300
34210221
34216116
34222492
34249333
34270375
34287005
34328481
34361863
34365426
34392403
34393436
34413397
34428955
34438976
34441331
34442878
34447063
34447307
34491011
34491014
34523981
34576835
34592001
34594237
34613503
34659955
34675462
34692561
34707364
34707586
34713471
34713993
34718358
34803257
34804168
34821641
34827224
34884826
34889148
34898497
34915658
34938045
34943238
34943676
34944439
34953183
34965620
34985300
35004342
35004349
35037006
35037112
35048038
35048191
35061858
35122548
35129368
35187875
35199474
35205138
35223555
35268804
35273925
35282488
35335684
35364661
35404415
35456155
35457601
35477046
35563501
35566746
35612797
35625221
35625330
35625570
35641105
35644006
35646552
35646730
35678189
35728752
35735133
35740158
35741120
35781437
35802644
35811336
35829773
35846582
35866308
35877858
35884456
35916484
35924866
35954742
35959306
35964247
35978527
35987920
35989670
35994451
35998186
36050890
36070584
36077312
36083851
36095084
36110822
36112631
36138430
36140573
36163018
36170305
36190371
36254955
36273463
36290432
36295072
36312320
36329042
36369979
36418687
36421404
36448787
36467733
36468477
36497685
36506809
36508189
36538094
36551346
36597817
36615226
36622053
36633093
36648232
36654677
36678767
36718686
36726642
36755705
36768711
36779221
36781937
36801907
36806930
36837504
36839184
36841279
36861850
36871005
36873973
36921710
36938439
36942209
36948381
36950255
36980362
36985242
37002784
37083612
37086047
37125513
37145081
37154987
37160709
37162352
37170867
37191548
37191955
37211309
37213663
37242661
37260680
37288191
37288705
37315307
37349047
37442534
37444656
37459655
37465146
37481208
37513004
37521176
37595657
37609623
37627732
37672083
37707436
37720275
37724702
37724895
37729258
37735213
37742798
37750632
37801450
37815704
37822817
37822820
37889702
37999009
38002870
38003583
38011738
38014595
38033462
38138191
38196480
38225885
38233485
38256037
38305743
38307981
38308430
38331747
38353519
38357336
38357799
38402755
38404290
38409911
38416003
38428718
38514407
38515284
38528960
38533900
38544640
38626983
38666373
38682052
38687029
38699828
38719087
38747599
38764161
38774039
38776586
38786531
38786542
38789533
38791137
38812644
38813341
38823062
38826609
38862016
38867103
38872984
38883904
38921706
38928550
38930519
38938884
38954692
38956881
39007179
39015311
39026754
39035711
39055999
39058349
39064580
39064605
39065223
39066392
39132242
39203357
39203395
39203489
39269543
39298555
39301387
39342044
39364821
39365037
39427482
39445812
39473909
39497343
39563638
39583496
39596308
39604065
