1329632
1774284
1929301
2108992
2721919
7656661
7699030
7960141
8077987
8243036
8582135
8723479
9114380
9350415
10530647
10618129
10834961
10882701
11060051
11060057
11060090
11092850
11283118
11430498
11847942
11923322
15388750
15830669
15991477
16230189
16278029
16280513
17617184
18372268
18436605
19213241
19273651
19359819
19486494
20203228
20433865
21131318
22062312
22063343
22064206
23184155
23390911
23402360
23776782
24010630
24169320
24201206
24292087
24627730
25634754
26132835
26674447
27312688
27726900
27987112
28101806
28535606
28763660
29071054
29175606
29744476
30227256
30280840
31339483
31493916
32319520
34252296
34802242
34876224
34977997
35288209
35453797
35997873
37356664
37424546
38536399
38740525
38873884
39168615
39356407
39570052
