9826013
11139026
12450840
12583712
12839781
15956297
15998122
16168579
16806553
16958846
17337536
18077039
18775578
19577815
19584561
21174960
21299580
21849217
22445914
22459863
23105090
24387849
24414915
25833154
26142864
26551888
26665597
26723119
29300157
29789800
30027759
30195168
30459729
30815304
31274911
32276583
32397488
32460704
32539975
33352625
33492933
34253372
35646718
36846685
37324868
37364321
37587110
37893449
37893644
37908544
38304046
38611432
38696668
38771159
39189737
39195789
9826013
11139026
12450840
12583712
12839781
15956297
15998122
16168579
16806553
16958846
17337536
18077039
18775578
19577815
19584561
21174960
21299580
21849217
22445914
22459863
23105090
24387849
24414915
25833154
26142864
26551888
26665597
26723119
29300157
29789800
30027759
30195168
30459729
30815304
31274911
32276583
32397488
32460704
32539975
33352625
33492933
34253372
35646718
36846685
37324868
37364321
37587110
37893449
37893644
37908544
38304046
38611432
38696668
38771159
39189737
39195789
