18676476
21853265
22528310
22552027
23168133
23433344
23510724
23625266
24606713
24621520
24733124
24877654
24933584
25327182
25685762
25738317
25863636
26153502
26440010
27018325
27563516
28404640
29453751
29458493
30586410
31227215
32100703
32114641
32142697
32585683
32678209
33378992
33383956
33975932
34610296
34716461
35208888
35628110
36076619
36461373
36791931
36849630
36986850
37486255
37553336
37691890
37814914
37950067
37971477
38429906
38477460
38549456
38664378
39023197
39042202
39338443
39388633
39438898
39449013
39586940
