1482183
1622210
6163765
7197578
7803695
8851871
8904845
9699417
10469823
10666592
10979192
11910498
12552884
15123265
15152805
15911374
16242652
19707755
20336498
21365083
21821762
23073782
23682566
24002610
25227502
25783416
26284936
27170067
29407617
29720592
30858498
32036475
32476046
32644916
34487423
34995882
36302487
36496162
1482183
1622210
6163765
7197578
7803695
8851871
8904845
9699417
10469823
10666592
10979192
11910498
12552884
15123265
15152805
15911374
16242652
19707755
20336498
21365083
21821762
23073782
23682566
24002610
25227502
25783416
26284936
27170067
29407617
29720592
30858498
32036475
32476046
32644916
34487423
34995882
36302487
36496162
