1333793
1389992
1390113
1548235
1592800
2110445
2172208
2210338
2391295
2397157
2641275
3293613
7488526
7488527
7506899
7512189
7548190
7596291
7730206
7742319
7747934
7826009
7830320
7887629
7926693
8093012
8113188
8157545
8195102
8253682
8257657
8285682
8357253
8486552
8586617
8688004
8698659
8729138
8783706
8825595
8880310
8892848
8913812
8913813
8975598
9023196
9055431
9080705
9172338
9218561
9219910
9222246
9274025
9332516
9336903
9351256
9373938
9508312
9542087
9560424
9562883
9579067
9602930
9611378
9639084
9647855
9674134
9706797
9733973
9734053
9807800
9829939
9925603
10028262
10406941
10528445
10556712
10581551
10598111
10613864
10713412
10735248
10806182
10811225
10821858
10831424
10843055
10846211
10849272
10852862
10919817
10950189
10950190
11016607
11029011
11079695
11096098
11133454
11133942
11135424
11147445
11157928
11169112
11192025
11294349
11319118
11322705
11347607
11348071
11349281
11425747
11428576
11432552
11466298
11493693
11536689
11536730
11536738
11536813
11539843
11576688
11722905
11741854
11751771
11778045
11790756
11811482
11871551
11899050
11955059
11972695
11972700
11999050
12001169
12026974
12039733
12062527
12073132
12144265
12151208
12378605
12406753
12423927
12423973
12427019
12508890
12567236
12597792
12674344
12688287
12711432
12734291
12775057
12788758
12877465
12902249
12915038
12957582
14522599
14593920
14717362
14740735
15031580
15041561
15063209
15163589
15344929
15370659
15370679
15539931
15545415
15605912
15643939
15653901
15819859
15830667
15892747
15901713
15914286
15984791
15991478
16000757
16151113
16151228
16168615
16208026
16245730
16269698
16348289
16349298
16403893
16535242
16535296
16535420
16830542
16830547
16889858
16999129
17020552
17120322
17142380
17142390
17144301
17158991
17164955
17189762
17206803
17209025
17265943
17328202
17438797
17467836
17593722
17765315
17809344
17822092
17868312
17936102
17965359
17985805
17993387
18023156
18044421
18044509
18084755
18156329
18165196
18295401
18355677
18450432
18461315
18463592
18577627
18630910
18631115
18678005
18765906
18804302
18819646
18853803
18972501
19198074
19200145
19282070
19468792
19484296
19523706
19527835
19601563
19668333
19717628
19719653
19719700
19722399
19802638
19860259
19913701
19924927
19957913
19959480
20089045
20146462
20171131
20193210
20398066
20476735
20516471
20623083
20630312
20632002
20638700
20688230
20921143
20979351
21346897
21375285
21482426
21535548
21546561
21616609
21692817
21819067
21846108
21899909
22005463
22052727
22095467
22099546
22151089
22154677
22212416
22221988
22386108
22399180
22506865
22515249
22583619
22639325
22658509
22803340
22976977
22992155
23043837
23072694
23126670
23127714
23133456
23136883
23163042
23246913
23373896
23417948
23566080
23634690
23689043
23690548
23736081
23802758
23811511
23885412
23909690
23930735
23933744
23992799
24043674
24116855
24125128
24193207
24214837
24219167
24274142
24274540
24396089
24483365
24512199
24552171
24553415
24594164
24737722
24740748
24762697
24781900
24798993
24935006
24952087
24972341
24994567
25002979
25049414
25058026
25060563
25103323
25149590
25185955
25194259
25257883
25305441
25428758
25543237
25555375
25565314
25650347
25707532
25733861
25745228
25790506
25803299
25873540
25934962
25971375
25996945
25998260
26003737
26025430
26148855
26190256
26235439
26350210
26497452
26519730
26597566
26617323
26648105
26712151
26715461
26718396
26723537
26879495
26986518
27010745
27216815
27342559
27366920
27366981
27405048
27422755
27555484
27623340
27704006
27866621
27867934
27982438
27986717
28032852
28089892
28110139
28183187
28203517
28221854
28290573
28321079
28399332
28402894
28500045
28545603
28559324
28649508
28668752
28729267
28833381
28844773
28851152
28861914
29172040
29196015
29197249
29306131
29369685
29422245
29422884
29571464
29635066
29796395
29800146
29808405
29857631
29859599
29882217
29910986
29946977
29978108
29983943
29987504
29995998
30025339
30081953
30150793
30185170
30227282
30228424
30240930
30258579
30259529
30367501
30515148
30560868
30579190
30584602
30594742
30612019
30615997
30654014
30670544
30691641
30697199
30842906
30852198
30889173
30897412
31005687
31059239
31104102
31158965
31291603
31418995
31421785
31466191
31509981
31572811
31578759
31623152
31669767
31747260
31805726
31888284
31975731
32070784
32121050
32171831
32192032
32270765
32347873
32352764
32358824
32498015
32528975
32535452
32539953
32562062
32567068
32582122
32603937
32620795
32703422
32788349
32957300
33010644
33035793
33066257
33170651
33185813
33234140
33257131
33289172
33327443
33362744
33386072
33466475
33481671
33597461
33637574
33643586
33689900
33725793
33822593
33827165
33858102
33921253
33930970
33933967
33974438
33990036
33995327
34047785
34077200
34118544
34140945
34157567
34174310
34180992
34202799
34271395
34391115
34441563
34441583
34476515
34487583
34574132
34574241
34643189
34699809
34758122
34777276
34925259
35026604
35072828
35181097
35215643
35226466
35288779
35305774
35315431
35316540
35387082
35412199
35412771
35458350
35464920
35501424
35540814
35548745
35563985
35573023
35585231
35618069
35641526
35691198
35722744
35761698
35804729
35811677
35835423
35849218
35861494
35863931
35905618
35914600
35952752
35954118
35980135
35994787
35996024
36014003
36041337
36087062
36128199
36140955
36191413
36192877
36238595
36268776
36285560
36298876
36312754
36325466
36397264
36461386
36500719
36512125
36532539
36548110
36669125
36671344
36703435
36736171
36773337
36806858
36817694
36878368
36894058
36916911
36948016
36985116
37049906
37111943
37224635
37306251
37387372
37446243
37506896
37509734
37524158
37544194
37544215
37601367
37852505
37858786
37886811
37979084
37980994
38002109
38113757
38135082
38138105
38153608
38164710
38278111
38306233
38308218
38335713
38431319
38435684
38479336
38561026
38568314
38612017
38647030
38652230
38659987
38677132
38679366
38730467
38905783
38939188
38979092
38998494
39003345
39019176
39047490
39054619
39096846
39206609
39233147
39288570
39305862
39352755
39402263
39496672
39517300
39561480
39573896
