1368565
1397226
1402067
1481190
1962103
2014440
2017636
2067374
2301113
2501428
2789249
3441923
3444019
3456517
3467226
3697872
3876322
3956138
4578060
4765897
4765898
7034653
7727667
7727668
7852575
7991290
8136430
8397966
8729231
8791258
8894575
8987859
9124993
9126447
9137282
9554144
9593121
9650969
10212746
10546474
10589918
11345349
12499210
12654678
13221759
13257812
14500003
15103912
15314974
15315033
15947436
16423489
17370571
18322717
18327488
19228291
19876565
20170017
20438346
20678316
22109586
22361458
22666859
22938828
23104363
23163039
23271676
23276341
23733470
23955623
24103793
24201200
25297035
25423730
25828766
26124460
26125127
26211497
26674275
26783069
27315002
27836329
28208859
28228622
28878760
30622190
30671281
30677284
31963167
32367215
32414154
32773445
33245764
33393596
33642434
34195257
34470958
34490592
34668729
34674574
35950871
36145495
36992195
37247246
37333201
38179905
38675794
39065064
39386438
39508593
1368565
1397226
1402067
1452782
1481190
1962103
2014440
2017636
2067374
2301113
2501428
2789249
3441923
3444019
3456517
3467226
3697872
3876322
3956138
4578060
4765897
4765898
7034653
7727667
7727668
7852575
7991290
8136430
8397966
8729231
8791258
8894575
8987859
9124993
9126447
9137282
9480648
9554144
9593121
9650969
10212746
10546474
10589918
11345349
12499210
12654678
13220608
13221759
13257812
14500003
15103912
15314974
15315020
15315033
15947436
16423489
17370571
18322717
18327488
19228291
19876565
20170017
20438346
20678316
22109586
22361458
22666859
22938828
23104363
23163039
23271676
23276341
23733470
23955623
24103793
24201200
25297035
25423730
25828766
26124460
26125127
26211497
26674275
26783069
27315002
27836329
28208859
28228622
28878760
30622190
30671281
30677284
30695529
30702232
31963167
32367215
32414154
32773445
33245764
33393596
33642434
34195257
34470958
34490592
34665949
34668729
34674574
35950871
36145495
36992195
37247246
37333201
38179905
38675794
39065064
39386438
39508593
