225985
356946
885798
1379566
1672125
1672126
2126003
2412776
2657820
3015735
3663332
4019312
5547993
5808071
6427181
7629030
15015725
15388977
15489173
15561847
15577216
15793617
15989218
16561461
17684254
18633284
19182387
21073425
21672031
21827364
22806732
23116432
24255002
26005349
27356545
31488542
32790603
33178147
34788213
35756060
36088378
39340701
225985
356946
885798
1379566
1672125
1672126
2126003
2412776
2657820
3015735
3663332
4019312
5547993
5808071
6427181
7629030
15015725
15388977
15489173
15561847
15577216
15793617
15989218
16561461
17684254
18633284
19182387
21073425
21672031
21827364
22806732
23116432
24255002
26005349
27356545
31488542
32790603
33178147
34788213
35756060
36088378
39340701
