9103611
9251223
9361422
9687438
10543782
10650216
10679051
10792550
11283299
11375193
11501472
11501477
11501481
11547882
12644492
14659537
15883874
15936894
16339957
16887612
17235560
17600072
18045396
18194251
18217928
18378598
18427783
18661292
18765612
18839246
19554324
20158525
20190048
20493960
20585943
20622018
20851965
21410228
21857964
22528303
22692875
22901468
23442088
23624710
23653262
24025701
25078564
25136124
25790501
26123320
26409956
26507654
26928330
27146195
27451293
27696632
28018336
28751915
29445454
29753202
29796256
30099783
30181051
31035603
31407448
31918362
31955240
33081314
34469197
34638543
35195775
36337113
37295348
37827238
38127130
38294941
38754847
38915023
