713879
749778
874450
1390687
1400390
1486659
1645124
1804566
1840499
1919505
1955877
1955878
2013281
2179262
2225237
2258329
2280346
2394676
2737207
2775761
3229096
3416237
3421954
6160195
6191182
6428369
7568468
7642130
7669800
7857805
7867954
7916690
7916959
7958761
8017910
8081504
8180697
8218905
8358854
8385013
8439171
8444808
8467997
8477696
8588890
8633053
8662959
8855219
8961560
8990157
9025284
9154927
9178431
9281496
9299478
9342349
9361407
9380650
9401037
9650255
9677336
9687453
9720205
9726125
9792929
9845347
9852013
9918784
10079199
10094681
10095780
10099561
10103255
10201093
10217489
10217764
10231528
10231590
10424908
10461376
10467180
10502672
10601860
10735862
10742253
10752079
10762269
10803902
10856779
10861403
10930068
10978771
11014445
11055965
11155994
11427231
11443902
11481039
11535792
11549019
11563954
11668441
11976106
11988533
12057951
12121763
12324318
12452595
12467453
12549980
12615356
12676691
12688586
12740930
12751243
12834356
12855164
12952988
14505323
14605909
14711645
14734175
15023952
15053322
15092275
15118304
15377796
15459646
15466583
15580577
15835791
15880828
15921896
15943801
16156792
16193738
16211852
16217652
16233382
16243323
16261859
16316677
16336190
16346605
16347267
16347598
16347686
16348853
16349184
16391088
16535265
16676419
16777176
16878606
16928986
16997966
17010461
17022455
17025157
17043815
17092544
17216468
17249802
17273817
17337313
17371547
17555521
17693456
17994258
18259069
18310409
18412544
18570338
18601220
18636454
18677653
18723343
18757580
18783815
18801704
18809911
19103458
19125399
19270122
19346246
19387713
19561185
19665165
19688376
19701186
19843222
19878365
19903476
20089297
20204468
20392474
20541114
20587386
20645797
20812732
20823547
20886813
20941578
21113668
21261073
21301099
21393851
21409422
21602385
21642460
21642485
21729248
21871580
21996482
22020644
22450466
22500029
22509221
22587005
22605340
22694209
22806740
22833401
22842987
22922990
22951323
23059973
23100637
23100776
23288294
23289483
23376196
23475593
23567153
23695777
23708570
23826231
24292844
24493572
24501654
24526639
24531456
24620594
24748430
24787668
25049233
25128343
25253442
25360825
25491752
25656153
25746475
25791233
25863901
26310241
26472842
26596084
26655765
26667322
26705829
26712248
26772816
26941155
27116228
27215318
27250664
27357900
27377798
27388842
27434252
27706217
27766485
27888727
27930842
28150192
28324571
28605707
28644864
28726102
28854671
29126065
29192510
29518089
29551479
29705954
29768238
29800680
30244278
30380643
30386734
30418672
30453162
30500692
30576728
30859469
30892875
31156665
31278426
31481940
31605246
31609105
31756820
31799145
31874764
31898479
31935987
32053975
32083262
32154356
32480233
32733398
32924356
32989155
33088939
33122420
33254655
33324369
33605147
33765462
34033201
34324106
34564923
34566938
34617793
34690941
34694963
34740695
34798103
35032229
35183828
35553282
35721981
35834390
36015112
36197531
36256818
36767132
36875536
37065135
37122534
37329399
37868049
37880695
38214280
38222043
38487111
38547751
38585330
38608581
38852663
39202353
39447356
