1291846
2541646
2671019
8123561
9109152
10618283
12855173
14662930
15071065
16151142
16495634
17160676
17263332
17619856
17766855
17978237
19187160
19335614
19615403
19669828
19783606
19783615
19833196
20181907
20649752
20972262
21613430
21883728
22370877
22450977
22628499
22763567
22920915
23131096
23606480
23963236
24807242
25215633
25931589
26358917
26400786
26413079
26450927
26877862
27252681
27566276
27881415
28744482
29312155
29663155
30414838
31404671
31941692
33115844
33304596
34602092
35202220
38261949
38738486
1291846
2541646
2671019
8123561
9109152
10618283
12855173
14662930
15071065
16151142
16495634
17160676
17263332
17619856
17766855
17978237
19187160
19335614
19615403
19669828
19783606
19783615
19833196
20181907
20649752
20972262
21613430
21883728
22370877
22450977
22628499
22763567
22920915
23131096
23606480
23963236
24807242
25215633
25931589
26358917
26400786
26413079
26450927
26877862
27252681
27566276
27881415
28744482
29312155
29663155
30414838
31404671
31941692
33115844
33304596
34602092
35202220
38261949
38738486
