1506332
1774244
2695658
6763136
7699072
7726895
8500477
8573505
8816154
8849243
8999479
9031879
9157140
10421104
10496134
10618080
10866103
11100536
11411876
11453927
11579529
12361293
12525899
12791881
14533999
14605196
15528707
15533065
15956412
16166688
16320761
17197647
17259606
17374898
17443467
17484997
17551026
17580232
17625175
18068051
18162695
18321687
18344006
18435787
18512172
18516465
18833413
19398458
19639036
19684327
20375367
20810768
20817835
20855390
21037519
21402847
21726965
22038604
22219309
22301041
22552466
22552522
22863625
23216681
23220954
24060098
24143007
24340116
24475340
24747905
24892274
24930664
25239419
25560058
26200967
26471040
26809666
26873179
27613736
27615155
27999029
28084628
28626172
28711667
28716481
28740899
28870771
28923878
29252239
29352602
29618770
29686152
29788514
29845487
29933049
30091232
30401464
30606196
31308317
31400449
31818815
32815801
32853327
33694036
33722464
33952779
34408177
34850946
34902263
35062865
35364301
35412966
35450784
36823551
36840607
36845087
37022776
37486328
37542926
37802128
38302864
39370263
1506332
1774244
2695658
6763136
7699072
7726895
8500477
8573505
8816154
8849243
8999479
9031879
9157140
10421104
10496134
10618080
10866103
11100536
11411876
11453927
11579529
11897524
12361293
12525899
12791881
14533999
14605196
15528707
15533065
15956412
16166688
16320761
16879126
17197647
17259606
17374898
17443467
17484997
17551026
17580232
17625175
18068051
18162695
18321687
18344006
18435787
18512172
18516465
18833413
19398458
19639036
19684327
20375367
20810768
20817835
20855390
21037519
21402847
21726965
22038604
22219309
22301041
22552466
22552522
22863625
23216681
23220954
24060098
24143007
24340116
24475340
24747905
24892274
24930664
25239419
25560058
26200967
26471040
26809666
26873179
27613736
27615155
27999029
28084628
28626172
28711667
28716481
28740899
28870771
28923878
29252239
29352602
29618770
29686152
29788514
29845487
29933049
30091232
30401464
30606196
31308317
31400449
31818815
32815801
32853327
33694036
33722464
33952779
33997629
34408177
34850946
34902263
35062865
35364301
35412966
35450784
35574501
36823551
36840607
36845087
37022776
37486328
37542926
37802128
38302864
39370263
