2587
7091
13920
14131
18200
24083
29546
49172
56767
109401
109402
123919
125754
127086
135258
140685
144135
153436
154517
156832
157157
157159
159818
166977
171542
176114
178313
196159
196160
197885
207206
220917
226469
234463
234747
235315
236299
242189
263821
341656
351339
372534
378992
385063
403839
408036
444450
484936
500558
507841
539691
623497
625303
631247
632259
649420
666218
671458
677895
689571
703651
718994
720589
722738
736936
779553
788798
808686
817628
817666
818881
921249
922015
953052
955666
963613
1104423
1121296
1121297
1125026
1128272
1129380
1140310
1159851
1177288
1221033
1230056
1230719
1245185
1248781
1261559
1261561
1262332
1319278
1324887
1325943
1352787
1510315
1520443
1551978
1663748
1689718
1730501
1813779
1834198
1848527
2037372
2281604
2417958
2427627
2452272
2479599
2512004
2514339
2555299
2569461
2663726
2714297
2810265
2902854
2946115
2966501
3002853
3084791
3122636
3183614
3240562
3242686
3296062
3448153
3615557
3619192
3655742
3722123
3741386
3819446
3897405
4064625
4064797
4097568
4101357
4113117
4119672
4122828
4132910
4136216
4147495
4148376
4158502
4160453
4168405
4187018
4189893
4197659
4198569
4253716
4285847
4287523
4291069
4291656
4293760
4295929
4297467
4297733
4303095
4304303
4304858
4310220
4310547
4313604
4318778
4319456
4319674
4320074
4323640
4323770
4327443
4332727
4332729
4333316
4334137
4334844
4334978
4337270
4344992
4349862
4350062
4356463
4356985
4364528
4370899
4378502
4392117
4412068
4415399
4425314
4430476
4430684
4433717
4447807
4447810
4462736
4515612
4540257
4555268
4565052
4576356
4586935
4628031
4631532
4640196
4643938
4689774
4698221
4725042
4743516
4771752
4783219
4826538
4828527
4838683
4855991
4859500
4890766
4907407
4924114
4949952
4957222
4957713
4959617
4960415
4961801
4966790
4968183
4977960
4979099
4995846
4998716
5003720
5029940
5050253
5061367
5061368
5112150
5166559
5172538
5276305
5322988
5340345
5344447
5350926
5365364
5367503
5379588
5411489
5427277
5435444
5443685
5443706
5445780
5450997
5469697
5471252
5473912
5476718
5478543
5479374
5485277
5501655
5503393
5503577
5507614
5515454
5516453
5525334
5526034
5541474
5597340
5635783
5636824
5639282
5640398
5650078
5660080
5661088
5672583
5674967
5679787
5679914
5679966
5679967
5681446
5721251
5764733
5766013
5772301
5785590
5785591
5785597
5808831
5811795
5858127
5882707
5912711
5914478
5916379
5920807
5941276
5943596
5961174
5961750
5968540
5974565
6021418
6027253
6035490
6035491
6041351
6048972
6052497
6056763
6065769
6221756
6231050
6249194
6303235
6378738
6457832
6486760
6659854
6745815
6754698
6774637
6780515
6838872
6847034
6878209
6928606
6995326
7014457
7045104
7099513
7168369
7203288
7203289
7217039
7222747
7235453
7236621
7286850
7286851
7356957
7387139
7410334
7424049
7425605
7469254
7492956
7498603
7578450
7719452
7801513
7894643
8025676
8071802
8400397
8400398
8439233
8458954
8559037
8686168
8688004
8709344
8794763
8828115
9141210
9165705
9424558
9485591
9502573
9611795
9704505
9768276
9794435
9888462
10206696
10335485
10389697
10520585
10728569
10899880
10946815
11025152
11434556
11447506
11535363
11583377
11583858
11586191
11682191
11770702
11772311
11876417
11883522
11946349
11947336
12072265
12226734
12422510
12486050
12547612
12694922
12804021
12978698
12997497
12999691
12999695
12999696
13034708
13067311
13069464
13115341
13124994
13172243
13198990
13201592
13219903
13268417
13271350
13273216
13278479
13293182
13299365
13301218
13302686
13302687
13321923
13322939
13332185
13338984
13341963
13388189
13394225
13412938
13428772
13449037
13471605
13532790
13532884
13641189
13684572
13704655
13708147
13710925
13724377
13775755
13818082
13843316
13849090
13853059
13854036
13862733
13863583
13875399
13875400
13918370
13946232
13960214
13979428
13999394
14027678
14027679
14038915
14044962
14058035
14077502
14080790
14093400
14167617
14193828
14212975
14228917
14236706
14247683
14285524
14285525
14332442
14342223
14376082
14376083
14376084
14376088
14404646
14408355
14452730
14462642
14463993
14522132
14930275
14953939
14955505
14989362
15063805
15100302
15221222
15415580
15533305
15661330
15702256
15825417
15896669
15949629
16031516
16031926
16130993
16207922
16233834
16269344
16557844
16561821
16562108
16620207
16686201
16745939
16748129
16748131
16960114
17021205
17401912
17559943
17639315
17827663
18070971
18088479
18121305
18448140
18523759
18553742
18599240
19362192
19648025
19660076
19755141
19774728
19852109
20347460
20452357
20665204
20704508
20846814
21024275
21103541
21195591
21335976
21341068
21429630
21622974
21923104
22099205
22113758
22149063
22191207
22512632
22548959
22556699
22628511
23413910
23463335
23815825
23827995
23885032
23925418
23930021
24031256
24229602
24383971
24463645
24535256
24571790
24835198
25108291
25286009
25316557
25697605
25915594
26267654
26332641
26446886
26512893
26604441
26785029
26810200
26847904
26865049
26941228
27028886
27216553
27384553
27518187
27779664
27800054
27803782
28035388
28043567
28074866
28149937
28174310
28625522
28648175
28918535
29314446
29615987
29945244
30223483
30248511
31203803
31265288
31863568
31979231
32143924
32534762
33114712
35102737
35727046
36297953
37268092
37723902
37768052
38809504
39140285
