16560011
19933584
22815459
24205445
24548930
25720168
26060434
26296875
26691480
26702995
27158229
28163698
28747586
28975646
30169540
30297045
30333946
30949808
31082602
31348725
31408821
31580420
31675066
31678688
31736550
31762671
32398084
32400956
32664464
32688172
32719949
33066699
33156472
33243655
33551699
33665708
33802666
33834775
33968596
34165739
34177819
34253465
34373438
34441683
34536676
34675904
34867051
34897250
35010233
35171710
35247235
35380464
35456723
35528426
35722323
35749891
35765559
35834592
35854349
35877757
35992677
36028056
36326957
36338067
36544824
36657185
36677341
36744908
36771609
36828198
36918502
36982846
37149232
37171761
37233258
37239859
37598736
37648175
37681922
37705729
37764068
38190850
38216004
38326954
38451229
38452666
38520836
38525664
38674662
38720728
38729251
38764519
38792841
38846577
38978518
39000152
39015206
39081260
39117334
39203529
39239205
39299520
39367339
39582424
39597710
39611089
