1367274
1399914
1435726
1487509
1534327
1551396
1551842
1569030
1612415
1714034
1740156
1838090
1884984
1901791
1904856
1993192
2007126
2119065
2227451
2285282
2548063
2611229
2684783
2777370
2903715
2994017
3018441
3064811
3293613
3876968
6318248
7495800
7556666
7557338
7571871
7588734
7607392
7729667
7737171
7765863
7789818
7883702
7926670
8002598
8060536
8121397
8181706
8226699
8232209
8320236
8332599
8349654
8353127
8405922
8472912
8486239
8550430
8550476
8602153
8606176
8626065
8631711
8706888
8809760
8824601
8866473
8998998
9082911
9106216
9198277
9212399
9212429
9310859
9310861
9424743
9493387
9562873
9675851
9709204
9726851
9733703
9734019
9738886
9746568
9801199
10049379
10053131
10100862
10228083
10390873
10415172
10425749
10436926
10459584
10473426
10481097
10490228
10528718
10537210
10554224
10583686
10651930
10698802
10728610
10736005
10781862
10794411
10921778
10974121
10981700
10992239
11024354
11030573
11034317
11064268
11079700
11083807
11179652
11200538
11377767
11382225
11500391
11530674
11556918
11571172
11681202
11958607
12044676
12044685
12076786
12142144
12147502
12151240
12426351
12862458
12893831
12902246
12957920
14532029
14612250
15035661
15216468
15272403
15527916
15557257
15557640
15606769
15666559
15667998
15964717
16020541
16041148
16106559
16177313
16245710
16267849
16297478
16408175
16672446
16853281
16867985
16884803
16943093
16943098
16996159
17136423
17184340
17218029
17309623
17453196
17993395
17995695
17995750
18034830
18039827
18165371
18239074
18389690
18625535
18752861
18754790
18952880
19060169
19102705
19251335
19564384
19666814
19731935
19818681
19851500
19854899
19914576
20198665
20416663
20501043
20542901
20688237
20696534
20814943
21146240
21177044
21183239
21329998
21375878
21481238
21664056
21786423
22059759
22059919
22060589
22060681
22060878
22060939
22061010
22061209
22061413
22061458
22061519
22061525
22061650
22061796
22061810
22061822
22062127
22062225
22062228
22062552
22062704
22062781
22062840
22063199
22063331
22063710
22064002
22179253
22186059
22202870
22202874
22209604
22272658
22328677
22365353
22410707
22475009
22535955
22659289
22727596
22803763
22938038
23064703
23072691
23094819
23152340
23273441
23313004
23400969
23556545
23572607
23905792
23992498
24261791
24387852
24414651
24674436
25198841
25247133
25332125
25430637
25493478
25497915
25533352
25637876
25805616
25851258
25977432
25990636
25991555
26049242
26590802
26897703
27095684
27104031
27451178
27455176
27626598
27669322
27688338
27783465
27874964
27931747
28213028
28256775
28348860
28399999
28695218
28778816
28843125
28852719
28857546
28873604
28971248
29072194
29269769
29446685
29528706
29544826
29550159
29550990
29551445
29677095
29684093
29688795
29697297
29714017
29714018
29728282
29786847
29844032
30166139
30216664
30252142
30263276
30380756
30402458
30485765
30736344
30810809
31121730
31130922
31135334
31289643
31421877
31556126
31584123
31649643
31732993
31750778
31847510
31950105
32058874
32413692
32672946
32764492
32867999
33036188
33052802
33648173
33678876
33799642
33800145
33805013
33807025
33921909
33928645
34119114
34218124
34287032
34730408
35429823
35847114
36140940
36461402
36511703
36746312
36933310
36995240
37235563
37405645
37491078
37491081
37823141
38002195
38029153
38459514
38715571
38917654
39157655
39272489
39442216
39458408
39554822
