12353874
15067498
15240295
15906116
16166705
16231888
17290869
17453727
17873837
18729335
18759475
19654339
20039190
20222443
20356297
20706891
21390912
21401017
21716334
21916438
22009571
22427450
22589069
22829309
23004017
23358911
23425225
24031760
24044383
24192819
24409765
24706137
24706148
24945705
25073513
25260971
25397876
25839829
26391967
27125564
27508225
27933847
29216488
30518818
31125051
32402929
32586099
32676676
32830498
33497184
33525723
34100615
34663068
34771352
34930259
35006832
35377590
36031954
36185026
36498973
36770342
36943070
37357232
37726211
37769377
37906999
38397433
38543682
39119516
39471942
39487004
