11137599
11240138
11330668
11381962
11418574
11445070
11508850
11676009
11722543
11741873
11761368
11782519
11844787
11857277
11870759
11899469
11914338
11916703
11950997
11980275
12007804
12070689
12138760
12151232
12196160
12206888
12226860
12244722
12353878
12420179
12480902
12482597
12521179
12572691
12588097
12656161
12737820
12775038
12834281
12837511
12855721
12882579
12902280
12913298
14532077
14566432
14615592
14643991
14675496
14679904
14733394
14741355
14756533
14991647
15044493
15044494
15105888
15177901
15178473
15212270
15219250
15256554
15271559
15274476
15294777
15313256
15315231
15342018
15345397
15364533
15366556
15467448
15482595
15533017
15580998
15618623
15676194
15698655
15737401
15772947
15805776
15816681
15823398
15843644
15850381
15862360
15870452
15895264
15932984
15941383
15942007
16000261
16027952
16041147
16059779
16084715
16095897
16112213
16173093
16202233
16212040
16215821
16219502
16223579
16233056
16233399
16233452
16233540
16233646
16233789
16233835
16234867
16238107
16244438
16257910
16269739
16271718
16315977
16315978
16400536
16431087
16440341
16473774
16500099
16584633
16604275
16699582
16807941
16825452
16830224
16869974
16878550
16883881
16915698
16933620
16937398
16979768
17020550
17045281
17059483
17082918
17091343
17140808
17185539
17187443
17189359
17203061
17222129
17261516
17273146
17302937
17304566
17338273
17351095
17355989
17360620
17376665
17395555
17449698
17454821
17470358
17508258
17552248
17564609
17578413
17600067
17612201
17660944
17660945
17698352
17897227
17897948
17904676
17909890
17911085
17943987
17950555
17966524
17975731
17981935
17983721
17986789
17986795
17993268
18039818
18058071
18083856
18083864
18203861
18294712
18297864
18317695
18325759
18367394
18373686
18388983
18391470
18478280
18496880
18512002
18534824
18554786
18563664
18574631
18581266
18589982
18600049
18603796
18618174
18632666
18640267
18665419
18667572
18667860
18791023
18803673
18825980
18835548
18955052
18955818
19025650
19047816
19055775
19076637
19077236
19085035
19090483
19101128
19192781
19225840
19229526
19239530
19294434
19319595
19319598
19332831
19333635
19441229
19445839
19483787
19502725
19555508
19610075
19652354
19666734
19678846
19699031
19703284
19727950
19787416
19800769
19806397
19879686
19880247
19898546
20012335
20033172
20122794
20159572
20208432
20303979
20362439
20406700
20432949
20442397
20460735
20480358
20541532
20546308
20576116
20582711
20627124
20630730
20644934
20645754
20678913
20702072
20799944
20852847
20863700
20884692
20957368
21071859
21128632
21132364
21146407
21191788
21219871
21239041
21239150
21255296
21275254
21282905
21305293
21308384
21316943
21318282
21357431
21364293
21404698
21438567
21472537
21535043
21604047
21617342
21638040
21691775
21698546
21705214
21705549
21724883
21784630
21789491
21830017
21833324
21847529
21862325
21904969
21942786
22050575
22057833
22069151
22075623
22086463
22098310
22100221
22119026
22151959
22204912
22210219
22232899
22237507
22249244
22295641
22341516
22383083
22410741
22430501
22524627
22542586
22555344
22624388
22752316
22760247
22805785
22805826
22837148
22883535
22911238
22920540
22921395
22968225
23018159
23053491
23055613
23064330
23065060
23100810
23131752
23176476
23183347
23183980
23186660
23211489
23291738
23319327
23335869
23344975
23354702
23358330
23384822
23411451
23414699
23440740
23454463
23486178
23487941
23513681
23564605
23586717
23623084
23686751
23709230
23710060
23720034
23722856
23760258
23764590
23791111
23840525
23850802
23852143
23865613
23876140
23910310
23954479
23959118
23974497
23978608
23980744
24031244
24084207
24129838
24151583
24171423
24288464
24292430
24294251
24380576
24385477
24388832
24389460
24390831
24426079
24445171
24510139
24520720
24523248
24634142
24687752
24726552
24727223
24771134
24893664
24932914
24946591
24971945
25023638
25041950
25050971
25064335
25079995
25144400
25154051
25158614
25172572
25187146
25229870
25252934
25265593
25280720
25303790
25312091
25344309
25347960
25371339
25381488
25384039
25384695
25428041
25459838
25461931
25463804
25478575
25496139
25511439
25514408
25528607
25575615
25613548
25722073
25802048
25807372
25923144
25929068
25978855
26011694
26041781
26057245
26150283
26152700
26174759
26196406
26239442
26263692
26264929
26283321
26343200
26370386
26476161
26481159
26492170
26500609
26500637
26567524
26604198
26617599
26621070
26630941
26637599
26645388
26652427
26652457
26677108
26697393
26697394
26710853
26808278
26829305
26901727
26914540
26924114
26930447
26942203
26947441
27003087
27005888
27020124
27040507
27079981
27095409
27134022
27144574
27207050
27332502
27338270
27344257
27351900
27356527
27376536
27394989
27416516
27506054
27519020
27683573
27712915
27873346
27885407
28043205
28110396
28111571
28185883
28214520
28235561
28300779
28414954
28532516
28708455
28747899
28871245
28925584
28953461
28956213
29030122
29154094
29168417
29408987
29458663
29464360
29468116
29637290
29637455
29649956
29696439
29722683
29730593
29747131
29756739
29766244
29851391
29869939
29910941
29935467
29986334
29996532
30027412
30055384
30117047
30143507
30143860
30144770
30214439
30223571
30229957
30343816
30389769
30425685
30476685
30500707
30553947
30563727
30592309
30617533
30619202
30629546
30761108
30771655
30798088
30804894
30810898
30893739
30919119
30984136
31019493
31073789
31100671
31109561
31136796
31176935
31182975
31200307
31203122
31274287
31278425
31368636
31379789
31398782
31411587
31421486
31444204
31506467
31518786
31577980
31586921
31787510
31797752
31848241
31861345
31884267
31941390
31950446
32010095
32032883
32036394
32050370
32071158
32092647
32100159
32117078
32247948
32279796
32390992
32408948
32448917
32462978
32516660
32569817
32593016
32624783
32630740
32647310
32656931
32687219
32689464
32755692
32849411
32884068
32947659
33046243
33088669
33103311
33200270
33200610
33254716
33288317
33329503
33330409
33338773
33398963
33423005
33430222
33442789
33553935
33647753
33704545
33784303
33786282
33806162
33850940
33865106
33878694
33901608
33969560
34018903
34034167
34043324
34062659
34086346
34119926
34150280
34171779
34216963
34281070
34347521
34364128
34375243
34481316
34536096
34572489
34586632
34794837
34847771
34865958
34872039
34890642
34946018
35023772
35068606
35093307
35095822
35170950
35180919
35222314
35246693
35286603
35369491
35408938
35514646
35538942
35611559
35634972
35635589
35643293
35657552
35682127
35728497
35806498
35838790
36037732
36049690
36090071
36097089
36171747
36179848
36203043
36250565
36276475
36535500
36635106
36775027
36778865
36893541
36923508
36976989
37007468
37014849
37110452
37115024
37119161
37119300
37137450
37180931
37228625
37285209
37323903
37336403
37407610
37533830
37572823
37758076
37800960
37979390
37983372
38170898
38306373
38311245
38324985
38348185
38399813
38480761
38508270
38543641
38554963
38569341
38569954
38593609
38643624
38814929
38933961
38937525
39003052
39035893
39068972
39069100
39094417
39173952
39179975
39211588
39277706
39471627
39488965
11137599
11240138
11330668
11381962
11418574
11445070
11508850
11676009
11722543
11741873
11761368
11782519
11844787
11857277
11870759
11899469
11914338
11916703
11950997
11980275
12007804
12070689
12138760
12151232
12196160
12206888
12226860
12244722
12353878
12420179
12480902
12482597
12521179
12572691
12588097
12656161
12737820
12775038
12834281
12837511
12855721
12882579
12902280
12913298
14532077
14566432
14615592
14643991
14675496
14679904
14733394
14741355
14756533
14991647
15044493
15044494
15105888
15177901
15178473
15212270
15219250
15256554
15271559
15274476
15294777
15313256
15315231
15342018
15345397
15364533
15366556
15467448
15482595
15533017
15580998
15618623
15676194
15698655
15737401
15772947
15805776
15816681
15823398
15843644
15850381
15862360
15870452
15895264
15932984
15941383
15942007
16000261
16027952
16041147
16059779
16084715
16095897
16112213
16173093
16202233
16212040
16215821
16219502
16223579
16233056
16233399
16233452
16233540
16233646
16233789
16233835
16234867
16238107
16244438
16257910
16269739
16271718
16315977
16315978
16400536
16431087
16440341
16473774
16500099
16584633
16604275
16699582
16807941
16825452
16830224
16869974
16878550
16883881
16915698
16933620
16937398
16979768
17020550
17045281
17059483
17082918
17091343
17140808
17185539
17187443
17189359
17203061
17222129
17261516
17273146
17302937
17304566
17338273
17351095
17355989
17360620
17376665
17395555
17449698
17454821
17470358
17508258
17552248
17564609
17578413
17600067
17612201
17660944
17660945
17698352
17897227
17897948
17904676
17909890
17911085
17943987
17950555
17966524
17975731
17981935
17983721
17986789
17986795
17993268
18039818
18058071
18083856
18083864
18203861
18294712
18297864
18317695
18325759
18367394
18373686
18388983
18391470
18478280
18496880
18512002
18534824
18554786
18563664
18574631
18581266
18589982
18600049
18603796
18618174
18632666
18640267
18665419
18667572
18667860
18791023
18803673
18825980
18835548
18955052
18955818
19025650
19047816
19055775
19076637
19077236
19085035
19090483
19101128
19192781
19225840
19229526
19239530
19294434
19319595
19319598
19332831
19333635
19441229
19445839
19483787
19502725
19555508
19610075
19652354
19666734
19678846
19699031
19703284
19727950
19787416
19800769
19806397
19879686
19880247
19898546
20012335
20033172
20122794
20159572
20208432
20303979
20362439
20406700
20432949
20442397
20460735
20480358
20541532
20546308
20576116
20582711
20627124
20630730
20644934
20645754
20678913
20702072
20799944
20852847
20863700
20884692
20957368
21071859
21128632
21132364
21146407
21191788
21219871
21239041
21239150
21255296
21275254
21282905
21305293
21308384
21316943
21318282
21357431
21364293
21404698
21438567
21472537
21535043
21604047
21617342
21638040
21691775
21698546
21705214
21705549
21724883
21784630
21789491
21830017
21833324
21847529
21862325
21904969
21942786
22050575
22057833
22069151
22075623
22086463
22098310
22100221
22119026
22151959
22204912
22210219
22232899
22237507
22249244
22295641
22341516
22383083
22410741
22430501
22524627
22542586
22555344
22624388
22752316
22760247
22805785
22805826
22837148
22883535
22911238
22920540
22921395
22968225
23018159
23053491
23055613
23064330
23065060
23100810
23131752
23176476
23183347
23183980
23186660
23211489
23291738
23319327
23335869
23344975
23354702
23358330
23384822
23411451
23414699
23440740
23454463
23486178
23487941
23513681
23564605
23586717
23623084
23686751
23709230
23710060
23720034
23722856
23760258
23764590
23791111
23840525
23850802
23852143
23865613
23876140
23910310
23954479
23959118
23974497
23978608
23980744
24031244
24084207
24129838
24151583
24171423
24288464
24292430
24294251
24380576
24385477
24388832
24389460
24390831
24426079
24445171
24510139
24520720
24523248
24634142
24687752
24726552
24727223
24771134
24893664
24932914
24946591
24971945
25023638
25041950
25050971
25064335
25079995
25144400
25154051
25158614
25172572
25187146
25229870
25252934
25265593
25280720
25303790
25312091
25344309
25347960
25371339
25381488
25384039
25384695
25428041
25459838
25461931
25463804
25478575
25496139
25511439
25514408
25528607
25575615
25613548
25722073
25802048
25807372
25923144
25929068
25978855
26011694
26041781
26057245
26150283
26152700
26174759
26196406
26239442
26263692
26264929
26283321
26343200
26370386
26476161
26481159
26492170
26500609
26500637
26567524
26604198
26617599
26621070
26630941
26637599
26645388
26652427
26652457
26677108
26697393
26697394
26710853
26808278
26829305
26901727
26914540
26924114
26930447
26942203
26947441
27003087
27005888
27020124
27040507
27079981
27095409
27134022
27144574
27207050
27332502
27338270
27344257
27351900
27356527
27376536
27394989
27416516
27506054
27519020
27683573
27712915
27873346
27885407
28043205
28110396
28111571
28185883
28214520
28235561
28300779
28414954
28532516
28708455
28747899
28871245
28925584
28953461
28956213
29030122
29154094
29168417
29408987
29458663
29464360
29468116
29637290
29637455
29649956
29696439
29722683
29730593
29747131
29756739
29766244
29851391
29869939
29910941
29935467
29986334
29996532
30027412
30055384
30117047
30143507
30143860
30144770
30214439
30223571
30229957
30343816
30389769
30425685
30476685
30500707
30553947
30563727
30592309
30617533
30619202
30629546
30761108
30771655
30798088
30804894
30810898
30893739
30919119
30984136
31019493
31073789
31100671
31109561
31136796
31176935
31182975
31200307
31203122
31274287
31278425
31368636
31379789
31398782
31411587
31421486
31444204
31506467
31518786
31577980
31586921
31787510
31797752
31848241
31861345
31884267
31941390
31950446
32010095
32032883
32036394
32050370
32071158
32092647
32100159
32117078
32247948
32279796
32390992
32408948
32448917
32462978
32516660
32569817
32593016
32624783
32630740
32647310
32656931
32687219
32689464
32755692
32849411
32884068
32947659
33046243
33088669
33103311
33200270
33200610
33254716
33288317
33329503
33330409
33338773
33398963
33423005
33430222
33442789
33553935
33647753
33704545
33784303
33786282
33806162
33850940
33865106
33878694
33901608
33969560
34018903
34034167
34043324
34062659
34086346
34119926
34150280
34171779
34216963
34281070
34347521
34364128
34375243
34481316
34536096
34572489
34586632
34794837
34847771
34865958
34872039
34890642
34946018
35023772
35068606
35093307
35095822
35170950
35180919
35222314
35246693
35286603
35369491
35408938
35514646
35538942
35611559
35634972
35635589
35643293
35657552
35682127
35728497
35806498
35838790
36037732
36049690
36090071
36097089
36171747
36179848
36203043
36250565
36276475
36535500
36635106
36775027
36778865
36893541
36923508
36976989
37007468
37014849
37110452
37115024
37119161
37119300
37137450
37180931
37228625
37285209
37323903
37336403
37407610
37533830
37572823
37758076
37800960
37979390
37983372
38170898
38306373
38311245
38324985
38348185
38399813
38480761
38508270
38543641
38554963
38569341
38569954
38593609
38643624
38814929
38933961
38937525
39003052
39035893
39068972
39069100
39094417
39173952
39179975
39211588
39277706
39471627
39488965
39549455
