7537072
7646010
8206831
8534100
8858906
9023937
9103628
9172442
9194616
9448074
9473030
9495767
9632586
9641921
9657991
9673022
9680611
9687469
9687470
9726862
9774783
9823708
9924819
10066395
10092674
10218489
10322611
10369182
10383860
10408101
10523568
10529227
10555346
10631058
10646972
10679198
10746775
10751731
10779906
10796991
10816517
10892346
10903092
10919786
10930742
10951998
10956118
10960097
11004411
11030567
11038486
11101672
11120955
11152066
11209459
11226277
11286884
11311434
11319082
11325940
11377872
11544210
11566980
11571191
11641771
11679320
11796373
11814294
11816060
11837327
12006110
12006111
12067318
12081958
12136122
12147472
12166964
12177336
12207882
12234542
12351238
12387711
12391842
12406772
12441337
12450845
12535635
12558152
12564983
12676661
12902261
12949536
14528314
14607409
14654435
14680709
14727090
14744262
14973084
15043939
15053319
15063490
15073299
15116762
15184022
15194482
15205440
15240252
15262948
15279252
15280306
15285621
15339271
15352872
15579320
15601690
15658993
15679839
15759042
15767693
15784532
15796978
15811999
15938395
16079333
16101433
16177365
16193283
16349145
16352842
16390445
16391139
16420626
16478474
16517643
16534911
16535154
16535651
16548063
16620974
16623743
16644226
16716220
16731347
16751485
16828112
16842347
16870007
16941119
16997967
17021191
17025179
17119614
17169972
17176255
17207855
17227408
17337439
17355285
17468269
17475494
17542916
17564599
17573906
17587328
17587333
17644773
17717151
17722122
17803822
17869570
17933944
17971037
18001766
18050499
18072208
18221513
18245247
18248456
18281425
18353356
18409059
18484997
18489737
18538616
18647395
18684961
18774937
18834522
18836027
18840311
18957603
18968446
18987604
19003433
19004338
19081933
19121678
19169738
19214629
19243439
19265903
19270900
19304826
19308257
19333638
19334532
19376907
19405965
19426479
19440549
19483002
19538546
19583835
19650828
19685306
19767427
19783607
19828200
19880653
19921916
20022247
20071747
20149243
20170524
20172489
20176902
20181945
20185726
20375235
20510367
20512733
20541113
20569430
20583561
20620161
20627393
20662779
20717672
20850415
20870031
20949260
21072628
21131515
21148694
21170356
21239661
21241704
21262333
21337328
21398604
21464948
21466657
21514301
21527640
21602326
21660112
21688172
21876044
21876379
21924970
21944749
21999543
22041203
22069636
22085970
22108167
22125637
22151606
22164050
22194669
22356928
22384012
22446508
22543189
22544021
22546901
22615349
22615559
22707270
22711807
22733631
22767929
22773640
22799220
22902989
22909174
22912803
22984141
23053483
23079192
23091006
23129448
23249165
23344035
23515159
23555002
23610415
23613664
23615740
23727258
23728731
23757147
23851573
23870259
23874975
23888781
23908000
23963273
23988573
23997319
23997320
24012871
24138221
24142246
24188660
24199479
24278476
24293735
24302999
24316195
24457530
24632514
24641673
24772535
24786955
24840022
24879991
24908144
25023120
25036004
25047850
25219963
25271765
25272761
25279274
25333642
25338512
25346446
25354690
25425189
25502667
25539914
25580026
25711603
25721911
25796336
25806029
25896710
25923884
25988621
26017673
26026623
26118790
26159492
26162375
26260085
26432910
26443591
26685857
26697329
26845750
26862076
26884480
26988056
27020955
27060119
27107784
27134635
27190150
27307098
27341322
27353165
27364376
27469965
27542382
27555343
27567899
27571177
27572410
27580176
27664747
27690103
27702563
27726002
27734915
27757548
27758853
27771727
27848037
27866911
27888485
27957552
27995045
28032540
28049427
28062794
28091933
28148990
28154939
28159786
28186716
28233068
28246174
28252016
28261170
28307747
28322849
28391470
28395586
28431213
28438456
28448559
28498729
28522324
28570515
28642050
28779836
28860237
28888659
28919886
28922354
28972138
28975615
29062851
29111689
29157317
29171835
29186481
29203330
29270664
29305079
29369556
29372963
29458871
29463615
29508935
29550571
29616194
29760446
29877789
29920363
30010886
30108278
30114602
30278182
30315706
30360545
30379824
30431706
30488025
30497380
30528928
30565941
30688647
30694662
30763358
30790700
30917525
31022406
31074978
31114771
31207402
31278163
31279930
31318855
31336395
31341589
31392374
31404632
31488529
31492667
31540947
31545198
31596856
31611640
31627300
31636642
31666324
31674070
31690077
31721119
31723175
31736908
31809705
31869349
31903721
31963655
32100234
32155175
32197639
32211973
32392200
32483155
32591378
32610560
32632186
32727530
32765644
32791175
32894493
33101227
33216759
33411135
33539469
33601813
33612799
33627070
33633573
33720490
33722216
33768406
33791681
33794299
33797895
33908255
34010013
34072355
34502476
34505559
34508657
34616599
34903271
35031295
35137847
35138171
35283103
35382532
35384447
35549254
35575547
35604230
35806028
35902062
35944664
35982923
36116520
36171290
36322424
36539761
36554995
36805240
36840571
36906041
36950606
36963398
37068730
37110313
37111392
37141203
37171451
37711508
37940551
38072164
38086871
38392820
38801912
38906846
38930979
39005411
39057246
39171358
39178983
39194530
39239913
39320950
39329802
39391716
39526781
39595604
