17473247
17598525
18398186
18523185
18842860
22231993
22558542
23448039
26358592
26470338
27617206
28336605
29028999
31199223
31324628
32251519
32869833
33159606
35137017
36617300
36790401
36794883
37831609
38173968
38256722
38305857
38470039
38682773
17473247
17598525
18398186
18523185
18842860
22231993
22558542
23448039
26358592
26470338
27617206
28336605
29028999
31199223
31324628
32251519
32869833
33159606
35137017
36235380
36617300
36790401
36794883
37831609
38173968
38256722
38305857
38470039
38682773
