25466920
28978684
29150173
30444580
30787917
31309584
31846771
31866448
32047760
32285473
33610715
34474148
34974154
35332638
35690232
35880718
35916068
35959541
35995892
36571326
36948016
36997037
37171708
37657556
37740122
38043874
38146734
38172513
38899543
39565429
25466920
28978684
29150173
30444580
30787917
31309584
31846771
31866448
32047760
32285473
33610715
34474148
34974154
35332638
35690232
35880718
35916068
35959541
35995892
36571326
36948016
36997037
37171708
37657556
37740122
38043874
38146734
38172513
38899543
39565429
