16738106
18523182
18952864
19639587
19788729
20021642
20024154
20043308
21097494
21430694
21551313
21751370
21928816
21949069
22003011
22311773
22407685
22717884
22928051
23706913
23766810
23811510
24187021
24501630
25027448
25180090
25197473
25355001
25759688
28251548
28699865
28809139
28912769
29192774
29458459
30659724
31913437
33074276
33178167
35730934
37630449
38703199
16738106
18523182
18952864
19639587
19788729
20021642
20024154
20043308
21097494
21430694
21551313
21751370
21928816
21949069
22003011
22311773
22407685
22717884
22928051
23706913
23766810
23811510
24187021
24501630
25027448
25180090
25197473
25355001
25759688
28251548
28699865
28809139
28912769
29192774
29458459
30659724
31913437
33074276
33178167
35730934
37630449
38703199
