1374076
1380292
1482148
1500537
1510307
1581189
1757557
7473674
7494037
7508458
7537059
7542262
7616529
7616991
7619983
7635455
7660428
7665632
7672049
7734523
7751803
7814533
7822034
7852563
7927758
8022040
8101510
8147545
8263201
8286638
8297496
8300201
8304572
8357086
8380184
8445459
8491479
8546547
8556515
8567911
8576376
8583627
8615456
8623774
8627501
8645815
8748270
8784484
8827667
8836370
8861849
8862572
8897200
8900357
8903194
8906920
8914255
8920030
8926090
8926996
8985223
9031621
9041353
9086141
9093962
9114402
9119487
9131554
9180183
9191777
9196173
9196207
9199464
9230803
9249691
9276387
9297820
9316896
9379294
9384299
9423849
9509259
9531233
9560760
9577793
9596710
9620365
9620397
9621205
9632594
9633044
9647746
9649234
9673277
9675844
9705408
9705412
9738027
9774579
9775587
9790445
9794627
9801331
9826373
9831955
9854059
9866746
9925213
9986812
9988324
10024584
10028085
10048172
10066656
10074538
10198207
10203503
10225842
10225882
10321583
10337186
10377533
10381218
10403852
10405403
10405413
10425222
10438390
10449483
10449489
10463693
10467766
10479099
10531237
10565902
10574528
10592362
10593071
10602669
10603210
10603362
10603398
10618118
10618139
10644493
10720534
10722619
10730500
10747103
10747140
10756846
10770788
10806351
10878087
10882667
10905976
10916302
10941753
10974556
10988303
10998377
11015387
11073767
11085432
11101616
11158090
11159213
11160232
11222014
11228013
11268694
11272720
11347209
11357805
11408229
11414267
11435982
11504227
11526124
11568857
11596732
11682500
11682518
11693973
11716122
11724894
11748204
11796624
11814379
11825969
11895944
11895979
11915850
11927032
11953415
12032902
12095432
12117987
12133967
12149387
12202567
12215262
12384854
12414740
12488886
12496165
12498671
12525424
12574272
12624063
12634096
12643221
12644928
12653141
12653148
12653298
12654844
12666441
12682151
12704123
12710612
12804116
12804377
12817434
12825352
12853379
12860671
12874298
12875301
12904406
12933880
12938010
14515426
14519250
14531896
14532192
14532348
14592723
14605163
14607867
14638757
14680123
14688093
14688131
14688569
14697516
14706103
14714667
14733284
14733672
14734762
14765684
15036540
15051120
15061284
15100980
15213131
15228813
15271888
15311471
15325059
15331423
15350665
15373331
15502406
15535577
15536115
15561862
15605650
15609233
15618141
15618143
15671738
15682515
15732591
15815149
15845235
15858156
15921584
15933436
15964974
16007950
16011433
16101105
16181750
16237220
16263231
16299294
16358425
16406779
16444416
16481544
16481546
16482227
16569376
16621285
16683411
16714578
16767308
16796511
16859547
16882029
16897568
16922866
16926392
16957192
16987329
16989563
16996215
17028227
17060466
17060980
17087735
17088359
17114695
17114775
17157441
17162962
17217096
17249337
17339347
17438035
17517859
17529862
17547234
17582569
17627442
17699076
17713310
17848069
18021025
18033836
18047394
18094116
18171102
18192398
18212082
18245255
18359808
18399775
18412972
18429692
18436670
18447622
18490460
18511221
18638021
18710870
18716449
18761516
18770537
18770538
18952796
19001077
19028013
19054615
19060060
19120184
19190221
19194084
19248653
19273271
19273555
19413369
19420187
19451243
19454021
19469667
19538269
19538270
19651857
19681699
19687202
19693681
19753925
19805532
19819631
19836896
19874189
19877819
19955322
19960699
19961683
20030996
20053580
20077398
20116446
20188126
20209062
20224442
20372158
20455778
20496596
20513551
20541322
20562302
20616341
20632529
20723954
20846016
21070861
21162818
21187937
21279705
21395415
21439224
21513529
21576345
21606187
21687416
21734137
21788390
21812671
21859854
21859857
21904055
21915290
21930764
22014113
22017087
22030371
22136597
22316160
22348527
22354925
22371172
22381686
22520448
22539814
22547548
22607070
22607204
22615806
22658957
22679861
22851751
22883182
22919588
22931317
23025695
23169998
23305021
23306065
23421885
23459099
23478316
23516507
23578183
23667479
23778619
23808094
23998429
24023963
24098122
24141087
24144475
24278458
24280291
24330198
24528097
24558391
24684037
24689680
24877080
24894131
24941391
24984562
24990203
25047847
25072029
25108789
25118421
25150725
25155340
25177343
25213230
25303515
25405006
25425236
25565883
25682494
25776536
25809075
25881916
25916990
25988437
26158273
26186429
26227842
26348980
26488275
26494821
26515060
26530384
26621561
26621564
26666827
26712203
26726019
26763978
26817445
26837860
26841025
26872274
26965788
27008102
27053675
27053985
27076151
27088220
27089171
27117680
27133163
27164358
27270383
27303657
27381289
27402867
27430425
27454144
27531003
27541856
27572329
27613206
27633921
27713560
27729288
27758794
27773826
27852813
28011185
28011735
28031351
28131594
28180111
28197924
28333306
28438088
28457353
28509195
28518034
28553621
28598270
28630068
28638803
28650718
28657860
28750866
28993455
29056728
29150636
29162709
29202206
29358333
29372907
29376035
29453420
29536364
29641592
29643078
29668040
29670161
29907187
29915240
30050533
30053108
30181274
30206012
30243567
30274412
30279260
30295826
30408047
30501980
30502860
30503893
30619709
30640035
30868997
30915508
30937288
31014863
31214605
31255535
31428069
31548319
31557808
31577814
31625863
31896541
32025488
32077809
32132189
32173299
32193339
32228712
32244550
32306509
32317318
32318980
32353058
32493778
32719831
32723916
32747600
32787462
32873288
32928497
32963815
33072622
33219798
33369490
33407096
33431703
33436511
33475465
33511396
33529986
33540276
33564174
33578784
33646973
33660592
33733878
33818454
33872636
33875547
33883266
33903242
33912170
33956519
33974702
34074773
34209060
34316264
34325087
34361922
34370510
34445146
34451426
34463140
34578102
34578146
34660764
34914061
35024846
35155275
35202227
35286554
35357214
35366679
35432225
35576232
35580215
35624477
35763959
35898544
35986240
36053401
36286246
36342170
36361509
36374034
36379171
36548668
36579340
36619760
36669021
36874272
36960039
36989601
37089773
37110292
37221073
37267407
37457955
37490688
37507526
37530530
37594275
37623984
37645379
37668606
37918651
38078365
38104248
38142680
38264730
38272330
38274750
38274813
38295027
38360157
38473798
38511625
38562145
38616043
38651141
38857239
39005237
39016068
39063137
39065062
39086604
39093857
39102892
39114313
39193518
39204029
39383453
39411319
39477458
39499956
