10879983
11357512
11553235
12704553
12788771
12955353
14998042
15137407
15667281
16098207
16216446
16459825
16598256
16806555
17021241
17049265
17172456
17207839
17227417
17298364
17328750
18043661
18385981
18397776
18421799
18423965
18973625
19220858
19220888
19247843
19376083
19403257
19461981
19708922
19862513
20459862
20545867
20684970
20883501
20945242
20974516
21210935
21417444
21440987
21474538
22104096
22237171
22307300
22353769
22423994
22432263
22460564
22568606
22624399
22652085
22752113
22934092
22934093
23097129
23112795
23243882
23415989
23489564
23505876
24011603
24096424
24142254
24157683
24291319
24302732
24681301
24960017
24996970
25115980
25287615
25287816
25505896
25732131
25768219
25962786
25962914
26249351
26479033
26739990
26975050
27037471
27112128
27120639
27178181
27229724
27233005
27317665
27789891
27847504
27973370
27986403
28061940
28088723
28280868
28378314
28521169
28661139
28865374
29105249
29230681
29288627
29323112
29429671
29545612
29693390
30119026
30245226
30269994
30335377
30848269
30852316
30886150
30950404
31096386
31548310
31582564
31846786
31901527
32095864
32185619
32413666
32707413
32739592
32903544
32970415
33082573
33147001
33261555
33298257
33367889
33652023
34082311
34267357
34274590
34341504
34471748
34700143
34952457
35074463
35167904
35283857
35847107
36028122
36037841
36513308
36752812
37137967
37146397
38086204
38176322
38394916
38491939
38801958
