1968736
1980403
2285311
2312174
2316439
2393493
2654579
2687665
3117081
3281971
3426902
3616499
6356712
6490828
6503062
6547453
6637232
6712210
6862636
7037837
7104903
7235414
7334078
7802541
8011820
8537269
8559094
8971316
8973096
8975599
9171380
9512185
9529072
9803276
9847527
10382241
10480268
10488187
10589922
10987244
11001749
11040443
11321782
11447890
11500403
11687318
11810588
11863267
11872416
12398213
12473468
12634332
12676871
14712368
14984304
15156502
15188080
16133414
16260445
16495539
16780608
17184293
17197147
17261610
17670926
17929472
18190309
18287305
19351317
19392903
19429747
19438641
19781115
19930271
20008069
20174605
20197024
21178073
21470444
21626022
21922841
21940651
22015397
22059087
22070605
22160401
22241989
22261182
22455131
22686947
23382224
23843460
24165476
24269651
24342515
25024371
25063652
25697709
26097034
26197048
26216429
26543151
26632328
26704297
27107536
27199169
27228068
27314946
27316958
27336236
27660867
27724947
27932612
28418314
28609649
28619815
28625225
28628460
28817941
28890039
29272402
29304227
29980559
30135490
30152395
30386929
30694490
31036725
31196812
31206659
31763782
32001572
32087793
32748070
32817229
32985039
33079050
33402302
33572638
33602385
34338345
34832563
34911849
34985976
35056530
35388097
35438512
36557579
36758031
36790208
37180442
37403323
37720229
38008456
38750967
39215554
39259722
