7639
24042
42638
43764
44613
93504
142817
191432
422510
500570
549392
687677
711681
924676
929198
950321
1222145
1254559
1254560
1334071
1349741
1383193
1544572
1697579
1706702
1712358
1863720
2139649
2211527
2320423
2592342
2623082
2830894
2873901
2909865
2999069
3039555
3261453
3312094
3312105
3312107
3312110
3331292
3519581
3667220
3667221
3667236
3667239
3674783
4096907
4123916
4127633
4796196
6089454
6096304
6164403
6201097
6206657
6276358
6289407
6313631
6382820
6382826
6382827
6382829
6382830
6392182
6392183
6392186
6424527
6511310
6511313
6511358
6511359
6511360
6655457
6679143
6679153
6712060
6712061
6715280
6797950
6803475
6830208
7061384
7123050
7123051
7214225
7263615
7287398
7380813
7462152
7496518
7683022
7698675
7751299
7764984
7904653
7954112
8356114
8366023
8469723
8489230
8550524
8631684
8675039
8849240
8894049
8955327
9073584
9161418
9226869
9244268
9286068
9709012
9732535
9733727
10518300
10601200
10766306
10903438
10974110
11043476
11090266
11204786
11325556
11570280
11574152
11976079
12228289
12383732
12618463
12730387
12949193
14532084
14602921
15143038
15240270
15672816
15672883
15737404
15932982
16079355
16250340
16336638
16346437
16347258
16514166
16535161
16549684
16946265
17183222
17759683
17772158
17944901
18442384
18639818
18640554
18832328
18943320
18943733
18944490
18944638
18944838
18944839
19226765
19280788
19736751
19797362
20019079
20118377
20305023
20363791
21129414
21364953
21635220
21740495
22408455
23119070
23292880
23931112
23995776
24438161
25302654
25879952
26279217
27005573
27995305
28115382
28428304
28501585
28910375
29439985
29663849
30673459
30699732
30704004
30727402
30727431
30731679
30743607
30754385
30769379
30781288
30845442
31502518
32444468
32620150
33159562
33730040
33823609
34022804
35056632
35377392
35984373
36771751
37430481
37682222
38516021
39512887
