9781670
10508097
10583967
11722908
11976746
12132696
12381026
12697029
12743749
12902251
14711667
14758469
15294782
15451109
15643941
15691966
15877354
16242665
16403868
16513756
16541158
16547048
16911041
16957221
17031638
17267409
17303561
17496957
17582401
17632124
17884652
18497133
18607569
18634895
18656445
18708512
19047736
19118381
19347335
19414574
19712392
19888999
20698532
20870790
20944207
20944230
21154411
21478312
21650159
21742910
21861158
21904870
22316246
22522902
22686689
22729540
22851181
22961902
23180051
23479749
23479753
23627862
23650595
23672517
23705686
23897483
24039263
24814779
24986864
25042042
25313086
25734359
26203328
26260337
26327380
26400082
26868389
26903979
27208172
27689937
28283522
28421054
28869789
28987410
29040502
29068411
29106396
29288579
29740408
29862654
29921035
30096957
30117290
30153352
30502330
30549216
31103750
31198027
31518049
31572856
31642015
31787957
32155722
32160390
32194528
32513533
32810477
32832332
32910657
33264961
33442427
34395795
35283847
35628552
35832026
36499496
36733918
36816070
37517669
37778802
37923808
38891956
38993499
9781670
10508097
10583967
11722908
11976746
12132696
12381026
12697029
12743749
12902251
14711667
14758469
15294782
15451109
15643941
15691966
15877354
16242665
16403868
16513756
16541158
16547048
16911041
16957221
17031638
17267409
17303561
17496957
17582401
17632124
17884652
18497133
18607569
18634895
18656445
18708512
19047736
19118381
19347335
19414574
19712392
19888999
20698532
20870790
20944207
20944230
21154411
21478312
21650159
21742910
21861158
21904870
22316246
22522902
22686689
22729540
22851181
22961902
23180051
23479749
23479753
23627862
23650595
23672517
23705686
23897483
24039263
24814779
24986864
25042042
25313086
25734359
26203328
26260337
26327380
26400082
26868389
26903979
27208172
27689937
28283522
28421054
28869789
28987410
29040502
29068411
29106396
29288579
29740408
29862654
29921035
30096957
30117290
30153352
30502330
30549216
31103750
31198027
31518049
31572856
31642015
31787957
32155722
32160390
32194528
32513533
32810477
32832332
32910657
33264961
33442427
34395795
35283847
35628552
35832026
36499496
36733918
36816070
37517669
37778802
37923808
38891956
38993499
