10555361
11750816
12489408
12902293
14760540
16151089
16672437
17082398
17092544
17259606
17572084
17668037
18296529
18820059
18952871
19501006
20385352
21395947
21656794
22327575
24928880
25819959
27940293
28606064
28711667
28956111
29530668
30324341
30352739
30628882
30771466
30932808
30940434
30994431
31119350
31881242
31995467
32444473
32667871
33677743
34653397
35208919
36916983
37832891
38531457
38785821
39067736
10555361
11750816
12489408
12902293
14760540
16151089
16672437
17082398
17092544
17259606
17572084
17668037
18296529
18820059
18952871
19501006
20385352
21395947
21656794
22327575
24928880
25819959
27940293
28606064
28711667
28956111
29530668
30324341
30352739
30628882
30771466
30932808
30940434
30994431
31119350
31881242
31995467
32444473
32667871
33677743
34653397
35208919
36916983
37832891
38531457
38785821
39067736
