1685385
1689127
1692595
1774326
1987028
2023314
2050246
2338726
2369968
2619312
2644450
2767308
3038017
3208199
3247906
3692982
3712643
3765350
3827773
3954336
3965664
4018342
6530729
6743856
7692817
7755401
7802393
8116220
8333144
9270841
9336885
9336886
9353045
9678967
9811436
9890040
10906387
11016583
11319932
12459241
12465874
12542086
12580282
12777482
12946011
12946014
14585738
14667023
14672693
14961267
15043945
15123308
15186445
15228535
15450753
15531627
15854683
15862571
15882848
15896843
15905103
15923091
15935472
15950731
15962470
15984345
16108808
16157211
16280165
16310050
16326113
16341548
16535274
16610585
16697134
16842347
16903233
16969679
17030140
17050050
17116407
17126400
17203601
17449095
17465305
17599411
17850574
17950622
17965213
18001845
18023209
18078992
18201056
18217940
18536501
18817983
19007992
19028110
19084602
19090723
19120659
19183805
19201969
19233291
19253294
19376234
19406486
19414032
19485123
19594620
19674293
19747976
19749068
19800135
19837170
19873834
20002568
20034575
20034669
20109557
20227769
20336795
20384909
20572902
20869817
21093478
21209920
21214923
21220026
21232551
21320174
21413505
21551284
21558007
21610669
21699944
21741381
21974718
22015784
22017642
22069655
22135098
22138130
22200599
22245589
22245838
22247535
22324346
22326940
22365332
22366064
22372245
22372247
22397934
22422551
22507196
22521421
22615248
22699968
22728565
22804634
22838078
22870893
22911651
22970222
23029244
23030835
23092811
23126429
23201245
23207480
23396097
23484409
23676433
23709463
23762452
23763374
23836772
23850444
23865817
24062549
24117973
24293714
24399841
24418045
24560653
24602926
24657724
24664505
24699953
24781794
24814805
24837777
24866806
24895861
24895863
25120215
25453578
25555134
25659231
25685439
25722053
25742975
25827625
25882636
25884347
25921238
26030354
26111998
26168192
26306332
26439415
26475244
26497091
26626584
26661707
26679579
26693666
26700173
26711027
26726022
26772478
26945561
27155471
27245476
27303737
27346159
27353474
27539204
27567702
27592704
27622343
27640368
27666508
27765605
27790379
27826737
27836719
28150752
28322933
28340427
28341353
28344170
28352570
28371006
28376313
28406736
28482758
28619788
28732514
28797668
28807649
28836666
28842182
28866276
29097322
29103702
29150173
29274790
29326601
29369747
29375507
29442712
29554143
29595885
29635710
29737402
29775651
29853512
29886141
29967962
29972370
30014301
30131791
30198487
30366372
30530930
30546354
30550716
30615987
30690155
30703552
30794832
30849940
30894864
30905685
31002844
31077849
31306761
31424570
31649682
31654082
31669280
31742869
31757039
31794844
31828047
31926174
32030788
32061641
32081806
32108566
32142873
32142874
32278862
32291793
32311387
32325216
32327045
32335313
32431710
32539814
32735962
32808779
32929767
32964543
33098698
33114369
33167065
33217014
33253752
33278446
33732247
33755230
33800996
33848586
34121235
34144067
34150898
34263735
34267744
34470695
34472110
34531858
34576725
34660819
34788431
34827972
35166964
35461191
35467773
35561979
35590426
35636698
35889053
35977648
35981681
36243274
36297197
36326918
36419595
36452300
36734130
36944411
36986384
37176078
37394528
37410863
37513718
37796003
37810135
38041240
38153008
38153949
38668265
38750705
38916299
38930563
39066863
39099884
39160764
39265963
39387133
39503482
