15933033
16537132
16720402
17158610
18029301
18502932
18586942
19542349
19776066
19791603
19907504
20716370
20870890
21266540
21382108
21571878
22102823
22217755
22848726
23077583
23452267
24382700
24555501
24736017
24951564
25146134
25545417
25811863
26313964
26458227
26773849
27190007
27297891
27599759
27862540
27902872
28503376
28791805
29119316
29213256
29215202
29346623
29443436
29506121
29797656
30102395
30276419
30850430
30850675
30912316
31037067
31057424
31072900
32139562
32243856
32596816
32873201
33200579
33277267
33879583
34073039
34268133
34379678
34820894
34996376
35142841
35251878
35273583
35323529
35350854
35647657
35889078
35941528
36445124
36476840
36844098
36874963
37170139
37304568
37638258
37702036
37852673
38196174
38249471
