14657126
14662931
16000454
16099112
16280512
16390338
17055906
17174667
17949344
18634922
19131319
19166766
19722792
21209126
21238793
21507684
21689545
21846535
21887641
22326171
22613548
23108290
23845046
24767562
25701246
26187422
26891226
27224567
27737357
27745799
29293651
29311644
29518419
30034639
30404694
30463989
30916575
30940882
31557878
31661048
32377864
32753508
32941440
34253606
34610963
34844732
35047580
35114271
35192646
35338162
35344737
36261869
36443754
36539432
36827280
36892039
36923492
37211309
37389346
37536958
37572051
37985447
38128496
38635882
38673510
38718089
38770992
39287376
