1319378
1368583
1369329
1398037
1537349
1563626
1653213
1653214
1846854
2022613
2050633
2211365
2217576
2657820
2753855
3012613
3020383
3036668
3104267
3127381
3360743
3793621
6317655
8088548
8703428
16374634
20711627
23179278
24277522
32399749
32441614
33214305
33720688
34399441
34526549
1319378
1368583
1369329
1398037
1537349
1563626
1653213
1653214
1846854
2022613
2050633
2211365
2217576
2657820
2753855
3012613
3020383
3036668
3104267
3127381
3360743
3793621
6317655
8088548
8703428
16374634
20711627
23179278
24277522
32399749
32441614
33214305
33720688
34399441
34526549
