464561
464562
1314210
1521776
1526463
1547955
1577258
1612418
1612425
1796092
1951054
2026560
2026561
2183496
2198753
2211601
2229244
2378205
2614673
2705778
2919882
2999304
3056907
3072885
3086265
3296903
3364948
3403678
3606074
3619433
3680172
3707112
4077729
4077735
6125361
6148214
6296881
6308762
6750121
7051527
7649850
7768860
7868391
8002616
8010663
8071207
8081502
8234491
8384619
8467423
8478321
8518321
8529876
8645056
8713429
8949985
8974484
9447597
9469833
9469930
9649620
9695929
9918396
10422573
10449723
10517585
10520760
10819303
10883272
10913971
10920803
10973220
11353836
11442046
11451669
11514520
11572948
11777586
11780788
11910348
11984984
12417912
12508861
12548878
12552909
12571055
12590595
12599263
12692562
12722656
12838613
12855715
12893267
12968333
12970466
14594842
14639007
14689246
14702394
14730970
15000476
15078205
15126478
15157070
15256567
15285607
15462160
15530004
15598885
15640210
15721808
15765867
15777276
15793135
15882057
15900773
15930493
15938397
15969120
15995647
16000708
16164554
16232806
16269733
16272382
16316314
16448189
16681390
16704250
16708195
16786277
16863466
16874544
16956972
17017767
17025172
17029557
17070917
17080683
17090926
17100986
17178094
17190446
17225146
17369815
17436620
17492128
17571791
17574781
17588127
17942405
17977447
17991041
18050961
18062239
18237374
18310439
18338589
18375553
18378344
18492804
18521591
18560830
18588097
18645964
18665359
18810431
18824353
18849444
18997327
19060411
19074393
19097022
19148632
19149180
19259453
19307761
19356927
19424691
19440980
19447953
19465662
19478450
19485417
19577190
19608743
19624407
19656197
19680282
19734688
19735332
19845003
19898549
19938592
19957083
20000422
20012992
20029527
20133795
20352288
20375018
20387467
20390414
20447671
20453096
20453119
20518644
20534557
20536237
20653985
20655739
20677779
20739278
20817795
20824676
20845078
20882420
20888207
20890103
21073425
21081950
21104016
21181427
21250661
21255363
21268904
21284395
21342464
21450004
21514826
21515779
21622528
21670513
21673714
21691838
21713508
21887508
21930904
21989459
22038854
22039402
22039990
22050000
22083924
22101053
22112954
22133433
22188665
22301316
22350115
22376136
22543353
22556031
22697884
22761035
22769580
22830191
22941084
23088094
23201115
23291751
23293825
23467013
23474968
23486481
23579768
23592181
23654282
23657585
23893108
23967193
23990133
24054793
24068239
24100682
24105609
24123736
24220792
24269814
24317063
24322771
24478271
24549766
24752838
24811406
24818480
24907338
24915523
25104027
25104037
25147669
25341403
25371798
25424970
25580564
25715784
25797601
25817696
25849761
25919614
25939549
26002902
26025902
26036705
26139611
26298701
26328934
26374838
26400541
26498482
26510468
26527303
26541261
26697814
26752081
26839064
26872031
26883908
26901661
27010970
27052100
27058912
27181521
27246617
27329378
27382795
27502190
27538855
27541747
27546865
27691921
27841302
27875313
27890614
27956713
27988821
28089379
28095865
28243599
28243709
28270507
28274099
28293039
28303934
28396694
28484446
28522606
28533156
28611443
28654874
28664314
28728974
28791099
28852167
28898776
28940109
28951606
29062922
29062962
29184989
29270447
29312254
29324854
29372299
29375136
29500256
29500584
29667664
29750491
29752077
29903901
30008703
30013524
30017197
30031480
30194099
30241528
30623120
30627795
30851301
30971246
30973721
31104491
31184470
31262015
31422450
31490082
31540985
31628680
31715241
31767148
31807886
31819261
31853031
31896622
31985778
32148001
32303550
32323213
32452104
32472052
32588231
32624865
32680866
32695892
32824399
32851866
32871846
32896473
33216528
33291469
33332630
33656282
33716264
33850941
33944982
33951287
33976244
33995893
34043077
34160269
34354524
34410901
34437755
34444543
34445389
34542822
34579580
34623207
34687900
34931264
34989175
35062881
35258669
35323024
35426465
35444295
35481800
35625182
35779593
35878162
35892384
35898916
36031633
36121904
36178644
36478282
36726563
36772910
36847541
36942619
36988803
37185581
37370670
37480372
37532318
37793020
37947960
37995783
38194147
38349745
38438499
38584273
38683675
38785828
38822927
38835149
38914796
38971862
39057697
39166339
39175099
39244577
39260996
39528236
