15184137
16608516
16672513
17645822
20217091
20462452
21476990
21712994
22251681
22660706
23144129
23144402
23144417
23144739
23308142
23315735
23955860
24465416
24788211
25115011
25196985
25716826
25887812
26000976
26377567
26412633
26510682
27273750
27473768
27611575
28348026
29497475
29608200
30186690
30319574
31440434
32759662
33049039
33182634
33716755
34781749
34818107
36087663
36456664
36692332
37468834
37999087
38410806
38974189
15184137
16608516
16672513
17645822
20217091
20462452
21476990
21712994
22251681
22660706
23144129
23144402
23144417
23144739
23308142
23315735
23955860
24465416
24788211
25115011
25196985
25716826
25887812
26000976
26377567
26412633
26510682
27273750
27473768
27611575
28348026
29497475
29608200
30186690
30319574
31440434
32759662
33049039
33182634
33716755
34781749
34818107
36087663
36456664
36692332
37468834
37999087
38410806
38974189
