8294308
9704112
9761338
12501410
16995536
18974955
22008177
22271629
22515692
23261510
23594122
24988020
25783976
26538298
26726815
28006700
28352530
28527759
29185340
31396169
32100692
32539975
33427215
34112394
35171497
35350413
35525431
35690435
36126578
36541979
36556500
36819902
37114667
37986490
37987480
38128996
38290305
38342553
38570815
38890975
8294308
9704112
9761338
12501410
16995536
18974955
22008177
22271629
22515692
23261510
23594122
24988020
25783976
26538298
26726815
28006700
28352530
28527759
29185340
31396169
32100692
32539975
33427215
34112394
35171497
35350413
35525431
35690435
36126578
36541979
36556500
36819902
37114667
37986490
37987480
38128996
38290305
38342553
38570815
38890975
