3188722
3218062
3413973
3729120
7520730
10813605
11085445
17141983
17392208
17561358
17823397
21827584
21962410
25261461
25581469
26036790
29103697
30032722
30142702
32734103
34049659
34934457
37493823
38281396
38328358
39067144
2301819
3188722
3218062
3413973
3729120
3740610
7520730
10813605
11085445
17141983
17392208
17561358
17823397
20117543
21827584
21962410
22112325
25261461
25581469
26036790
27463552
29103697
30032722
30142702
32734103
34049659
34934457
37493823
38281396
38328358
39067144
