16332876
16729848
17054511
18048332
19706397
19758348
19880743
20428247
20829280
20838465
21183640
22798373
23574391
23770905
23864562
23918810
24291672
24401857
25102427
25271287
25635014
25900723
26260652
26798106
27730310
28437427
28705905
28807085
28854637
28983672
29129532
30047196
30425149
30643878
31213566
32276978
33730185
35049085
35488963
35516423
35708345
36515176
36768757
36864565
37267326
37623315
37623420
37958818
16332876
16729848
17054511
18048332
19706397
19758348
19880743
20428247
20829280
20838465
21183640
22798373
23574391
23770905
23864562
23918810
24291672
24401857
25102427
25271287
25635014
25900723
26260652
26798106
27730310
28437427
28705905
28807085
28854637
28983672
29129532
30047196
30425149
30643878
31213566
32276978
33730185
35049085
35488963
35516423
35708345
36515176
36768757
36864565
37267326
37623315
37623420
37958818
