1429439
1461940
1655698
1680142
1688334
1705931
1711150
1711152
1795919
1849496
1886991
1897953
1920395
1987140
2022617
2125831
2160933
2251276
2318808
2542897
2687934
2687935
2695951
2808391
2817898
2834326
2989093
3065334
3129029
3254999
3357488
3528123
3667529
3701865
3748048
3838572
3997691
4044593
6313608
6331531
6411683
6415229
6661703
6847660
7110166
7296407
7504195
7520974
7559335
7665511
7680125
7720013
7730293
7765851
7786292
7984097
8002565
8002574
8016301
8051015
8114644
8163172
8183999
8206827
8285661
8501062
8550406
8550493
8574524
8627132
8632774
8654970
8655475
8755873
8792456
8955293
9099885
9103641
9343349
9370272
9391052
9447236
9678604
9712554
9713687
9788348
9789001
9852301
9864339
9864347
9882685
10023253
10085411
10209755
10229580
10339434
10413519
10423460
10470044
10477518
10478953
10492477
10556595
10557292
10567266
10596214
10606814
10617469
10618210
10625398
10673009
10675612
10712892
10766734
10772900
10788374
10818781
10826683
10831446
10838807
10851141
10926490
10960111
10966401
11002893
11004180
11017041
11029065
11056289
11062378
11069285
11120683
11136450
11145417
11157928
11163979
11238985
11250084
11296249
11305941
11319258
11325946
11333988
11354501
11429455
11434107
11539954
11542696
11542862
11543506
11572143
11587567
11589580
11591477
11591657
11594741
11607452
11677599
11698386
11733066
11742406
11744989
11754743
11756668
11763973
11785538
11807060
11823215
11830640
11846468
11858866
11867227
11872716
11880622
11881835
11916703
11948162
11987125
12038753
12048253
12065520
12075436
12096903
12125823
12130657
12167990
12177431
12177454
12213936
12225755
12242496
12324328
12370170
12370185
12393217
12399488
12399492
12399510
12424113
12514741
12522252
12535524
12555577
12623020
12641221
12643768
12645891
12651953
12657797
12665853
12716129
12723611
12726770
12766408
12787358
12788971
12790638
12799425
12804570
12837785
12837804
12875865
12902245
12954166
14515487
14530291
14533003
14597008
14637137
14642569
14676423
14679218
14680639
14681486
14697044
14706350
14718065
14747732
15019777
15020457
15054099
15059283
15064768
15098207
15101975
15103139
15116069
15123424
15147580
15159541
15162484
15177687
15183884
15184028
15211028
15225873
15240306
15249204
15313614
15333634
15341650
15342565
15355972
15361932
15379729
15388942
15448166
15454524
15458422
15458636
15459345
15466862
15466873
15472976
15492014
15503140
15516599
15520379
15538629
15544805
15554968
15581610
15593145
15614972
15616575
15643939
15658989
15659360
15671489
15719017
15720562
15723076
15733849
15753304
15755446
15766776
15781458
15781492
15784255
15799787
15807266
15808748
15826095
15858357
15866918
15901692
15907774
15923259
15939932
15943964
15952717
15967460
15979333
15989273
15998643
16026964
16041069
16041080
16084831
16091460
16139794
16203111
16223719
16242020
16261171
16276882
16290305
16291678
16292304
16298941
16309981
16322580
16336118
16359337
16359339
16368685
16385059
16406432
16409639
16423651
16428429
16430702
16431014
16457593
16460019
16478457
16502329
16514151
16531400
16539742
16553853
16556228
16575566
16582477
16584254
16585695
16586106
16631787
16689650
16716939
16734425
16736577
16736578
16736584
16750221
16751241
16768411
16802171
16815462
16828801
16829564
16849809
16855817
16880549
16896528
16900379
16913233
16923869
16923871
16923950
16929677
16946272
17002278
17006450
17022450
17056698
17074893
17082744
17085080
17101106
17116397
17127770
17128988
17129628
17135236
17137304
17194940
17204483
17208168
17220233
17222051
17255941
17284460
17303573
17322301
17324560
17325748
17331944
17360517
17368731
17373858
17388813
17392270
17394343
17397209
17399961
17411396
17419762
17420586
17448684
17464079
17483232
17496087
17510283
17536175
17541775
17545245
17554170
17581636
17583727
17593729
17630970
17645526
17653675
17705817
17720630
17847097
17895995
17903038
17908300
17936781
17944359
17951395
17986186
17997098
17998293
18076002
18087756
18192276
18208531
18215772
18223077
18225640
18247479
18270589
18318663
18331835
18338577
18343459
18362355
18375565
18376869
18389309
18406324
18411208
18424274
18450723
18512963
18540048
18540055
18568848
18570673
18573090
18590838
18620540
18628837
18668125
18676665
18680455
18680457
18696025
18708500
18757750
18850720
18923546
18953020
19017635
19021514
19047737
19057647
19060062
19071138
19123828
19137334
19139240
19150362
19159332
19165330
19172147
19178299
19179120
19204796
19242651
19251692
19283063
19303843
19303848
19356244
19368888
19388666
19415112
19423828
19443548
19443693
19452594
19490129
19490894
19501097
19502345
19502398
19515845
19542005
19570109
19578333
19583846
19584557
19621629
19629621
19631223
19646947
19652355
19679136
19679178
19703105
19759861
19767856
19780959
19795914
19801390
19810043
19832905
19836401
19840758
19841256
19841849
19855007
19875382
19882142
19897571
19923723
19933368
19944654
19947546
19959202
19966413
20015337
20018650
20084105
20090937
20090938
20096385
20128609
20134056
20144564
20156187
20160119
20170665
20360003
20360008
20377247
20383008
20386912
20417183
20418393
20423318
20451472
20454780
20512726
20521254
20534495
20541510
20553346
20574841
20633226
20657662
20658964
20660760
20668411
20669997
20678501
20709076
20712413
20726524
20729360
20730247
20795631
20799089
20802034
20817622
20826952
20832321
20838443
20850454
20855725
20876128
20876130
20890269
20921990
20950171
20959988
20962905
20975899
20977351
21057011
21067214
21118024
21139208
21143323
21151452
21156049
21161207
21193818
21218634
21267412
21278452
21282615
21298394
21372322
21380435
21432936
21465613
21504984
21511764
21511768
21513512
21532329
21567175
21616102
21638055
21660112
21723290
21733847
21737498
21809039
21822900
21823229
21853996
21928095
21940221
21968057
21989019
22051194
22059692
22112864
22114047
22133431
22165956
22179144
22181778
22210774
22212652
22227191
22232179
22262099
22282513
22298004
22301370
22321371
22349404
22446890
22500246
22503789
22523570
22527041
22546876
22570477
22584820
22663149
22683793
22684885
22789107
22792156
22792712
22814506
22817993
22843847
22846100
22857940
22961447
22976177
22984263
23011749
23027755
23032750
23079933
23085075
23151026
23155415
23161683
23173079
23184973
23192041
23239186
23249283
23289858
23303180
23355081
23365666
23403184
23414806
23441204
23456980
23461641
23464656
23481913
23510244
23536297
23540697
23550546
23589869
23603741
23729671
23743634
23747974
23794625
23814185
23818498
23831579
23837603
23840905
23872510
23876656
23934623
23938382
23951213
23972005
23975200
23989143
23994692
24002979
24006327
24031572
24068706
24089145
24103862
24121615
24132659
24140537
24143224
24151908
24205818
24215305
24271162
24274019
24307635
24318917
24454836
24465634
24500971
24502896
24520968
24532777
24549049
24578153
24589688
24677487
24681881
24692716
24743570
24747815
24776794
24811920
24817732
24863934
24889611
24928392
24955985
24975828
25006244
25030084
25044036
25054342
25086872
25126387
25189229
25195912
25232022
25243132
25243898
25261614
25320445
25331933
25337904
25338061
25351880
25357000
25372826
25478833
25484227
25515413
25524699
25548054
25551229
25572493
25615968
25650486
25673991
25703007
25706748
25732342
25740837
25742393
25754115
25811292
25811789
25839781
25868646
25884619
25886944
25908552
25940620
25971964
25973364
25976352
25988355
26021744
26049032
26073528
26074883
26112211
26172070
26182205
26186197
26197592
26201493
26216108
26244019
26252577
26273280
26290287
26311221
26337258
26350330
26365346
26370803
26385459
26411373
26450150
26456402
26457437
26510931
26517555
26544020
26550929
26562776
26567564
26567570
26590840
26636092
26648029
26648913
26692481
26733581
26756452
26775655
26789904
26847200
26909071
26948123
26992215
27044084
27058167
27137090
27182600
27225459
27240407
27240980
27255712
27281849
27287317
27297882
27303692
27368754
27396827
27432968
27468107
27470701
27471775
27500529
27536728
27558436
27587813
27614243
27637368
27677495
27679804
27694229
27739259
27754888
27756898
27789781
27807973
27839948
27877039
27924191
27974687
28038990
28083699
28088481
28119668
28126918
28132389
28188144
28236657
28242762
28263861
28282216
28317956
28324463
28383523
28397370
28411225
28471359
28497175
28506931
28510107
28542368
28576570
28608649
28645711
28675659
28687649
28689968
28709140
28757899
28798741
28839181
28844748
28847424
28862774
28891573
28899103
28904416
28929533
28955310
28966605
29027447
29095151
29119720
29151651
29158775
29206865
29218340
29244852
29261697
29320163
29375494
29449107
29485112
29552677
29563796
29622676
29686138
29695503
29746768
29753940
29777693
29879584
29887012
29891641
29938729
29939310
29969105
30006996
30021877
30052171
30103257
30106993
30149661
30178642
30183281
30217849
30223331
30230354
30261215
30295457
30308220
30339218
30389625
30409909
30481062
30488429
30527928
30536999
30579600
30682467
30688163
30692176
30714568
30762368
30797475
30804051
30843203
30851327
30925017
30938698
30940816
30950401
30959406
30961930
30968972
30992133
31012266
31103441
31110498
31162841
31178048
31235513
31239351
31276954
31278958
31330881
31333600
31333601
31362038
31416390
31444361
31471304
31487437
31497001
31550530
31570971
31597319
31619456
31674186
31681218
31717497
31719231
31748604
31756434
31804539
31839260
31877996
31882536
31919371
31923495
31999119
31999745
32030335
32071085
32146269
32149285
32156293
32210096
32212645
32214814
32228856
32236233
32255458
32275417
32297860
32301437
32302608
32309590
32318041
32366051
32536603
32564101
32579573
32625182
32660384
32693146
32703449
32721821
32803083
32809182
32819591
32850827
32870272
32916102
32983036
33036395
33046679
33059113
33072055
33073387
33109751
33117296
33121542
33133422
33150905
33188877
33189396
33199509
33231066
33292418
33341800
33375757
33391243
33421767
33452031
33508382
33527318
33613647
33626388
33656023
33679894
33709962
33727139
33892465
33923690
33924085
33929844
33959605
34025716
34031039
34035321
34052926
34070642
34088512
34155239
34159631
34175440
34188783
34197804
34265277
34266994
34285211
34319072
34323731
34356381
34394020
34417608
34460093
34529230
34565367
34619744
34685516
34694920
34744197
34829714
34970246
34977598
35002990
35012337
35042054
35054415
35149830
35154022
35254818
35314559
35336151
35357137
35409369
35453702
35469976
35507240
35575549
35577074
35605407
35607831
35623162
35719091
35744678
35801857
35807515
35838143
35841886
35856907
35862635
35906527
35943982
35972276
35984631
35986527
35995383
35998606
36000732
36000901
36096248
36113363
36128236
36210010
36226052
36282180
36300930
36320685
36322746
36327499
36333788
36369284
36411759
36453941
36460936
36502921
36503092
36515719
36577046
36643897
36672826
36744915
36749041
36768763
36829173
36833450
36834856
36859103
36869664
36898961
36974140
37020015
37020030
37026990
37039477
37043530
37163679
37302289
37328878
37371877
37392739
37473881
37498212
37664956
37671884
37712998
37771704
37834265
37849465
37886971
37938656
38029090
38059467
38062175
38072042
38082498
38152378
38193676
38203592
38246753
38257271
38280857
38312500
38338670
38338939
38498302
38525892
38587394
38605710
38608339
38608491
38647790
38647973
38652591
38670653
38731483
38742631
38804263
38815487
38853686
38864629
38916345
38962131
38977107
38987305
39019197
39036966
39044042
39062626
39080265
39087732
39109746
39213344
39239997
39311497
39313558
39338423
39417615
39519086
39543143
