1398963
1800380
1993755
7548560
8394379
8816129
8904410
9220164
9342949
10328647
10543754
10900958
11771577
12539636
12670069
15143039
16085394
16887572
17141534
17392225
17634304
17937671
18048753
20670687
21284689
21689545
22163302
22326175
22967794
23245806
25106846
25881109
26426306
27377440
31018870
31737352
33868186
34195257
34479479
34536922
34782592
35354326
35755831
36147601
36232865
36650477
36861850
37759232
38256037
38686186
38719087
38760693
38813004
38916926
39223464
39387425
39549628
