7503664
7886392
8168924
8541035
8563056
8698198
8730265
8779805
9018763
9158673
9208441
9244575
9365937
9368589
9476242
9508286
9574707
9585030
9684971
9698785
9737579
9754724
9812529
9823561
9844067
9854088
9921750
10067743
10074524
10074528
10337926
10337933
10349993
10396946
10407483
10422341
10476352
10489777
10508105
10518387
10531292
10554119
10555359
10677914
10699008
10784580
10802862
10878060
10882088
10923454
11063150
11148357
11233522
11243359
11264502
11280373
11283079
11333659
11521108
11573102
11577125
11747737
11966538
11979890
11991617
12014500
12213186
12390213
12477332
12604984
12604985
12690992
12742311
12944015
14532733
14615829
14970245
15004062
15131182
15148425
15174799
15258991
15526130
15545459
15564031
15578901
15692795
15751578
15809319
15982214
16008214
16104942
16154138
16178972
16181350
16224223
16251292
16363610
16470313
16825630
16955803
16961807
16984807
17099152
17103036
17194807
17206081
17297253
17488330
17644716
17686140
17929990
18218931
18387674
18490502
18523177
18823636
19120890
19243435
19303265
19366912
19412605
19712171
19847951
19999111
20302591
20586849
20846360
21073611
21077447
21397035
21421932
22023125
22039924
22089027
22226326
22653899
22817795
23209550
23405321
23782142
23895283
24011248
24031634
24065079
24695914
24866791
25510739
25521737
25548476
25905013
26155203
26155631
26181403
26182161
26527212
26527935
26935145
27096797
27487496
28367842
28534071
28720300
29110387
29766790
31760332
32381076
32630563
32790220
32905014
32918348
33475481
33818862
34135148
35152551
35405277
35622756
35625100
36958030
38374558
38720287
39523000
