426599
718373
1315276
1322827
5354956
5726313
5784229
6462125
7067654
7126920
7224780
7458307
7649266
7880251
8013871
8995820
9521732
9757132
9830098
10429202
10467146
10940017
11828501
12732945
16060663
16887628
16924914
17388069
21612278
22322557
23075782
26779817
30563905
31352302
32586862
33982069
34507264
35306583
37735063
426599
718373
1315276
1322827
5354956
5726313
5784229
6462125
7067654
7126920
7224780
7458307
7649266
7880251
8013871
8995820
9521732
9757132
9830098
10429202
10467146
10940017
11828501
12732945
16060663
16887628
16924914
17388069
21612278
22322557
23075782
26779817
30563905
31352302
32586862
33982069
34507264
35306583
37735063
