119484
335963
541249
541250
1369094
1500353
4091552
6171851
6315667
6833126
7462159
7592032
8040069
8040070
8071125
8244891
8642002
8893841
9341921
9572888
10052965
10657233
11755231
12901916
14197625
15110971
15491132
15911378
18313174
19749033
21173184
22123769
22510018
22888189
23583975
24367440
24543965
24812360
25947917
26137678
26579205
27298302
27383040
28516055
28767052
28796837
29238338
29463727
29654174
29654175
29697266
29844049
30026482
30687260
30928538
31183865
31317529
31998251
32308651
34444489
34467445
35808848
38840465
39549943
