17714522
17760542
18081862
18180149
18502971
18517068
18547832
18582327
18768651
18771363
18834247
19053920
19126114
19131319
19166766
19228092
19351562
19416446
19426923
19459962
19641151
19656037
19666803
19722792
19860320
19931851
20096084
20219690
20337663
20410352
20739702
20816745
20919496
20957048
21189338
21405933
21405936
21410554
21492236
21523229
21524712
21564314
21605286
21700161
21831282
21846535
21861307
21883710
21916225
21928086
22077868
22099908
22141356
22150619
22249562
22259811
22313692
22324467
22326175
22335194
22405584
22531876
22605835
22613548
22863892
22934839
22988660
23060013
23077425
23224675
23294017
23316683
23334268
23538426
23633772
23659237
23784124
24031274
24144271
24278920
24303924
24309744
24345204
24434962
24461411
24565649
24579762
24666896
24677258
24680818
24683780
24747615
24796229
24861390
24862703
24923267
24935532
25024367
25040261
25054150
25107981
25205261
25280920
25283721
25351224
25362808
25412607
25549405
25565631
25568808
25581046
25741691
25796741
25799538
25827437
25926392
25977161
26018307
26067839
26117663
26121972
26177212
26187422
26188420
26193958
26259070
26351631
26359730
26407883
26408641
26485192
26521147
26638540
26759339
26798518
26911898
26983837
26996070
27020914
27056827
27079924
27105613
27153291
27215719
27224567
27383704
27422156
27531498
27558263
27558381
27620215
27699574
27717180
27737357
27747631
27786617
27797940
27864301
27965635
27988390
28050984
28286386
28341746
28460249
28512280
28529856
28537064
28648472
28765474
28831384
28835212
28844191
28848499
28912574
28960881
29038128
29081982
29110296
29141929
29214046
29293651
29299190
29305995
29340343
29363148
29374525
29396061
29425733
29520798
29557489
29626971
29631929
29642940
29680846
29736803
29768437
29774014
30024592
30025275
30064333
30160670
30217496
30223809
30276516
30280501
30287186
30359695
30540782
30589008
30665352
30685795
30808354
30819241
30909081
31174997
31281801
31311881
31366860
31464925
31480468
31521732
31545676
31568143
31576949
31687180
31748364
31778809
31838294
31891793
31959912
31985727
32001335
32046045
32050105
32150046
32233092
32384777
32433701
32579699
32617182
32758181
32763436
32831925
32857044
32860137
32933859
32943695
32975038
33017653
33032107
33062199
33066545
33080856
33133417
33140283
33249255
33270246
33300589
33348083
33410957
33490872
33536501
33598614
33634320
33642736
33711170
33718241
33789570
33827520
33862204
33865326
33867268
34046355
34216116
34217826
34328665
34356802
34432217
34442745
34447232
34454095
34559030
34570046
34576835
34697283
34707364
34758776
34878380
34906686
34911531
34935421
34976850
35003221
35023786
35061858
35187875
35301576
35315681
35351758
35354326
35360109
35397605
35416697
35432789
35480234
35545182
35592523
35625693
35729515
35740158
35755831
35836203
35843460
35882981
35986029
36012939
36049430
36127658
36137645
36141340
36230584
36240293
36261869
36346473
36497419
36497685
36500223
36564826
36605125
36627634
36633093
36650477
36656051
36718686
36719506
36736989
36781937
36803460
36861850
36968802
36999244
37002440
37038174
37125513
37133638
37140235
37191955
37197959
37204351
37206157
37211309
37218575
37243559
37250268
37374936
37404664
37423597
37482657
37536958
37558206
37630597
37724895
37729258
37815708
37842920
37887256
37925846
37969220
37994021
38029104
38357799
38389952
38448387
38528960
38587683
38602474
38634795
38649355
38689063
38702412
38719087
38757737
38846345
38854806
38860802
38928550
38970464
39015311
39018935
39055980
39075388
39117366
39119388
39205409
39346897
39420333
39544619
