11411705
15879244
16269673
16623742
16869145
16907817
16978429
17430918
17604934
17921266
19822375
21075904
22053731
23094819
24703768
25197436
25323597
25992605
26082119
26336239
27445372
27593267
28315056
28424669
29735061
30308372
33279035
33712427
35761577
37074003
37996960
38004716
38945613
11411705
15879244
16269673
16623742
16869145
16907817
16978429
17430918
17604934
17921266
19822375
21075904
22053731
23094819
24703768
25197436
25323597
25992605
26082119
26336239
27445372
27593267
28315056
28424669
29735061
30308372
33279035
33712427
35761577
37074003
37996960
38004716
38945613
