623460
814099
1715737
1875391
2002434
2146395
2875188
3435242
3579269
3777921
3901215
4943582
6360636
6581193
6698982
6739150
6827889
7025153
7144403
7765091
7872754
8034995
8192445
8324151
8517721
8837418
9145865
9303406
9310709
9573815
9660335
10471570
10524276
10543754
10797085
10801923
11120995
11506174
11542181
11737506
11764403
11852471
11853565
11931161
11999453
12164960
12173104
12477765
12821492
15528856
15813838
16082005
16334443
16905529
17464938
17584449
18084993
18546150
18793368
19369513
19484811
20216533
21165656
21398076
21547305
21575137
22046091
22612505
22798514
23163048
23433684
23514906
23529731
23666100
24489770
24590666
25339828
26373292
26456575
26549775
26637604
27816261
28467592
29201150
29216329
29911265
30509257
30951829
31388884
31615779
32808768
32903396
33233735
35250450
35283816
35421136
35708635
35739324
35854697
35863004
36729650
37104065
37684694
38060167
38255253
38376725
38658841
39023095
39029335
39048520
39058003
39114506
39162460
39608772
