12508851
12851735
15668022
16232300
17180381
18586931
20202342
20221726
20495025
21819497
22320692
23449921
23717321
24195377
24600444
24936766
25206350
25830686
25898572
26487437
27039061
27426954
27505346
28083663
28115385
28116165
28451946
28618083
28820086
29079625
29184101
29375516
29638210
29670216
29992518
30143509
30426053
30798059
31040301
31507562
31680421
31741523
31771146
31879580
31891417
32004342
32125096
32309906
32488841
32588300
32664682
32708144
32728495
33007821
33131088
33297147
33391864
33416972
33445684
33589671
33673750
33715030
34559247
34795326
34897563
35048315
35050074
35143001
35469877
35606741
36439209
36590425
36743570
37113227
37125177
37838475
37849842
37939120
37968339
38060139
38140678
38279854
38286834
38365935
38639000
38849682
39103127
39490857
39498253
