12571020
15006780
15184171
15490563
15836478
16429781
17082408
20110133
25151307
25477937
25682227
26420048
26585522
26958091
27548981
28330318
28709882
28871515
29864727
29979708
29992154
30015424
30244793
30283150
30631365
31888088
31955394
32360575
33239462
33648280
33772669
33934022
34418664
34468511
34616380
34729354
34762578
34961888
34980421
35425221
35572705
35713724
35738403
35844422
36628451
37059038
37469421
37508191
38066405
38097527
38171227
38294247
38565929
38753164
39416844
12571020
15006780
15184171
15490563
15836478
16429781
17082408
20110133
25151307
25477937
25682227
26420048
26585522
26958091
27548981
28330318
28709882
28871515
29864727
29979708
29992154
30015424
30244793
30283150
30631365
31888088
31955394
32360575
33239462
33648280
33772669
33934022
34418664
34468511
34616380
34729354
34762578
34961888
34980421
35425221
35572705
35713724
35738403
35844422
36628451
37059038
37469421
37508191
38066405
38097527
38171227
38294247
38565929
38753164
39416844
