47323
195928
533152
558042
565671
572903
760499
879770
879784
1236930
1426982
1427008
1547946
1667013
1692677
1809203
1886616
1953672
1987156
2016208
2030098
2075980
2106673
2119579
2126461
2250649
2361940
2600588
2619305
2687251
2705767
2843095
3030193
3124741
3196962
3426214
3567744
3567745
3789721
3918007
3997690
4084861
4275991
4351387
4572986
4735890
4745433
4796347
4855566
5541030
5893806
6069974
6377675
6639013
6639018
6686488
6742828
7061402
7126173
7275867
7369826
7387158
7527201
7527202
7646044
7836596
7963612
8017905
8216756
8285663
8368849
8659900
8868234
8880475
9023950
9023951
9055429
9067009
9172333
9175559
9281411
9290062
9313145
9331875
9370514
9473449
9561824
9675867
9684165
9785345
9811650
10022014
10427077
10439419
10568481
10679049
10705451
10737178
10754233
10941514
11092623
11136131
11160797
11375199
11417686
11434522
11479703
11576305
11731149
11890416
11993799
12055307
12138768
12153721
12167534
12483585
12654162
12741567
12783197
12819957
14066484
14291590
14569291
14592706
14602663
14679233
15063503
15128585
15147860
15214735
15277761
15381413
15530016
15735965
15742147
15817796
15913824
16085810
16232638
16237031
16345231
16345418
16345608
16346069
16346090
16346542
16346590
16346915
16347127
16347167
16347634
16347685
16347743
16347769
16347770
16348327
16405691
16467991
16535158
16563536
16701570
16887624
16971591
17022659
17028224
17235560
17612504
17953586
18045448
18392616
18513327
18661296
18710396
18837503
18839246
18931104
19018588
19038926
19194751
19234687
19330485
19577464
19762826
19787401
20050953
20163675
20438497
20491929
20699553
20722875
20848492
20880288
20971877
21198963
21346137
21357427
21362116
21538241
21567416
21598111
21666020
21805305
21822435
21831789
21890664
21914885
22047657
22059589
22118094
22232237
22356106
22444989
22484959
22492445
22558929
22562991
22692875
22729694
22901468
22925153
23093406
23100580
23216542
23269735
23278844
23332846
23354907
23403279
23462136
23484116
23553112
23604558
23653262
23802549
23845516
23849646
24053023
24165135
24225531
24228908
24261635
24440491
24508430
24610852
24612258
24702602
24756125
24814291
24846132
24992679
25049652
25049924
25157086
25264743
25282426
25319536
25404002
25414108
25477200
25568379
25606402
25673657
25846054
25931374
26035208
26253660
26299164
26365790
26399366
26733975
26868619
26885988
26910767
26913570
26928330
26949950
27107749
27123239
27184296
27272696
27439730
27628956
27633043
27666679
27748409
27770389
27818645
27899919
28018336
28143676
28265975
28431497
28462771
28465826
28528583
28707415
28849307
29109537
29112792
29150805
29178910
29179547
29240970
29295610
29312208
29381900
29385456
29385463
29494146
29594405
29654500
29717516
29753202
29941423
30099783
30128212
30167491
30314483
30396005
30475059
30477290
30555451
30720827
30721320
31077694
31083622
31193871
31243332
31338148
31407448
31493730
31508230
31718315
31740932
31766741
31840620
31854286
31992377
32106659
32190661
32340650
32687154
32693843
32694544
32718368
32718369
32757409
32780604
33015136
33081073
33193243
33205409
33220861
33282798
33364553
33426036
33585621
33598856
33658330
33776970
33800444
33801486
33866692
33871739
34155966
34209256
34346295
34359136
34660333
34754962
34859032
34869530
34941821
35027089
35155519
35346480
35506110
35572620
35573401
35681883
35777110
35923394
35990268
36028341
36108686
36184578
36212853
36230332
36313835
36337113
36359109
36439852
36541769
36639141
36830527
36915166
37090251
37174476
37408639
37544054
37561381
37957277
37969336
38008735
38023376
38029125
38044672
38260196
38274554
38318149
38400743
38592802
38680814
38723828
38754847
38756593
38837999
38851991
38910145
38928432
39144081
39480840
39562634
39570775
47323
195928
533152
558042
565671
572903
760499
879770
879784
1236930
1426982
1427008
1547946
1667013
1692677
1809203
1886616
1953672
1987156
2016208
2030098
2075980
2106673
2119579
2126461
2250649
2361940
2600588
2619305
2687251
2705767
2843095
3030193
3124741
3196962
3426214
3567744
3567745
3789721
3918007
3997690
4084861
4275991
4351387
4572986
4735890
4745433
4796347
4855566
5541030
5893806
6069974
6377675
6639013
6639018
6686488
6742828
7061402
7126173
7275867
7369826
7387158
7527201
7527202
7646044
7836596
7963612
8017905
8216756
8285663
8368849
8659900
8868234
8880475
9023950
9023951
9055429
9067009
9172333
9175559
9281411
9290062
9313145
9331875
9370514
9473449
9561824
9675867
9684165
9785345
9811650
10022014
10427077
10439419
10568481
10679049
10705451
10737178
10754233
10941514
11092623
11136131
11160797
11375199
11417686
11434522
11479703
11576305
11731149
11890416
11993799
12055307
12138768
12153721
12167534
12483585
12654162
12741567
12783197
12819957
14066484
14291590
14569291
14592706
14602663
14679233
15063503
15128585
15147860
15214735
15277761
15381413
15530016
15735965
15742147
15817796
15913824
16085810
16232638
16237031
16345231
16345418
16345608
16346069
16346090
16346542
16346590
16346915
16347127
16347167
16347634
16347685
16347743
16347769
16347770
16348327
16405691
16467991
16535158
16563536
16701570
16887624
16971591
17022659
17028224
17235560
17612504
17953586
18045448
18392616
18513327
18661296
18710396
18837503
18839246
18931104
19018588
19038926
19194751
19234687
19330485
19577464
19762826
19787401
20050953
20163675
20438497
20491929
20699553
20722875
20848492
20880288
20971877
21198963
21346137
21357427
21362116
21538241
21567416
21598111
21666020
21805305
21822435
21831789
21890664
21914885
22047657
22059589
22118094
22232237
22356106
22444989
22484959
22492445
22558929
22562991
22692875
22729694
22901468
22925153
23093406
23100580
23216542
23269735
23278844
23332846
23354907
23403279
23462136
23484116
23553112
23604558
23653262
23802549
23845516
23849646
24053023
24165135
24225531
24228908
24261635
24440491
24508430
24610852
24612258
24702602
24756125
24814291
24846132
24992679
25049652
25049729
25049924
25157086
25264743
25282426
25319536
25404002
25414108
25477200
25568379
25606402
25673657
25846054
25931374
26035208
26253660
26299164
26365790
26399366
26733975
26868619
26885988
26910767
26913570
26928330
26949950
27107749
27123239
27184296
27272696
27439730
27628956
27633043
27666679
27748409
27770389
27818645
27899919
28018336
28143676
28265975
28431497
28462771
28465826
28528583
28707415
28849307
29109537
29112792
29150805
29178910
29179547
29240970
29295610
29312208
29381900
29385456
29385463
29494146
29594405
29654500
29717516
29753202
29941423
30099783
30128212
30167491
30314483
30396005
30475059
30477290
30555451
30720827
30721320
31077694
31083622
31193871
31243332
31338148
31407448
31441137
31493730
31508230
31718315
31740932
31766741
31840620
31854286
31992377
32106659
32190661
32340650
32687154
32693843
32694544
32718368
32718369
32757409
32780604
33015136
33081073
33193243
33205409
33220861
33282798
33364553
33426036
33585621
33598856
33658330
33776970
33800444
33801486
33866692
33871739
34155966
34209256
34346295
34359136
34660333
34754962
34859032
34869530
34941821
35027089
35155519
35346480
35506110
35572620
35573401
35681883
35777110
35923394
35990268
36028341
36108686
36184578
36212853
36230332
36313835
36337113
36359109
36439852
36541769
36639141
36830527
36915166
37090251
37174476
37408639
37544054
37561381
37957277
37969336
38008735
38023376
38029125
38044672
38260196
38274554
38318149
38400743
38592802
38680814
38723828
38754847
38756593
38837999
38851991
38910145
38928432
39144081
39480840
39562634
39570775
