853289
1380284
2777064
3309144
3366872
3734752
4050199
6231257
8086527
8598279
8782676
9383459
10194099
10970421
11346303
11594601
12486050
12722650
12812507
12856955
15200833
15545488
15612622
15898757
16349147
17306883
17578768
17682396
18294801
18491598
19119036
19333449
19502318
19615964
20076909
20204712
20453136
20462726
20881180
21701983
21790029
21812345
21899922
22614451
22828982
23164577
23180442
23298646
23365012
23728378
23842543
23912120
24076109
24291134
24435872
24510385
24790914
24831710
25013147
25572208
25682382
25845362
26298579
26352898
26668660
26886757
26898409
26923741
26939442
26988397
27112590
27516945
27571967
27706786
27797429
27807489
28035826
28043546
28120242
28532497
28634712
28664368
28710620
28710622
28710623
28710630
28710634
28984546
29084539
29131627
29427574
29552489
29728384
29738205
29776364
29942778
30073539
30075077
30362748
30370444
30735930
30790119
30913432
30997306
31215393
31289904
31347189
31513889
31731395
31792785
31848383
31864921
31992309
32228591
32315913
32414803
32544633
32804273
32976867
33008397
33258169
33308966
33713271
33745809
34399754
34586911
34949197
35108497
35380460
35603430
35630641
36340214
36415958
36710325
37047121
37642839
37642848
37642852
38013183
38129322
38300290
39295572
39552052
853289
1380284
2777064
3309144
3366872
3734752
4050199
6231257
8086527
8598279
8782676
9383459
10194099
10970421
11346303
11594601
12486050
12722650
12812507
12856955
15200833
15545488
15612622
15898757
16349147
17306883
17578768
17682396
18294801
18491598
19119036
19333449
19502318
19615964
19802419
20076909
20204712
20453136
20462726
20881180
21701983
21790029
21812345
21899922
22614451
22828982
23164577
23180442
23298646
23365012
23728378
23842543
23912120
24076109
24291134
24435872
24510385
24790914
24831710
25013147
25572208
25682382
25845362
26298579
26352898
26668660
26886757
26898409
26923741
26939442
26988397
27112590
27516945
27571967
27706786
27797429
27807489
28035826
28043546
28120242
28532497
28634712
28664368
28710620
28710622
28710623
28710630
28710634
28984546
29084539
29131627
29427574
29552489
29728384
29738205
29776364
29942778
30073539
30075077
30362748
30370444
30735930
30790119
30913432
30997306
31215393
31289904
31347189
31513889
31731395
31792785
31848383
31864921
31992309
32228591
32315913
32414803
32544633
32804273
32976867
33008397
33258169
33308966
33713271
33745809
34399754
34586911
34949197
35108497
35380460
35603430
35630641
36340214
36415958
36710325
37047121
37642839
37642848
37642852
38013183
38129322
38300290
39295572
39552052
