19126740
20631102
21048018
21869607
22155447
22742769
22950075
23298816
25519299
25593266
26612136
27481335
27856584
27877168
27890692
28043924
29147640
29374525
31038448
31075311
32001335
33950858
34211451
35526662
35779098
36219351
38927236
39533360
19126740
20631102
21048018
21869607
22155447
22742769
22950075
23298816
25519299
25593266
26612136
27481335
27856584
27877168
27890692
28043924
29147640
29374525
31038448
31075311
32001335
33950858
34211451
35526662
35779098
36219351
38927236
39533360
