500207
518236
528052
1280812
1399008
1417521
1607829
1676335
1837056
1879926
1920011
2002433
2005230
2022730
2137170
2172341
2254020
2358715
2524581
3119744
3168490
3204481
3439382
3546133
3860518
3863910
4044029
6227738
6345380
6345381
6574154
6670527
7153332
7358428
7358430
7478753
7494174
7593703
7796488
8027314
8109940
8277407
8360517
8423249
8583161
8961558
8998988
9151641
9390475
9467394
9527568
9660335
9763332
9872116
10221619
10458530
10870471
10870474
10872401
11034118
11270602
11327065
11594009
11846195
12078176
14712364
15508748
15937752
16127077
16269128
17517058
18218926
18261121
18390433
18422583
18499560
18804973
19053926
19228092
19722792
19772671
20308380
20634330
20860759
21864643
21895662
21916371
22077868
22324467
22417880
22480039
23102464
23698526
23714165
24013195
24346334
24484531
24935532
24982840
24995517
27313576
27480511
27660886
28403363
28453633
29703650
30828815
31214897
31275806
31765020
32667390
33057825
33456255
34120998
34142857
34142860
34432217
34668748
34668852
34824153
35222330
35613833
35800217
35968170
36538094
36768839
36834903
37095478
37170816
37565768
37884212
38922208
39203395
39596308
500207
518236
528052
1280812
1399008
1417521
1607829
1676335
1837056
1879926
1920011
2002433
2005230
2022730
2137170
2172341
2254020
2358715
2524581
3119744
3168490
3204481
3439382
3546133
3860518
3863910
4044029
6227738
6345380
6345381
6574154
6670527
7153332
7358428
7358430
7478753
7494174
7593703
7796488
8027314
8109940
8277407
8360517
8423249
8583161
8961558
8998988
9151641
9390475
9467394
9527568
9660335
9763332
9872116
10221619
10458530
10870471
10870474
10872401
11034118
11270602
11327065
11594009
11846195
12078176
14712364
15508748
15937752
16127077
16269128
17517058
18218926
18261121
18390433
18422583
18499560
18804973
19053926
19228092
19722792
19772671
20308380
20634330
20860759
21864643
21895662
21916371
22077868
22324467
22417880
22480039
23102464
23698526
23714165
24013195
24346334
24484531
24935532
24982840
24995517
27313576
27480511
27660886
28403363
28453633
29703650
30828815
31214897
31275806
31765020
32667390
33057825
33456255
34120998
34142857
34142860
34432217
34668748
34668852
34824153
35222330
35613833
35800217
35968170
36538094
36768839
36834903
37095478
37170816
37565768
37884212
38922208
39203395
39596308
