15545462
18280706
19671717
21715960
23469362
26179298
30623628
30655589
30770150
30780401
30985034
31106946
33296351
35230494
35279441
35304205
35782140
36246225
36650835
37537792
37683758
38199465
38581401
38621150
38918500
39002079
39229732
39369534
15545462
18280706
19671717
21715960
23469362
26179298
30623628
30655589
30770150
30780401
30985034
31106946
33296351
35230494
35279441
35304205
35782140
36246225
36650835
37537792
37683758
38199465
38581401
38621150
38918500
39002079
39229732
39369534
