7527204
9603840
9658015
9726858
9779609
10406941
10480267
10601229
10754249
10966385
11131021
11425739
11443080
11563978
11594612
12070769
12144271
12160993
12356333
12620842
12644478
12670685
12670973
12775057
12882304
14671304
14744127
15066854
15090532
15126463
15133162
15142248
15175321
15274645
15276006
15292160
15345398
15523914
15574924
15575284
15582618
15642477
15696391
15817791
15819846
15870343
15926554
15941985
15961027
15968061
15973408
16000176
16000798
16085869
16109933
16124300
16156654
16190229
16216446
16234915
16269721
16315175
16323798
16332857
16332858
16342140
16385034
16400981
16403647
16461711
16543275
16585740
16585776
16640569
16698197
16797259
16849792
16849807
16929676
16936056
16936064
16958761
17014972
17041036
17105209
17144297
17153999
17158673
17184904
17256522
17322204
17346345
17406915
17574993
17581116
17583674
17621584
17695929
17720265
17786426
17876576
17906154
17922770
17929324
17963818
17981891
17986080
17994620
18093163
18245290
18253022
18266464
18266557
18303924
18329666
18343156
18441820
18451051
18504979
18515480
18522314
18534185
18538641
18546690
18564184
18602362
18606791
18616590
18621521
18638577
18644460
18658278
18661956
18677521
18703839
18703849
18723646
18725730
18757793
18800525
18804909
18804995
18836002
18837462
18846396
18849456
18952795
19011077
19109973
19214793
19351328
19395486
19461962
19473543
19482561
19487117
19507866
19574034
19580156
19624843
19712394
19735665
19792871
19820150
19857457
19875435
19915036
19939938
19950474
20033069
20078895
20089195
20152799
20154112
20189793
20196588
20345152
20390557
20394356
20400557
20400562
20444261
20485847
20497531
20544019
20554197
20591659
20592237
20605218
20609365
20629752
20636372
20655858
20660485
20667132
20668487
20690670
20696622
20708667
21069484
21092215
21111440
21127257
21130881
21131196
21131513
21158443
21169487
21182788
21183669
21190836
21191786
21236241
21255320
21261921
21310789
21495007
21524102
21555571
21646430
21652198
21671335
21698445
21699403
21774583
21805398
21822253
21861844
21862629
21896750
22003020
22006545
22012591
22015479
22020365
22029575
22037946
22047596
22101036
22113376
22223104
22276620
22304032
22344663
22362768
22366414
22408162
22417533
22492459
22524560
22526031
22549331
22577044
22581467
22584876
22614997
22639221
22665802
22674693
22697183
22706052
22731932
22746334
22773645
22779741
22899897
22923399
22955881
22967216
23029480
23030844
23043215
23061986
23075791
23176452
23176467
23176471
23183974
23211438
23234071
23240087
23243888
23271671
23306674
23313804
23363619
23377933
23393089
23417889
23420623
23453979
23481602
23481604
23486252
23594814
23612296
23631915
23634690
23653449
23698325
23718629
23757233
23761253
23765850
23851008
23867535
23930138
23934497
23965997
23980722
23996084
24020841
24058500
24096430
24113651
24121807
24122627
24150569
24155100
24201144
24202068
24264237
24268904
24290294
24296506
24307451
24364567
24401410
24402861
24441515
24463054
24494981
24516674
24530867
24550478
24554342
24566287
24584254
24587123
24622544
24642203
24695860
24711368
24725505
24742179
24771104
24802954
24814783
24846283
24863901
24878278
25028772
25048958
25052395
25090411
25113946
25128347
25139405
25139417
25153891
25196156
25209145
25212846
25227320
25232657
25238285
25268220
25273002
25275217
25285763
25326694
25342966
25348891
25351488
25384844
25421463
25425235
25425279
25496739
25505896
25604785
25698567
25731703
25736881
25746987
25756125
25765989
25786707
25794875
25814583
25848022
25857596
25891213
25906375
25939275
25962149
25972437
26026839
26071083
26071085
26109747
26115527
26118304
26140532
26212121
26243427
26253675
26265121
26271452
26273609
26278535
26284042
26321039
26407054
26435389
26481622
26483786
26488071
26592958
26611733
26652300
26699756
26839412
26888530
26936773
26973614
27001169
27009596
27016913
27134022
27162347
27291525
27327215
27392249
27409066
27427998
27445996
27446021
27450427
27463218
27471497
27481214
27488344
27492680
27525205
27525209
27603556
27659960
27718580
27799920
27812825
27821844
27821847
27836473
27853136
27858972
27860438
27866628
28045456
28062839
28066394
28067226
28067820
28087529
28093471
28096491
28138101
28139786
28258137
28287150
28295106
28362850
28377068
28401700
28402361
28429471
28452369
28472266
28513579
28542725
28671824
28674067
28695687
28705423
28783184
28806071
28821212
28871245
28872631
28929755
28963994
28992596
29101585
29142731
29236109
29298044
29312190
29357319
29392254
29426790
29482111
29494884
29525620
29534491
29722806
29748402
29754098
29777686
29807268
29874632
29878195
29886258
29905980
29906723
29913385
29991583
30038047
30042200
30048624
30057572
30061933
30065708
30066435
30078312
30148359
30235650
30247017
30260563
30266730
30289415
30368082
30523372
30524391
30524941
30590223
30640004
30641310
30644148
30659584
30661590
30665638
30684777
30730701
30743077
30746438
30759269
30759821
30796283
30825658
30838205
30846876
30848269
30848601
30875222
30884360
30937444
30943001
30951668
30964001
30972336
31012224
31088920
31095388
31119489
31153111
31154126
31226603
31229265
31257868
31284712
31298834
31383140
31505403
31548422
31586764
31608018
31657092
31704456
31791015
31806298
31815351
31822587
31864843
31872462
31886232
31896792
31945063
31950236
31988080
32010071
32066233
32066937
32092674
32097551
32114130
32125829
32160222
32179949
32220843
32265334
32313096
32398660
32470738
32491838
32610234
32614167
32633502
32633952
32680873
32769012
32794728
32803208
32807967
32826217
32973923
33113701
33158892
33185968
33229262
33264880
33297225
33303324
33324382
33418257
33421898
33422734
33591727
33596482
33618189
33665579
33736328
33737919
33741623
33771781
33773254
33837010
33907940
33915126
33952726
33972726
33995893
34059681
34077836
34153910
34190605
34190983
34196176
34222855
34288663
34292748
34347518
34410151
34423503
34445739
34465020
34471289
34472610
34506758
34534805
34585977
34588691
34606863
34669448
34676765
34688593
34746578
34798422
34871365
34939136
34950111
34959027
34999194
35163114
35164556
35183018
35225346
35242754
35245554
35254501
35278941
35334296
35398798
35417246
35421490
35429569
35492054
35544567
35613646
35620088
35663481
35725884
35739726
35783399
35783440
35798889
35858919
35908342
35960254
35981588
36037397
36062910
36071037
36082209
36103351
36114008
36159180
36192537
36222395
36301091
36314758
36374751
36383007
36417757
36423764
36446702
36455655
36525710
36528045
36688800
36706815
36712188
36713222
36779277
36782377
36815664
36823233
36853045
36901259
36921658
36935505
36975810
36997849
37007462
37029136
37098211
37108196
37132655
37137372
37146257
37187279
37209207
37290436
37302334
37356761
37379597
37459687
37468016
37525962
37542876
37552847
37583615
37595873
37650614
37702583
37779214
37832210
37860142
37878651
37881251
37926263
37972299
37980994
38135411
38147916
38151853
38280298
38280317
38281366
38287002
38461530
38509081
38543655
38555482
38581982
38582122
38601817
38633696
38651285
38659001
38685325
38717196
38749675
38758442
38770058
38812984
38872566
38878247
38900842
38916438
38923459
38935664
39007603
39009474
39038400
39071848
39091276
39092920
39154399
39184080
39191012
39203612
39262814
39278116
39279665
39324291
39393178
39470321
39510935
39602585
