59735
61770
83327
118933
354586
506540
602518
730380
744706
848215
901969
977543
1099288
1179885
1301663
1344685
1367181
1376643
1398616
1400983
1455625
1551994
1611553
1720165
1757552
1913341
1917844
1987149
2036006
2092364
2211535
2397191
2459865
2475749
2703466
2844724
2892326
3001031
3173149
3424449
3512834
3760822
4020340
4221169
4417715
4476725
4637612
4839075
5394173
5506586
5640374
5845875
6031422
6034623
6084016
6376283
6472133
6485246
6493072
6500713
6675348
6715045
6727717
6742958
6842179
6980503
7024127
7115056
7376244
7407701
7419696
7800895
8027306
8288193
8353321
8514417
8566806
8586385
8759793
9009336
9163900
9342449
9342450
9399509
9918336
10076627
10591850
10665542
10834976
11004167
11015396
11093707
11145268
11256343
11298286
11403627
11407004
11470352
11705941
11751822
11895929
12212270
12543918
12864856
12867560
12932097
13475879
14043185
14244050
14266480
14267745
14421278
14761630
14994438
15060027
15358819
15548005
15680212
15766783
15838052
15937155
16239521
16349726
16385037
17227461
17403048
17446278
17576761
17642703
17664802
17966475
18234085
18270594
18692158
18770609
19097839
19581392
19729088
19934533
21033579
21300103
21658265
21819516
21903270
21926230
22228733
22367871
22685146
22961849
23092690
23102459
23234440
24123817
24807182
24894019
25063661
25128527
25145397
25987703
26074063
26247102
26341206
26614523
26655756
26839470
26976804
27109059
27178006
27296707
27303713
27333195
27402521
27749038
28291747
28294222
28452041
29198840
29267587
29340468
29363884
29633391
29634754
29868490
30082683
30345088
30472422
30537301
32274497
32428003
32632861
32632863
32683468
32730816
33240263
33556609
33846343
34875420
35422118
35722349
35812397
35899053
36602965
36808011
37031284
37781014
38364905
38496604
39325783
39527098
59735
61770
83327
118933
354586
506540
602518
730380
744706
848215
901969
977543
1099288
1179885
1301663
1344685
1367181
1376643
1398616
1400983
1455625
1551994
1611553
1720165
1757552
1913341
1917844
1987149
2036006
2092364
2211535
2397191
2411175
2459865
2475749
2703466
2844724
2892326
3001031
3173149
3424449
3512834
3760822
4020340
4221169
4417715
4476725
4637612
4839075
5394173
5506586
5640374
5845875
6031422
6034623
6084016
6376283
6472133
6485246
6493072
6500713
6675348
6715045
6727717
6742958
6842179
6980503
7024127
7115056
7376244
7407701
7419696
7800895
8027306
8288193
8353321
8514417
8566806
8586385
8759793
9009336
9163900
9342449
9342450
9399509
9918336
10076627
10591850
10665542
10834976
11004167
11015396
11093707
11145268
11256343
11298286
11403627
11407004
11470352
11705941
11751822
11895929
12212270
12543918
12864856
12867560
12932097
13475879
14043185
14244050
14266480
14267745
14421278
14761630
14994438
15060027
15358819
15548005
15680212
15693116
15693118
15766783
15838052
15937155
16239521
16349726
16385037
17227461
17403048
17446278
17576761
17642703
17664802
17966475
18234085
18270594
18692158
18770609
19084953
19097839
19581392
19729088
19934533
21033579
21300103
21413339
21658265
21819516
21903270
21926230
22228733
22367871
22685146
22701573
22961849
23092690
23102459
23234440
24123817
24807182
24894019
25063661
25128527
25145397
25987703
26074063
26247102
26341206
26614523
26655756
26839470
26976804
27109059
27178006
27296707
27303713
27333195
27402521
27749038
28291747
28294222
28452041
29198840
29267587
29340468
29363884
29633391
29634754
29868490
30082683
30345088
30472422
30537301
32274497
32428003
32632861
32632863
32683468
32730816
33240263
33556609
33846343
34249775
34875420
35392072
35422118
35722349
35812397
35899053
36602965
36808011
37031284
37781014
38364905
38496604
39325783
39527098
