17392184
19351048
19368250
20038698
20643888
20884693
20966277
21345625
21832104
22078276
22194356
22377321
22738054
22798357
23025980
23328945
23778616
24171569
24510449
24526647
24629771
24745347
24807183
25061709
25246231
25302992
25480520
25698822
26139677
26220443
26477829
26868239
27224212
27445392
27556252
27690193
27784951
28099077
28112054
28192042
28619167
29377356
29601780
29844111
29848968
30017000
30161017
30518323
30580542
30648623
30746527
32646323
32747101
32894728
34076489
34198883
34934457
34943750
35139720
35241167
35497709
35664854
36658613
37586034
37856492
38162823
38718954
