11055932
11526038
11861021
11911616
12002406
12027888
12454282
12508856
15644895
15672230
16925979
17022175
17410875
20127233
21942309
22544260
23726054
23757145
23887909
24031938
26254805
26676544
27508309
31868642
32181723
35358671
37369315
37429553
11055932
11526038
11861021
11911616
12002406
12027888
12454282
12508856
15644895
15672230
16925979
17022175
17410875
19787100
20127233
21942309
22544260
23726054
23757145
23887909
24031938
26254805
26676544
27508309
31868642
32181723
35358671
37369315
37429553
