19417
42906
43765
43768
53038
58646
93278
97862
98366
99434
101526
102632
104962
104972
108160
115838
118153
151387
164657
170969
205533
218712
231479
284334
332633
402353
402357
402359
404288
408325
408365
410797
412830
413617
414478
415048
416222
416223
803486
803710
804470
806262
806655
809426
811652
812957
816990
818975
818976
821449
824039
824040
824278
1322113
1332595
1353759
1356963
1369313
1372277
1372604
1378616
1429458
1444251
1479889
1516289
1522058
1577696
1577697
1624419
1629171
1644772
1648623
1657712
1668187
1689062
1693144
1704885
1713583
1715854
1718941
1721884
1730672
1744036
1744056
1791749
1840545
1840894
1847908
1848221
1850403
1900509
1900510
1901052
1904430
1904431
1904432
1904442
1938885
1938915
1938941
1938957
1938958
2104614
2107329
2111012
2116988
2118274
2118510
2119047
2120716
2121605
2123519
2123853
2126150
2128333
2152896
2152902
2152913
2154455
2154456
2158968
2160942
2163391
2165472
2165474
2165608
2168368
2172215
2172982
2193930
2435705
2446773
2454233
2459096
2461359
2464581
2465091
2465092
2467910
2475480
2492105
2493446
2495265
2495269
2495270
2502539
2503505
2504693
2504696
2509425
2509428
2509436
2510171
2539357
2540147
2540156
2542221
2544552
2544553
2553673
2555667
2828174
2829249
2830469
2833562
2844730
2846514
2846515
2855525
2940231
2984519
2987644
2993793
2995310
2996138
3009422
3011748
3017794
3017795
3038850
3087961
3090023
3092212
3093463
3096957
3096968
3100506
3107905
3108625
3110769
3121626
3127653
3137213
3139640
3141380
3141577
3142850
3142856
3142857
3142865
3145903
3316662
3627246
3700339
3918015
3918984
3920197
3923899
3924890
3925350
3929384
3932110
3932324
3932332
3932594
3935702
3936045
4097531
4132608
4197273
4197903
4208247
4208901
4209297
4209409
4209485
4212265
4215396
4234839
4302296
4356271
4360538
4362466
4362757
4364021
4622898
4690965
4717514
4717518
4725820
4860906
4868349
4873038
4923078
4926683
4966832
5053882
5063429
5086662
5290797
5413824
5453346
5473896
5473918
5543277
5548316
5555557
5643044
5669896
5669898
5686021
5773035
5776523
5781583
5788715
5894228
5929775
5929776
5935340
5948779
5958103
5989427
5990745
6032514
6074398
6088065
6091110
6160140
6163763
6170645
6204058
6243625
6252204
6257359
6259127
6268606
6281244
6294106
6305916
6310346
6310351
6316328
6326139
6327634
6402495
6402782
6403510
6403511
6404884
6404885
6411682
6411689
6411690
6415031
6418366
6418704
6421789
6425506
6427208
6438060
6438061
6746578
6766441
6766442
6767694
6767725
6769905
6773804
6788625
6790909
6793809
6795183
6795208
6795209
6797377
6798022
6804632
6806237
6806248
6806251
6811560
6811561
6812494
6816780
6989454
7498792
7505448
7551044
7565080
7565081
7588751
7592333
7608083
7608099
7628697
7635813
7642489
7642490
7658474
7665525
7693658
7702594
7721694
7774814
7783219
7783619
7783642
7789807
7798147
7812456
7821424
7830561
7855429
7860600
7860603
7891564
7896706
7908398
7929001
7929002
7934835
7934859
7937810
7951071
7958903
7961402
7961490
7966307
7968516
7988874
7995518
8016083
8020464
8052622
8055953
8071210
8076811
8081742
8106334
8113184
8113185
8113194
8117701
8125291
8144470
8157590
8162189
8183906
8200526
8226675
8253664
8263923
8276800
8300525
8320239
8331082
8331083
8335633
8335650
8370517
8381783
8384685
8396263
8412706
8432741
8467787
8468287
8475084
8475116
8501037
8501067
8501068
8522522
8550431
8550502
8572884
8574405
8576071
8588838
8598300
8610100
8621504
8626291
8626320
8626418
8633030
8655544
8663243
8673113
8674994
8682806
8692912
8733241
8736543
8748037
8763609
8763924
8763935
8821946
8824635
8825098
8840505
8932321
8932326
8936303
8951822
8996101
8998990
9001395
9004225
9023208
9044257
9044280
9050890
9076740
9139901
9194710
9209041
9209055
9209056
9219997
9224880
9275220
9294446
9302009
9308178
9351195
9370274
9371458
9375355
9390420
9401034
9401035
9421894
9440508
9440539
9457865
9457887
9501214
9531539
9555878
9593705
9639935
9680198
9683657
9701824
9721305
9734783
9738899
9748468
9751772
9765567
9766232
9767592
9770494
9784236
9786185
9791117
9791121
9791131
9791173
9811647
9821973
9829930
9829957
9850416
9851997
9852026
9864308
9919671
9973564
9988486
10049381
10064714
10072767
10094629
10094635
10094702
10198026
10200955
10216854
10217498
10220413
10383974
10383975
10390626
10393946
10400597
10411256
10419975
10464222
10472185
10477310
10482504
10508008
10512720
10515921
10537208
10542339
10547700
10564471
10564511
10589713
10607622
10611358
10629210
10691740
10692158
10692366
10762243
10766241
10789967
10817903
10844655
10852889
10913090
10922065
10972801
10974124
10986250
10996798
10998168
11004179
11016978
11022785
11031761
11064197
11073903
11073904
11075932
11087177
11106368
11114918
11121786
11133949
11157925
11169116
11195095
11226873
11239790
11283289
11294625
11298281
11298283
11321585
11350173
11359579
11371522
11381130
11446517
11466282
11532002
11533063
11544349
11567014
11583847
11591671
11698359
11703671
11717456
11722744
11724156
11748231
11748235
11752438
11807078
11842199
11844778
11844780
11849337
11872704
11872719
11882287
11914353
11920444
11944333
11975503
11976301
11997385
12029052
12057952
12084727
12141877
12142488
12183227
12193631
12270823
12354210
12407192
12446630
12448714
12453221
12453225
12471245
12519205
12548932
12557372
12557487
12562808
12562812
12566562
12644488
12657040
12657058
12676699
12704238
12729693
12736531
12754229
12764559
12775690
12777072
12823935
12828646
12828649
12851461
12864858
12923062
12923079
12949097
12955143
12957970
12965020
13560439
13575754
13681547
13888809
13888810
13932286
13967334
13997609
14051824
14151050
14185314
14347924
14525024
14526020
14563867
14575429
14607429
14634834
14651865
14662352
14729691
14761986
14761994
14993312
15123730
15150233
15153769
15163666
15174160
15175290
15186426
15205438
15244058
15245330
15256560
15317804
15336415
15342500
15342587
15387825
15466588
15487930
15496464
15528664
15547254
15556030
15583161
15612929
15643871
15668379
15699186
15716443
15717228
15727824
15738423
15743959
15770502
15784269
15840722
15866951
15870463
15882411
15882423
15882426
15890521
15895525
15908584
15936654
15937177
15940241
15941994
15960521
15994555
15995213
15995222
16030217
16032360
16039600
16040607
16045620
16052373
16091943
16102016
16136593
16159775
16166548
16174737
16183740
16194223
16194226
16233626
16235021
16248676
16291693
16292354
16299386
16321956
16321963
16331440
16347189
16359317
16385042
16385075
16415588
16421928
16432222
16484181
16484184
16543275
16548850
16556215
16556217
16560449
16573700
16584863
16585738
16592422
16592958
16593290
16593825
16621817
16672510
16677816
16689796
16707573
16710413
16735725
16740945
16740967
16791590
16796678
16802086
16809232
16816188
16824011
16830581
16835859
16844781
16855254
16856943
16879646
16885457
16925549
16925559
16952943
16990257
16997953
16997979
17014493
17015832
17022647
17028273
17046834
17056749
17088558
17090585
17098901
17148609
17189369
17233828
17246160
17246505
17259190
17289998
17293425
17307851
17314091
17322204
17330300
17369305
17379145
17410395
17449703
17470804
17483223
17513469
17573816
17581122
17590236
17653507
17656320
17660550
17662111
17704221
17709100
17720782
17766415
17905977
17905995
17921303
17922045
17932488
17955482
17965706
17981496
17992513
17993514
18028315
18076324
18159227
18166072
18178740
18191220
18223089
18245244
18310035
18315685
18328701
18355284
18355448
18378661
18385222
18390653
18410356
18430134
18430632
18437372
18442170
18461135
18499493
18506874
18554324
18554333
18605899
18623059
18653520
18663002
18701643
18721748
18723623
18792684
18803421
18832061
18836084
18846531
18854146
18931040
18952843
18996994
19082140
19114044
19136593
19147102
19164578
19168614
19179401
19190408
19201804
19215780
19246237
19251845
19273862
19400788
19429611
19459946
19462013
19519767
19535336
19542330
19575369
19575567
19617362
19636935
19636942
19666574
19684067
19706604
19775250
19788540
19879146
19889374
19895646
19897655
19908368
19959988
19996678
20023011
20118614
20139189
20195493
20196075
20208031
20344937
20371514
20386895
20393845
20410074
20420673
20444090
20487265
20487266
20489016
20491924
20508248
20543066
20543819
20561058
20562277
20567509
20576891
20650272
20652021
20656859
20687614
20729807
20868223
20946852
21037205
21083931
21131490
21245931
21248229
21257775
21317337
21342463
21378184
21398555
21414039
21436028
21441502
21454366
21471636
21482768
21493683
21502508
21515768
21521637
21531905
21576491
21626639
21635581
21642412
21651624
21655090
21670274
21690390
21722202
21764930
21784940
21807244
21810965
21811570
21815236
21821771
21840977
21847100
21856842
21886839
21910630
21931562
21944202
21955886
22021420
22091711
22092602
22116063
22132103
22162209
22174937
22183854
22188356
22267513
22273380
22287008
22287524
22343295
22389115
22389486
22392343
22394314
22404381
22444591
22447589
22464961
22467275
22493014
22538652
22661709
22665761
22668558
22753068
22790397
22834948
22859616
22865886
22916026
22923595
22937047
22977088
23002222
23028301
23028358
23123306
23142584
23144251
23145985
23177199
23184156
23190137
23226719
23280569
23285573
23299730
23299732
23300427
23300576
23322594
23341622
23342171
23369184
23419217
23437010
23523720
23551551
23576734
23583757
23654254
23661486
23667231
23712128
23747858
23788552
23799046
23826337
23828520
23848955
23874560
23898400
23922942
24029491
24058653
24068967
24098011
24187092
24193137
24194533
24194534
24304716
24312730
24330414
24339744
24391051
24391054
24418530
24425771
24428729
24466283
24503422
24509931
24520059
24556443
24556993
24573856
24603697
24655121
24707988
24721965
24733297
24752841
24810164
24813625
24814673
24837289
24870038
24906161
24909926
24957622
25002419
25024436
25035068
25101061
25107648
25149859
25157081
25157084
25192998
25201946
25231319
25250022
25266387
25271164
25272005
25272012
25289183
25326308
25332432
25349159
25438645
25445576
25454605
25468349
25471523
25485369
25515642
25550521
25605309
25645554
25645563
25674362
25721851
25790505
25803609
25808785
25811865
25895941
25998248
26038568
26048731
26051889
26082492
26104716
26124238
26132848
26150498
26162436
26162876
26169353
26191639
26194479
26246416
26254571
26291327
26308508
26338420
26346537
26350128
26369439
26369581
26456466
26502963
26518442
26520023
26528785
26574508
26598367
26617577
26639551
26715338
26728490
26748740
26787762
26821939
26839412
26851283
26860640
26875499
26915413
26929132
26936849
26951374
26965631
27035738
27046334
27046892
27124816
27152937
27214040
27225967
27271456
27303375
27362260
27392456
27393239
27393584
27430596
27480170
27487931
27540705
27621281
27639208
27648756
27662568
27693621
27698086
27747384
27749817
27777111
27795492
27862537
27874229
27902428
27905490
27916428
27940564
28128449
28161814
28165453
28203231
28264995
28320967
28352265
28357395
28415180
28486132
28487352
28496436
28500529
28508504
28525300
28533367
28552618
28655845
28779124
28801641
28814300
28820387
28830343
28889293
28956403
29030273
29124218
29127456
29127741
29133885
29158239
29161263
29180656
29185703
29212001
29317615
29337077
29345219
29367493
29378572
29437919
29441522
29463706
29468302
29507089
29593113
29648585
29684557
29705958
29745442
29777103
29799548
29806725
29893914
29922269
29924883
29961779
29975996
29985348
29985409
30013238
30021959
30072980
30102692
30126939
30181127
30217842
30257932
30319751
30346960
30404219
30496038
30506464
30514635
30535229
30540188
30617244
30620734
30729391
30755513
30762281
30808175
30895656
30898932
30899045
30911012
30919490
30995838
31029705
31032028
31065029
31110363
31163575
31187417
31194509
31291955
31292314
31300643
31322369
31332863
31340171
31349992
31449700
31465225
31500633
31501539
31541093
31560685
31600864
31604315
31605730
31609203
31627169
31665539
31704687
31707075
31741028
31757955
31774841
31829529
31951952
31975447
31992858
31996414
32010119
32039748
32057784
32064693
32117124
32117159
32129822
32149502
32214663
32286293
32363627
32373862
32419346
32488442
32513721
32516311
32565537
32569324
32639716
32665330
32738827
32769218
32772462
32778557
32780046
32793125
32900945
32914510
32976811
33025357
33028835
33093210
33132038
33148179
33149152
33171050
33171896
33264956
33276008
33310723
33487114
33493516
33608292
33637792
33654191
33658276
33727542
33734087
33794538
33795155
33844284
33857634
33875546
33923279
33993957
34010833
34011688
34024894
34063365
34190612
34201688
34264106
34289630
34355569
34371415
34385565
34412243
34433567
34455651
34498586
34505573
34517761
34543101
34562373
34576849
34617331
34672703
34674390
34683400
34683464
34709053
34724903
34732578
34757714
34778232
34814750
34829089
34830156
34850244
34874770
34946566
35005822
35121662
35150605
35164555
35197943
35277888
35353010
35359737
35367928
35384715
35408957
35412834
35445965
35454160
35486648
35531272
35572678
35586861
35602090
35646900
35803189
35834094
35887179
35972145
36067225
36103818
36114258
36200915
36211050
36225384
36279102
36327119
36345779
36416153
36448789
36484355
36510120
36520515
36555233
36656032
36731866
36749079
36804855
36812310
36842118
36985787
37014749
37110297
37156836
37213496
37219425
37239421
37295076
37318329
37332671
37339150
37380708
37405170
37422455
37449039
37449105
37494115
37657675
37660104
37695853
37696789
37747885
37754549
37883223
37920390
37958645
37970077
38009928
38075900
38075919
38084967
38116529
38216012
38260904
38261596
38328431
38508314
38524450
38525557
38526062
38530057
38579360
38591662
38617213
38625941
38680947
38696719
38722807
38739209
38747603
38748579
38771034
38774281
38835217
38951187
39012831
39019889
39038987
39041587
39189774
39352247
39355680
39365039
39404445
39422488
39431896
39439355
39454004
39458317
39497259
19417
42906
43765
43768
53038
58646
93278
97862
98366
99434
101526
102632
104962
104972
108160
115838
118153
151387
164657
170969
205533
218712
231479
284334
332633
402353
402357
402359
404288
408325
408365
410797
412830
413617
414478
415048
416222
416223
803486
803710
804470
806262
806655
809426
811652
812957
816990
818975
818976
821449
824039
824040
824278
1322113
1332595
1353759
1356963
1369313
1372277
1372604
1378616
1429458
1444251
1479889
1516289
1522058
1577696
1577697
1624419
1629171
1644772
1648623
1657712
1668187
1689062
1693144
1704885
1713583
1715854
1718941
1721884
1730672
1744036
1744056
1791749
1840545
1840894
1847908
1848221
1850403
1900509
1900510
1901052
1904430
1904431
1904432
1904442
1938885
1938915
1938941
1938957
1938958
2104614
2107329
2111012
2116988
2118274
2118510
2119047
2120716
2121605
2123519
2123853
2126150
2128333
2152896
2152902
2152913
2154455
2154456
2158968
2160942
2163391
2165472
2165474
2165608
2168368
2172215
2172982
2193930
2435705
2446773
2454233
2459096
2461359
2464581
2465091
2465092
2467910
2475480
2492105
2493446
2495265
2495269
2495270
2502539
2503505
2504693
2504696
2509425
2509428
2509436
2510171
2539357
2540147
2540156
2542221
2544552
2544553
2553673
2555667
2828174
2829249
2830469
2833562
2844730
2846514
2846515
2855525
2940231
2984519
2987644
2993793
2995310
2996138
3009422
3011748
3017794
3017795
3038850
3087961
3090023
3092212
3093463
3096957
3096968
3100506
3107905
3108625
3110769
3121626
3127653
3137213
3139640
3141380
3141577
3142850
3142856
3142857
3142865
3145903
3316662
3627246
3700339
3918015
3918984
3920197
3923899
3924890
3925350
3929384
3932110
3932324
3932332
3932594
3935702
3936045
4097531
4132608
4197273
4197903
4208247
4208901
4209297
4209409
4209485
4212265
4215396
4234839
4302296
4356271
4360538
4362466
4362757
4364021
4622898
4690965
4717514
4717518
4725820
4860906
4868349
4873038
4923078
4926683
4966832
5053882
5063429
5086662
5290797
5413824
5453346
5473896
5473918
5543277
5548316
5555557
5643044
5669896
5669898
5686021
5773035
5776523
5781583
5788715
5894228
5929775
5929776
5935340
5948779
5958103
5989427
5990745
6032514
6074398
6088065
6091110
6160140
6163763
6170645
6204058
6243625
6252204
6257359
6259127
6268606
6281244
6294106
6305916
6310346
6310351
6316328
6326139
6327634
6402495
6402782
6403510
6403511
6404884
6404885
6411682
6411689
6411690
6415031
6418366
6418704
6421789
6425506
6427208
6438060
6438061
6746578
6766441
6766442
6767694
6767725
6769905
6773804
6788625
6790909
6793809
6795183
6795208
6795209
6797377
6798022
6804632
6806237
6806248
6806251
6811560
6811561
6812494
6816780
6989454
7498792
7505448
7551044
7565080
7565081
7588751
7592333
7608083
7608099
7628697
7635813
7642489
7642490
7658474
7665525
7693658
7702594
7721694
7774814
7783219
7783619
7783642
7789807
7798147
7812456
7821424
7830561
7855429
7860600
7860603
7891564
7896706
7908398
7929001
7929002
7934835
7934859
7937810
7951071
7958903
7961402
7961490
7966307
7968516
7988874
7995518
8016083
8020464
8052622
8055953
8071210
8076811
8081742
8106334
8113184
8113185
8113194
8117701
8125291
8144470
8157590
8162189
8183906
8200526
8226675
8253664
8263923
8276800
8300525
8320239
8331082
8331083
8335633
8335650
8370517
8381783
8384685
8396263
8412706
8432741
8467787
8468287
8475084
8475116
8501037
8501067
8501068
8522522
8550431
8550502
8572884
8574405
8576071
8588838
8598300
8610100
8621504
8626291
8626320
8626418
8633030
8655544
8663243
8673113
8674994
8682806
8692912
8733241
8736543
8748037
8763609
8763924
8763935
8821946
8824635
8825098
8840505
8932321
8932326
8936303
8951822
8996101
8998990
9001395
9004225
9023208
9044257
9044280
9050890
9076740
9139901
9194710
9209041
9209055
9209056
9219997
9224880
9275220
9294446
9302009
9308178
9351195
9370274
9371458
9375355
9390420
9401034
9401035
9421894
9440508
9440539
9457865
9457887
9501214
9531539
9555878
9593705
9639935
9680198
9683657
9701824
9721305
9734783
9738899
9748468
9751772
9765567
9766232
9767592
9770494
9784236
9786185
9791117
9791121
9791131
9791173
9811647
9821973
9829930
9829957
9850416
9851997
9852026
9864308
9919671
9973564
9988486
10049381
10064714
10072767
10094629
10094635
10094702
10198026
10200955
10216854
10217498
10220413
10383974
10383975
10390626
10393946
10400597
10411256
10419975
10464222
10472185
10477310
10482504
10508008
10512720
10515921
10537208
10542339
10547700
10564471
10564511
10589713
10607622
10611358
10629210
10691740
10692158
10692366
10762243
10766241
10789967
10817903
10844655
10852889
10913090
10922065
10972801
10974124
10986250
10996798
10998168
11004179
11016978
11022785
11031761
11064197
11073903
11073904
11075932
11087177
11106368
11114918
11121786
11133949
11157925
11169116
11195095
11226873
11239790
11283289
11294625
11298281
11298283
11321585
11350173
11359579
11371522
11381130
11446517
11466282
11532002
11533063
11544349
11567014
11583847
11591671
11698359
11703671
11717456
11722744
11724156
11748231
11748235
11752438
11807078
11842199
11844778
11844780
11849337
11872704
11872719
11882287
11914353
11920444
11944333
11975503
11976301
11997385
12029052
12057952
12084727
12141877
12142488
12183227
12193631
12270823
12354210
12407192
12446630
12448714
12453221
12453225
12471245
12519205
12548932
12557372
12557487
12562808
12562812
12566562
12644488
12657040
12657058
12676699
12704238
12729693
12736531
12754229
12764559
12775690
12777072
12823935
12828646
12828649
12851461
12864858
12923062
12923079
12949097
12955143
12957970
12965020
13560439
13575754
13681547
13888809
13888810
13932286
13967334
13997609
14051824
14151050
14185314
14347924
14525024
14526020
14563867
14575429
14607429
14634834
14651865
14662352
14729691
14761986
14761994
14993312
15123730
15150233
15153769
15163666
15174160
15175290
15186426
15205438
15244058
15245330
15256560
15317804
15336415
15342500
15342587
15387825
15466588
15487930
15496464
15528664
15547254
15556030
15583161
15612929
15643871
15668379
15699186
15716443
15717228
15727824
15738423
15743959
15770502
15784269
15840722
15866951
15870463
15882411
15882423
15882426
15890521
15895525
15908584
15936654
15937177
15940241
15941994
15960521
15994555
15995213
15995222
16030217
16032360
16039600
16040607
16045620
16052373
16091943
16102016
16136593
16159775
16166548
16174737
16183740
16194223
16194226
16233626
16235021
16248676
16291693
16292354
16299386
16321956
16321963
16331440
16347189
16359317
16385042
16385075
16415588
16421928
16432222
16484181
16484184
16543275
16548850
16556215
16556217
16560449
16573700
16584863
16585738
16592422
16592958
16593290
16593825
16621817
16672510
16677816
16689796
16707573
16710413
16735725
16740945
16740967
16791590
16796678
16802086
16809232
16816188
16824011
16830581
16835859
16844781
16855254
16856943
16879646
16885457
16925549
16925559
16952943
16990257
16997953
16997979
17014493
17015832
17022647
17028273
17046834
17056749
17088558
17090585
17098901
17148609
17189369
17233828
17246160
17246505
17259190
17289998
17293425
17307851
17314091
17322204
17330300
17369305
17379145
17410395
17449703
17470804
17483223
17513469
17573816
17581122
17590236
17653507
17656320
17660550
17662111
17704221
17709100
17720782
17766415
17905977
17905995
17921303
17922045
17932488
17955482
17965706
17981496
17992513
17993514
18028315
18076324
18159227
18166072
18178740
18191220
18223089
18245244
18310035
18315685
18328701
18355284
18355448
18378661
18385222
18390653
18410356
18430134
18430632
18437372
18442170
18461135
18499493
18506874
18554324
18554333
18605899
18623059
18653520
18663002
18701643
18721748
18723623
18792684
18803421
18832061
18836084
18846531
18854146
18931040
18952843
18996994
19082140
19114044
19136593
19147102
19164578
19168614
19179401
19190408
19201804
19215780
19246237
19251845
19273862
19400788
19429611
19459946
19462013
19519767
19535336
19542330
19575369
19575567
19617362
19636935
19636942
19666574
19684067
19706604
19775250
19788540
19879146
19889374
19895646
19897655
19908368
19959988
19996678
20023011
20118614
20139189
20195493
20196075
20208031
20344937
20371514
20386895
20393845
20410074
20420673
20444090
20487265
20487266
20489016
20491924
20508248
20543066
20543819
20561058
20562277
20567509
20576891
20650272
20652021
20656859
20687614
20729807
20868223
20946852
21037205
21083931
21131490
21245931
21248229
21257775
21317337
21342463
21378184
21398555
21414039
21436028
21441502
21454366
21471636
21482768
21493683
21502508
21515768
21521637
21531905
21576491
21626639
21635581
21642412
21651624
21655090
21670274
21690390
21722202
21764930
21784940
21807244
21810965
21811570
21815236
21821771
21840977
21847100
21856842
21886839
21910630
21931562
21944202
21955886
22021420
22091711
22092602
22116063
22132103
22162209
22174937
22183854
22188356
22267513
22273380
22287008
22287524
22343295
22389115
22389486
22392343
22394314
22404381
22444591
22447589
22464961
22467275
22493014
22538652
22661709
22665761
22668558
22753068
22790397
22834948
22859616
22865886
22916026
22923595
22937047
22977088
23002222
23028301
23028358
23123306
23142584
23144251
23145985
23177199
23184156
23190137
23226719
23280569
23285573
23299730
23299732
23300427
23300576
23322594
23341622
23342171
23369184
23419217
23437010
23523720
23551551
23576734
23583757
23654254
23661486
23667231
23712128
23747858
23788552
23799046
23826337
23828520
23848955
23874560
23898400
23922942
24029491
24058653
24068967
24098011
24187092
24193137
24194533
24194534
24304716
24312730
24330414
24339744
24391051
24391054
24418530
24425771
24428729
24466283
24503422
24509931
24520059
24556443
24556993
24573856
24603697
24655121
24707988
24721965
24733297
24752841
24810164
24813625
24814673
24837289
24870038
24906161
24909926
24957622
25002419
25024436
25035068
25101061
25107648
25149859
25157081
25157084
25192998
25201946
25231319
25250022
25266387
25271164
25272005
25272012
25289183
25326308
25332432
25349159
25438645
25445576
25454605
25468349
25471523
25485369
25515642
25550521
25605309
25645554
25645563
25674362
25721851
25790505
25803609
25808785
25811865
25895941
25998248
26038568
26048731
26051889
26082492
26104716
26124238
26132848
26150498
26162436
26162876
26169353
26191639
26194479
26246416
26254571
26291327
26308508
26338420
26346537
26350128
26369439
26369581
26456466
26502963
26518442
26520023
26528785
26574508
26598367
26617577
26639551
26715338
26728490
26748740
26787762
26821939
26839412
26851283
26860640
26875499
26915413
26929132
26936849
26951374
26965631
27035738
27046334
27046892
27124816
27152937
27214040
27225967
27271456
27303375
27362260
27392456
27393239
27393584
27430596
27480170
27487931
27540705
27621281
27639208
27648756
27662568
27693621
27698086
27747384
27749817
27777111
27795492
27862537
27874229
27902428
27905490
27916428
27940564
28128449
28161814
28165453
28203231
28264995
28320967
28352265
28357395
28415180
28486132
28487352
28496436
28500529
28508504
28525300
28533367
28552618
28655845
28779124
28801641
28814300
28820387
28830343
28889293
28956403
29030273
29124218
29127456
29127741
29133885
29158239
29161263
29180656
29185703
29212001
29317615
29337077
29345219
29367493
29378572
29437919
29441522
29463706
29468302
29507089
29593113
29648585
29684557
29705958
29745442
29777103
29799548
29806725
29893914
29922269
29924883
29961779
29975996
29985348
29985409
30013238
30021959
30072980
30102692
30126939
30181127
30217842
30257932
30319751
30346960
30404219
30496038
30506464
30514635
30535229
30540188
30617244
30620734
30729391
30755513
30762281
30808175
30895656
30898932
30899045
30911012
30919490
30995838
31029705
31032028
31065029
31110363
31163575
31187417
31194509
31291955
31292314
31300643
31322369
31332863
31340171
31349992
31449700
31465225
31500633
31501539
31541093
31560685
31600864
31604315
31605730
31609203
31627169
31665539
31704687
31707075
31741028
31757955
31774841
31829529
31951952
31975447
31992858
31996414
32010119
32039748
32057784
32064693
32117124
32117159
32129822
32149502
32214663
32286293
32363627
32373862
32419346
32488442
32513721
32516311
32565537
32569324
32639716
32665330
32738827
32769218
32772462
32778557
32780046
32793125
32900945
32914510
32976811
33025357
33028835
33093210
33132038
33148179
33149152
33171050
33171896
33264956
33276008
33310723
33487114
33493516
33608292
33637792
33654191
33658276
33727542
33734087
33794538
33795155
33844284
33857634
33875546
33923279
33993957
34010833
34011688
34024894
34063365
34190612
34201688
34264106
34289630
34355569
34371415
34385565
34412243
34433567
34455651
34498586
34505573
34517761
34543101
34562373
34576849
34617331
34672703
34674390
34683400
34683464
34709053
34724903
34732578
34757714
34778232
34814750
34829089
34830156
34850244
34874770
34946566
35005822
35121662
35150605
35164555
35197943
35277888
35353010
35359737
35367928
35384715
35408957
35412834
35445965
35454160
35486648
35531272
35572678
35586861
35602090
35646900
35803189
35834094
35887179
35972145
36067225
36103818
36114258
36200915
36211050
36225384
36279102
36327119
36345779
36416153
36448789
36484355
36510120
36520515
36555233
36656032
36731866
36749079
36804855
36812310
36842118
36985787
37014749
37110297
37156836
37213496
37219425
37239421
37295076
37318329
37332671
37339150
37380708
37405170
37422455
37449039
37449105
37494115
37657675
37660104
37695853
37696789
37747885
37754549
37883223
37920390
37958645
37970077
38009928
38075900
38075919
38084967
38116529
38216012
38260904
38261596
38328431
38508314
38524450
38525557
38526062
38530057
38579360
38591662
38617213
38625941
38680947
38696719
38722807
38739209
38747603
38748579
38771034
38774281
38835217
38951187
39012831
39019889
39038987
39041587
39189774
39352247
39355680
39365039
39404445
39422488
39431896
39439355
39454004
39458317
39497259
