44852
387875
401865
404035
429123
879104
1296929
1406338
1624556
1766661
1925269
2064946
2359905
2592549
2630875
2689286
3106318
3110008
3132647
3188374
3354512
3932458
3936400
4197767
4237771
4299359
4379017
5726225
6053801
6322944
6615106
6625787
6760340
6767807
6847177
7568464
7615748
7622330
7695308
7727653
8089521
8092851
8345988
8349754
8397966
8559800
8576610
8727888
8727917
8894575
8953798
9157120
9488824
9532679
9735314
10028666
10482033
10535186
11424846
11594602
11871308
12224327
12684166
12892119
13141138
13664895
13886550
14262547
14476999
15664950
15686644
16114094
16212035
16523835
16669521
16757629
17137106
17147766
17192014
17344985
17393652
17473268
17888538
18492200
19060075
19471201
19729456
19735518
20042465
20190438
20508503
20660219
21752697
21882663
23703631
25183099
25296683
25430439
26233245
26280817
26727101
27448802
28264610
28641525
28888870
28911620
29752561
29884107
29981488
30258651
30311486
30557901
30695529
30711888
30794877
31207044
31515333
32368039
33047815
33681495
36830182
37488203
37786852
37789859
38200891
38321059
38876312
38921592
39273440
