31146
32188
58860
96110
528379
780371
823278
869539
1439734
1575475
1882597
1883229
2112534
2253112
2268163
2311567
2330480
2393490
2467899
2533244
2729978
2757375
3142164
3170385
3223128
3403040
3426217
3449742
3662518
3888543
3924894
4200253
4359387
4369226
4988689
5132093
5499968
5674582
5927040
6179961
6226243
6397944
6573327
6651126
6692469
6696422
6823910
6847180
6995451
7149722
7161487
7283426
7322860
7325650
7400101
7487042
8319896
8604555
8673854
8917085
9080126
9141667
9200222
9274037
9465390
9571135
9633659
9647843
9742696
9806857
9823657
10049846
10089593
10488211
10510239
10528445
10600375
10613866
10640667
10943340
11021915
11101666
11208795
11223140
11249026
11274116
11400063
11407919
11599419
11682193
11722728
11888314
12023735
12051645
12094733
12555422
12596245
12906394
12909360
13625989
14527796
14992693
15091836
15092144
15220336
15221764
15476978
15815998
15936176
15995648
16075145
16153687
16237038
16267294
16346854
16739407
16775792
16822636
16914053
16936954
17106676
17149773
17213679
17277064
17386510
17720458
17728184
18192420
18260473
18301997
18424548
18684119
18783436
18840619
18978083
19069990
19125305
19318057
19567109
19700551
20230588
20491276
20820883
22060187
22074685
22116671
22118075
22286180
22858467
22915081
22961241
23100706
23178721
23204427
23918786
24012560
24161581
24179116
24231885
24509932
24730445
25284640
25681184
26051509
26070679
26283066
26379892
26386056
26802172
26954087
26964309
26981009
27942753
28624459
28670303
28683156
29239716
29278978
29965264
30053700
30171727
30669041
30747257
31279312
31749786
31903622
32763465
33072469
33250559
33602379
33980943
34016249
34075178
34175751
34202389
34327768
34762579
34765463
35437328
35786775
35991387
36297877
36469399
36569079
36617769
36729653
36748583
36873514
36951922
37097385
37426699
37680758
37812415
37994199
38043346
38537460
38570158
38761488
38934592
38964571
39003345
39443539
39564492
