11129609
12148624
17158975
17374901
18663504
18842873
19471983
19758728
20158163
23100807
23952780
24012093
25273816
25716950
27911803
28330245
28663705
29181803
29735061
29869640
30312666
30639092
31193511
31250991
31485468
32471409
32792514
32861993
32887439
33249127
34360485
35270221
35379908
35768712
36687658
38038466
38667014
39065126
39108901
39203530
11129609
12148624
17158975
17374901
18663504
18842873
19471983
19758728
20158163
23100807
23952780
24012093
25273816
25716950
27911803
28330245
28663705
29181803
29735061
29869640
30312666
30639092
31193511
31250991
31485468
32471409
32792514
32861993
32887439
33249127
34360485
35270221
35379908
35768712
36687658
38038466
38667014
39065126
39108901
39203530
