19854877
21062004
23847284
24934825
25128338
25144637
25877162
25936379
26153144
26428239
26483771
26632525
26991304
27374061
27411543
27530691
27605490
27696696
28345250
28631237
28676887
28689070
28727413
28754900
28888693
28986995
29548982
29789796
29956040
30034525
30553926
30566068
30636283
31108288
31245364
31465206
31492319
31824929
31962213
32010683
32039175
32175317
32224990
32245760
32391575
32614907
32673427
32721071
32735401
32810591
32974501
33143980
33207795
33369139
33675371
33716623
33844297
33895142
33901241
33958421
34375932
34424469
34455248
34482995
35085781
35231598
35768712
36017490
36512472
37031949
37209862
37247148
37284766
37341594
37537795
37704397
37717703
37821396
37953356
38032916
38608579
38832093
38968167
39003055
39021639
39471631
