412819
623901
769694
1112762
1156577
1203243
1435729
1468613
1569015
1740443
2228966
2341042
2391494
2559297
2822004
2831988
2854843
3502415
5492913
6273376
6317624
6820018
6965440
6970744
6975771
7032586
7251475
7419474
7575447
8043602
8106397
8240281
9003398
9236776
12054245
12943232
16820711
18592568
18984700
19233844
19329599
19383687
19919670
21292022
22278841
23043373
23569845
24944339
27642865
30132670
31059704
31919422
32407589
32652948
33430167
33793225
33917820
34589300
34787542
34902703
35641197
36748598
37093715
