7537060
8849243
9080320
9431938
9467906
9855267
10602744
11427607
11800651
14662964
15036371
15243469
15545441
15636290
16403579
16403878
16517863
16732163
17520558
17675433
17675537
17875513
18156333
18294801
18310417
18319022
18637950
18799238
19205483
19268990
19438639
19581474
19665358
19715122
19845703
20405208
20466195
20651636
21333405
21732713
21899922
22055394
22452196
23041812
23082863
23254418
23475613
23545922
24131754
25054441
25568437
25627764
25902261
26164684
26400787
26586900
26603481
26992253
27117516
27260619
27267196
27427424
27668545
27956287
28221956
28317808
30118940
30541469
30890149
31215393
31314059
31727190
31818890
31848383
32193577
32474491
33288634
33323649
33447641
33706712
33742638
34386825
34444201
35269631
36107847
36333817
36340214
36712351
37272469
37907107
39149438
