2041758
7642120
7925416
7925995
7928984
8955646
9223276
9294005
9571799
9581291
9799108
9812357
9930987
9930988
10357003
10398836
10518731
10524259
10585410
10600638
10632706
10637340
10828946
10919332
10938421
10939650
11057910
11133964
11414324
11483153
11524000
11710809
11768747
11803024
11846380
11878562
11980475
11980476
12073090
12095262
12429497
12466880
12514000
12678433
12726773
12829391
12895565
12942350
14654700
14691678
14701859
15082834
15205409
15351918
15579472
15583965
15598538
15644203
15765251
15796920
15925312
15951819
16023073
16075163
16232525
16233820
16343530
16411776
16427804
16466722
16535053
16902199
16904646
16944251
17006642
17124556
17241241
17506724
17888426
17922510
17935619
18192391
18221004
18388462
18555809
18676644
18855424
19075828
20061490
20100453
20206595
20225399
20416271
20692224
21172303
21176052
21268658
21288903
21304669
21463635
21619042
21630044
21705543
21724886
21922088
22056431
22125273
22265897
22878201
23313414
23822770
23894306
24318108
24362032
24814345
24988043
25036679
25426413
25472423
25472442
25540113
25978786
26033773
26249702
26641635
26749448
27842803
27851780
27885032
27888076
27928680
28141544
28555295
28799759
28917931
29037779
29045010
29107017
29155107
29186119
29274637
29432740
29445853
29523972
29712914
29946033
30195168
30253177
30275414
30577858
30834315
30930550
31047062
31522265
31919149
31992772
32793416
33282460
33651244
34190594
34298129
34355437
34507539
34827322
35072600
35492170
36122427
36204061
36274123
36976229
37127243
37499708
37542635
38269326
38348329
38641972
38693346
38900790
39341311
39390999
