1768133
7561900
8858906
9170346
9170347
9647801
10932355
11065360
11400727
12393202
12706507
16349047
16547059
16934830
16957209
19259462
19319521
19455323
19597815
19682458
19732258
20095826
20633240
21241704
21554568
22082189
22125637
22151385
22221661
22566467
22612724
22701637
23115973
23145336
24485320
24488732
25315609
25721911
26045536
26525894
26701359
26769959
27342112
27347911
27418706
27471069
27737947
28430102
28526895
29369556
29799156
29946739
30208626
30519411
30980511
31195965
31906089
32106597
32167274
32558899
33064635
33436058
33693901
34068952
34581573
34821833
35944664
36012310
36116520
36326838
36439848
36554995
36849610
37087093
37103464
37154562
37493817
37787562
38381653
39536936
1768133
7561900
8858906
9170346
9170347
9647801
10932355
11065360
11400727
12393202
12706507
16349047
16547059
16934830
16957209
19259462
19319521
19455323
19597815
19682458
19732258
20095826
20633240
21241704
21554568
22082189
22125637
22151385
22221661
22566467
22612724
22701637
23115973
23145336
24485320
24488732
25315609
25721911
26045536
26525894
26701359
26769959
27342112
27347911
27418706
27471069
27737947
28430102
28526895
29369556
29799156
29946739
30208626
30519411
30980511
31195965
31906089
32106597
32167274
32558899
33064635
33436058
33693901
34068952
34581573
34821833
35944664
36012310
36116520
36326838
36439848
36554995
36849610
37087093
37103464
37154562
37493817
37787562
38381653
39536936
