7547305
8744751
8744752
8878750
9001174
9028475
9050170
9066083
9100338
9123785
9160416
9226893
9249167
9265712
9328666
9539372
9549864
9620403
9622741
9659692
9684975
9713142
9720028
9844976
9854771
9925211
10078360
10097342
10372536
10408095
10461636
10628700
10659346
10674691
10684754
10799271
10945299
10960714
11037264
11083789
11110386
11195519
11283090
11355669
11448502
11506927
11708744
11880427
11989741
12010978
12088666
12213116
12296397
12418781
12420865
12423042
12441690
12458163
12521249
12542268
12589741
12619560
12637004
12666503
12735349
12737043
12824514
12837737
12889732
12910769
12921724
14516718
14535543
14535931
14560442
14582733
14612618
15099720
15141873
15187367
15240954
15276770
15327794
15381264
15478867
15520887
15530742
15551931
15564028
15584431
15643842
15648934
15663213
15708816
15719323
15732020
15732600
15876799
15885725
15939742
15961333
15975740
15996159
16131827
16213113
16283917
16293991
16294002
16339981
16398337
16407482
16411593
16411902
16460355
16478518
16479724
16533333
16583781
16639950
16689824
16757895
16775070
16775071
16775072
16820719
16856610
16898113
16984651
17070535
17134531
17188822
17198717
17220506
17310623
17410971
17459858
17555287
17617542
17931231
17966333
17996403
18061202
18319429
18460834
18479698
18606736
18673433
18677000
18681919
18685249
18817325
18818030
18823723
18835201
18957657
19019573
19024547
19108850
19128459
19144473
19221094
19362500
19487140
19542553
19548889
19566855
19589649
19699124
19753698
19759229
19767637
19803056
19836171
19886265
19909968
19936108
20093686
20167332
20181246
20224090
20337907
20418028
20471028
20496826
20529028
20541323
20592838
20605375
20622217
20622232
20807932
20889217
21143776
21168983
21183234
21236578
21306056
21334002
21349664
21453555
21528618
21530108
21627513
21689957
21690283
21697340
21719114
21741284
21741782
21848042
21959895
22059295
22082442
22111417
22170039
22219308
22247145
22284165
22316065
22332621
22339121
22439321
22516920
22533409
22613221
22627048
22715937
22786973
22791518
22841447
22844704
22854321
22884005
22939985
23013807
23039901
23056413
23092367
23428424
23472224
23478250
23536614
23662705
23683854
23685898
23773143
23792232
23800029
23826661
23858405
23871678
23892461
24082402
24124268
24155489
24388631
24393381
24476941
24572722
24576503
24621847
24628462
24730377
24774304
24817479
24885874
25138347
25300636
25392732
25444804
25446848
25457368
25618855
25673913
25817978
25963884
25975665
26246630
26377360
26419751
26461107
26695404
26711303
26718056
26774445
26812826
27154728
27487235
27487502
27544256
27787199
27916787
28034455
28107883
28115029
28138438
28323899
28389548
28405449
28495781
28619141
28622490
28622856
28622862
28800756
28942051
29142159
29336925
29385478
29419486
29434295
29448958
29496105
29566718
29623688
29650043
29685442
29860328
29908206
29974968
29976253
30027885
30140680
30201036
30382876
30424497
30533927
30593362
30629755
30696739
30704407
30711318
30771892
30825892
30850006
30867100
30898117
30955828
30980078
31161742
31282370
31324204
31383312
31592224
31611869
31634906
31640784
31681817
31701141
31710909
31890255
31943029
32238228
32313386
32707311
32735621
32797779
32922832
33014411
33276923
33349398
33482877
33500020
33663618
33739176
33824718
33971523
34130411
34147126
34336979
34359211
34438683
34452472
34535320
34669106
34710766
34763559
34763560
34781192
34784032
34912873
35000510
35111995
35332712
35609389
35659762
36139216
36145391
36277064
36288149
36307895
36387384
36639945
36680993
36699202
36766227
36766432
36774781
36793380
36846246
36916818
37010193
37033985
37048426
37204051
37245769
37372164
37423472
37434248
37451064
37627402
37736780
37993950
38140192
38140221
38176089
38311319
38384951
38731361
38888777
39203437
39205809
39213981
39325775
39380126
39432555
39591145
