9731296
10994621
12710610
19187199
19329608
25637653
25904907
26052012
26561517
28684750
28741997
29272528
29484518
29577086
31310192
32394298
32660485
32681284
33113896
33394084
34148171
34262548
34333422
36983902
37144380
38148332
38165781
39390034
9731296
10994621
12710610
19187199
19329608
25637653
25904907
26052012
26561517
28684750
28741997
29272528
29484518
29577086
31310192
32394298
32660485
32681284
33113896
33394084
34148171
34262548
34333422
36983902
37144380
38148332
38165781
39390034
