16109880
16267553
17293499
17762823
17766441
17803769
17988398
18211270
18337719
18469119
18496576
18757577
18849431
19125817
19458655
19531245
19776155
19944694
20463970
20668488
20679093
21562561
21573025
21762220
21883791
21886640
21886845
21900598
21935411
21938022
21957463
21987714
22006322
22162093
22291975
22571287
23096402
23234643
23625213
23959135
24281717
24443527
24781899
25229949
26394004
27474718
27733846
27822545
27836840
27857708
28640457
28970475
29217579
29705130
30186275
30770407
31244789
31542845
32493880
33602731
34425701
36802435
38948819
39158294
39457069
16109880
16267553
17293499
17762823
17766441
17803769
17988398
18211270
18337719
18469119
18496576
18757577
18849431
19125817
19458655
19531245
19776155
19944694
20463970
20668488
20679093
21562561
21573025
21762220
21883791
21886640
21886845
21900598
21935411
21938022
21957463
21987714
22006322
22162093
22291975
22571287
23096402
23234643
23625213
23959135
24281717
24443527
24781899
25229949
26394004
27474718
27733846
27822545
27836840
27857708
28640457
28970475
29217579
29705130
30186275
30770407
31244789
31542845
32493880
33602731
34425701
36802435
38948819
39158294
39457069
