371382
1176613
1260520
1429293
1550340
1939588
2345132
2408403
2701399
6463516
6490172
6999020
8027345
8335631
8388771
8748310
9812371
11491080
11904995
12654765
15042191
16778355
17321092
19712317
19732328
20462411
21318365
21462552
22072139
22274967
23267624
23801325
23993704
24716667
25146213
25305653
26221086
26586886
26694714
26860841
27125482
27956418
28265773
28324470
29023528
29942873
30107587
30456577
30980268
32215712
32433994
32727545
33832632
33900905
34323601
34988809
35070854
36260156
36442445
36616283
36879387
37301080
37407783
37980489
38089002
38132920
38253987
38512572
38667759
39475970
39493851
