44413
468736
616516
659329
659330
805116
807546
821905
821930
871969
1028905
1159900
1171669
1190957
1194895
1366391
2040427
2230721
2298695
2324705
2391493
2398345
2628543
2862983
2995769
3027726
3208198
3266752
3464692
3475271
3475272
3886114
3891702
3989509
4577487
4843051
4852395
4995647
5024635
5299911
5437730
5669907
5867754
5874537
5929762
5969342
6074403
6143605
6282428
6300034
6411685
6488103
6498638
6811118
7028227
7164475
7248854
7592375
7592948
7632734
7764672
7881555
7959043
8013882
8500009
8515229
8581159
8590411
8605030
8631730
8704974
8868441
9143114
9335291
9615485
9695930
9770448
9773272
9778370
9831532
9873687
9884227
10216290
10421766
10543818
10676969
10713461
10784049
10822548
10835366
11137814
11162229
11223265
11344155
11390684
11460252
11468347
11495988
11495989
11577160
11720530
11733141
11880035
11899467
11932454
12031664
12080419
12101301
12368286
12542347
12812085
12904539
13096201
13306704
13525340
13949488
14084575
14255671
14255699
14570895
14674753
14702400
15067106
15070349
15161264
15184904
15233484
15313005
15358425
15459906
15530995
15612702
15629775
15713404
15817470
16151224
16168511
16185863
16439019
16493552
16568271
16645427
16708195
16724858
16776656
16825192
16969372
16969373
16972135
17021937
17049185
17168607
17388593
17456741
17565713
17610745
17630700
17653711
17661025
17665193
17768240
18034227
18205385
18239422
18245260
18327916
18355231
18421418
18427928
18430483
18540055
18550838
18633283
18646313
18769916
18887825
19009080
19027305
19075054
19124459
19255478
19307759
19416889
19423672
19433224
19619853
19746907
19820715
19838628
20080101
20112672
20121093
20308385
20351769
20499648
20562102
20676801
20695498
20890094
21287404
21463507
21504214
21513273
21602397
21715968
21883525
21959378
21983602
22050382
22127124
22164190
22401714
22582857
22695803
22850790
22865072
23054713
23148802
23164710
23206806
23225731
23329328
23497129
23570678
23650400
23770075
23791917
23800234
23815792
23815812
23995638
24064918
24065632
24112541
24231527
24371430
24407237
24413979
24503209
24542149
24542863
24706927
24725868
24961708
24965652
24965656
25006988
25116816
25200025
25256667
25266378
25267678
25341465
25355158
25380131
25406531
25528412
25554073
25564306
25666682
25692677
25729577
26015502
26035093
26203536
26211662
26230368
26376792
26438831
26469060
26469957
26515616
26562751
26608164
26715388
26718561
26814718
26893416
26936423
26967231
27094333
27100123
27121970
27151802
27206520
27412463
27531751
27559388
27578753
27605017
27605472
27605473
27709288
27903647
27990276
28003200
28139884
28183247
28191923
28377749
28387974
28520425
28539332
28553520
28569150
28702006
28884676
28934499
29028314
29123127
29202109
29274637
29301868
29313335
29398560
29404997
29473739
29507890
29523997
29552683
29748634
29905823
29986080
30126941
30241531
30380609
30405580
30662895
30718781
30721456
30723132
30837334
30848888
30929261
30971246
31002418
31279606
31282851
31334697
31429289
31703845
31705217
31819261
31820068
31970401
32032510
32054853
32129986
32208643
32303639
32416952
32516997
32977693
33400639
33497199
33694107
33729912
33732760
33769623
33807439
34076307
34100946
34290147
34311581
34415071
34420053
34471115
34570109
34586912
34662127
34708587
34877485
34878326
35013186
35148463
35254103
35293797
35445397
35506667
35704023
35759401
35862789
35893229
35907401
35985040
36005811
36185432
36314940
36888660
37190079
37223739
37249447
37347176
37661378
37699129
37712435
37712855
37725538
37797477
38047676
38142854
38470267
38683679
38724665
38783097
38790014
38912606
39026318
39036938
39166853
39205678
39481122
39558276
44413
468736
616516
659329
659330
805116
807546
821905
821930
871969
1028905
1159900
1171669
1190957
1194895
1366391
2040427
2230721
2298695
2324705
2391493
2398345
2628543
2862983
2995769
3027726
3208198
3266752
3464692
3475271
3475272
3886114
3891702
3989509
4577487
4843051
4852395
4995647
5024635
5299911
5437730
5669907
5867754
5874537
5929762
5969342
6074403
6143605
6282428
6300034
6411685
6488103
6498638
6811118
7028227
7164475
7248854
7592375
7592948
7632734
7764672
7881555
7959043
8013882
8500009
8515229
8581159
8590411
8605030
8631730
8704974
8868441
9143114
9335291
9615485
9695930
9770448
9773272
9778370
9831532
9873687
9884227
10216290
10421766
10543818
10676969
10713461
10784049
10822548
10835366
11137814
11162229
11223265
11344155
11390684
11460252
11468347
11495988
11495989
11577160
11720530
11733141
11880035
11899467
11932454
12031664
12080419
12101301
12368286
12542347
12812085
12904539
13096201
13306704
13525340
13949488
14084575
14255671
14255699
14570895
14674753
14702400
15067106
15070349
15161264
15184904
15233484
15313005
15358425
15459906
15530995
15612702
15629775
15713404
15817470
16131199
16151224
16168511
16185863
16439019
16493552
16568271
16645427
16708195
16724858
16776656
16825192
16969372
16969373
16972135
17021937
17049185
17168607
17388593
17456741
17565713
17610745
17630700
17653711
17661025
17665193
17768240
18034227
18205385
18239422
18245260
18327916
18355231
18421418
18427928
18430483
18540055
18550838
18633283
18646313
18769916
18887825
19009080
19027305
19075054
19124459
19255478
19307759
19416889
19423672
19433224
19619853
19746907
19820715
19838628
20080101
20112672
20121093
20308385
20351769
20499648
20562102
20676801
20695498
20890094
21287404
21463507
21504214
21513273
21602397
21715968
21883525
21959378
21983602
22050382
22127124
22164190
22401714
22582857
22695803
22850790
22865072
23054713
23148802
23164710
23206806
23225731
23329328
23497129
23570678
23650400
23770075
23791917
23800234
23815792
23815812
23995638
24064918
24065632
24112541
24231527
24371430
24407237
24413979
24503209
24542149
24542863
24706927
24725868
24961708
24965652
24965656
25006988
25116816
25200025
25256667
25266378
25267678
25341465
25355158
25380131
25406531
25528412
25554073
25564306
25666682
25692677
25729577
26015502
26035093
26203536
26211662
26230368
26376792
26438831
26469060
26469957
26515616
26562751
26608164
26715388
26718561
26814718
26893416
26936423
26967231
27094333
27100123
27121970
27151802
27206520
27412463
27531751
27559388
27578753
27605017
27605472
27605473
27709288
27903647
27990276
28003200
28139884
28183247
28191923
28377749
28387974
28520425
28539332
28553520
28569150
28702006
28884676
28934499
29028314
29123127
29202109
29274637
29301868
29313335
29398560
29404997
29473739
29507890
29523997
29552683
29748634
29905823
29986080
30126941
30241531
30380609
30405580
30662895
30718781
30721456
30723132
30837334
30848888
30929261
30971246
31002418
31279606
31282851
31334697
31429289
31703845
31705217
31819261
31820068
31970401
32032510
32054853
32129986
32208643
32303639
32416952
32516997
32977693
33400639
33497199
33694107
33729912
33732760
33769623
33807439
34076307
34100946
34290147
34311581
34415071
34420053
34471115
34570109
34586912
34662127
34708587
34877485
34878326
35013186
35148463
35254103
35293797
35445397
35506667
35704023
35759401
35862789
35893229
35907401
35985040
36005811
36185432
36314940
36888660
37190079
37223739
37249447
37347176
37661378
37699129
37712435
37712855
37725538
37797477
38047676
38142854
38470267
38683679
38724665
38783097
38790014
38912606
39026318
39036938
39166853
39205678
39481122
39558276
