11057917
11344137
11523894
12013432
12676667
14526022
14717695
15085303
15352055
15737401
16151213
16245345
16342754
16508994
16517682
16622787
17159207
17468267
17672291
17873067
18051368
18422958
18496880
18515486
18657418
18658286
18803441
18829304
19039582
19104861
19333635
19617360
19720455
20112666
20134231
20159572
20417095
20580751
20884118
20890755
20931606
21072861
21239150
21687411
21703548
22124722
22864170
22984393
23087115
23143658
23183980
23251687
23639949
23712908
23830457
24242252
24250794
24445921
24510139
24730128
24762759
24893664
24993543
25176612
25229870
25474872
25689133
25844467
25844468
25846332
25941022
27146534
27393970
27590052
27682113
27775150
27857710
27966049
27999570
28066365
28260145
28319019
28429856
28529505
28710989
28813510
28873420
29168417
29177938
29303046
29330649
29723805
30072973
30076195
30138723
30978195
31003205
31026798
31158629
31178842
31228836
31758413
31890588
32010095
32028787
32164331
32245756
32945904
33254450
33733407
33754423
34015291
34085855
34116726
34381430
34861501
35283152
35304146
35412773
35577007
35583698
36602357
36677326
37046107
37777032
37799601
37813270
37880737
38001294
38081468
38386219
38805027
39016549
39549088
