140
237
364
3503
6313
7308
10408
19311
21159
28770
30448
31926
33964
35367
39758
39759
96092
96817
111712
124278
132964
133672
134700
154608
164903
173545
174076
174558
181047
181066
183483
191457
195928
213683
215215
220247
228173
228701
228715
234781
235509
240336
240689
241689
265519
278979
281679
291915
295269
396014
410019
426601
435301
476516
476549
534509
558042
561781
561782
561783
639811
646581
656366
658421
667738
678011
691074
701285
728150
728385
728444
729574
784906
816792
830694
836867
850027
856798
864718
880309
890038
890606
893348
909476
953041
956118
956780
961542
985000
1012088
1059080
1060082
1061073
1069989
1116998
1137378
1148945
1158853
1180907
1190946
1252086
1260530
1276162
1278390
1303768
1303769
1318043
1368342
1374625
1409558
1541295
1584016
1610368
1637298
1637309
1639790
1661146
1748648
1768126
1778853
1846295
1911757
1915855
1932012
2022611
2060636
2173950
2180890
2194453
2198878
2246234
2318806
2321966
2331479
2387857
2464579
2489098
2493817
2538440
2542225
2544883
2554893
2556390
2562288
2611221
2655584
2726466
2743219
2768195
2774799
2775750
2820842
2821163
2822104
2822711
2829127
2835096
2838639
2840948
2842451
2847787
2860014
2871863
2983992
3005591
3015203
3015247
3020036
3024711
3024732
3025213
3031041
3032973
3038877
3089310
3126821
3135803
3147372
3185502
3269388
3282518
3335482
3441010
3457003
3473447
3539923
3540853
3555332
3593266
3711052
3733758
3782020
3790505
3856844
3857223
3857224
3913463
3954992
3968079
4014654
4015076
4074719
4105027
4115688
4120435
4125738
4147648
4152801
4157119
4157120
4218230
4218235
4221985
4230545
4248230
4280969
4289757
4291834
4309781
4312544
4318899
4326766
4327398
4331269
4333376
4342165
4342714
4343957
4348167
4354333
4364141
4365181
4369192
4375355
4376953
4380074
4394648
4398462
4405092
4430374
4433567
4451381
4459138
4463952
4522445
4565527
4575792
4589557
4597459
4647475
4647476
4670203
4690968
4716983
4731956
4731961
4750759
4752343
4756793
4772682
4811545
4868862
4943781
4945855
4970480
4994516
5009821
5011012
5018019
5047139
5099215
5126921
5216351
5266908
5335811
5419750
5419751
5423376
5429289
5438048
5456992
5459532
5503780
5516435
5529239
5541029
5543974
5550254
5553986
5556406
5569125
5640978
5650433
5653772
5660383
5674050
5739156
5763411
5773280
5777316
5794081
5803788
5840965
5867323
5871829
5912352
5964974
5970873
6025412
6049514
6049878
6076082
6078530
6088543
6094552
6099138
6176853
6208265
6216104
6218378
6245640
6246963
6257707
6259144
6260220
6277409
6277898
6300837
6307350
6313659
6321315
6327705
6330106
6331453
6351840
6354096
6354256
6373736
6393895
6443314
6461308
6517316
6517554
6541161
6547435
6571989
6574505
6581989
6641938
6712673
6742957
6743247
6753926
6768798
6798949
6863221
6886674
6895750
6938202
6945823
6948813
6952190
6988410
6995432
7001444
7006451
7011243
7016115
7026551
7031035
7046637
7061493
7126685
7154958
7213710
7236271
7295670
7296413
7332561
7356974
7397188
7411653
7437503
7442573
7459717
7556151
7567963
7626117
7665518
7682280
7751270
7763242
7812112
7890740
7894709
7916603
7947772
7957893
7961410
7961744
7981209
8020501
8037766
8062921
8063721
8073038
8173074
8265563
8280064
8334159
8334167
8363575
8384683
8389587
8392833
8393705
8399156
8405469
8405965
8430077
8441753
8484707
8490025
8491722
8518735
8527453
8550408
8564363
8601442
8636053
8655524
8679547
8681944
8688437
8695647
8732760
8799113
8841127
8901519
9051736
9079890
9094223
9201927
9265620
9305970
9311132
9315687
9341230
9365989
9370467
9460245
9460246
9485416
9521657
9521658
9538256
9629918
9668051
9671512
9675846
9677296
9833662
9836629
9843404
9989216
10026275
10049887
10216292
10364195
10387028
10439076
10441520
10486982
10529166
10555962
10585557
10607666
10684972
10692415
10729267
10758899
10766439
10788369
10805182
10809706
10830851
10858294
10938419
10956051
10968619
10985789
11001090
11087938
11087939
11206063
11293415
11298756
11344329
11401576
11403134
11410231
11472022
11557054
11566366
11598806
11666225
11679755
11724550
11736664
11781802
11827546
11827551
11835504
11836258
11941500
11960476
12203014
12444779
12459894
12568591
12675558
12693931
12823545
12949105
12992618
13603613
13690872
13772947
13807812
13844171
13863960
13932226
13949923
14044002
14161206
14170319
14203362
14206590
14236643
14311777
14426896
14448610
14476372
14581187
14600220
14624334
14747706
14770302
14832186
14860042
14897821
15041645
15067525
15170379
15272158
15326598
15382226
15452975
15667271
15859246
15911082
16000725
16028199
16130131
16154089
16199518
16217655
16232564
16276891
16329152
16346288
16346410
16347774
16348691
16349013
16356571
16362979
16495101
16535372
16535664
16560815
16562035
16589013
16592916
16603308
16605067
16712938
16731971
16802096
16841968
16887509
16887524
16969669
17118523
17277963
17440720
17737790
17889245
17924646
18053245
18324814
18491857
18496878
18757809
19474483
19558967
19799419
19915114
19997764
20009190
20680567
21067677
21124800
21207994
21284939
21296047
21316947
21481585
21504001
21755289
21838748
21900241
21916466
21945663
22052388
22110126
22202963
22212343
22306328
22314336
22528306
22563793
22901717
23127835
23132344
23249091
23316038
23322632
23448995
23469350
23507618
23570573
23610927
23876141
23981729
24241241
24405487
24584460
24637368
24652980
24698368
25103768
25362888
25376371
25431621
25664737
25700415
25700419
25710326
25790339
25807381
26233327
26410453
26468321
26471284
26609623
26671167
26705421
26793273
26922315
26946434
27157668
27167856
27186945
27234263
27329179
27342556
27435671
27496775
27641836
27776209
27777622
27976484
28111164
28119139
28287150
28310760
28318383
28348243
28424096
28456454
28477517
28635269
28692802
28747909
28798305
28899647
29177350
29649694
29691653
29896366
29916096
30241067
30501239
30510005
30825383
30899330
30921584
30933825
31121689
31199222
31337676
31550137
31572853
31609603
31620561
31643016
31816235
32074397
32083474
32502717
32624940
32625019
32796105
33045545
33125231
33331660
33599267
33616697
33630389
33716617
33915396
34095647
34140846
34438289
34545877
34939136
35140556
35234295
35407149
36050762
36464641
36648555
36687471
36711103
36985357
37255440
37462090
37983562
38513105
38636659
38749675
38971071
39117241
39258917
39530332
