7859717
9133316
9531628
9758771
9801772
9925616
9990725
10543796
10696878
11133435
11392482
11456173
11496001
11816974
12732557
12788718
14509699
14602652
14994172
16238731
16395553
17163029
17186207
17991028
18390676
18439820
19353865
19452213
20110168
21185449
21470297
21514081
21769859
21868805
21956665
22279925
22562996
23665689
23925194
24680388
24681301
24777776
25336720
26143273
26156554
26651080
26706722
27941955
29537446
29984574
30462578
30904396
31257694
32204374
32686322
32698083
33071140
34238943
36933574
39478371
