9002194
9496676
9532787
10951207
11170479
12483618
12501412
12614608
15553637
15727153
16006066
16233118
16882140
17196696
17941826
18768309
19178182
19919544
19963370
19998285
21353538
21381001
21464600
22516249
22571470
23470102
23489570
24228818
24599311
24616215
24920960
25048230
25261357
25545692
25648837
26074151
26125548
26535965
26742617
26779817
26975764
27538932
27943233
28468624
28554814
29213311
29213322
29279978
29684442
29740597
30015000
30157639
30415846
31405215
31551972
31978533
32321909
32946127
33272823
33461608
34923081
34942551
35104653
35182264
35418299
35855476
35988402
36765076
36934902
37741387
37838018
37865803
38879051
38879055
