9270847
9342376
9421895
10477310
10648514
10692373
10930083
11418556
11553234
11948149
12562690
14594839
15060031
15170404
15183874
15488382
15805509
15879265
16151223
16199564
16352853
16885294
17113757
17222141
17267956
17400776
17401596
17483221
17644580
17693495
17978226
18281397
18444979
19558960
19717629
19804538
19966289
20038590
20112225
20206244
20557452
20601491
21131497
21186289
21421754
21784937
21803894
22021577
22563881
22582276
22611198
22816663
23123910
23196234
23291764
23667240
23717145
23781102
24033756
24201147
24210487
24257839
24363341
24483703
24556443
25040623
25331433
25619763
25911487
26175720
26351170
26451977
26461123
26476806
26729712
26919138
27044627
27170214
27602728
27795390
27871334
27933102
28126949
28229543
28396348
28442346
28603700
29109184
29163446
29374034
29382829
29609464
29695868
29792968
29932229
30256843
30337801
30720420
30837345
30855138
30877115
31262839
31388522
31552702
31602466
31912400
31942863
31952591
32181348
32266006
32752268
32792608
32955778
33034547
33330920
33432152
33441737
33626217
33643255
33672911
33725532
33746928
33927052
34093493
34100775
34190594
34199128
34201688
34539591
34588437
34622641
34728215
34745042
34812116
34966783
34985865
35082153
35333857
35435700
35446127
35566004
35628493
36189719
36215464
36574165
36690840
36724091
36727479
36779690
36842121
36842122
36842123
36844397
37162352
37269952
37486789
37833813
37949662
37987932
38329367
38407814
38409911
38503809
38538833
38661728
38736020
38899526
39126431
39139265
39257784
39333684
39386584
39533825
