1390106
1624474
1774320
1800380
7562320
7642257
7740086
7936718
8324137
8496781
8514392
8816129
8869494
9048462
9050176
9220164
9310704
9345789
9571899
9573822
10716618
10895690
11327077
11440670
11771577
11856276
11988511
12670069
12709498
15619879
15722627
15774668
16586023
17530037
18077362
18087080
19097755
22326171
22566385
22684253
23943617
25106846
25130130
25139407
25299619
25429361
26646777
28492362
30034639
30365870
30920634
30927646
31083748
31163430
31699813
31890133
32286402
32801139
33207582
33425781
33441919
33820534
34361863
35130347
35669952
36363792
36539569
37140235
37141746
37536958
38128496
38447351
38768706
