19628610
21914869
23214266
23988658
24098415
24814337
24903341
26912949
27405543
29125678
29305718
29727139
29851373
29969502
30232534
30303472
30445836
30573136
30643900
32061812
33161356
34489034
34822492
37033664
37288648
37519989
37888444
38332176
38976793
19628610
21914869
23214266
23988658
24098415
24814337
24903341
26912949
27405543
29125678
29305718
29727139
29851373
29969502
30232534
30303472
30445836
30573136
30643900
32061812
33161356
34489034
34822492
37033664
37288648
37519989
37888444
38332176
38976793
