7537066
7602594
8661933
8805531
9130598
9799118
9880926
10077835
10092855
10196154
10400577
10681446
10781546
10848994
11131020
11400052
11418094
11523998
11559398
11567011
12067345
12176044
12196153
12220186
12411478
12484761
12491532
12508853
14510489
14645228
14687209
15069076
16086104
16158287
16183190
16449450
16672282
16733729
16775747
16825644
17107420
17150530
17197696
17267955
17609942
17684252
18298089
18575999
18599724
18607648
18850303
19202284
19452150
19966026
21903467
22527269
22943666
23060437
23732918
23929476
24412477
24425825
24508674
24972612
25441352
25742972
25931606
26860940
27260502
28302776
29124226
29228187
29526925
30001674
30023736
30575503
31034524
31192201
31638342
31681740
31927760
31979033
32641733
33207642
33333263
34054125
35061943
35208699
35744753
35932942
37014486
39025367
39030709
39326545
39349126
7537066
7602594
8661933
8805531
9130598
9799118
9880926
10077835
10092855
10196154
10400577
10681446
10781546
10848994
11131020
11400052
11418094
11523998
11559398
11567011
12067345
12176044
12196153
12220186
12411478
12484761
12491532
12508853
14510489
14645228
14687209
15069076
16086104
16158287
16183190
16449450
16672282
16733729
16775747
16825644
17107420
17150530
17197696
17267955
17609942
17684252
18298089
18575999
18599724
18607648
18850303
19202284
19452150
19966026
21903467
22527269
22943666
23060437
23732918
23929476
24412477
24425825
24508674
24972612
25441352
25742972
25931606
26860940
27260502
28302776
29124226
29228187
29526925
30001674
30023736
30575503
31034524
31192201
31638342
31681740
31927760
31979033
32641733
33207642
33333263
34054125
35061943
35208699
35744753
35932942
37014486
39025367
39030709
39326545
39349126
