4836124
6574306
7432198
7547288
9103631
10937496
11760952
16105702
16232480
16233703
16233826
16242202
17213660
17429161
17614153
17964492
18156331
18188555
18555330
19771401
20180320
20502892
21683741
21764954
21848059
22095002
22147105
22244959
22306328
22366611
22575842
22809833
22999358
23186674
23262012
23516201
23809630
24272773
24449476
24600866
25171212
25323722
25818258
25865277
26710346
26928043
27372004
27836845
28130303
28258147
28286553
28550991
28554101
28566234
28898840
28961718
29385463
29653333
30017707
30245312
30822643
30874768
31626983
32103460
32146936
32178677
32234813
32411297
32502888
32614389
33307480
33514516
33853028
33894339
34055760
34151176
34927803
35081709
35311509
35447693
36035128
36282302
36282625
36940584
36985308
37487916
37648011
37712503
38554761
39390133
