12734292
15774639
21764101
22778519
23100717
23579729
23618377
23758410
25773197
27169951
27722881
29434407
30982728
31211775
31448272
31959067
33328372
34384172
36287072
36454510
36715862
36959188
37183365
37321643
37451319
37999597
38321670
38624212
38933025
39270122
12734292
15774639
21764101
22778519
23100717
23579729
23618377
23758410
25773197
27169951
27722881
29434407
30982728
31211775
31448272
31959067
33328372
34384172
36287072
36454510
36715862
36959188
37183365
37321643
37451319
37999597
38321670
38624212
38933025
39270122
