101742
381851
388160
481281
1689675
7651244
8357617
8936305
9603832
9872756
10920801
11284202
11450449
11530664
12024817
12382065
12526195
12955603
14679908
15085303
15455718
15649532
15774689
16508994
17025172
17468267
17600067
17672291
18719854
19104861
20387468
20890755
21705214
21861367
21862325
21947702
23105067
24762759
24940621
25261719
25474872
25617114
25844443
25899037
25941022
25983134
26267113
26645388
26677108
27101706
27146534
27416516
27682113
28066365
28115381
28213285
28260145
28393432
28529505
28710989
28865360
29270659
30076195
30368211
30631311
30834244
31103940
31228836
31635821
32063894
32775998
32916217
33013767
33725781
33857808
34265534
34407485
34426287
35304146
35369491
35516881
36106077
36332278
37639168
38057408
