1715737
1832457
6574153
6575999
7591109
8596666
9573823
11073323
11598583
11931161
12834503
14871191
16030227
16441779
16464693
18302616
18384349
18597615
19114111
21223363
22377404
22445846
23334268
23433684
24346334
24709428
24935532
24995517
25257648
25759232
27422156
27898021
28116104
28687946
29031240
29299190
29755677
29774014
29882907
30239218
31142620
31143408
31311881
32244337
33204698
33207582
33246097
33659220
33732447
33910998
34149638
34246103
35116012
35222330
35354326
35426206
35677657
35690993
35955456
36085010
36275030
36307484
36567334
36834903
36892308
37039662
37127667
37612266
37764094
37932491
37957253
38185820
38444657
38550499
38689341
39193618
39203357
39223464
39268256
1715737
1832457
6574153
6575999
7591109
8596666
9573823
11073323
11598583
11931161
12834503
14871191
16030227
16441779
16464693
18302616
18384349
18597615
19114111
21223363
22377404
22445846
23334268
23433684
24346334
24709428
24935532
24995517
25257648
25759232
27422156
27898021
28116104
28687946
29031240
29299190
29755677
29774014
29882907
30239218
31142620
31143408
31311881
32244337
33204698
33207582
33246097
33659220
33732447
33910998
34149638
34246103
35116012
35222330
35354326
35426206
35677657
35690993
35955456
36085010
36275030
36307484
36567334
36834903
36892308
37039662
37127667
37612266
37729258
37764094
37932491
37957253
38185820
38444657
38550499
38689341
39193618
39203357
39223464
39268256
