10028268
15561881
16189102
16336194
16476725
18988935
20008517
20218495
20218497
21723288
22672645
23723440
23742088
24561581
24607714
24802906
26013545
26224294
29037505
30008512
30544181
30969772
32273361
32852292
32998967
33080169
33441765
34152975
35113503
36083849
36374038
36452932
37003117
37117240
37279589
37348522
37455719
37530538
38294247
39335020
10028268
15561881
16189102
16336194
16476725
18988935
20008517
20218495
20218497
21723288
22672645
23723440
23742088
24561581
24607714
24802906
26013545
26224294
29037505
30008512
30544181
30969772
32273361
32852292
32998967
33080169
33441765
34152975
35113503
36083849
36374038
36452932
37003117
37117240
37279589
37348522
37455719
37530538
38294247
39335020
