2273995
3025191
3690421
4062483
9687453
10463163
11204773
11718827
12379218
12571041
12600002
12838412
15052319
15540590
16098104
16232907
16233647
16348118
16529373
16614819
17277456
17319846
17936787
18171591
18581540
18705881
18758894
18832299
18953543
18984570
19061400
19157742
19190986
19255464
19291239
19704612
20118275
20569398
21264242
22160467
22791043
23405865
23788648
24311575
24704843
25005083
25127676
25536016
25961750
26188395
26453993
26654914
26829306
27368739
27493605
27881071
28017418
28526845
28613108
30658017
30689407
30708585
30722163
30722613
30722635
30727490
30731876
30754553
30764349
30786539
30800180
30812491
30816229
30818736
30823177
30841089
30845430
31077456
31559681
32207218
32594848
32885723
33386401
33488726
34073295
34236210
34424837
34735278
34847636
35442052
35536210
35700520
36129764
36322606
36620043
36825314
36909430
37156528
37191942
37326748
37356782
37700479
37923980
38587801
38977737
39448046
39504139
