1390106
1472527
1479923
1494450
1726544
1774320
1800380
2223612
7478767
7513001
7548543
7548557
7548599
7553378
7565172
7629860
7639475
7790524
7808775
7936718
8008430
8099810
8180485
8188371
8295107
8324134
8336250
8400338
8510981
8514392
8518760
8596672
8602339
8616556
8667035
8869494
9003238
9003606
9044641
9048462
9199448
9206427
9220164
9222066
9310704
9345789
9411077
9598781
9823846
9872112
9872116
9876451
9884505
10023261
10052771
10359070
10390208
10471570
10481403
10520968
10530240
10530260
10543754
10639405
10693351
10697793
10797077
10872965
10895689
10914791
11040441
11154406
11155173
11220957
11389513
11408950
11791111
11856276
11866754
11980945
11984983
12059913
12211497
12395007
12615878
12654663
12834503
12966884
12966885
14614671
14690717
15216949
15491316
15619879
15642056
15715865
15722627
15763969
15987522
16085394
16127476
16191149
16369381
16508267
16586023
16683670
16701585
16761774
16887680
16945032
17020135
17098542
17189093
17196372
17318664
17475517
17530037
17643017
17684261
17949342
18087080
18336372
18343236
18353935
18397461
18524268
18547832
18560654
18597615
18618039
18676457
18775647
18817023
19031791
19097755
19228092
19414406
19459962
19748295
19931406
20046165
20152680
20201270
20495041
20643165
20670687
20719993
20831669
21185728
21413336
21584217
21625744
21895662
22212025
22259811
22573244
22642916
22753527
22839737
23060013
23328096
23437130
23647919
23793857
23943617
24024497
24090988
24118283
24487459
24708091
24709428
24995517
25179236
25648030
25759232
25957512
26151645
26170876
26437752
26951181
27006841
27093794
27193835
27198721
27555916
27563508
27643883
27717180
27770517
27913316
28259058
28357413
28358811
28486933
28619155
28750650
28839520
29031240
29483715
29539696
29550328
29574306
29659523
29808701
29887843
30028034
30296366
30345964
30365870
30464016
30528912
30584008
30602082
30696445
30891159
30920634
31090063
31108759
31152265
31199220
31587913
31747474
31800758
31901280
31981541
32208441
32280099
32366948
32583081
32721554
32748644
32783067
32792794
32815125
32937864
33166473
33248211
33420219
33447816
33536555
33604753
33718263
33732447
33780104
33930650
33964928
34046490
34123872
34208093
34211637
34367729
34568092
34796038
34824153
35048055
35069501
35074976
35139675
35201766
35222330
35285172
35463878
35565124
35605143
35646730
35677897
35680890
35750826
35884141
35906254
35955456
35970030
35985807
36015115
36049430
36082397
36107142
36189359
36625596
36661299
36698137
36826189
36831176
36853013
36919874
37014805
37068103
37083915
37088343
37095478
37140235
37346862
37410793
37491404
37527556
37623956
37649970
37673353
37718989
37764094
37772884
37808310
37882859
37887710
38245675
38369510
38394460
38525841
38528960
38612702
38685821
38686511
38709077
38720551
38736020
38813004
38867204
38985198
39114684
39154706
39173342
39250672
39338554
39422492
39484496
39487844
39512522
39597633
