7545513
8953706
9043125
9281495
9382702
9516985
9585552
9783431
9841665
9846751
10319488
10395900
10512535
10924152
11034489
11078647
11191220
11488914
11591666
11801251
11862545
11882723
12383730
12450394
12874377
12885256
14577794
15170243
15260481
15716428
15744766
15848227
15885094
16549680
16824961
17020550
17161908
18175718
18512962
18767164
19181802
20000723
22086549
22322527
23002627
23624052
23669099
24045201
24527617
24594672
25455090
29631182
31848761
32038007
32139556
32247957
32291967
32334362
35711746
36363739
36731410
7545513
8953706
9043125
9281495
9382702
9516985
9585552
9783431
9841665
9846751
10319488
10395900
10512535
10924152
11034489
11078647
11191220
11488914
11591666
11801251
11862545
11882723
12383730
12450394
12874377
12885256
14577794
15170243
15260481
15716428
15744766
15848227
15885094
16549680
16824961
17020550
17161908
18175718
18512962
18767164
19181802
20000723
22086549
22322527
23002627
23624052
23669099
24045201
24527617
24594672
25455090
29631182
31848761
32038007
32139556
32247957
32291967
32334362
35711746
36363739
36731410
