1240211
2682956
3246585
4114840
4546195
8321150
8406804
8863409
8863416
9243047
9336893
9455525
9511816
10555362
11220682
12008924
12653131
12986374
12988058
13230801
13653844
13897519
14031545
14575974
14826798
14904548
15272195
16625051
16782384
17054065
18021022
18083325
18454593
18787695
19489922
20456459
20463158
20587177
21216104
22679518
22740657
23390560
23469636
23926141
24292191
24686059
25075973
25685942
26416117
26598566
26618151
27031729
28736193
31793856
32244625
34536770
35336101
36223678
36743301
38252532
39038047
1240211
2682956
3246585
4114840
4546195
8321150
8406804
8863409
8863416
9243047
9336893
9455525
9511816
10555362
11220682
12008924
12653131
12986374
12988058
13230801
13653844
13897519
14031545
14575974
14826798
14904548
15272195
16625051
16782384
17054065
18021022
18083325
18454593
18787695
19489922
20456459
20463158
20587177
21216104
22679518
22740657
23390560
23469636
23926141
24292191
24686059
25075973
25685942
26416117
26598566
26618151
27031729
28736193
31793856
32244625
34536770
35336101
36223678
36743301
38252532
39038047
