9722497
10600484
10758887
11411709
11560377
12483602
12523760
12666784
14638304
14758590
15904685
16092757
16626775
17128290
17408719
18243451
18473805
19856962
20652446
21069400
21184053
21284264
22232228
22464588
22851920
23520854
24152340
25193843
25569520
25790520
27529385
28127689
31428844
32059332
37012452
38928400
9722497
10600484
10758887
11411709
11560377
12483602
12523760
12666784
14638304
14758590
15904685
16092757
16626775
17128290
17408719
18243451
18473805
19856962
20652446
21069400
21184053
21284264
22232228
22464588
22851920
23520854
24152340
25193843
25569520
25790520
27529385
28127689
31428844
32059332
37012452
38928400
