12054263
15023954
15849407
17082408
20189380
20329546
22498316
23316189
23764955
25194282
26585900
27328781
27651275
27657656
29306127
29380077
29709806
30116919
30120119
30884009
30904526
31461193
32569793
32631112
32926968
33333170
34265685
35103341
35203778
35740207
36057373
38027851
38171393
38244457
38676363
39277408
39305321
12054263
15023954
15849407
17082408
20189380
20329546
22498316
23316189
23764955
25194282
26585900
27328781
27651275
27657656
29306127
29380077
29709806
30116919
30120119
30884009
30904526
31461193
32569793
32631112
32926968
33333170
34265685
35103341
35203778
35740207
36057373
38027851
38171393
38244457
38676363
39277408
39305321
