406354
6106721
6282712
10319468
10425763
13183928
13201555
16723554
17974212
20081001
20134228
20544435
20696874
21947860
26354335
26868402
28598303
28866999
29959040
30220440
30259084
30533673
30533761
32525471
33648490
36716372
37644492
38675982
38718218
39602266
406354
6106721
6282712
10319468
10425763
13183928
13201555
16723554
17974212
20081001
20134228
20544435
20696874
21947860
26354335
26868402
28598303
28866999
29959040
30220440
30259084
30533673
30533761
32525471
33648490
36716372
37644492
38675982
38718218
39602266
