95075
115793
856940
1459966
1662937
1702256
1713054
1736964
1768130
1899799
2116763
2458321
2459098
2501014
2658807
3084052
3114320
3138189
3146947
4063881
7538105
7848499
7887620
8782674
8941989
9687476
9708310
9789361
11307896
11545225
11770642
12485750
12597483
15222564
15709360
15782240
16013390
16107973
16476793
17182144
17685338
18811634
20510783
20626713
20828470
21497664
21925027
22072929
22544790
23086339
23194802
23212021
24461044
24599893
25056181
25443032
26185097
26897086
26927456
26929328
27118979
27129530
30053917
30965439
31015194
31121711
31445875
31851548
32255974
33907427
33965713
34356883
34556683
34855940
35176354
35465403
36255521
37221009
37977541
38115433
38126771
95075
115793
856940
1459966
1662937
1702256
1713054
1736964
1768130
1899799
2116763
2458321
2459098
2499610
2501014
2658807
3084052
3114320
3138189
3146947
4063881
7538105
7848499
7887620
8782674
8941989
9687476
9708310
9789361
11307896
11545225
11770642
12485750
12597483
15222564
15709360
15782240
16013390
16107973
16476793
17182144
17685338
18811634
20510783
20626713
20828470
21497664
21925027
22072929
22544790
23086339
23194802
23212021
24461044
24599893
25056181
25443032
26185097
26897086
26927456
26929328
27118979
27129530
29405759
30053917
30965439
31015194
31121711
31445875
31851548
32255974
33907427
33965713
34356883
34556683
34855940
35176354
35465403
36255521
37221009
37977541
38115433
38126771
