2893083
3365028
4043971
6144831
7721285
8102721
8841035
8844861
8871555
9016618
9389951
9949490
10101192
10782745
11287692
11473221
11483922
11972343
12035026
12181466
12181470
12523071
12560459
12890814
12902584
14507829
15295128
15681727
15681728
15963879
16326846
16326847
16408391
16877571
16877573
17090566
17463380
17475688
17485798
17932127
18192291
18385225
18445635
18769771
18842689
18842690
18978939
19254902
19383597
19491424
19587392
19703841
19766974
20051932
20460265
20852310
21531704
21653933
21722263
22052774
22318666
22436137
22483084
23408484
23472099
24259189
24275270
24503298
24687129
24814157
25019616
25614466
25921018
26299582
26378187
26586777
27112831
27331225
27502694
28438948
28684610
28717051
29553074
29599387
30399091
30400890
30649351
31249825
31517808
31889502
31932358
32393529
32600306
32622378
32661071
32970220
33277176
33782146
34089202
34106023
34111356
35015033
35182080
35325618
35856103
35926293
36910203
37074201
37105645
37144297
37341596
37462302
37608915
38094665
38491782
38609142
38785449
39113830
39152831
