19060061
23263527
23875313
25007784
25179909
25999470
26127013
27303377
27334534
27453394
27708624
28548573
28740343
29222621
29620502
30170079
30417112
31021333
32073296
32241465
32509596
33039960
33101496
33616341
34352722
34466687
34943506
35004303
35167015
35417036
35690000
36192796
36615801
36722409
36890518
37513011
37570288
37969336
38753171
39330818
39598196
19060061
23263527
23875313
25007784
25179909
25999470
26127013
27303377
27334534
27453394
27484096
27708624
28548573
28740343
29222621
29620502
30170079
30417112
31021333
32073296
32241465
32509596
33039960
33101496
33616341
34352722
34466687
34943506
35004303
35167015
35417036
35690000
36192796
36615801
36722409
36890518
37513011
37570288
37969336
38753171
39330818
39598196
