10425785
15747230
16449433
18368587
21480666
21677859
21828016
22267664
22616756
22681043
23075794
23300811
23623798
24351836
25377716
26819100
26875872
27494780
28195220
28528769
28736039
28883133
29458680
29572211
33487051
33491472
33586437
33730945
33761816
35467986
35939765
36154882
37580360
39030323
10425785
15747230
16449433
18368587
21480666
21677859
21828016
22267664
22616756
22681043
23075794
23300811
23623798
24351836
25377716
26819100
26875872
27494780
28195220
28528769
28736039
28883133
29458680
29572211
33487051
33491472
33586437
33730945
33761816
35467986
35939765
36154882
37580360
39030323
