8844
11189
48349
51648
53086
58837
61553
63527
63804
64181
68004
70920
77549
78428
79384
79915
80802
83309
90666
90667
91779
94971
113650
117257
121020
121842
122625
122626
122627
126102
126981
153335
166794
166795
171542
194987
261975
317019
319745
320339
323279
323610
324914
325219
326055
330942
330946
332644
332645
332647
333183
334196
336555
336841
338491
338984
339995
344208
347205
347206
348523
348524
348610
349262
349264
352954
355157
355158
356407
356872
357867
357868
358889
359535
359923
359926
361003
361997
362951
362952
364069
365752
365790
367388
367652
368476
370480
371653
372533
373076
373933
374395
374869
374875
378838
382947
383331
383613
385182
390240
392268
396427
399339
400807
400808
404242
407965
408667
415009
511131
557294
562855
591069
653788
664571
701209
717642
725534
727767
730371
745813
767262
767263
768774
769667
772341
772686
773300
773849
776843
776847
776851
776858
776866
776867
776869
776872
776873
776874
776875
776876
779502
781441
782385
785274
786213
786892
791549
792535
792890
795312
796470
796603
796604
798593
799212
801024
801026
801367
801368
804443
804451
807522
819383
825337
828625
828686
828689
842774
853838
883857
883858
886203
1035779
1063039
1086735
1091561
1092818
1093460
1095479
1095749
1096261
1097072
1097612
1098495
1098496
1099017
1099019
1099371
1099374
1099400
1101580
1102491
1104476
1108744
1108776
1212808
1240870
1241072
1280626
1282140
1282142
1282143
1287401
1291459
1299707
1299709
1299711
1299713
1308482
1308523
1308529
1310711
1320067
1322480
1323745
1328060
1333603
1334044
1336951
1338596
1338709
1342221
1342723
1346818
1349489
1354834
1366740
1379907
1381739
1381740
1382114
1383151
1383331
1384646
1398959
1406016
1412648
1415460
1421677
1427986
1431318
1452686
1452690
1469299
1474275
1474279
1474283
1474284
1474978
1479871
1479872
1485294
1487452
1500726
1512452
1512456
1522361
1522362
1522363
1522365
1531845
1532043
1537902
1538155
1541533
1547026
1548069
1549260
1560752
1563772
1569811
1569813
1572088
1573855
1576539
1584768
1588289
1590706
1596960
1597366
1602188
1602190
1602193
1602194
1604190
1607881
1623551
1623643
1628419
1636320
1639475
1639478
1639507
1640777
1640778
1640779
1646774
1648889
1651977
1665534
1666402
1666638
1673263
1679473
1679838
1679878
1680705
1683711
1685553
1688422
1689064
1689354
1690616
1690768
1690784
1691143
1691241
1692812
1692823
1694240
1695912
1696931
1699204
1700754
1701000
1702433
1702724
1702765
1706384
1707388
1708279
1710425
1711877
1716288
1717575
1718871
1719203
1720931
1721012
1723741
1725289
1730920
1771675
1784151
1784152
1784254
1795585
1795586
1802936
1802937
1802941
1802942
1802944
1804885
1804891
1804898
1823258
1823920
1823921
1824097
1826057
1828136
1831489
1833612
1834649
1840579
1843226
1843227
1850379
1851508
1854182
1855994
1856682
1858971
1861074
1864284
1864534
1865831
1867663
1868054
1870374
1870438
1872011
1880420
1884400
1884981
1887493
1890361
1890363
1890364
1890365
1890368
1890369
1898609
1898912
1900057
1904200
1906841
1908824
1929269
1929306
1931567
1934596
1937467
1939585
1940353
1940481
1940785
1945858
1959737
1975377
1979449
1981802
1981918
1990459
1992456
1995739
2007862
2015881
2030314
2030315
2030317
2034021
2037803
2042709
2044232
2044233
2050208
2051024
2052623
2054116
2056057
2071981
2071984
2071985
2077358
2077778
2087157
2091988
2101476
2101484
2104920
2109556
2111816
2116239
2117582
2123833
2126271
2133035
2133036
2133466
2134717
2138634
2138940
2142511
2142948
2145360
2153655
2154348
2164478
2165510
2165511
2169513
2169514
2171820
2181040
2181045
2181220
2181221
2181222
2181244
2181404
2182670
2182698
2183714
2184820
2187440
2188909
2188935
2191078
2191079
2192005
2193061
2193063
2193064
2198315
2198317
2198412
2198413
2198417
2199038
2199822
2200752
2201107
2201679
2202378
2203362
2204033
2205683
2205684
2205686
2205687
2205688
2205689
2206990
2211696
2215054
2215057
2215058
2220296
2229372
2233401
2255849
2255850
2255852
2255853
2255855
2255856
2255865
2256685
2260204
2262713
2264525
2265493
2266854
2269329
2269873
2270200
2279000
2280011
2280115
2280118
2280654
2280655
2284503
2292463
2292464
2302837
2307895
2324549
2358704
2379870
2389115
2401839
2404873
2406467
2407653
2407654
2407785
2410167
2415603
2416837
2416852
2417123
2418496
2419364
2421510
2422278
2422737
2423443
2423620
2425213
2426020
2426542
2426597
2427626
2427906
2428046
2429360
2429862
2431092
2431812
2434585
2435021
2435658
2435824
2435825
2435826
2437421
2437422
2439620
2439621
2440673
2440811
2440960
2441563
2442924
2443587
2445123
2445124
2445724
2447183
2448403
2453469
2454825
2454827
2454997
2457641
2458422
2458870
2459226
2459228
2459778
2463996
2464657
2464663
2465346
2466430
2467001
2468983
2469120
2469924
2471759
2474503
2475005
2475006
2475732
2475894
2476491
2476522
2476523
2478477
2480902
2482558
2487413
2489281
2491836
2494115
2496221
2497176
2501438
2503276
2503960
2503963
2503973
2504001
2504002
2504005
2505006
2509079
2509334
2510159
2518718
2518818
2521841
2522974
2527780
2534616
2535060
2537362
2538841
2547881
2552549
2565292
2569801
2570057
2572559
2603189
2612878
2642523
2643581
2644213
2645208
2649561
2649562
2649620
2652092
2653442
2656380
2656381
2657302
2659369
2659530
2659694
2659697
2659698
2659702
2661418
2663725
2664042
2664043
2664044
2664049
2665352
2665640
2665977
2667670
2668187
2668961
2669627
2671559
2673590
2674301
2674303
2674304
2676273
2677142
2678328
2679936
2680057
2681458
2681459
2681460
2681461
2681462
2681463
2681467
2682104
2682107
2682526
2683036
2684805
2685023
2687163
2691789
2692516
2693204
2694952
2695575
2695578
2695734
2696319
2697743
2697907
2701181
2701885
2728914
2826628
2826638
2828900
2830893
2831691
2833559
2840398
2842415
2869492
2874208
2903849
2907149
2908581
2925843
2926124
2933339
2935494
2937735
2938761
2939979
2940306
2942780
2943954
2944966
2947952
2948676
2952853
2953794
2957129
2958570
2963084
2969108
2970509
2988833
2989177
2989366
2989662
3001928
3002986
3003213
3003214
3006821
3011966
3020007
3029249
3037676
3040308
3042436
3042618
3045222
3045223
3045224
3045225
3045226
3045948
3046539
3047283
3047285
3048272
3050108
3053962
3055463
3056241
3056642
3056856
3056923
3058299
3058391
3058804
3058826
3063382
3063383
3065419
3065420
3065421
3065422
3065448
3068154
3068245
3069709
3072034
3072329
3072920
3075652
3076580
3076995
3077623
3079304
3080916
3081446
3086467
3086468
3086725
3088117
3091602
3096892
3098865
3100449
3104901
3106496
3109743
3113946
3114433
3115648
3116103
3119212
3119499
3125213
3128482
3128633
3131465
3131466
3131867
3133142
3136783
3137262
3143894
3146610
3147697
3150974
3151445
3155713
3179056
3192973
3195153
3221112
3221113
3250960
3253332
3275592
3275779
3279207
3279214
3279420
3281904
3285856
3286519
3286798
3286799
3286800
3289801
3290244
3292409
3294170
3294539
3294540
3294541
3295310
3295489
3298454
3298472
3298474
3298475
3298476
3298478
3298483
3298903
3299546
3299637
3299638
3300539
3300972
3302577
3302578
3304321
3304738
3305778
3306248
3306256
3306906
3309090
3309136
3309144
3309145
3309180
3310689
3311498
3312018
3312896
3312897
3316028
3316142
3316143
3321410
3322615
3323269
3323365
3323368
3323369
3323370
3323750
3323752
3323753
3325572
3325575
3325576
3325579
3325581
3325583
3325584
3326746
3326904
3327105
3328771
3328975
3329228
3330083
3330553
3330554
3330555
3330748
3333940
3333941
3333942
3341381
3373087
3398684
3411167
3437168
3473289
3474306
3488493
3492279
3492293
3499387
3510165
3510167
3510397
3510979
3512184
3512732
3514458
3517535
3517765
3518509
3518927
3519481
3519794
3519796
3519797
3519798
3519800
3519802
3519803
3519804
3519805
3519806
3519974
3522769
3522770
3522771
3524883
3524918
3528312
3528344
3528345
3528346
3528348
3531989
3534127
3534276
3535729
3536745
3536756
3537003
3540141
3540142
3540143
3540144
3540178
3540493
3540494
3540495
3540497
3543131
3544198
3546136
3546543
3546545
3546546
3546549
3547616
3549938
3549939
3549940
3549941
3549942
3551466
3552993
3553227
3553797
3553803
3553804
3553805
3553806
3553807
3553808
3553810
3553811
3553812
3553813
3559334
3572093
3573941
3596680
3655461
3655462
3655731
3722963
3722965
3746044
3795871
3876183
3881593
3882664
3885647
3887080
3888411
3888712
3889048
3889052
3889165
3889184
3889189
3889190
3889193
3889194
3890695
3893332
3894233
3894289
3894538
3894539
3894540
3894846
3894979
3897405
3898294
3900243
3900244
3900245
3900249
3900251
3900252
3901877
3902662
3903039
3903040
3903408
3903409
3906853
3908478
3908862
3908863
3909933
3910287
3910746
3910748
3910749
3910751
3910752
3913661
3913707
3913745
3915006
3916295
3917577
3920468
3921463
3921481
3928757
3928804
3929029
3935479
3936783
3938986
3965589
4015981
4020215
4042426
4086915
4086917
4086919
4112239
4113656
4113797
4117882
4119113
4119114
4120832
4128631
4129740
4131110
4133762
4135832
4137671
4140172
4146908
4154579
4164667
4165670
4173566
4187027
4194413
4197246
4204390
4207054
4207691
4209177
4212439
4246110
4262739
4278072
4282081
4285970
4290018
4300767
4304484
4313451
4349602
4383871
4398128
4550215
4554496
4555734
4558677
4559065
4559066
4559465
4561454
4562382
4562383
4562384
4564400
4565054
4565731
4566288
4570280
4570283
4570663
4571242
4572215
4574271
4574275
4574308
4578753
4579978
4579979
4580217
4581011
4582180
4582837
4582839
4583777
4583838
4589901
4590553
4590989
4592899
4594116
4597278
4597525
4598383
4599002
4599823
4601207
4601761
4605247
4606751
4607341
4609913
4609914
4609927
4609928
4609930
4611091
4611138
4611256
4611925
4611983
4613979
4616779
4617716
4619359
4619901
4620142
4621868
4628830
4860889
4862047
4864576
4865217
4867766
4869694
4869699
4876379
4877117
4877714
4878131
4878787
4881083
4881830
4884614
4887859
4888029
4890384
4890387
4896673
4897527
4898388
4899207
4903972
4906048
4906709
4908550
4909827
4910146
4912559
4915372
4916494
4917109
4918202
4918204
4919581
4919642
4920319
4922354
4922536
4923504
4923505
4925529
4925894
4927841
4928595
4929374
4929814
4939048
4940737
4941663
4944742
4945738
4946423
4947057
4948077
4948078
4948480
4949314
4949821
4950564
4952823
4964554
4967027
4970222
4971444
4971556
4982199
4990996
4999415
5003224
5169802
5169803
5301388
5309531
5311057
5313068
5314019
5319191
5320484
5321481
5322700
5322702
5322703
5322704
5322706
5322768
5322769
5323545
5325423
5325956
5327411
5330864
5331452
5335647
5336369
5337835
5338822
5338959
5824001
5854573
5963328
6045750
6067036
6095579
6100185
6114046
6137201
6144638
6153254
6156918
6162812
6166792
6168595
6171698
6176016
6179876
6180669
6180670
6182610
6183191
6184369
6185426
6190596
6191381
6191891
6193065
6193386
6194126
6194557
6197589
6197746
6198275
6198787
6200450
6200451
6201310
6202650
6207246
6209782
6214342
6216407
6220986
6220987
6221997
6226239
6230496
6231257
6260900
6298393
6305856
6325350
6337100
6339181
6339369
6339392
6343239
6343295
6343428
6345031
6345041
6345387
6345526
6345589
6347881
6348412
6348948
6350581
6350703
6352526
6352527
6352528
6352848
6352857
6353179
6353527
6353531
6353954
6355387
6355722
6355725
6356282
6356763
6358034
6358061
6358062
6358063
6360040
6360894
6360898
6360910
6361380
6362895
6362932
6365647
6366365
6366412
6366413
6366573
6368061
6368415
6368416
6368427
6368428
6368429
6369054
6369055
6369076
6370487
6372573
6373624
6373626
6373627
6373628
6373629
6374022
6375218
6376654
6377002
6377478
6377796
6377799
6378452
6378453
6380370
6380513
6380833
6381301
6381302
6381457
6384077
6384078
6384079
6384379
6385816
6386665
6388392
6388395
6389043
6389044
6389362
6391762
6395678
6396473
6396474
6396475
6397175
6397930
6398337
6398338
6398340
6398576
6398578
6398579
6398580
6398585
6398586
6398587
6398588
6398592
6398597
6398598
6398602
6398603
6399066
6399067
6399068
6399185
6400163
6400664
6405519
6407793
6409988
6417263
6418759
6423556
6427399
6432692
6437637
6449337
6454034
6459289
6470664
6509251
6532280
6535819
6541202
6549323
6599403
6601620
6602296
6603563
6605932
6683261
6684643
6685695
6685696
6685699
6685700
6685701
6749680
6751637
6752102
6752360
6754621
6754639
6757579
6762126
6762986
6763002
6763003
6763005
6764333
6764515
6764919
6775637
6781921
6782031
6788723
6789004
6798411
6801025
6806435
6810740
6810741
6810742
6811517
6815996
6815997
6816000
6818816
6819797
6890545
6991410
6995341
6999803
7000133
7000701
7002795
7002798
7002810
7002811
7005541
7006873
7007221
7007724
7007768
7008255
7009447
7009448
7011330
7012442
7017318
7017320
7018423
7019109
7019389
7020522
7020523
7021515
7021767
7021836
7024148
7024248
7025147
7028712
7030274
7031255
7033116
7033149
7033491
7035030
7035031
7037011
7037013
7038297
7038301
7038849
7040440
7040872
7040879
7041343
7042562
7042604
7042614
7042615
7042616
7042905
7044299
7047374
7047400
7049949
7050296
7051335
7051925
7051926
7051927
7051928
7051929
7051931
7051933
7051934
7098443
7181543
7193655
7195879
7196889
7235421
7295954
7314889
7334779
7356353
7474942
7476185
7476188
7476189
7480918
7489760
7493776
7496523
7496934
7499850
7500814
7500815
7504379
7504601
7505263
7506279
7508863
7510032
7511083
7512868
7513153
7513311
7513328
7514328
7516574
7519225
7519226
7521248
7521669
7522215
7522845
7524076
7525484
7525488
7525491
7532120
7534683
7536184
7537350
7538491
7543155
7549889
7551043
7551058
7554400
7570870
7581267
7590183
7590302
7590855
7590888
7591123
7591163
7592160
7592165
7592733
7592990
7594920
7594921
7594923
7602217
7602218
7602220
7602221
7615981
7620770
7628981
7636246
7637522
7637533
7640671
7657790
7678097
7679662
7681039
7681446
7681925
7682995
7688563
7690388
7693602
7695282
7697923
7699064
7709098
7713551
7713552
7714353
7714355
7728880
7729894
7730213
7730716
7730717
7730718
7730719
7730720
7730723
7730724
7731337
7731338
7731340
7756586
7759478
7764471
7766022
7768794
7772860
7782113
7783397
7790032
7790081
7795073
7800676
7800898
7805293
7805416
7806388
7813115
7822004
7829901
7835957
7835976
7839822
7840574
7844062
7851011
7861046
7863757
7867537
7868226
7868268
7868947
7868950
7868951
7868953
7868955
7868959
7876469
7876548
7877174
7879421
7887018
7891231
7892750
7906291
7909542
7910002
7910593
7910936
7913687
7923874
7927495
7927681
7927748
7928799
7928800
7930584
7930695
7934845
7934874
7934876
7936076
7946393
7959924
7960155
7963906
7963907
7963911
7963912
7968182
7968194
7990545
7997788
8003901
8006444
8006590
8008750
8010659
8011013
8013883
8015417
8031029
8046265
8047837
8050070
8081286
8087614
8088070
8089050
8089081
8089361
8101301
8127215
8127217
8127218
8127221
8132154
8141581
8144420
8149671
8149672
8151187
8151188
8151192
8151193
8151194
8162256
8182008
8182287
8187328
8189074
8189075
8189087
8189088
8189090
8189091
8189092
8189093
8201834
8203127
8203847
8211257
8213048
8220267
8225603
8226397
8228435
8228436
8228437
8228438
8228439
8228440
8228441
8231599
8231600
8242899
8243496
8245828
8246810
8249066
8253018
8256114
8257487
8258714
8258725
8262636
8262640
8262866
8263180
8266397
8266398
8275507
8283062
8283063
8288191
8290533
8302203
8304006
8312151
8315112
8316080
8326179
8326181
8326182
8327871
8341112
8341114
8341115
8341612
8346416
8351384
8359887
8371033
8371034
8387790
8392100
8392101
8395470
8396614
8396615
8411091
8416677
8418472
8419921
8421173
8433015
8433835
8436823
8444531
8446027
8446028
8454357
8455642
8458942
8458960
8459225
8460911
8463401
8463724
8463728
8472263
8474357
8478104
8482747
8482851
8485914
8486404
8486949
8493861
8500267
8501238
8515073
8535517
8539620
8540726
8549860
8551052
8551377
8555985
8567015
8574825
8580487
8587102
8595866
8596438
8596439
8599058
8606100
8610181
8616240
8618092
8622949
8626300
8627108
8627110
8627112
8627115
8627117
8637381
8637382
8637383
8642214
8642217
8642218
8655000
8655555
8665467
8675337
8685748
8690973
8690974
8690975
8691924
8692009
8698458
8702978
8704977
8720317
8729870
8733228
8748244
8755125
8770635
8771213
8772169
8774145
8785253
8810561
8810563
8810564
8812674
8820514
8820688
8825083
8834501
8834886
8835583
8835584
8849914
8849919
8858576
8858587
8862261
8863452
8867377
8868442
8878579
8878595
8890748
8908480
8914265
8915706
8920248
8926111
8926118
8935737
8942148
8942149
8945562
8945601
8964896
8969512
8973611
8979491
8980493
8992997
8996430
8997717
9000043
9000044
9001903
9006002
9008277
9014830
9021187
9030104
9030105
9030106
9030110
9033197
9033198
9033199
9038316
9054200
9060878
9061691
9073067
9075220
9079928
9082780
9085311
9098426
9118224
9119445
9121327
9121376
9132932
9139365
9139909
9139928
9140977
9141669
9143318
9158416
9159528
9171391
9199416
9200471
9201977
9207749
9207753
9207754
9207755
9207757
9207862
9215227
9217352
9217357
9218596
9226276
9251589
9251590
9251595
9253875
9254018
9267804
9284575
9286046
9290969
9303392
9322738
9335004
9374123
9379047
9393626
9393633
9393781
9395519
9397681
9401484
9401487
9401488
9401489
9420031
9422594
9426136
9427395
9430497
9431277
9440006
9447253
9447254
9458213
9465152
9465155
9465157
9465158
9470925
9472660
9472661
9474513
9480022
9486396
9490054
9497483
9498780
9502593
9503866
9513344
9513348
9513349
9527483
9536120
9536543
9544776
9552713
9564809
9572680
9574704
9576586
9588804
9593137
9596726
9596734
9598402
9609981
9611795
9614835
9620389
9621407
9623511
9628092
9628093
9632259
9666025
9671779
9674227
9679274
9686181
9711338
9714691
9715595
9715597
9718209
9719491
9725237
9728445
9728446
9728450
9728453
9728454
9733457
9733688
9741341
9743608
9746595
9748655
9750340
9758130
9780652
9782435
9784577
9785489
9785841
9785844
9795152
9805879
9805880
9805883
9809415
9813125
9819230
9822276
9822277
9848681
9851927
9867128
9870671
9874477
9874491
9916689
9922861
9934358
9973451
10024600
10027969
10028831
10066528
10068605
10080541
10189589
10206118
10217488
10219472
10225629
10229854
10231573
10233750
10325367
10329613
10337017
10347567
10347584
10362804
10378414
10382882
10392775
10407622
10407627
10426143
10439321
10439322
10439323
10439324
10439326
10439329
10439330
10439334
10442482
10447937
10449784
10455007
10462516
10464432
10472365
10473236
10474189
10481449
10481452
10487001
10493608
10531216
10540160
10540222
10542185
10561966
10564918
10570981
10574615
10575403
10575407
10575409
10580191
10582900
10595573
10599015
10603715
10617795
10618524
10620682
10624009
10635795
10637640
10654259
10658666
10659614
10700913
10700915
10700919
10700920
10700941
10713365
10720553
10728599
10736116
10738981
10755627
10759768
10779786
10801489
10816448
10817516
10817704
10824461
10825571
10830776
10834063
10834064
10834066
10834067
10852270
10852894
10870206
10871258
10903757
10906083
10926828
10929137
10947859
10948185
10959251
10966790
10968151
10971729
10977959
10989644
10991891
10992494
11008115
11012663
11012766
11023469
11035434
11036491
11036494
11036496
11073931
11081637
11085588
11099926
11101592
11123691
11139208
11158364
11163661
11165928
11167017
11167702
11173029
11173227
11178265
11181364
11187722
11192500
11201869
11201873
11201874
11201875
11201876
11201877
11201878
11201879
11201882
11201885
11201888
11201889
11201890
11201891
11201892
11201894
11201896
11201897
11211226
11221094
11222914
11228360
11230394
11234002
11267779
11279529
11285456
11288514
11289008
11313128
11329466
11332286
11332288
11332289
11342602
11344550
11348523
11355520
11376039
11390686
11427035
11427558
11441083
11454253
11466283
11478670
11480310
11480311
11480312
11496008
11530584
11532219
11567001
11579508
11579510
11579511
11579512
11601875
11672912
11685264
11691918
11698444
11705247
11707281
11709358
11715280
11731943
11736907
11757171
11757174
11766004
11767277
11784934
11791665
11791986
11796642
11814771
11821922
11825713
11826475
11826477
11826478
11826479
11826480
11826481
11826482
11826483
11865434
11871293
11875763
11883520
11953394
11969125
11969136
11970850
11973155
11979755
11979756
11979757
11982601
11988579
11990494
12007859
12035291
12035295
12044173
12045839
12049031
12074585
12077319
12083509
12100448
12117918
12120035
12120037
12136738
12138124
12164297
12167530
12170333
12183567
12225510
12285084
12348562
12361920
12368438
12384346
12391250
12402198
12412751
12445799
12449888
12449891
12452519
12456788
12479557
12483966
12489635
12542471
12551895
12569643
12570741
12577057
12595460
12595485
12598124
12604035
12616936
12623271
12624978
12636987
12639458
12646167
12646604
12654841
12657046
12669929
12673400
12692544
12709029
12715331
12727362
12734239
12752206
12757627
12768925
12768926
12787526
12787744
12788972
12798309
12801063
12823306
12847760
12853165
12855181
12862254
12884037
12901893
12906098
12908039
12914133
12931632
12942392
12945534
12994145
13010891
13010892
13033391
13061106
13061109
13066820
13085870
13086124
13103920
13106190
13108344
13108345
13114637
13146300
13148814
13175448
13182492
13194977
13194980
13194981
13211040
13216943
13230612
13232776
13232781
13260037
13262907
13313297
13313299
13329711
13345498
13345503
13352374
13366484
13366486
13369129
13395619
13405592
13428378
13435237
13476779
13495568
13515395
13524998
13529140
13529159
13562946
13576571
13586951
13599502
13610559
13610560
13620343
13642962
13653852
13665054
13672667
13673564
13711244
13711245
13804397
13809172
13809448
13833091
13881012
13911662
13937405
13937408
13944216
13947544
13956364
13956365
13970650
13973590
13973592
13976752
13985881
13993554
13998165
13998167
13999150
14000756
14001315
14016080
14042840
14043903
14059535
14066279
14069266
14074384
14080202
14086709
14114050
14116695
14119688
14128910
14131732
14132393
14132394
14137624
14140757
14143116
14145972
14147729
14152230
14155117
14155844
14166266
14168133
14175546
14175599
14175600
14186464
14188912
14190866
14192035
14192036
14192043
14197176
14201325
14201653
14203318
14203319
14203322
14203325
14205618
14211546
14215784
14224665
14227399
14227400
14227405
14227406
14227407
14231935
14250520
14255702
14261022
14261291
14261295
14265069
14278287
14305778
14319165
14319172
14333144
14336051
14355052
14363024
14363025
14363027
14364150
14369698
14372261
14374896
14377651
14381813
14399510
14413433
14420288
14478151
14478152
14492807
14513423
14555284
14568529
14577472
14585155
14596524
14598636
14598638
14598642
14608819
14608820
14629293
14639414
14650405
14650417
14678270
14688109
14695899
14702392
14707226
14710019
14711362
14723623
14737177
14759342
14766361
14766846
14766927
14830972
14845726
14865001
14865303
14866438
14873385
14889912
14925726
14927242
14927244
14927246
14942572
14952915
14958407
14964531
14974527
14975355
14987409
14991060
14991068
15014432
15019586
15027718
15030344
15035063
15035064
15035065
15035066
15040700
15056384
15056385
15056645
15071023
15071961
15072125
15081655
15082636
15094167
15112073
15155617
15184434
15187161
15203566
15217319
15245748
15256520
15263002
15270740
15273814
15273859
15282962
15286835
15292272
15293533
15301588
15308633
15312144
15320885
15328105
15331324
15353332
15356162
15358430
15358649
15372437
15378742
15451099
15468392
15485283
15508724
15508725
15508728
15508905
15517032
15526006
15527549
15528676
15543415
15548761
15569804
15603834
15642997
15646765
15653309
15654421
15655736
15665583
15685736
15686829
15699203
15713606
15716431
15728470
15734693
15741741
15745063
15755200
15755201
15764287
15780420
15793516
15815021
15821793
15835604
15845477
15858280
15871350
15881032
15881952
15885677
15894530
15901414
15907454
15908378
15919224
15939357
15949925
15967991
16000731
16038250
16041037
16044809
16044811
16055086
16111215
16113281
16115688
16151038
16170767
16192441
16202816
16207987
16215460
16222245
16237210
16248207
16248210
16248211
16259568
16278488
16307680
16307730
16313172
16315108
16315323
16320824
16327466
16329568
16338142
16339528
16353545
16355335
16368971
16385053
16394437
16410954
16438214
16438389
16441259
16445866
16455924
16461791
16499578
16507896
16522774
16524692
16525107
16557926
16557927
16558091
16559593
16561926
16562150
16569884
16583135
16583355
16595643
16597883
16597928
16612522
16614253
16645029
16670965
16673446
16687863
16698431
16715686
16715690
16728267
16728321
16734781
16781179
16797206
16807057
16830640
16830641
16839634
16842372
16885596
16892039
16895070
16907914
16918390
16952959
16954241
16966411
16970689
16973374
16978419
16981335
16997792
17005781
17005816
17010758
17017404
17021066
17037377
17037381
17037383
17037384
17041455
17046060
17052269
17057093
17064273
17064286
17069757
17072249
17085575
17090777
17140401
17177973
17182571
17183214
17196127
17198761
17240815
17273681
17276519
17287607
17305909
17308303
17315747
17317107
17325221
17327897
17343223
17343614
17350495
17373188
17373359
17373361
17396103
17413319
17422188
17428944
17442378
17445850
17451520
17451651
17462745
17486263
17506277
17518099
17521364
17530267
17540580
17544965
17548585
17551381
17553031
17564345
17578267
17590177
17593663
17593671
17597011
17601578
17611072
17623808
17624714
17645529
17660248
17661663
17724073
17784850
17823748
17824484
17849010
17877036
17883012
17898185
17922403
17933896
17934646
17937676
17955444
17984336
17992410
18006503
18008143
18024514
18032855
18035773
18035776
18047644
18056355
18069551
18070975
18076551
18082641
18085172
18087085
18101748
18106221
18187820
18199740
18201983
18208592
18237641
18247059
18249190
18269333
18273528
18275683
18277396
18284466
18302730
18308638
18309708
18309712
18311074
18313706
18337353
18341026
18341215
18371276
18385356
18390543
18390660
18398487
18440071
18457073
18461142
18464038
18482772
18485489
18495858
18516507
18544298
18544337
18558493
18563741
18567015
18573938
18599381
18611531
18611617
18614293
18628941
18636118
18660985
18660991
18667979
18686236
18694348
18700620
18708162
18710071
18711273
18716007
18783434
18784342
18797053
18800639
18800640
18809547
18824837
18877283
18919926
18925380
18935251
18945881
18975498
18981249
18982056
18989931
18993001
19009106
19009116
19009980
19019760
19028537
19040664
19040732
19043725
19054096
19061626
19075057
19076223
19078734
19110537
19144101
19152701
19159459
19169353
19176694
19195445
19197326
19204343
19220476
19227144
19227149
19227151
19246648
19250633
19255639
19259757
19274984
19274986
19286800
19293498
19307157
19347153
19376672
19382997
19385373
19386839
19429751
19430824
19438603
19439537
19454067
19460328
19479078
19486749
19555754
19562797
19569470
19571027
19582989
19590409
19590423
19596891
19605345
19618069
19618070
19618079
19618080
19618083
19618084
19618085
19628675
19633074
19648025
19656347
19659844
19664738
19675226
19696503
19706172
19721975
19732058
19738337
19785195
19786561
19799378
19803376
19812892
19841079
19846882
19861628
19870447
19874796
19881526
19889136
19936251
19937653
19952355
19961098
19961099
19961100
19961102
19961103
19961104
19961105
19994470
20003324
20005916
20008541
20010305
20016045
20016819
20018378
20018961
20035344
20039824
20045500
20060279
20061767
20075708
20093754
20098852
20140374
20149978
20188445
20207571
20272491
20289744
20306637
20306638
20306641
20306725
20329380
20344292
20351204
20372941
20384857
20402595
20407280
20427628
20428654
20447668
20462755
20491787
20494478
20509334
20509339
20510728
20526808
20553838
20561085
20581668
20617178
20631101
20671924
20698989
20713631
20714752
20724432
20739294
20798403
20802953
20808766
20835608
20857655
20865042
20875329
20883403
20887706
20935209
20936290
20942029
20944238
20953013
20955239
20961459
20963340
20964723
20975887
20975946
20980200
20984878
21029479
21039782
21051341
21061760
21067062
21073037
21095536
21097149
21099087
21099091
21115799
21119019
21120353
21129505
21157178
21159924
21162636
21177913
21177914
21199152
21220882
21229844
21269435
21278007
21292655
21305770
21327012
21340362
21341084
21346818
21349981
21366421
21404592
21404593
21418690
21424049
21444694
21449223
21453975
21460021
21483282
21491188
21524213
21555513
21572979
21574977
21585261
21585556
21592112
21592957
21596907
21613461
21616456
21617312
21640628
21649570
21658464
21672667
21692674
21698192
21699972
21705623
21708290
21727660
21730061
21749213
21775969
21778902
21781471
21813774
21825271
21856352
21859943
21879249
21909445
21917899
21917900
21925494
21949895
21961033
21972659
21973237
21981546
21987128
22001565
22002092
22004034
22037849
22039850
22056258
22071774
22076550
22089994
22097999
22101333
22102165
22106221
22121335
22132248
22144494
22145052
22147046
22166091
22168250
22170923
22179038
22183459
22205800
22205964
22212192
22229831
22250629
22252831
22269018
22270197
22274158
22286305
22286535
22302861
22322502
22325062
22326538
22346786
22359893
22363349
22370135
22370835
22392826
22415265
22429842
22439275
22439276
22439278
22439280
22439281
22439283
22475236
22490424
22495562
22504648
22504759
22523498
22524898
22529866
22545169
22553833
22556091
22570089
22583511
22607288
22614283
22699535
22710532
22714753
22714756
22719964
22724040
22748342
22750101
22751536
22757620
22788812
22838263
22847545
22851198
22855766
22860031
22860144
22891014
22928517
22933632
22938641
22941510
22980586
22988457
23012845
23012847
23012848
23012849
23055729
23063908
23071850
23100911
23100912
23111393
23121977
23133681
23169418
23182864
23209912
23210149
23216235
23223615
23228811
23236531
23239802
23240095
23255567
23272458
23283447
23283452
23283454
23283458
23283459
23283461
23283462
23283465
23283466
23283467
23283468
23283469
23283472
23283473
23291419
23291420
23292779
23294829
23315459
23331372
23331718
23350010
23351151
23356027
23356030
23377499
23385722
23431316
23446220
23449998
23451850
23473290
23478578
23481049
23481710
23484333
23484336
23516645
23537134
23547143
23550518
23566249
23577038
23579398
23619473
23627048
23638071
23670556
23702646
23711949
23740009
23741878
23765279
23770116
23782413
23798993
23816300
23861666
23870850
23871279
23874223
23892035
23903971
23911408
23924296
23931798
23932433
23933408
23935922
23966553
23982232
23986632
24005326
24015287
24016427
24021155
24021367
24022478
24024660
24029146
24033793
24054797
24065328
24115598
24141500
24152601
24168291
24169261
24171241
24171242
24177608
24179562
24205518
24214631
24216029
24236367
24244424
24244784
24246919
24264476
24270257
24279882
24319988
24328380
24346893
24358891
24361943
24369511
24370984
24402158
24428111
24439137
24454972
24460757
24464703
24469081
24469317
24478496
24480058
24483959
24493677
24495190
24497703
24502149
24512544
24516638
24520878
24527821
24551248
24552180
24563210
24595978
24607935
24612452
24615444
24619112
24626655
24649058
24654763
24657272
24661741
24666703
24669842
24676663
24686247
24690527
24708363
24722358
24722473
24770495
24810599
24857191
24861093
24874086
24880131
24907144
24907710
24937811
24967387
24968045
24983877
25001602
25004817
25007893
25017516
25019518
25024361
25024362
25030427
25031172
25041689
25041703
25049257
25056325
25076760
25101267
25109693
25128092
25170947
25184137
25184933
25187983
25196453
25197070
25201810
25210773
25221954
25229291
25239420
25258550
25260828
25268134
25274993
25291216
25303009
25312102
25356604
25388490
25411000
25412733
25422308
25431761
25432805
25432807
25432808
25432809
25432810
25432811
25432813
25432814
25432816
25457797
25487327
25509718
25514986
25521227
25521850
25540534
25541240
25557311
25561717
25567228
25576930
25605482
25609722
25636184
25636570
25651321
25666357
25672298
25676141
25680828
25701674
25751332
25765193
25771902
25772973
25773651
25779310
25785304
25811190
25826852
25828729
25831531
25833404
25874829
25876145
25942024
25944185
25948993
25970602
25985983
25988174
25991507
25992795
25992943
25999555
26018958
26029205
26029928
26030183
26034700
26047418
26061371
26082120
26092350
26094829
26098662
26099294
26107951
26113359
26120145
26120177
26126264
26196543
26202111
26203653
26209684
26222022
26232656
26233487
26256431
26288401
26311856
26327983
26335023
26339136
26360011
26360617
26362198
26367014
26391209
26397973
26411248
26428602
26428919
26431782
26434167
26441080
26444583
26456726
26484351
26490137
26500993
26502685
26510990
26515838
26521798
26571269
26578674
26583204
26600506
26610735
26616164
26618564
26634971
26635870
26639680
26655199
26676321
26728806
26729977
26732436
26734859
26749503
26751388
26751584
26770186
26773620
26773621
26773627
26773628
26776128
26793196
26794499
26805555
26810580
26829382
26844546
26886068
26888306
26903606
26923082
26936803
26964809
26969390
26973434
27060010
27066064
27084829
27106673
27175099
27185825
27190175
27192519
27195687
27203082
27209077
27219008
27223655
27236235
27242223
27242226
27254633
27255061
27255062
27255063
27278453
27282338
27297389
27337485
27345334
27355424
27393660
27426952
27444702
27450520
27456320
27458573
27469619
27474073
27479467
27489069
27506007
27506457
27514953
27527218
27546064
27548027
27549245
27553710
27555322
27558564
27558568
27579195
27600740
27605468
27606832
27622024
27642139
27645564
27649868
27658042
27664776
27681932
27682181
27703073
27704298
27706165
27726813
27764137
27795222
27830326
27846605
27854511
27856491
27864529
27876828
27888674
27891346
27919284
27925336
27927694
27976721
28001221
28027305
28056107
28059670
28110121
28114411
28125649
28126361
28134679
28137508
28159794
28162092
28167593
28176731
28192426
28222139
28225542
28231244
28233305
28235552
28241035
28258667
28270310
28276399
28287297
28315742
28317797
28317806
28327786
28327791
28328616
28336312
28345639
28417702
28419120
28426172
28438129
28467415
28505186
28514659
28530057
28562758
28570560
28570932
28584985
28594117
28602616
28617800
28633333
28636650
28684130
28693853
28693856
28707598
28715914
28735303
28763601
28769451
28775595
28793313
28801812
28806750
28822069
28827673
28833001
28838294
28841420
28847289
28850614
28852284
28875310
28879146
28902286
28910627
28919618
28934421
28958595
28969977
28970833
28977675
28979032
28984227
28991896
29031287
29042494
29048282
29048291
29087761
29097343
29104093
29106651
29111085
29141716
29146126
29150026
29150278
29163649
29170041
29171451
29208413
29211240
29211246
29228004
29232423
29234318
29244821
29250112
29263539
29263548
29279044
29283461
29310592
29312289
29332642
29367657
29381722
29382314
29403446
29403489
29405082
29416362
29454978
29472294
29472920
29474356
29476899
29487601
29496597
29507748
29513821
29527206
29535713
29536982
29539448
29557724
29565968
29566236
29567948
29605649
29609530
29610605
29619429
29627640
29641721
29643852
29665434
29666623
29669693
29670618
29686668
29706348
29717136
29746563
29755459
29757544
29757545
29853030
29867930
29867937
29884862
29900896
29904595
29906598
29908564
29908583
29915584
29950273
29953440
29965969
29979513
29979790
30008126
30016255
30017389
30052986
30055280
30070007
30079069
30081970
30095620
30100775
30118799
30121399
30125973
30172902
30179278
30202770
30207440
30207441
30207893
30226353
30226354
30226355
30275432
30278054
30282756
30290790
30300363
30323879
30360715
30383852
30405622
30429139
30442123
30445113
30481178
30504970
30504973
30505806
30519061
30540075
30550093
30566440
30616886
30619157
30622658
30629982
30631322
30647798
30652669
30658215
30675352
30689631
30695344
30695682
30726657
30761984
30775369
30785559
30799052
30816338
30835722
30835734
30866765
30883558
30901062
30904499
30909391
30917313
30918118
30939123
30945360
30947261
30949168
30984583
30996142
31016254
31017900
31034906
31090128
31090823
31092597
31095196
31103404
31117984
31118048
31124597
31137975
31152726
31181059
31196008
31197353
31210160
31233498
31235553
31256049
31260522
31282680
31322104
31340300
31344041
31346236
31393584
31422044
31430635
31432529
31462296
31476595
31486822
31493502
31512598
31517884
31525196
31531622
31539652
31553301
31577795
31600201
31602293
31621517
31652371
31667502
31707970
31720041
31732729
31733134
31757558
31775113
31777363
31782338
31783808
31784594
31793510
31802916
31807445
31839561
31848273
31848766
31860322
31880185
31881061
31883890
31889593
31921172
31929590
31933458
31975697
31977489
31981442
31984287
32029939
32034084
32042379
32043454
32051036
32051758
32084461
32100712
32130367
32132193
32138865
32157423
32158462
32203502
32233019
32234012
32240160
32250546
32256479
32265900
32285768
32291523
32298544
32299687
32308192
32322091
32339201
32339493
32339990
32340990
32346821
32371193
32372760
32373110
32433683
32453754
32462938
32474483
32474546
32477280
32477978
32540717
32553715
32574720
32577954
32582789
32586466
32600120
32606877
32612587
32628669
32645421
32649401
32665276
32669124
32674978
32696914
32722218
32724108
32776973
32806098
32811449
32849645
32849660
32859198
32863349
32867307
32869655
32874474
32931893
32934336
32936805
32936818
32946726
32964690
32984125
32992010
32998654
33012227
33012236
33013845
33022266
33022427
33040382
33071000
33075048
33098510
33101362
33111909
33117053
33127165
33129378
33130505
33133110
33135465
33176039
33189423
33226194
33238966
33241709
33304465
33322356
33332701
33341111
33362202
33400985
33411735
33425178
33490914
33526747
33529407
33573064
33592342
33592840
33610964
33651814
33656915
33660297
33709405
33717071
33770127
33798649
33819170
33838953
33864913
33872215
33888956
33889182
33902933
33911479
33911770
33913182
33935387
33936067
33939710
33952660
33954796
33972644
34009546
34013859
34015825
34026836
34038399
34038422
34052419
34077282
34077950
34090257
34130408
34134563
34143211
34154354
34164254
34188268
34189225
34219438
34223102
34231829
34232909
34235647
34235649
34248935
34265461
34266456
34275692
34276644
34287002
34299217
34303920
34311096
34319800
34332107
34335615
34336901
34343723
34350891
34354699
34379957
34382256
34395315
34447763
34449763
34456901
34463915
34473696
34491681
34494543
34503409
34543282
34549994
34555271
34558467
34566911
34571865
34581501
34589216
34603886
34610848
34620073
34621273
34627197
34630426
34646009
34650934
34661895
34672479
34676580
34688497
34692720
34743608
34745073
34746168
34756836
34764655
34774006
34775253
34777315
34777319
34785426
34791501
34795692
34799845
34815735
34819449
34823479
34826151
34841308
34849792
34899703
34925294
34934720
34952925
34968418
34992063
34993156
34998285
35008042
35013182
35035383
35061916
35096659
35100371
35113486
35138068
35141236
35146374
35150891
35151928
35169594
35180224
35187000
35202538
35202539
35237701
35252358
35281455
35313727
35335022
35341747
35350456
35354704
35379512
35398215
35430972
35435708
35450566
35460554
35462022
35465364
35467405
35483633
35492305
35500036
35506839
35526849
35534127
35643395
35668860
35677111
35678776
35703715
35706059
35717020
35722339
35733868
35735284
35737675
35744632
35772498
35790324
35791236
35814754
35820982
35832335
35850123
35857971
35867689
35867720
35902193
35924023
35924037
35977438
36015014
36053342
36055549
36071525
36076909
36114431
36121873
36142557
36153175
36156303
36200553
36251696
36255291
36259791
36277272
36293307
36303825
36326715
36331863
36340847
36349509
36371000
36384098
36384103
36389696
36417641
36428101
36451977
36503141
36510283
36525390
36536644
36541842
36541843
36560940
36598232
36660103
36661253
36669073
36670053
36685953
36688893
36699377
36755421
36796681
36798742
36800375
36800979
36803758
36809064
36820655
36823763
36843257
36860602
36877680
36901962
36916867
36936554
36972292
36993802
36995787
36996537
37011051
37051521
37067141
37070201
37070443
37116235
37120406
37153490
37153623
37187734
37193237
37195940
37231779
37240073
37276237
37327675
37333516
37339763
37375732
37389854
37425318
37428112
37486691
37490396
37491620
37506098
37521780
37540711
37594779
37721088
37721229
37726269
37738642
37740551
37757621
37770823
37780551
37809252
37822467
37828950
37832201
37850518
37852372
37859857
37883932
37887741
37891336
37901833
37919202
37925067
37952867
37962043
37990293
38021182
38024916
38056703
38059475
38062538
38075412
38084853
38099011
38116294
38130570
38133338
38141720
38141852
38149532
38149833
38179342
38204570
38224943
38230455
38244764
38259847
38267905
38271690
38272330
38278287
38295025
38327578
38327594
38343694
38351602
38362924
38381878
38389642
38438636
38450337
38454868
38462538
38485676
38493220
38507427
38532327
38535882
38538244
38559584
38562197
38577854
38583359
38616219
38645889
38651088
38674712
38694670
38697216
38703773
38708766
38715615
38718661
38722767
38752052
38757151
38762282
38806255
38818380
38826938
38849303
38854261
38865430
38880867
38899419
38900332
38910370
38916395
38917270
38922042
38922047
38930534
38947585
38960328
38961391
38965961
38981466
38985957
38998117
39005937
39024496
39031771
39066844
39067841
39107623
39156458
39165030
39166620
39175563
39193223
39193776
39195855
39233873
39238714
39257575
39258760
39264863
39277891
39277899
39278136
39308868
39321499
39324165
39332094
39332813
39354399
39377361
39388437
39398791
39416778
39471504
39493202
39498129
39498903
39512249
39532890
39534297
39592404
39599539
39606626
39609422
