8098
924993
2200522
2659584
2732212
2861556
4376147
6282285
7311906
7469391
7592025
7887600
8089093
8647372
8868236
8990295
9182500
9412414
9463295
9756627
11108024
12039725
12514016
12732581
14616084
16233337
17376609
18064454
18553827
21160454
23444037
23586961
24129229
24543098
24692213
25242966
26293487
26420048
26854280
27531243
28330318
29775727
30559288
31546741
31613107
32367724
33284636
33465708
33646935
34436280
34840331
35531860
36968208
38403677
38642679
39329906
8098
924993
2200522
2659584
2732212
2861556
4376147
6282285
7311906
7469391
7592025
7887600
8089093
8647372
8868236
8990295
9182500
9412414
9463295
9756627
11108024
12039725
12514016
12732581
14616084
16233337
17376609
18064454
18553827
21160454
23444037
23586961
24129229
24543098
24692213
25242966
26293487
26420048
26854280
27531243
28330318
29775727
30559288
31546741
31613107
32367724
33284636
33465708
33646935
34436280
34840331
35531860
36968208
38403677
38642679
39329906
