1720167
1729249
1830357
1832662
2099287
2142479
2148181
2148600
2761390
7639641
7983261
8004057
8312602
8406828
8454327
8478099
9416598
10094712
10204477
10417138
10474191
10551167
10570812
10788361
10866815
11471821
12030973
12445641
12753469
12930526
14746543
15031528
15576779
16002238
16101961
17129316
18283515
19093149
21924372
21966490
22447699
22790333
22879891
23330057
23668608
31745056
1720167
1729249
1830357
1832662
2099287
2142479
2148181
2148600
2761390
7639641
7983261
8004057
8312602
8406828
8454327
8478099
9416598
10094712
10204477
10417138
10474191
10551167
10570812
10788361
10866815
11471821
12030973
12445641
12753469
12930526
14746543
15031528
15576779
16002238
16101961
17129316
18283515
19093149
21924372
21966490
22447699
22790333
22879891
23330057
23668608
31745056
