12800
339094
907428
1332965
1369309
1657873
1729204
2156811
2263637
2722742
2855583
4373525
4764232
4843092
5019325
5591333
6292849
7436404
7550095
7592433
7665483
7764563
7764564
7764575
7772016
7832808
7961851
7991672
8392509
8412666
8447828
8486287
8617755
9034320
9301103
9335565
9336975
9546184
9878716
10968640
11131399
11722895
11826972
12054243
12236685
12361257
12483588
12898065
12898066
12910541
13536054
13577811
13641208
13848527
13849324
13861800
14086085
14108441
14137784
14219057
14238149
14296564
14298262
15012825
15035713
15183880
15388921
15412606
15412608
15670745
15954628
15968043
16014297
16214251
16232584
16232643
16232684
16233140
16233186
16233284
16233640
16346581
16347520
16347820
16391084
16403860
16819818
16843006
16902028
17018019
17061515
17087502
17192591
17443490
17655332
17681150
17920150
18199517
18323667
18502856
18555442
18581378
18588001
18676492
19200331
19577815
19809199
20028071
20141944
20163589
20519840
21081762
21389630
22130075
22153844
22374910
22842078
22902276
23030530
23194734
23334018
23544503
23572817
23681743
23764217
23839792
23935849
23954305
23969032
24100554
24194200
24763601
24832487
24903876
25176134
25285490
25626919
26125697
26173019
26268669
26388880
26471559
26605993
26637821
26970695
26991285
27242998
27373914
27623795
27956867
28082824
28372238
28428295
28631270
28743657
28889055
29046862
29331370
29526022
30263522
31071388
31724466
32038510
32099736
32263307
32729375
33021644
33052084
33060273
33093051
33194519
33641950
33780232
33883642
34442746
34663057
34945684
35356733
35595195
35800410
35983328
36385710
36647525
37430354
37687066
37869024
38179452
38305312
38342073
38532705
38543589
38792748
38871868
38942122
39368682
12800
339094
907428
1332965
1369309
1657873
1729204
2156811
2263637
2722742
2855583
4373525
4764232
4843092
5019325
5591333
6292849
7436404
7550095
7592433
7665483
7764563
7764564
7764575
7772016
7832808
7961851
7991672
8392509
8412666
8447828
8486287
8617755
9034320
9301103
9335565
9336975
9546184
9878716
10968640
11131399
11722895
11826972
12054243
12236685
12361257
12483588
12898065
12898066
12910541
13536054
13577811
13641208
13848527
13849324
13861800
14086085
14108441
14137784
14219057
14238149
14296564
14298262
15012825
15035713
15183880
15388921
15412606
15412608
15670745
15954628
15968043
16014297
16214251
16232584
16232643
16232684
16233140
16233186
16233284
16233640
16346581
16347520
16347820
16391084
16403860
16819818
16843006
16902028
17018019
17061515
17087502
17192591
17443490
17655332
17681150
17920150
18199517
18323667
18502856
18555442
18581378
18588001
18676492
19200331
19577815
19809199
20028071
20141944
20163589
20519840
21081762
21389630
22130075
22153844
22374910
22842078
22902276
23030530
23194734
23334018
23544503
23572817
23681743
23764217
23839792
23935849
23954305
23969032
24100554
24194200
24763601
24832487
24903876
25176134
25285490
25626919
26125697
26173019
26268669
26388880
26471559
26605993
26637821
26970695
26991285
27242998
27373914
27623795
27956867
28082824
28372238
28428295
28631270
28743657
28889055
29046862
29331370
29526022
30263522
31071388
31724466
32038510
32099736
32263307
32729375
33021644
33052084
33060273
33093051
33194519
33641950
33780232
33883642
34442746
34663057
34945684
35356733
35595195
35800410
35983328
36385710
36647525
37430354
37687066
37869024
38179452
38305312
38342073
38532705
38543589
38792748
38871868
38942122
39368682
