1610178
8934906
9401037
10826791
11115114
11791352
11889110
14742481
15686551
17304620
17340119
18388987
18410951
18947953
19465647
21112986
22408247
24401784
24927117
25714708
25821125
25874434
26177341
26941144
27032206
28364142
30574264
30727239
30799233
34410901
34413844
34641466
35344272
36322614
37366579
39026428
1610178
8934906
9401037
10826791
11115114
11791352
11889110
14742481
15686551
17304620
17340119
18388987
18410951
18947953
19465647
21112986
22408247
24401784
24927117
25714708
25821125
25874434
26177341
26941144
27032206
28364142
30574264
30727239
30799233
34410901
34413844
34641466
35344272
36322614
37366579
39026428
