1592803
7744023
7765032
7815940
8056294
8319677
8594975
8633877
9015383
9192719
9208950
9501524
9611804
10359093
10571062
10671445
10737210
10830486
10879462
10884353
11024466
11118593
11229920
11239087
11440117
11829503
12111550
12436256
12523352
14670957
15078885
15104143
15121333
15148605
15614971
15834809
15969034
16108366
16428842
16572836
16769147
17139507
17150528
17206370
17259631
19279191
19699767
19731075
21971070
22450786
22922179
23974494
25491896
30816228
33564921
34354506
34354517
34354519
1592803
7744023
7765032
7815940
8056294
8319677
8594975
8633877
9015383
9192719
9208950
9501524
9611804
10359093
10571062
10671445
10737210
10830486
10879462
10884353
11024466
11118593
11229920
11239087
11440117
11829503
12111550
12436256
12523352
14670957
15078885
15104143
15121333
15148605
15614971
15834809
15969034
16108366
16428842
16572836
16769147
17139507
17150528
17206370
17259631
19279191
19699767
19731075
21971070
22450786
22922179
23974494
25491896
30816228
33564921
34354506
34354517
34354519
