7993092
8586270
8782696
10388703
10682283
11092851
11330720
11359515
11547884
12035087
12071978
12354118
12571011
12801097
14740724
14760695
15480636
15640179
15959727
16011760
16151131
16245347
16269785
16329946
16461647
16585700
16917527
16955363
17146651
17158995
17222141
17222151
17264993
17276484
18175723
18712549
18838814
18952881
19001372
19121036
19523213
19684323
19719697
19816130
20347279
20363788
20582586
21075928
21183664
21219415
21531840
21948092
22193549
22277206
22363744
22475220
22831894
22915155
23087034
23136167
23192768
23301200
23404897
23488478
23772073
24158554
24245581
24291178
24317404
24839213
25193839
25228698
25504533
25542203
26073999
26341669
26431974
26437945
26624219
26629877
26705573
26744016
26860842
26920479
26970927
27445994
27447799
27524305
28358882
28451946
28460054
28883145
29120530
29351603
29536268
29614810
30396400
30702926
30742653
30841591
31760478
31769203
31899322
32030334
32240707
32480450
32578244
32748592
32752090
32974586
33297147
33433645
33466508
33476378
33900422
33986088
34122370
34132846
34261660
34363515
34487274
35019234
35069616
35075552
35448819
35791077
35810625
36224752
36377957
36453914
36476722
36685366
36762980
38013086
38050797
38395953
38758965
38809594
38994077
39474459
7993092
8586270
8782696
10388703
10682283
11092851
11330720
11359515
11547884
12035087
12071978
12354118
12571011
12801097
14740724
14760695
15480636
15640179
15959727
16011760
16151131
16245347
16269785
16329946
16461647
16585700
16917527
16955363
17146651
17158995
17222141
17222151
17264993
17276484
18175723
18712549
18838814
18952881
19001372
19121036
19523213
19684323
19719697
19816130
20347279
20363788
20582586
21075928
21183664
21219415
21531840
21948092
22193549
22277206
22363744
22475220
22831894
22915155
23087034
23136167
23192768
23301200
23404897
23488478
23772073
24158554
24245581
24291178
24317404
24839213
25193839
25228698
25504533
25542203
26073999
26341669
26431974
26437945
26624219
26629877
26705573
26744016
26860842
26920479
26970927
27445994
27447799
27524305
28358882
28451946
28460054
28883145
29120530
29351603
29536268
29614810
30396400
30702926
30742653
30841591
31760478
31769203
31899322
32030334
32240707
32480450
32578244
32748592
32752090
32974586
33297147
33433645
33466508
33476378
33900422
33986088
34122370
34132846
34261660
34363515
34487274
35019234
35069616
35075552
35448819
35791077
35810625
36224752
36377957
36453914
36476722
36685366
36762980
38013086
38050797
38395953
38758965
38809594
38994077
39474459
