7747935
8636034
9188197
9224702
9531632
10347007
10664879
11295458
12411705
12624208
12902251
14706755
15142253
15643941
17351102
17626425
18497133
18545966
19218402
19709202
22940504
23281935
23479754
23760931
24501624
25610435
25734359
26903979
27898054
28421054
29334051
29390082
29740408
30607026
30726673
32159535
35283847
37962431
7747935
8636034
9188197
9224702
9531632
10347007
10664879
11295458
12411705
12624208
12902251
14706755
15142253
15643941
17351102
17626425
18497133
18545966
19218402
19709202
22940504
23281935
23479754
23760931
24501624
25610435
25734359
26903979
27898054
28421054
29334051
29390082
29740408
30607026
30726673
32159535
35283847
37962431
