13754
198039
199583
227845
499527
1001454
1311570
1660303
1660304
1730700
1783597
1955871
1989613
2089033
2118501
2291478
2339874
2394686
2542236
2839468
2930535
2991467
3003055
3004498
3023381
3026805
3921227
3922353
4004794
4154745
4226683
4298926
4304222
4305222
4337054
4352494
4372235
4380274
4381045
4422399
4551747
4589121
4884200
4991964
5073730
5370285
5423370
5423832
5636823
5663576
5758552
5758553
5842070
5862235
5866846
5887011
5903103
5942439
5968895
6004936
6032509
6122437
6207749
6261609
6271363
6271364
6277846
6293683
6299271
6307283
6327385
6733088
6771495
6833187
6870854
7287737
7503559
7533594
7547906
7557469
7618882
7619802
7619827
7648471
7665467
7665474
7767224
7896754
7928947
7957885
7980540
8056290
8063110
8085841
8143881
8163487
8195067
8285659
8285668
8288544
8325841
8369308
8375353
8385668
8458839
8468301
8586634
8654570
8674986
8682770
8702281
8736533
8813001
8900015
8920986
8935651
8941709
9095195
9143112
9172348
9192739
9237682
9421902
9425072
9528124
9642187
9647825
9687471
9711852
9732537
9746537
9756628
9758781
9758784
9758853
9785456
9808046
9851984
9852509
9858770
9866179
10347029
10347060
10348848
10508942
10543796
10581438
10648101
10653756
10820012
10831449
10877761
10877781
11004450
11057594
11064189
11208810
11214800
11229931
11233157
11312789
11318035
11319103
11337836
11341832
11372197
11375155
11381968
11451661
11456173
11457010
11525487
11679354
11695895
11722936
11751824
11772604
11827513
11872501
11889481
11926822
11948173
11950997
11976746
12039768
12089034
12133615
12172622
12209257
12216637
12324316
12420168
12580599
12618471
12661029
12685718
12693206
12700255
12704553
12709052
12710742
12713129
12788718
13477106
13563419
13575767
13589713
13622242
13696807
13763903
13909041
14016952
14090439
14123573
14165498
14192897
14200691
14272491
14293026
14347921
14439829
14509699
14617645
14660353
14705015
14761987
14973133
14982383
15090520
15133102
15142793
15184573
15205449
15214631
15263716
15276744
15303724
15366930
15415571
15449607
15458412
15528554
15566181
15578827
15583163
15681195
15718296
15819850
16085327
16085894
16102597
16104862
16108805
16151127
16166549
16216446
16232457
16232771
16232927
16233712
16271000
16296855
16329906
16332320
16332776
16332848
16345670
16346190
16346262
16346673
16346783
16346787
16347171
16347810
16348264
16348568
16348588
16348722
16348740
16348787
16348970
16348988
16349011
16349014
16349086
16349087
16349282
16349287
16349541
16349550
16352852
16391101
16391923
16423010
16428390
16477661
16512661
16523283
16530803
16534997
16535707
16535741
16553835
16569009
16582494
16688708
16741959
16751567
16802173
16881325
16960893
16970971
17014497
17014502
17064778
17169002
17243702
17254627
17263529
17292891
17369330
17384196
17385601
17391333
17448175
17506671
17541778
17547006
17552239
17573939
17583915
17608700
17802861
17889247
17921289
17972328
17991028
18023051
18023467
18032606
18040042
18048911
18051331
18097650
18198696
18245236
18289820
18305895
18336913
18371069
18390676
18393313
18479446
18505274
18546459
18553112
18584619
18589971
18594130
18606795
18615529
18623045
18623307
18636408
18636573
18657214
18712556
18832935
18931342
18947229
18949750
18983084
18985610
19054082
19072843
19108551
19118368
19118862
19182331
19210570
19224923
19246073
19247648
19381001
19403257
19420988
19448319
19452213
19453274
19515200
19534163
19544853
19553567
19561179
19575436
19629470
19634453
19709269
19712342
19735665
19772981
19775004
20048060
20054133
20110168
20146060
20202220
20204476
20489244
20546765
20555196
20570044
20607531
20617742
20735036
20737137
20797762
20812758
20815391
20840601
20933392
20952645
20980043
21047118
21047665
21072943
21106218
21112210
21172464
21174468
21185445
21185446
21189005
21239153
21338516
21404249
21470297
21514466
21514474
21514475
21524102
21538338
21576859
21576861
21576869
21604373
21641011
21691786
21698126
21757219
21840996
21868805
21905409
21924454
22081571
22093004
22160273
22173827
22319517
22342033
22342082
22360857
22435736
22451350
22476072
22526802
22533675
22544266
22641151
22886926
22961847
22984449
22985593
23028643
23053088
23097129
23198809
23385120
23435900
23453983
23473425
23500576
23553651
23554086
23557066
23561953
23565225
23567715
23624046
23631354
23708274
23745136
23751489
23770483
23770484
23837346
23857587
23865613
23881243
23908017
23909651
23925194
23952581
23956393
23972426
24001689
24004165
24021036
24083949
24112350
24120011
24186641
24193038
24219026
24225121
24302732
24302739
24318009
24434989
24481066
24548044
24553968
24589203
24596267
24606542
24666625
24862955
24907318
24956768
25053878
25105271
25115980
25227990
25240954
25336720
25362506
25420093
25462776
25545776
25546702
25556815
25560266
25576608
25646535
25710320
25846332
26010547
26013491
26086148
26132866
26138087
26231847
26318242
26358065
26432593
26494603
26536877
26575087
26826234
26896313
26946536
26996914
27016565
27016814
27109617
27173879
27196729
27271670
27292630
27515010
27595702
27614578
27773917
27856762
27904349
28074222
28379342
28387799
28394197
28460292
28509546
28605194
28756861
28892283
29039187
29055584
29127926
29195156
29210696
29211462
29289014
29361680
29469652
29577088
29704760
29730522
29778938
29867847
29946979
29964693
30004677
30014993
30199800
30290858
30335984
30342338
30349517
30462578
30555445
30594837
30690134
30997666
31004998
31049596
31161957
31227816
31434344
31482007
31595477
31623889
31657947
31818605
31854779
31887031
31918295
31937676
32049439
32059304
32072408
32086308
32204374
32283486
32525655
32600781
32662768
32663650
32686322
32729670
32827116
32840481
32926231
33051504
33076065
33180458
33250872
33277005
33637253
33757751
33774495
34010666
34017969
34280639
34324362
34641754
34688558
34823083
34985332
34989525
35108266
35122854
35284428
35315646
35367558
35427829
35723324
36183890
36345334
36459424
36626999
36759553
36764923
36965722
37347668
37419201
37421866
37439697
37564409
37584127
37698885
37750468
37916825
37925312
37935632
37940732
38009977
38116382
38200027
38246888
38638570
38749183
38991342
39544964
39567372
13754
198039
199583
227845
499527
1001454
1311570
1660303
1660304
1730700
1783597
1955871
1989613
2089033
2118501
2291478
2339874
2394686
2542236
2839468
2930535
2991467
3003055
3004498
3023381
3026805
3921227
3922353
4004794
4154745
4226683
4298926
4304222
4305222
4337054
4352494
4372235
4380274
4381045
4422399
4551747
4589121
4884200
4991964
5073730
5370285
5423370
5423832
5636823
5663576
5758552
5758553
5842070
5862235
5866846
5887011
5903103
5942439
5968895
6004936
6032509
6122437
6207749
6261609
6271363
6271364
6277846
6293683
6299271
6307283
6327385
6733088
6771495
6833187
6870854
7287737
7503559
7533594
7547906
7557469
7618882
7619802
7619827
7648471
7665467
7665474
7767224
7896754
7928947
7957885
7980540
8056290
8063110
8085841
8143881
8163487
8195067
8285659
8285668
8288544
8325841
8369308
8375353
8385668
8458839
8468301
8586634
8654570
8674986
8682770
8702281
8736533
8813001
8900015
8920986
8935651
8941709
9095195
9143112
9172348
9192739
9237682
9421902
9425072
9528124
9642187
9647825
9687471
9711852
9732537
9746537
9756628
9758781
9758784
9758853
9785456
9808046
9851984
9852509
9858770
9866179
10347029
10347060
10348848
10508942
10543796
10581438
10648101
10653756
10820012
10831449
10877761
10877781
11004450
11057594
11064189
11208810
11214800
11229931
11233157
11312789
11318035
11319103
11337836
11341832
11372197
11375155
11381968
11451661
11456173
11457010
11525487
11679354
11695895
11722936
11751824
11772604
11827513
11872501
11889481
11926822
11948173
11950997
11976746
12039768
12089034
12133615
12172622
12209257
12216637
12324316
12420168
12580599
12618471
12661029
12685718
12693206
12700255
12704553
12709052
12710742
12713129
12788718
13477106
13563419
13575767
13589713
13622242
13696807
13763903
13909041
14016952
14090439
14123573
14165498
14192897
14200691
14272491
14293026
14347921
14439829
14509699
14617645
14660353
14705015
14761987
14973133
14982383
15090520
15133102
15142793
15184573
15205449
15214631
15263716
15276744
15303724
15366930
15415571
15449607
15458412
15528554
15566181
15578827
15583163
15681195
15718296
15819850
16085327
16085894
16102597
16104862
16108805
16151127
16166549
16216446
16232457
16232771
16232927
16233712
16271000
16296855
16329906
16332320
16332776
16332848
16345670
16346190
16346262
16346673
16346783
16346787
16347171
16347810
16348264
16348568
16348588
16348722
16348740
16348787
16348970
16348988
16349011
16349014
16349086
16349087
16349282
16349287
16349541
16349550
16352852
16391101
16391923
16423010
16428390
16477661
16512661
16523283
16530803
16534997
16535707
16535741
16553835
16569009
16582494
16688708
16741959
16751567
16802173
16881325
16960893
16970971
17014497
17014502
17064778
17169002
17243702
17254627
17263529
17292891
17369330
17384196
17385601
17391333
17448175
17506671
17541778
17547006
17552239
17573939
17583915
17608700
17802861
17889247
17921289
17972328
17991028
18023051
18023467
18032606
18040042
18048911
18051331
18097650
18198696
18245236
18289820
18305895
18336913
18371069
18390676
18393313
18479446
18505274
18546459
18553112
18584619
18589971
18594130
18606795
18615529
18623045
18623307
18636408
18636573
18657214
18712556
18832935
18931342
18947229
18949750
18983084
18985610
19054082
19072843
19108551
19118368
19118862
19182331
19210570
19224923
19246073
19247648
19381001
19403257
19420988
19448319
19452213
19453274
19515200
19534163
19544853
19553567
19561179
19575436
19629470
19634453
19709269
19712342
19735665
19772981
19775004
20048060
20054133
20110168
20146060
20202220
20204476
20489244
20546765
20555196
20570044
20607531
20617742
20735036
20737137
20797762
20812758
20815391
20840601
20933392
20952645
20980043
21047118
21047665
21072943
21106218
21112210
21172464
21174468
21185445
21185446
21189005
21239153
21338516
21404249
21470297
21514466
21514474
21514475
21524102
21538338
21576859
21576861
21576869
21604373
21641011
21691786
21698126
21757219
21840996
21868805
21905409
21924454
22081571
22093004
22160273
22173827
22319517
22342033
22342082
22360857
22435736
22451350
22476072
22526802
22533675
22544266
22641151
22886926
22961847
22984449
22985593
23028643
23053088
23097129
23198809
23385120
23435900
23453983
23473425
23500576
23553651
23554086
23557066
23561953
23565225
23567715
23624046
23631354
23708274
23745136
23751489
23770483
23770484
23837346
23857587
23865613
23881243
23908017
23909651
23925194
23952581
23956393
23972426
24001689
24004165
24021036
24083949
24112350
24120011
24186641
24193038
24219026
24225121
24302732
24302739
24318009
24434989
24481066
24548044
24553968
24589203
24596267
24606542
24666625
24862955
24907318
24956768
25053878
25105271
25115980
25227990
25240954
25336720
25362506
25420093
25462776
25545776
25546702
25556815
25560266
25576608
25646535
25710320
25846332
26010547
26013491
26086148
26132866
26138087
26231847
26318242
26358065
26432593
26494603
26536877
26575087
26826234
26896313
26946536
26996914
27016565
27016814
27109617
27173879
27196729
27271670
27292630
27515010
27595702
27614578
27773917
27856762
27904349
28074222
28379342
28387799
28394197
28460292
28509546
28605194
28756861
28892283
29039187
29055584
29127926
29195156
29210696
29211462
29289014
29361680
29469652
29577088
29704760
29730522
29778938
29867847
29946979
29964693
30004677
30014993
30199800
30290858
30335984
30342338
30349517
30462578
30555445
30594837
30690134
30997666
31004998
31049596
31161957
31227816
31434344
31482007
31595477
31623889
31657947
31818605
31854779
31887031
31918295
31937676
32049439
32059304
32072408
32086308
32204374
32283486
32525655
32600781
32662768
32663650
32686322
32729670
32827116
32840481
32926231
33051504
33076065
33180458
33250872
33277005
33637253
33757751
33774495
34010666
34017969
34280639
34324362
34641754
34688558
34823083
34985332
34989525
35108266
35122854
35284428
35315646
35367558
35427829
35723324
36183890
36345334
36459424
36626999
36759553
36764923
36965722
37347668
37419201
37421866
37439697
37564409
37584127
37698885
37750468
37916825
37925312
37935632
37940732
38009977
38116382
38200027
38246888
38638570
38749183
38991342
39544964
39567372
