44604
670281
682628
841278
1107378
1202157
1270144
1408347
1818360
2397200
2408474
3251854
3256353
3357191
3551042
3856980
3925106
4090800
4120179
4808478
5062339
6161943
6195527
6290028
6470528
6783236
6847502
6999777
7023240
7175914
7343641
7393526
7448151
7450871
8253235
8309301
8324113
21068286
21413327
31120826
44604
670281
682628
841278
1107378
1202157
1270144
1408347
1818360
2397200
2408474
3251854
3256353
3357191
3551042
3856980
3925106
4090800
4120179
4808478
5062339
6161943
6195527
6290028
6470528
6783236
6847502
6999777
7023240
7175914
7343641
7393526
7448151
7450871
8253235
8309301
8324113
21068286
21413327
31120826
