9336901
9744818
10420580
10620714
10719200
10742249
10758879
10826782
10831412
11155968
11321534
11491357
11572460
11733083
11821927
12007479
12039729
12076812
12361283
12365459
12549081
14600240
15095352
15196052
15726440
16004451
16337764
16348957
16406143
16489492
16607528
16653104
16755465
16890413
17014498
17098922
17385890
17537174
17657535
17987331
18026795
18087737
18386480
18537835
19118350
19279801
19295682
19298515
19719668
19768364
19888817
20507495
21237629
21807093
21839119
23242916
23576015
24548462
25231335
25961750
26217324
26300874
26810453
27445200
29312276
29662475
30386152
30417714
30722171
30722536
30818699
30841279
31207795
31739507
31761552
32776868
33291381
33927735
34184980
34684253
35072599
35442877
35807589
35814683
36139173
36471469
36838445
37445197
38516010
