10742221
10826790
12039729
12608566
15291787
16684101
17584436
17668039
18034834
19280262
19894044
20117823
20157910
20859654
20954230
21221572
21503776
21528584
22297215
22706778
23386320
23604517
23847284
23913024
23929479
24005179
24375953
24562759
24879510
25065481
25104032
25187130
25194330
25254273
25416766
25433900
25462857
25701176
25956516
25963576
26041055
26184952
26521551
26713223
27211831
27245129
27631686
27734506
27820678
27833841
27864849
27884748
27974393
28109662
28472672
29371345
29455620
29567479
29663166
29940229
29977868
30006040
30023574
30061893
30109560
30196000
30322137
30533684
30566068
30659613
30708058
30729393
30776540
30776544
30957245
30974221
30981887
31062871
31091461
31129188
31130962
31352116
31433996
31614635
31621238
31698069
31768430
31797531
31841694
31884327
31891808
32018034
32185168
32242645
32426205
32447013
32521576
32553047
32574514
32645517
32851664
32971158
32974501
32979797
33025574
33122059
33340371
33411164
33529626
33766586
34017347
34097683
34214518
34314796
34339054
34418783
34431107
34484162
34555530
34634455
34680780
34780977
34939673
34968707
34968708
35181446
35367573
35392610
35422791
35451932
35464968
35477097
35630508
35661509
35752370
35779810
35838035
35850457
35898509
35922642
35955424
35974269
36150409
36152803
36208122
36225351
36308833
36401080
36484113
36572801
36587883
36637534
36713393
36754157
36760054
36985123
37111812
37152133
37373701
37401135
37426699
37426801
37481102
37500265
37511297
37647661
37657557
37683807
37707457
37837866
37852511
37995892
38002350
38065295
38122953
38144336
38218420
38218422
38316347
38370405
38402543
38670411
38708669
38725460
38791645
38849106
38868779
38962321
38977112
39003055
39026675
39033968
39128504
39135242
39147177
39173981
39208740
39232995
39284538
39296167
39332653
39336098
39456653
39517228
39524928
39570487
