21724952
22991895
23148802
23751865
24016099
24044577
24824022
25421266
25470181
25675001
25803180
26149623
26222584
26980238
27005610
27176641
27426414
27577966
28265051
28448144
28535042
28595450
29186048
30123980
31071229
31234410
31358269
31468974
31978978
32197482
33180461
35200657
35239341
35252750
36161579
36547915
38716558
21724952
22991895
23148802
23751865
24016099
24044577
24824022
25421266
25470181
25675001
25803180
26149623
26222584
26980238
27005610
27176641
27426414
27577966
28265051
28448144
28535042
28595450
29186048
30123980
31071229
31234410
31358269
31468974
31978978
32197482
33180461
35200657
35239341
35252750
36161579
36547915
38716558
