53968
97414
103823
106465
114533
118985
186296
265630
272602
320285
321348
321510
323145
327760
329816
330400
332642
335095
336547
338491
343712
347344
347585
349376
349378
350119
351339
352933
352942
352953
355687
362928
365772
371289
371567
371642
373660
378118
380243
380634
383855
387611
391175
392322
395845
400237
400293
409793
607422
614717
615978
646226
713879
749777
749778
768659
769425
770393
770452
773422
773837
773957
776829
776941
789315
789786
790858
793053
802486
804436
805811
807194
825588
861163
950551
993129
1091758
1092627
1093106
1095904
1096508
1098326
1098461
1099020
1099074
1101585
1101586
1103759
1106180
1107481
1108346
1162538
1208896
1252474
1293059
1309148
1357530
1371651
1399806
1401217
1425729
1457635
1464081
1477051
1486659
1498286
1506332
1541293
1541909
1554928
1563767
1568812
1580074
1580761
1583139
1583150
1593962
1597578
1602896
1604228
1612438
1612439
1612440
1613194
1620016
1639495
1640974
1660384
1670928
1679818
1701087
1734058
1749295
1753118
1753139
1774244
1789971
1805957
1816210
1830338
1856815
1882685
1891744
1925282
1929588
1929643
1929959
1940224
1955951
2010902
2026981
2030896
2041906
2066609
2067559
2068647
2073962
2085370
2126557
2179262
2182669
2185267
2187038
2188320
2193345
2195244
2198138
2198934
2199184
2201647
2205001
2214409
2229389
2237117
2240784
2269313
2280003
2285288
2290169
2405017
2405057
2486811
2490405
2503969
2551423
2580915
2594047
2623279
2645066
2647409
2654156
2654222
2659153
2661495
2671036
2671277
2671771
2672209
2677118
2681845
2682587
2695658
2696621
2705847
2753843
2769220
2778420
2814250
2905369
2934720
2940214
3045004
3056683
3065451
3067736
3068380
3072921
3097162
3098780
3141875
3186983
3190193
3277946
3279539
3280792
3281225
3281858
3286504
3287423
3288900
3292664
3297684
3298450
3299825
3305477
3308803
3315480
3317087
3320088
3323223
3326528
3326707
3334201
3343049
3498863
3514457
3515643
3516968
3517041
3518051
3519050
3524421
3529069
3531870
3532945
3532961
3536752
3539990
3543148
3544203
3550122
3551895
3555266
3555567
3557829
3579668
3674010
3693543
3700231
3703132
3706904
3726388
3767404
3880721
3880799
3881345
3882648
3882654
3891578
3893827
3897816
3899523
3900407
3902436
3905001
3910810
3912034
3914063
3914372
3915513
3916766
3919993
3930747
3932458
3974441
3980298
4015136
4101156
4145212
4163473
4179769
4183752
4214476
4220474
4267668
4323647
4372295
4556203
4556407
4558140
4558944
4560507
4561609
4563854
4564404
4567647
4568119
4569764
4572606
4572713
4572814
4573375
4575186
4578806
4579454
4582436
4584078
4592588
4593470
4594572
4595276
4597708
4599860
4602769
4604319
4605577
4606741
4610041
4614794
4886711
4905040
4922341
4923761
4923921
4925696
4928780
4935358
4946183
4958454
4959181
4996268
5042955
5090889
5103436
5110869
5165488
5205540
5296042
5325928
5328035
5346190
5355599
5378485
5407802
5407968
5445340
5470553
5581778
5608877
5637939
5640377
5662486
5679672
5690853
5692817
5692991
5702654
5724277
5766623
5825612
5860042
5865901
5873445
5874532
5919647
5934130
5968596
6023516
6027994
6032515
6035802
6050809
6069556
6171705
6178326
6182191
6205289
6248670
6336758
6337576
6339627
6340602
6340902
6342732
6345836
6348624
6350483
6353742
6355155
6355320
6359375
6360318
6362558
6366937
6367470
6367574
6369019
6370125
6373968
6374833
6383039
6384811
6388759
6388768
6388987
6389125
6389884
6393464
6398894
6421793
6504778
6600803
6603977
6615297
6660610
6757136
6759412
6760417
6763136
6775568
6777435
6777646
6793517
6798166
6805157
6810742
6986084
6987362
6990267
6991421
6991437
6993882
6995313
6995337
6998209
6999359
6999782
7002798
7002804
7003057
7004371
7008803
7011025
7011984
7012635
7014477
7016902
7018626
7020550
7020740
7020921
7023228
7028720
7029599
7030171
7031089
7032288
7033133
7033215
7034644
7036822
7038035
7047498
7049106
7049269
7050640
7051971
7119738
7120244
7152897
7309611
7419697
7495593
7537058
7549582
7553093
7567805
7569606
7586668
7590304
7617012
7650180
7663309
7699072
7741445
7742746
7747092
7752036
7784809
7789248
7814557
7822535
7822548
7831543
7841432
7852575
7858587
7868172
7899512
7908654
7911977
7913007
7929784
7930389
7935727
7941032
7957271
8000549
8028693
8033581
8055469
8061408
8070436
8071674
8075141
8082342
8089081
8089947
8115800
8118544
8152364
8162998
8168941
8208693
8263174
8263194
8269549
8270339
8284606
8310619
8329506
8344037
8354460
8354557
8381774
8418049
8418059
8432179
8448739
8448949
8470348
8480960
8485481
8494385
8495584
8500477
8505565
8512487
8513056
8558694
8573505
8586680
8645801
8671868
8671982
8687051
8727879
8729207
8731271
8751826
8763101
8766095
8771950
8810179
8890253
8927786
8959970
8962736
8964228
8965404
8981343
8988764
9008948
9017798
9042896
9062948
9067645
9093231
9114399
9133485
9142791
9146569
9147502
9152089
9157134
9157140
9157173
9163487
9183766
9193819
9195074
9213641
9249198
9261318
9276394
9276604
9290716
9366163
9367457
9418061
9424591
9436875
9449954
9457709
9459411
9542960
9567313
9568416
9570279
9648056
9670306
9696173
9725786
9746564
9766326
9795812
9810898
9843264
9850373
9859621
10073043
10093964
10097600
10201096
10214041
10227967
10319509
10333623
10347967
10353211
10364605
10436541
10440509
10445311
10453973
10562818
10570105
10618080
10623839
10624921
10697919
10804856
10823576
10889408
10917152
10939654
10939728
10940433
11008357
11119428
11120610
11122041
11153201
11168079
11181135
11181374
11189761
11217254
11248825
11302489
11305389
11311481
11322007
11386344
11448813
11464085
11467663
11483162
11485071
11499912
11506255
11510096
11541241
11553556
11576791
11602023
11753820
11766032
11770849
11830799
11831927
11876515
11905144
11907954
11915862
11947291
11957029
11961320
11974891
11987046
12004185
12054371
12149429
12164418
12195966
12236571
12380715
12415330
12428403
12429191
12478321
12532048
12535267
12555580
12561157
12564122
12574299
12602723
12620858
12682817
12788146
12814159
12892117
12924598
12934767
12938858
12956451
12967703
12974790
13160166
13163732
13184345
13218349
13267499
13354705
13415527
13419339
13434385
13500267
13511809
13513590
13521777
13533753
13566044
13568542
13617741
13627435
13631189
13636490
13655010
13688603
13688604
13697872
13704444
13709970
13716106
13735520
13735521
13784922
13789725
13802253
13812328
13813329
13838759
13850606
13883462
13963468
13975433
14024007
14027140
14038260
14042932
14043052
14074458
14098320
14157929
14169221
14252233
14264787
14264788
14312933
14334803
14345758
14352482
14486434
14486435
14487038
14603793
14639178
14719594
14731465
14769363
14787960
14841414
14870870
14964344
15023947
15023981
15029966
15054953
15055871
15057538
15119219
15128581
15175921
15179067
15180109
15204409
15217185
15251348
15297512
15312847
15462527
15470865
15481429
15566003
15597682
15628303
15645992
15743575
15762786
15780388
15882201
15950074
15996740
16012015
16031516
16101725
16159542
16207953
16227108
16257505
16338576
16349745
16351036
16496263
16569850
16678731
16683177
16686287
16712939
16720224
16762519
16784127
16825752
16828508
16838557
16909702
16917633
16956490
17041423
17112915
17186085
17195706
17258894
17267338
17322696
17374898
17385300
17424334
17443467
17453357
17459299
17459869
17473895
17475753
17502841
17507517
17589050
17589714
17642710
17642970
17642971
17717884
17717992
17721390
17763695
17823754
17901652
17901657
18003809
18068051
18132373
18138674
18186241
18236407
18395304
18488096
18495741
18512172
18516465
18538618
18616150
18644300
18679995
18695334
18716947
18723983
18822894
18869352
18920085
19062401
19078000
19261643
19398458
19440253
19508699
19593231
19639036
19738341
19753742
19764521
19955277
19958678
19968000
20072646
20093696
20229954
20276373
20349680
20428663
20646828
20698939
20857397
21139708
21393455
21393914
21485768
21634308
21723475
21894775
22079690
22164190
22204250
22229606
22328602
22359064
22592052
22634423
22687853
22825801
22982158
22992561
23188464
23198579
23203645
23250348
23503493
23668458
23807187
23831881
23908577
23925638
23998082
24244780
24415422
24592763
24884595
25187812
25372323
25389722
25400961
25574322
25896308
25943955
26292312
26418432
26768669
26867364
27411508
27448413
27613736
27614493
27794389
27915249
27942539
28192433
28221478
28834821
28925928
29059035
29118169
29125460
29249789
29341219
29634710
29808607
30401464
30658169
30704871
31306288
31416867
32435172
32515707
32853327
32921116
33159614
33263838
33407179
33452939
33911446
34158775
34412578
35044443
35578282
36088485
36190829
36568837
37367100
37512870
37914426
38138115
38218322
38282993
38881735
39028178
39251945
39343400
53968
97414
103823
106465
114533
118985
186296
265630
272602
320285
321348
321510
323145
327760
329816
330400
332642
335095
336547
338491
343712
347344
347585
349376
349378
350119
351339
352297
352933
352942
352953
355687
362928
365772
371289
371567
371642
373660
376887
378118
380243
380634
383855
387611
391175
392322
395845
400237
400293
409793
607422
614717
615978
646226
713879
749777
749778
768659
769425
770393
770452
773422
773837
773957
776829
776941
789315
789786
790858
793053
802486
804436
805811
807194
825588
861163
950551
993129
1091758
1092627
1093106
1095904
1096508
1098326
1098461
1099020
1099074
1101585
1101586
1103744
1103759
1106180
1107481
1108346
1162538
1208896
1252474
1293059
1309148
1357530
1371651
1399806
1401217
1425729
1457635
1464081
1477051
1486659
1498286
1506332
1541293
1541909
1554928
1563767
1568812
1580074
1580761
1583139
1583150
1593962
1597578
1602896
1604228
1612438
1612439
1612440
1613194
1620016
1639495
1640974
1660384
1670928
1679818
1701087
1734058
1749295
1753118
1753139
1774244
1789971
1805957
1816210
1830338
1856815
1882685
1891744
1925282
1929588
1929643
1929959
1940224
1955951
2010902
2026981
2030896
2041906
2066609
2067559
2068647
2073962
2085370
2126557
2179262
2182669
2185267
2187038
2188320
2193345
2195244
2198138
2198934
2199184
2201647
2205001
2214409
2229389
2237117
2240784
2269313
2280003
2285288
2290169
2405017
2405057
2486811
2490405
2503969
2551423
2580915
2594047
2623279
2645066
2647409
2654156
2654222
2659153
2661495
2671036
2671277
2671771
2672209
2677118
2681845
2682587
2695658
2696621
2705847
2753843
2769220
2778420
2814250
2905369
2934720
2940214
3045004
3056683
3059619
3065451
3067736
3068380
3072921
3096644
3097162
3098780
3141875
3186983
3190193
3277946
3279539
3280792
3281225
3281858
3286504
3287423
3288900
3292664
3297684
3298450
3299825
3305477
3308738
3308803
3315480
3317087
3320088
3323223
3326528
3326707
3334201
3343049
3498863
3514457
3515643
3516968
3517041
3518051
3519050
3524421
3529069
3531870
3532945
3532961
3536752
3539990
3543148
3544203
3550122
3551895
3555266
3555567
3557829
3579668
3674010
3693543
3700231
3703132
3706904
3726388
3767404
3880721
3880799
3881345
3882648
3882654
3891578
3893827
3897816
3899523
3900407
3902436
3905001
3910810
3912034
3914063
3914372
3915513
3916766
3919993
3930747
3932458
3974441
3980298
4015136
4101156
4145212
4163473
4179769
4183752
4214476
4220474
4267668
4323647
4372295
4556203
4556407
4558140
4558944
4560507
4561609
4563854
4564404
4567647
4568119
4569764
4572606
4572713
4572814
4573375
4575186
4578806
4579454
4582436
4584078
4592588
4593470
4594572
4595276
4597708
4599860
4602769
4604319
4605577
4606741
4610041
4614794
4886711
4905040
4922341
4923761
4923921
4925696
4928780
4935358
4946183
4958454
4959181
4996268
5042955
5090889
5103436
5110869
5165488
5205540
5296042
5325928
5328035
5346190
5355599
5378485
5407802
5407968
5445340
5470553
5581778
5608877
5637939
5640377
5662486
5679672
5690853
5692817
5692991
5702654
5724277
5766623
5825612
5860042
5865901
5873445
5874532
5919647
5934130
5968596
6023516
6027994
6032515
6035802
6050809
6069556
6171705
6178326
6182191
6205289
6248670
6336758
6337576
6339627
6340602
6340902
6342732
6345836
6348624
6350483
6353742
6355155
6355320
6359375
6360318
6362558
6366937
6367470
6367574
6369019
6370125
6373968
6374833
6383039
6384811
6388759
6388768
6388987
6389125
6389884
6393464
6398894
6421793
6504778
6600803
6603977
6615297
6660610
6750545
6757136
6759412
6760417
6763136
6774393
6775568
6777435
6777646
6793517
6798166
6805157
6810742
6986084
6987362
6990267
6991421
6991437
6993882
6995313
6995337
6998209
6999359
6999782
7002798
7002804
7003057
7004371
7008803
7011025
7011984
7012635
7014477
7016902
7018626
7020550
7020740
7020921
7023228
7028720
7029599
7030171
7031089
7032288
7033133
7033215
7034644
7036822
7038035
7047498
7049106
7049269
7050640
7051971
7119738
7120244
7152897
7309611
7419697
7495593
7537058
7549582
7553093
7567805
7569606
7586668
7590304
7617012
7650180
7663309
7699072
7741445
7742746
7747092
7752036
7784809
7789248
7814557
7822535
7822548
7831543
7841432
7852575
7858587
7868172
7899512
7908654
7911977
7913007
7929784
7930389
7935727
7941032
7957271
8000549
8028693
8033581
8055469
8061408
8070436
8071674
8075141
8082342
8089081
8089947
8115800
8118544
8152364
8162998
8168941
8208693
8263174
8263194
8269549
8270339
8284606
8300170
8310619
8329506
8344037
8354460
8354557
8381774
8418049
8418059
8432179
8448739
8448949
8470348
8480960
8485481
8494385
8495584
8500477
8505565
8512487
8513056
8558694
8573505
8586680
8645801
8671868
8671982
8687051
8727879
8729207
8731271
8751826
8763101
8766095
8771950
8810179
8890253
8927786
8959970
8962736
8964228
8965404
8981343
8988764
9008948
9017798
9042896
9062948
9067645
9093231
9114399
9133485
9142791
9146569
9147502
9152089
9157134
9157140
9157173
9163487
9183766
9193819
9195074
9213641
9249198
9261318
9276394
9276604
9290716
9366163
9367457
9418061
9424591
9436875
9449954
9457709
9459411
9542960
9567313
9568416
9570279
9648056
9670306
9696173
9725786
9746564
9766326
9795812
9810898
9843264
9850373
9859621
10073043
10093964
10097600
10201096
10214041
10227967
10319509
10333623
10347967
10353211
10364605
10436541
10440509
10445311
10453973
10506241
10562818
10570105
10618080
10623839
10624921
10697919
10804856
10823576
10889408
10917152
10939654
10939728
10940433
11008357
11119428
11120610
11122041
11153201
11168079
11181135
11181374
11189761
11217254
11248825
11302489
11305389
11311481
11322007
11386344
11448813
11464085
11467663
11483162
11485071
11499912
11506255
11510096
11541241
11553556
11576791
11602023
11753820
11766032
11770849
11830799
11831927
11876515
11897524
11905144
11907954
11915862
11947291
11957029
11961320
11974891
11987046
12004185
12054371
12149429
12164418
12195966
12236571
12380715
12415330
12428403
12429191
12478321
12532048
12535267
12555580
12561157
12564122
12574299
12602723
12620858
12682817
12788146
12814159
12892117
12924598
12934767
12938858
12956451
12967703
12974790
13160166
13163732
13184345
13218349
13267499
13354705
13415527
13419339
13434385
13500267
13511809
13513590
13521777
13533753
13566044
13568542
13617741
13627435
13631189
13636490
13655010
13688603
13688604
13697872
13704444
13709970
13716106
13735520
13735521
13784922
13789725
13802253
13812328
13813329
13838759
13850606
13883462
13963468
13975433
14024007
14027140
14038260
14042932
14043052
14074458
14098320
14157929
14169221
14252233
14264787
14264788
14312933
14334803
14345758
14352482
14486434
14486435
14487038
14603793
14639178
14719594
14731465
14769363
14787960
14841414
14870870
14964344
15023947
15023981
15029966
15054953
15055871
15057538
15119219
15128581
15175921
15179067
15180109
15204409
15217185
15251348
15280400
15297512
15312847
15462527
15470865
15481429
15566003
15597682
15628303
15645992
15743575
15762786
15780388
15882201
15950074
15996740
16012015
16031516
16101725
16159542
16207953
16227108
16257505
16338576
16349745
16351036
16496263
16569850
16678731
16683177
16686287
16712939
16720224
16762519
16784127
16825752
16828508
16838557
16909702
16917633
16956490
17041423
17112915
17186085
17195706
17258894
17267338
17322696
17374898
17385300
17424334
17443467
17453357
17459299
17459869
17473895
17475753
17502841
17507517
17589050
17589714
17642710
17642970
17642971
17717884
17717992
17721390
17763695
17823754
17901652
17901657
18003809
18068051
18132373
18138674
18186241
18236407
18395304
18488096
18495741
18512172
18516465
18538618
18616150
18644300
18679995
18695334
18716947
18723983
18822894
18869352
18920085
19062401
19078000
19261643
19398458
19440253
19508699
19593231
19639036
19738341
19753742
19764521
19955277
19958678
19968000
20072646
20093696
20229954
20276373
20349680
20428663
20646828
20698939
20857397
21139708
21393455
21393914
21485768
21634308
21644070
21723475
21894775
22079690
22164190
22204250
22229606
22328602
22359064
22592052
22634423
22687853
22825801
22982158
22992561
23188464
23198579
23203645
23250348
23503493
23668458
23807187
23831881
23908577
23925638
23998082
24244780
24415422
24592763
24884595
25187812
25372323
25389722
25400961
25574322
25896308
25943955
26292312
26418432
26768669
26867364
27058325
27411508
27448413
27613736
27614493
27794389
27915249
27942539
28192433
28221478
28834821
28925928
29059035
29118169
29125460
29249789
29341219
29634710
29808607
30401464
30658169
30704871
31306288
31416867
32435172
32515707
32853327
32921116
33159614
33263838
33407179
33452939
33911446
33997629
34158775
34412578
35044443
35578282
36088485
36190829
36568837
36636850
37367100
37512870
37914426
38138115
38218322
38282993
38881735
39028178
39251945
39343400
