9336903
10028262
10079073
10329791
10455032
10479620
10653813
10722689
10861223
10978153
11231004
11294641
11403404
11425747
11591148
11837303
11876370
12010043
12093271
12356299
12413396
12435604
12508890
12820036
12867466
14609326
15109257
15581639
15772146
16497301
16699170
16722766
16884282
17267951
18950243
19196774
20089857
20890740
20944218
21558710
21724958
22796023
24163283
24370672
25145173
25149826
25435506
25569225
25792378
25961377
26358622
26369950
26617163
27151790
27599855
29422884
29498209
30420426
30701201
30703344
30960283
31145675
31426813
32931876
33624773
35591995
38049269
9336903
10028262
10079073
10329791
10455032
10479620
10653813
10722689
10861223
10978153
11231004
11294641
11403404
11425747
11591148
11837303
11876370
12010043
12093271
12356299
12413396
12435604
12508890
12820036
12867466
14609326
15109257
15581639
15772146
16497301
16699170
16722766
16884282
17267951
18950243
19196774
20089857
20890740
20944218
21558710
21724958
22796023
24163283
24370672
25145173
25149826
25435506
25569225
25792378
25961377
26358622
26369950
26617163
27151790
27599855
29422884
29498209
30420426
30701201
30703344
30960283
31145675
31426813
32931876
33624773
35591995
38049269
