335938
464382
542760
633563
767363
956116
1259237
1350781
1400970
1401006
1416891
1548012
1559351
1602666
1617056
1623079
1742195
1745802
1750968
1772125
1774307
1889262
2109022
2133033
2280008
2284512
2435825
2617687
2747588
2762653
2778420
2880916
2984815
3112180
3125214
3189373
3226033
3467156
3570593
3613009
3633881
3655731
3677577
3704712
3704982
3766669
3903040
3993015
3998101
4024777
4602512
4611462
4630412
6465913
6517656
6685134
6794991
6824016
6842180
7030172
7309855
7339809
7381016
7426358
7529275
7536213
7567831
7579313
7605398
7640418
7883888
7890908
7976210
8025761
8245813
8251490
8252963
8263184
8274796
8311186
8370536
8391724
8458954
8522830
8573508
8622949
8651516
8783736
8850132
8861866
8862591
8879799
9036127
9072464
9120244
9142800
9165705
9170821
9228475
9257367
9279530
9281410
9290272
9297826
9405945
9551681
9561473
9670366
9725231
9764552
9768276
10028806
10208805
10325392
10386030
10386036
10594708
10631205
10639449
10728814
10747119
10765009
10808280
10887573
10921960
10987707
11060085
11081578
11158108
11201139
11230430
11358474
11488816
11531180
11602023
11925913
12009823
12152479
12235845
12235846
12368445
12406720
12461589
12623325
12682157
12709349
12828158
12843014
14617305
14768374
15036371
15120760
15380260
15384724
15475934
16000480
16008979
16178469
16312965
16597941
16696524
16774567
16780098
17098312
17311842
17446280
17525676
17554990
17555495
17572037
17605753
18160107
18171304
18283538
18436233
18557517
18568400
18667847
18685052
18712263
18997845
19020369
19040506
19154870
19237452
19371286
19426272
19490537
19527843
19576745
19712284
19764463
20084485
20148998
20184683
20595399
20621319
20667437
20715547
20833878
21276824
21369546
21395629
21543566
21566466
21641939
21819699
21873093
22028301
22041361
22182182
22259837
22356469
22493281
22497872
22676720
22939918
23228479
23358914
23367832
23384280
23460010
23475613
23509870
23827995
24006480
24177303
24746232
24808238
25226715
25412483
25488726
25633003
25719472
25735882
25749321
25796498
25803794
25902261
26059202
26185308
26209978
26251305
26420433
26603481
26786493
26827092
26865685
26922983
26997636
27365356
27368989
27554054
27677657
27747884
27892398
27934821
28387523
28387532
28403059
28509088
28628445
28806642
28836034
28855835
28930014
28931126
28990320
29040079
29107416
29252632
29310592
29604199
29631541
29688098
29788943
29866155
29900886
29929281
30010392
30385316
30523201
30579706
30669041
30673890
30738755
31066636
31210155
31210158
31228476
31392969
31723010
31863568
32151675
32476834
32631707
32698511
32906655
33074171
33103825
33107285
33323649
33974531
34196283
34558473
34670653
34829099
34875659
34946174
35090639
35914904
35920498
35979468
36167329
36250863
36339330
36410531
36444981
36503567
36544797
36736578
36843197
36926764
37339072
37890917
37907107
38251347
38350859
38379773
38448840
38883635
39149438
39306905
39318829
39447649
39512611
