50404
252348
551210
738931
879785
940440
1001827
1001828
1001829
1151332
1151336
1170136
1254716
1345316
1375622
1391191
1420556
1541552
1616991
1823619
2317354
2442881
2626568
2917897
3064231
3301677
3421885
3729832
3797862
3820924
3952970
3960492
4035956
4145155
4338943
4436640
4464868
4850956
4927013
5023040
5023041
5023042
5023043
5373657
5449416
5527955
5607845
5655004
5782565
5855504
6067707
6420346
6533441
6632478
6672409
6901555
7372536
7406286
7425988
7507166
7518890
7548606
7711898
7989266
8004054
8075228
8465505
8473867
8619282
8785971
8785972
8863454
9301747
9310667
9355263
10397316
10418877
10566800
10932771
11000532
11124102
11182502
11193343
11721834
11798300
11900959
11985962
12458172
12585599
13010082
13416416
13598715
13642182
13811804
13966870
14714738
14857460
15558950
15942928
16178463
16557864
16887576
16914203
17505881
17555280
17766810
18256217
18407530
18431995
18645777
19120234
19257884
20129968
20362050
20399850
20724180
21182874
21314964
21945880
22374118
22749595
22923321
22975141
23208321
23904074
23950118
24660616
25445013
25557787
25660203
25829562
26198084
26769810
26971466
28110774
28237228
28599620
28649238
28720440
29062200
29733903
29883627
29928976
30358517
30771460
30779313
31650466
31711886
32020941
32074087
32081096
32794471
33891221
34029878
34109648
34493934
34659160
34956133
35576020
35931287
36039784
37104452
37587611
37660749
38396606
39142535
39395742
