107269
108525
241002
339094
411888
676522
811345
1909545
2585242
3106318
3880486
3906369
3989511
3994487
3994675
4579436
4820345
4824883
4954898
5970822
6095716
6437860
6744119
6885717
7646021
7867954
7986050
8000547
8024975
8077397
8518510
8593051
8919789
8938050
9039559
9172371
9246770
9271855
9281496
9406400
9562873
9596740
9678172
9726877
9726878
9726891
9766223
9802024
9852490
9872409
10220171
10341071
10342227
10361681
10821176
10868681
10919399
10930068
10984141
10984142
11097940
11172012
11233019
11426929
11473596
11518299
11699441
11699442
11823224
11849329
11928962
11988527
12059164
12542714
12726769
12747407
12882170
12883862
13708147
13829187
14580796
14711630
15198034
15236605
15291003
15354582
15354583
15377601
15388707
15528496
15574935
15909683
16266278
16269673
16345424
16347036
16347437
16517666
16535130
16623742
16624515
17225104
17490609
17701035
17961287
18175683
18262300
18297865
18321601
18604501
19052297
19189039
19251895
19269573
19477544
19862772
20222967
20525861
21948132
22036764
22363734
22634149
22868144
23144136
23507220
24031928
24463156
24573306
24721085
25064656
25073519
25147054
25313359
25358773
25846578
25883298
26135054
26854330
26888203
27104665
27654846
27834701
28428780
29058103
29166561
29404426
30031330
30172313
30866222
30959667
31140308
31244798
31670196
31889530
32719372
33399943
34625965
34747611
35623529
36670385
37162369
37244558
37308645
38102883
107269
108525
241002
339094
411888
676522
811345
1909545
2585242
3106318
3880486
3906369
3989511
3994487
3994675
4579436
4820345
4824883
4954898
5970822
6095716
6437860
6744119
6885717
7646021
7867954
7986050
8000547
8024975
8077397
8518510
8593051
8919789
8938050
9039559
9172371
9246770
9271855
9281496
9406400
9562873
9596740
9678172
9726877
9726878
9726891
9766223
9802024
9852490
9872409
10220171
10341071
10342227
10361681
10821176
10868681
10919399
10930068
10984141
10984142
11097940
11172012
11233019
11426929
11473596
11518299
11699441
11699442
11823224
11849329
11928962
11988527
12059164
12542714
12726769
12747407
12882170
12883862
13708147
13829187
14580796
14711630
15198034
15236605
15291003
15354582
15354583
15377601
15388707
15528496
15574935
15909683
16266278
16269673
16345424
16347036
16347437
16517666
16535130
16623742
16624515
17225104
17490609
17701035
17961287
18175683
18262300
18297865
18321601
18604501
19052297
19189039
19251895
19269573
19477544
19862772
20222967
20525861
21948132
22036764
22363734
22634149
22868144
23144136
23507220
24031928
24463156
24573306
24721085
25064656
25073519
25147054
25313359
25358773
25846578
25883298
26135054
26854330
26888203
27104665
27654846
27834701
28428780
29058103
29166561
29404426
30031330
30172313
30866222
30959667
31140308
31244798
31670196
31889530
32719372
33399943
34625965
34747611
35623529
36670385
37162369
37244558
37308645
38102883
