436017
700472
1388877
1529961
1574200
1623075
1640283
1727509
1753140
1838270
1868054
1886565
1962107
2029735
2324283
2983915
3050243
3242895
3282075
3296098
3348274
3793874
4056014
6436306
6630473
6753680
6845432
7300761
7358843
7431372
7476185
7491700
7650726
7698118
7888552
7918014
7929771
7980239
8027317
8068512
8176029
8256970
8265253
8274611
8285613
8288790
8417029
8500478
8557350
8619588
8659262
8778990
8894345
8925744
8993379
9142810
9502485
9677651
9986869
10455374
10508830
10555006
10825067
11044820
11117638
11230430
11438898
11595991
11810582
11843644
11864191
11880969
12043889
12051506
12089257
12123216
12239654
12774053
12892014
13130418
14678539
15007704
15211860
15243110
15329772
15525556
15533796
15705324
16025429
16267728
16308217
16606464
16731399
16740028
17014647
17099158
17109286
17195715
17326751
17504704
17525676
17898155
18040262
18291698
18328595
18508938
18717862
18726875
18760014
19659689
19840617
20450135
20484607
20534038
20673531
21039785
21258102
21269422
21341425
21700242
21715588
21741739
21888807
21976605
22414269
23332736
23455531
23505273
24369511
24439137
24460607
24523979
24841195
24908366
25008390
25259392
25577597
25632694
25710918
25771471
25818941
26017241
26429217
26455041
26578674
26823205
27182750
27698171
27799227
28043577
28771786
29076443
29205702
29279349
29279350
29286459
29415658
29469723
30282756
30358522
30367024
30429139
31066636
31441427
31723708
31753822
31774883
31779059
31880608
32251044
32340886
32386090
32430060
32967654
33228593
33294628
33413168
33764183
34387060
34825949
35039354
35467405
36104022
36882753
36921964
37151046
37679966
37699544
37946643
37953637
38058233
38742044
39024155
