1910033
10319497
11849364
12807180
14734163
15870311
17135526
20461587
22092382
23052149
23563988
24475920
24952588
25233845
26104530
27488229
27491454
27525136
29349041
29970062
32438715
33059414
33866692
34158121
35151160
35296347
35372134
35794638
36386617
36625636
37542282
37580828
37958135
38597544
38600137
38868505
39333026
39338461
1910033
10319497
11849364
12807180
14734163
15870311
17135526
20461587
22092382
23052149
23563988
24475920
24952588
25233845
26104530
27488229
27491454
27525136
29349041
29970062
32438715
33059414
33866692
34158121
35151160
35296347
35372134
35794638
36386617
36625636
37542282
37580828
37958135
38597544
38600137
38868505
39333026
39338461
