8934905
15653875
15997705
17308884
18005350
19390882
19717300
19826919
19933584
19966000
21371739
22073547
22493193
23073092
23706133
24237149
25886936
26844021
27099686
27174261
27665751
27687995
27800383
28188552
28285087
28811757
28955643
29192077
29218414
29455259
29756313
30123192
30509188
30533605
30537504
30548881
31550564
31675066
31811768
32155492
32361282
32960302
33000955
33292940
33805133
34371360
34616380
35540365
36108433
36144351
36166154
36224268
36250876
36760054
36890906
37458688
37666597
38002203
38506718
38584952
38863756
39272542
8934905
15653875
15997705
17308884
18005350
19390882
19717300
19826919
19933584
19966000
21371739
22073547
22493193
23073092
23706133
24237149
25886936
26844021
27099686
27174261
27665751
27687995
27800383
28188552
28285087
28811757
28955643
29192077
29218414
29455259
29756313
30123192
30509188
30533605
30537504
30548881
31550564
31675066
31811768
32155492
32361282
32960302
33000955
33292940
33805133
34371360
34616380
35540365
36108433
36144351
36166154
36224268
36250876
36760054
36890906
37458688
37666597
38002203
38506718
38584952
38863756
39272542
