1383083
8995820
10573392
11302499
12588561
12892121
17612074
17718849
18206764
19027974
19302293
19302329
19659695
19835775
19903404
20406381
20615352
21316870
21498765
21569939
22782010
23040518
24387847
25895107
26564966
27891116
27981595
28641137
28805679
29606231
29715662
30165293
31137543
31627244
31753947
32381618
32409559
32608530
32817160
32818242
33397617
33875205
34589074
35095812
35418954
35998019
37164688
37334232
37754751
1383083
8995820
10573392
11302499
12588561
12892121
17612074
17718849
18206764
19027974
19302293
19302329
19659695
19835775
19903404
20406381
20615352
21316870
21498765
21569939
22782010
23040518
24387847
25895107
26564966
27891116
27981595
28641137
28805679
29606231
29715662
30165293
31137543
31627244
31753947
32381618
32409559
32608530
32817160
32818242
33397617
33875205
34589074
35095812
35418954
35998019
37164688
37334232
37754751
