1587833
1587834
2008903
2361939
2708315
2708365
3435141
3662516
3950772
3994481
7823041
8157618
8636101
8731936
8779588
8941983
8999913
9003594
9150242
9651403
9687069
9759746
9924818
10203513
10462596
10541258
10735843
10832966
11113128
11274108
11457863
11500368
11532105
11547118
11551212
11585279
11678762
11919184
12147479
12165021
12180235
12692447
12773227
12803990
12816588
12830451
12832784
12839984
12844490
12885351
12957811
12966191
12968475
14499684
14601587
14643200
14734158
14970252
15213226
15253809
15339805
15345383
15499215
15499217
15610315
15735393
15823031
15932938
15985073
16129205
16198641
16216870
16284877
16535386
16850020
16922510
16988727
17040052
17497294
17499563
17619709
17786282
17870112
18162462
18245280
18322162
18452311
18819925
19021605
19033073
19078968
19095202
19595148
19766900
19780961
20602988
21163900
21381959
21460356
21529902
21575973
21676449
21705122
21866906
21892601
22017284
22078622
22215293
22223029
22443591
22460995
22497648
22616725
22656407
23235226
23298534
23458264
23536130
23632911
23728004
23935849
24029325
24379255
25224873
25269440
25291139
25409483
25432820
25459132
25630805
25645091
25733259
25979889
26088584
26195373
26195968
26292041
26543434
26645872
26924912
27293562
27449000
27663026
27708409
27738124
27847292
27913853
27924398
28217694
28505910
28552742
28684568
28705966
28718073
28841836
29059766
29642352
29705728
30263025
30413731
30447308
30532742
30679485
30740635
30888152
30903295
31025325
31130222
31145528
31145705
31145706
31201468
31229040
31328778
31501986
31624173
32039976
32083496
32093202
32107618
32123972
32390974
32398610
32782952
32810261
32880090
33065971
33219444
33376261
33379176
33427760
33769280
33953803
33994378
34044409
34065030
34190610
34385560
34911864
34964122
35104754
35122487
35266883
35278301
35443224
35552824
35620320
35802269
36136562
36620050
36798915
37125773
37502408
38169662
38215403
38548676
38682062
39130655
39349015
39382754
39553961
