12807194
15785002
16461703
17404730
19902207
21037005
21141117
21296571
21793578
21803889
21924300
21994934
22016820
22038958
22384164
22728423
22994289
23218663
23376843
23454894
23688502
23970495
24068509
24172253
24258144
24557074
24619085
24728527
24792618
24815194
25348654
25860124
26809519
26979567
27565673
28007860
28283955
28292630
28440340
29492704
29778095
30053331
30368638
30546118
31136757
31278569
31328483
33145708
35644014
36073939
37025640
37368668
37474882
37766991
38206567
38751099
12807194
15785002
16461703
17404730
19902207
21037005
21141117
21296571
21793578
21803889
21924300
21994934
22016820
22038958
22384164
22728423
22994289
23218663
23376843
23454894
23688502
23970495
24068509
24172253
24258144
24557074
24619085
24728527
24792618
24815194
25348654
25860124
26809519
26979567
27565673
28007860
28283955
28292630
28440340
29492704
29778095
30053331
30368638
30546118
31136757
31278569
31328483
33145708
34977392
35644014
36073939
37025640
37368668
37474882
37766991
38206567
38751099
