1546434
2042906
2202250
3388762
3579181
3628989
8456569
17078743
18048732
19099551
19193992
19481895
19648323
20124707
20437149
20662377
20706031
20732427
21368562
21516974
21665974
21685572
21798213
22079881
22272603
22371373
22425489
22430220
23295256
23481098
24582823
24955522
24973072
25362569
25447025
25649684
25706737
25737836
25849251
25886758
26217339
26327359
26847185
27072873
27896426
27923746
28192428
28602841
28717590
29126991
29250754
30165113
30208852
30876404
31106062
31185017
32648080
32686701
33023476
33749839
34319813
34616599
34835165
35229647
35941540
37283749
37858632
38062211
39269671
