9033932
9103649
10952607
11679553
11850275
12734240
14715767
15142244
15991478
16416946
16798691
16822636
17660147
22421611
22614245
25463050
25544000
26507828
26535880
27039167
28373186
28403835
29680378
30817020
31464049
34358054
35208754
36951459
36951461
38580990
39607263
9033932
9103649
10952607
11679553
11850275
12734240
14715767
15142244
15991478
16416946
16798691
16822636
17660147
22421611
22614245
25463050
25544000
26507828
26535880
27039167
28373186
28403835
29680378
30817020
31464049
34358054
35208754
36951459
36951461
38580990
39607263
