19787416
20884692
21280027
21382147
21705598
22075623
23183980
23682976
23710060
25111023
25154051
25172573
25371339
25380633
25381488
25535937
25764459
26704063
26710853
26808278
26956550
27338270
27377871
27682111
27682113
27712915
27783177
28235561
28542527
28659871
30389769
32722087
33297094
33660044
34040597
37007468
37178525
38399638
19787416
20884692
21280027
21382147
21705598
22075623
23183980
23682976
23710060
25111023
25154051
25172573
25371339
25380633
25381488
25535937
25764459
26704063
26710853
26808278
26956550
27338270
27377871
27682111
27682113
27712915
27783177
28235561
28542527
28659871
30389769
32722087
33297094
33660044
34040597
37007468
37178525
38399638
