2461129
4375338
17392208
17561358
17656049
17823397
19531391
19726598
20117543
20217228
20592830
21827584
21908289
21962410
23013196
23452750
24240039
24504043
24903634
24970830
25261461
25576389
26036790
26778666
26872821
26949517
28438213
29103697
29338721
29507894
29526756
30027824
30142702
30557405
30805351
30930057
30936526
31605550
31723075
32393674
32418912
32478794
32703839
32917018
33404383
33796479
33839496
33931826
34049657
34049658
34049659
34049664
34514290
35655189
35746524
36114497
36201053
36271336
36536563
36948363
37612042
37859972
37996960
38281396
38328358
38403533
39067144
