11229931
11772611
11772633
12216636
12324316
12465801
12469950
12564907
12788718
14660353
15214631
15303729
15528539
15566181
16104862
16108805
16329955
16332320
16391923
16523283
16584480
16751543
16898141
17014502
17254627
17263855
17391333
17448175
17547006
17650682
17686020
18263748
18305935
18359056
18449220
18479444
18839566
19246073
19530312
19815408
20202664
20511433
20555196
20617742
21112606
21181155
21278264
21337248
21464601
21465792
21576869
21641011
21703852
21706171
21790081
21890674
21926211
22005744
22160273
22233895
22444639
22446303
22526802
22595093
22685142
23358667
23461285
23473400
23561953
23624046
23657583
23892743
23925194
24031484
24318009
24736209
25062836
25227990
25758416
26462081
27296965
27448106
28240542
28710983
29438915
29730522
29964639
30199800
30594837
31123020
31174608
31854779
32544770
33051504
34347515
35124092
36804337
39260729
11229931
11772611
11772633
12216636
12324316
12465801
12469950
12564907
12788718
14660353
15214631
15303729
15528539
15566181
16104862
16108805
16329955
16332320
16391923
16523283
16584480
16751543
16898141
17014502
17254627
17263855
17391333
17448175
17547006
17650682
17686020
18263748
18305935
18359056
18449220
18479444
18839566
19246073
19530312
19815408
20202664
20511433
20555196
20617742
21112606
21181155
21278264
21337248
21464601
21465792
21576869
21641011
21703852
21706171
21790081
21890674
21926211
22005744
22160273
22233895
22444639
22446303
22526802
22595093
22685142
23358667
23461285
23473400
23561953
23624046
23657583
23892743
23925194
24031484
24318009
24736209
25062836
25227990
25758416
26462081
27296965
27448106
28240542
28710983
29438915
29730522
29964639
30199800
30594837
31123020
31174608
31854779
32544770
33051504
34347515
35124092
36804337
39260729
