12835416
15143026
15251216
15388712
15621430
15693614
16011746
16127727
16127728
16161167
16545098
16584473
17021241
17927919
18323615
18340632
19303037
19502442
19712292
19725962
19943962
19948850
20699245
20950420
21255355
21340506
21726244
22215070
22311773
22576374
22622812
22623273
23144136
23273849
23293031
23766281
23812809
23826385
23921581
23969110
23975513
23982431
24018702
24052365
24261830
24286831
24286832
24286833
24286834
24291061
25487949
26319626
27594849
28393831
29074368
29894016
30533714
31731964
32809107
36018447
37218750
38897058
12835416
15143026
15251216
15388712
15621430
15693614
16011746
16127727
16127728
16161167
16545098
16584473
17021241
17927919
18323615
18340632
19303037
19502442
19712292
19725962
19943962
19948850
20699245
20950420
21255355
21340506
21726244
22215070
22311773
22576374
22622812
22623273
23144136
23273849
23293031
23766281
23812809
23826385
23921581
23969110
23975513
23982431
24018702
24052365
24261830
24286831
24286832
24286833
24286834
24291061
25487949
26319626
27594849
28393831
29074368
29894016
30533714
31731964
32809107
36018447
37218750
38897058
