17473237
25921339
26549775
27801835
28241075
28736954
31597568
32714309
32860635
32899756
33102244
33738808
33751677
34041041
34136190
34176489
34233671
34277753
34281627
34406855
34458288
34618582
34844104
34879869
34972822
35250450
35637503
35641510
36029281
36060669
36550785
36729650
37037869
37058852
37117227
37237906
37445967
37600837
37689641
38638559
38908272
39061538
39069586
39185088
39550838
17473237
25921339
26549775
27801835
28241075
28736954
31597568
32714309
32860635
32899756
33102244
33738808
33751677
34041041
34136190
34176489
34233671
34277753
34281627
34406855
34458288
34618582
34844104
34879869
34972822
35250450
35637503
35641510
36029281
36060669
36550785
36729650
37037869
37058852
37117227
37237906
37445967
37600837
37689641
38638559
38908272
39061538
39069586
39185088
39550838
