10347037
14764100
15181012
17450396
19324005
19643080
19664554
20355333
21622837
23771856
23813407
23908038
24072869
24119006
24531457
25698509
26556809
28236643
29649122
30589606
30932743
32193579
32410332
34523569
34680121
35161059
36190013
36975313
38201734
38651780
10347037
14764100
15181012
17450396
19324005
19643080
19664554
20355333
21622837
23771856
23813407
23908038
24072869
24119006
24531457
25698509
26556809
28236643
29649122
30589606
30932743
32193579
32410332
34523569
34680121
35161059
36190013
36975313
38201734
38651780
