141
1251
3492
4324
4579
9392
13144
18453
20943
21629
25893
29757
30448
31149
35099
39606
39756
50813
86535
96092
111934
116111
145514
146198
167863
170272
173536
174491
176141
176570
179528
196854
207321
208576
215215
223842
227860
228601
228701
235508
239660
240405
277912
291038
291915
299457
340223
348464
357895
378943
379860
380991
387717
410019
413480
427263
428667
429371
438125
446646
457611
457614
457634
479104
486499
488089
518554
530139
592382
647476
649581
659367
666783
667180
668685
678011
681284
708078
708696
711680
728444
747819
760805
770451
779772
795671
836787
838687
863859
869522
880213
885877
889809
901546
908330
913582
929179
931993
938514
955078
962720
977536
999930
1010564
1010848
1069989
1080387
1091642
1091643
1097063
1123330
1148938
1148949
1150625
1150985
1160659
1164036
1167548
1174550
1175611
1180929
1182100
1191303
1204621
1212151
1227958
1243112
1247547
1267931
1281443
1294332
1312859
1313018
1314816
1325638
1325902
1326939
1328190
1334019
1366807
1378052
1396693
1400428
1420917
1444399
1464583
1469733
1508153
1516712
1521527
1529353
1529354
1538703
1549605
1549782
1554701
1554745
1563632
1567365
1577706
1581355
1597183
1597411
1597426
1603075
1610815
1610901
1622243
1624446
1633597
1633804
1633805
1643038
1643039
1644756
1650185
1654788
1655703
1657971
1660468
1683868
1684937
1689562
1714037
1740419
1765065
1765067
1765097
1799437
1838001
1840608
1850088
1852019
1855590
1878880
1880807
1885520
1885524
1885553
1892862
1898001
1904771
1906063
1908197
1908777
1918017
1935951
1936948
1938952
1939185
1977737
1980582
1987127
1991505
1998716
2009261
2021651
2022611
2025639
2029906
2037604
2106913
2115111
2120192
2125501
2125552
2144293
2153269
2153958
2156571
2162195
2167631
2170336
2198257
2203791
2204423
2226864
2228968
2246234
2254255
2265761
2266945
2266950
2277642
2287275
2298701
2303482
2310189
2322545
2324093
2344042
2345152
2363708
2373698
2398344
2404759
2404760
2412365
2437104
2445257
2450865
2500438
2504283
2506011
2515251
2525550
2535788
2536693
2554884
2600971
2605195
2615765
2644218
2644222
2650681
2653824
2656648
2668954
2670945
2673410
2680767
2690948
2695395
2708314
2713324
2716052
2722744
2722750
2722786
2747620
2757645
2783119
2785107
2785985
2785995
2798362
2822104
2822707
2826146
2826477
2827782
2832161
2835040
2840552
2840948
2842451
2843169
2848826
2856355
2872049
2914845
2917567
2926817
2948821
2965012
2981550
2981822
2985428
2985577
2986607
2986674
2990552
2991004
2993304
2993632
2994040
2995120
3001033
3002366
3006060
3009406
3015874
3017921
3021140
3021770
3023285
3024711
3024733
3026449
3027068
3029021
3040672
3052594
3053048
3053681
3076437
3077761
3089312
3089876
3098421
3116367
3121587
3121629
3123700
3133363
3135803
3141411
3162907
3169263
3182730
3191993
3203689
3226421
3231689
3277540
3280556
3292237
3294559
3300913
3316226
3344210
3350795
3350796
3379067
3387235
3395125
3422475
3435947
3443852
3447013
3456304
3457004
3462002
3467721
3470285
3470286
3474027
3477546
3479430
3480761
3481423
3525552
3530760
3541922
3552038
3571198
3654578
3667523
3691494
3741845
3782023
3801391
3804978
3855748
3855749
3856566
3857879
3857914
3858099
3863780
3863813
3864779
3873334
3884589
3899642
3911951
3923473
3947619
3948879
3980437
3988707
3988713
3995019
4008438
4019408
4036386
4044529
4099100
4105031
4116892
4123239
4136617
4144061
4144084
4146298
4146343
4147648
4148099
4149369
4149668
4153464
4154107
4191240
4198137
4200350
4200860
4204445
4209288
4212186
4218087
4218230
4233069
4248622
4249830
4285821
4287987
4288128
4289820
4290316
4291243
4291834
4292889
4297526
4297967
4300944
4302391
4305580
4309367
4310829
4312544
4312608
4312654
4313607
4313608
4314126
4314766
4318225
4319272
4319315
4325356
4325357
4331269
4332101
4334348
4334764
4334859
4335840
4339944
4343648
4343802
4343927
4343957
4345428
4347517
4347969
4348399
4350172
4354875
4356262
4356389
4357815
4360247
4361821
4366151
4366892
4380925
4385527
4390163
4390440
4392673
4392895
4393917
4395691
4398870
4398885
4400341
4400342
4400343
4400344
4400345
4401956
4402559
4403928
4403929
4403930
4404238
4404563
4404564
4405087
4405090
4422774
4433850
4434262
4447428
4460884
4501581
4560488
4571515
4591479
4592356
4632323
4634032
4657971
4679823
4690966
4717512
4719135
4720066
4747078
4750758
4752957
4781054
4791156
4792241
4814715
4826550
4831068
4834634
4836258
4852163
4866986
4867362
4872543
4883910
4922852
4934673
4937139
4943781
4955249
4964628
4967774
4977982
4977988
4981062
4986566
5006907
5012474
5016550
5043509
5043852
5077808
5079077
5084325
5085658
5088918
5110121
5121788
5129236
5134194
5150891
5150892
5256222
5263763
5264138
5344107
5345754
5350328
5353527
5357168
5357513
5359611
5365797
5370293
5372901
5398184
5411753
5416106
5451439
5472347
5473905
5482693
5484084
5493367
5493673
5495150
5497188
5497190
5498649
5499622
5499624
5521392
5541004
5551640
5551641
5560362
5611657
5618123
5618186
5622355
5644401
5650079
5663571
5663919
5665250
5667288
5668181
5669905
5680277
5680605
5686297
5732503
5745576
5745586
5747205
5766597
5771607
5773028
5776538
5781016
5781586
5781587
5791118
5801310
5805399
5862430
5867315
5867318
5871142
5871564
5883016
5903098
5933869
5994935
5999099
6025414
6049954
6056637
6061421
6066310
6074408
6086329
6089759
6094552
6100376
6102984
6116482
6126213
6138344
6139990
6159352
6162836
6185102
6207167
6233258
6234890
6243276
6245073
6245877
6246963
6252962
6254768
6256746
6259144
6260050
6260768
6263427
6267591
6271199
6274317
6274395
6276174
6281240
6282869
6289264
6290216
6298627
6300839
6311941
6319242
6320185
6326091
6329264
6329322
6342537
6351751
6352705
6354096
6354256
6355784
6378882
6378909
6384184
6402491
6402760
6403506
6415039
6418571
6427189
6429124
6430349
6468378
6518422
6528285
6574018
6575010
6575734
6577914
6578037
6578928
6579051
6580291
6581156
6596950
6601579
6607071
6614486
6641938
6643391
6652580
6660521
6669519
6687741
6703704
6714233
6721503
6724435
6735982
6735984
6766312
6783616
6783619
6801032
6801192
6803110
6809625
6830236
6835364
6840064
6840072
6848518
6928406
6930302
6930303
6930977
6932825
6936396
6938981
6940857
6941811
6946061
6949899
6952190
6956567
6995105
6995432
7001444
7007348
7011243
7016829
7026551
7031035
7044224
7072263
7085558
7085594
7117532
7140769
7149528
7161281
7204335
7212927
7217003
7217008
7217009
7217079
7240098
7240100
7296053
7297562
7298576
7298654
7308212
7308219
7354057
7354058
7368571
7378416
7398644
7439395
7444425
7460901
7462162
7470123
7476166
7479727
7487080
7490772
7495793
7518037
7548055
7557415
7559591
7578096
7592361
7608067
7608187
7619830
7639541
7646314
7662655
7665517
7665518
7672188
7673160
7680858
7703242
7703853
7727396
7751288
7753028
7753906
7768906
7773102
7775384
7803404
7813468
7819205
7821546
7821610
7830548
7832588
7851392
7868590
7872838
7876209
7883699
7883707
7891558
7893691
7893692
7906310
7918402
7918491
7928978
7934843
7947754
7957225
7961405
7961744
7981208
7997174
8001685
8021173
8021200
8026750
8027076
8031904
8034623
8034707
8050716
8053567
8055954
8055962
8057382
8063707
8063708
8068086
8068676
8071245
8086408
8106367
8131927
8132582
8161529
8166720
8167480
8188585
8200455
8206822
8226630
8226893
8227054
8228979
8230232
8231815
8244942
8245025
8245026
8245955
8264545
8288104
8288521
8307984
8329442
8334167
8335644
8343531
8361359
8380991
8383042
8384683
8389131
8389587
8392330
8393705
8407800
8407930
8431288
8436118
8437593
8443593
8450308
8464885
8471601
8483455
8484118
8487300
8487301
8490572
8491713
8492805
8497190
8501046
8504172
8510650
8529634
8533471
8544828
8550408
8550418
8550501
8550508
8550514
8554323
8555217
8555218
8558133
8561464
8567634
8575446
8576152
8595860
8601431
8605199
8605200
8606150
8606151
8611166
8612646
8617271
8621656
8626771
8631324
8631723
8631739
8636105
8639226
8645737
8647112
8663056
8670167
8674706
8679547
8682802
8694750
8700899
8748040
8755876
8755900
8760911
8765082
8780784
8784188
8784198
8830682
8837467
8866469
8923736
8936313
8939894
8948100
8954931
8958245
8961928
8969306
8973311
9006044
9013633
9018693
9020128
9023223
9032080
9048909
9063865
9099867
9108283
9119000
9125509
9148743
9162086
9171438
9179851
9188450
9208919
9235974
9236774
9245809
9252113
9271856
9278392
9294461
9305970
9315721
9325422
9337485
9344840
9352672
9358065
9367902
9368366
9369207
9371471
9383983
9393728
9397533
9405347
9418236
9428672
9429775
9488675
9491927
9503607
9507087
9514861
9521106
9523710
9532744
9546177
9558336
9571197
9573166
9582371
9593306
9595678
9600844
9601070
9605973
9613842
9620970
9620984
9642255
9655933
9657695
9671511
9675852
9677295
9677296
9683471
9699296
9710250
9720050
9730834
9733679
9737860
9737928
9748344
9766236
9792679
9812987
9827999
9837955
9860849
9860864
9862806
9864314
9864323
9865948
9914303
9914311
9915836
9989226
10049370
10049887
10051655
10090764
10212201
10215587
10216161
10217770
10220344
10228574
10322003
10329673
10352233
10364195
10364262
10387068
10393312
10398752
10417419
10417640
10419940
10420583
10439076
10441520
10518807
10525412
10527862
10530336
10535932
10542283
10550687
10568839
10572002
10572141
10593945
10594374
10639125
10651628
10652344
10660068
10671497
10692415
10705374
10715117
10727236
10731609
10739257
10739946
10742245
10753963
10762264
10762268
10785391
10788330
10788632
10819462
10820119
10829016
10837496
10848975
10851006
10852874
10857919
10866206
10867188
10878126
10907748
10922495
10937941
10938418
10940024
10948195
10961993
10966426
10978172
10978541
10978548
10985789
11001089
11004404
11018539
11021581
11029694
11053414
11073894
11080151
11087938
11087939
11092957
11111035
11112544
11118599
11124698
11125837
11136467
11137297
11157949
11158365
11164311
11170380
11170381
11193410
11243259
11258953
11274131
11279153
11283005
11298762
11307951
11320130
11325935
11331775
11334783
11352591
11371540
11381338
11390391
11447151
11488620
11530215
11537369
11540938
11548998
11559408
11591659
11592406
11598804
11607203
11678500
11679744
11681702
11698366
11698376
11704670
11705400
11707327
11709175
11717509
11735438
11736664
11786996
11790752
11823455
11847102
11856746
11875515
11913125
11931553
11945625
11946209
11946497
11946624
11946917
11958936
11963934
11967369
11978793
11985894
12005040
12044183
12126468
12176981
12203010
12203027
12242634
12270825
12297006
12368454
12371842
12384297
12403169
12407452
12437975
12446627
12468552
12527109
12538048
12564939
12583892
12588547
12644512
12653544
12664154
12676666
12732928
12733878
12754195
12759352
12775688
12815848
12821142
12837110
12855708
12859202
12898061
12902278
12904565
12915729
12928755
12940996
12962482
13069416
13160019
13198909
13211557
13218710
13230078
13230105
13242522
13265817
13276405
13295204
13315374
13319349
13328893
13341968
13345748
13363912
13363964
13366934
13373812
13373863
13398411
13403700
13405871
13405876
13415857
13416238
13416275
13428694
13428714
13436442
13436478
13459414
13471573
13493623
13539024
13574160
13577904
13588409
13620654
13747670
13775843
13787014
13787698
13787699
13789934
13809021
13846822
13846823
13846824
13877916
13877917
13886430
13905390
13920206
13976270
13998957
14003066
14009628
14022036
14027910
14031951
14035420
14048730
14071559
14086085
14087344
14098853
14109981
14123586
14137788
14137791
14165486
14171457
14203348
14253476
14261204
14262612
14262634
14324805
14334159
14338231
14363257
14367332
14403425
14416043
14426712
14426897
14435003
14450956
14469163
14481058
14511919
14514076
14519133
14563857
14592713
14607364
14618564
14638426
14669990
14753838
14973040
14996831
15005631
15008817
15032753
15041642
15049451
15060737
15089747
15102840
15110948
15123694
15127163
15133068
15158502
15186421
15207291
15256572
15266120
15299532
15301546
15327981
15336422
15362861
15371424
15389334
15474037
15485884
15529871
15534211
15549494
15556618
15632150
15650336
15650684
15651045
15667274
15667291
15687189
15688166
15701508
15728375
15731884
15817777
15829351
15829358
15845763
15887041
15925553
15932280
15954611
15968068
15985547
16000725
16000781
16033524
16076199
16131657
16134325
16165131
16202390
16221578
16225869
16232963
16310786
16315272
16345199
16345433
16346152
16346402
16346442
16346548
16346747
16347002
16347278
16347297
16347561
16347766
16347830
16347925
16348426
16348448
16348776
16348861
16349121
16349292
16385036
16390328
16407237
16416443
16417511
16423898
16534925
16535114
16535163
16561484
16561649
16566593
16566750
16584178
16589758
16590223
16590428
16592035
16592916
16593247
16593596
16593879
16597676
16603308
16655102
16668058
16669620
16700544
16716087
16855245
16869905
16885471
16904110
16936042
16964969
17012388
17012743
17025172
17085583
17154541
17163967
17171370
17172349
17191343
17233718
17237162
17306024
17319691
17355964
17383639
17391829
17521738
17565185
17567155
17573932
17574844
17598106
17629557
17690093
17774003
17784736
17792751
17845818
17878711
17915950
17925395
18001132
18055590
18055600
18146549
18192412
18199837
18230343
18273850
18300384
18339629
18373676
18378646
18386899
18483776
18504973
18505728
18524926
18551590
18551591
18562278
18574239
18593124
18623412
18623547
18631250
18643903
18708472
18757802
18793327
18830664
18924412
18925874
19006326
19118365
19170491
19187228
19229480
19234722
19270099
19277875
19326927
19334767
19336405
19363207
19387634
19400034
19403304
19429624
19456154
19478062
19482920
19557027
19573596
19583796
19619543
19636885
19722678
19736993
19746269
19772354
19827712
19848125
19872661
19873342
19877438
19906177
19938601
19940927
19959481
20053297
20067522
20198918
20213443
20372033
20411554
20445266
20453151
20458932
20482308
20527460
20552686
20675122
20678576
20686884
20711760
20803137
21030539
21104132
21117294
21188559
21212358
21231969
21255283
21338415
21352581
21392197
21425856
21442952
21445557
21454367
21480963
21524095
21531725
21551100
21718019
21724999
21725008
21734408
21752196
21773943
21778206
21794033
21811795
21833859
21833860
21833862
21833866
21854469
21879367
21887648
21931217
22009058
22072437
22103536
22232240
22267660
22269934
22286042
22294493
22360857
22442217
22493305
22542236
22564272
22581696
22592471
22609755
22612644
22760260
22773651
22797227
22806199
22809506
22821843
22829943
22839751
22866543
22871137
22878844
22961888
22963613
23003323
23003563
23029219
23049775
23056386
23056480
23066492
23136072
23144248
23221716
23282058
23298813
23339336
23378510
23554086
23568214
23593962
23640429
23660107
23726243
23769307
23792740
23808143
23808543
23813305
23815521
24005473
24035861
24097367
24151780
24173209
24190169
24241241
24244007
24272776
24301605
24305738
24374338
24385478
24398681
24425488
24428834
24500003
24544576
24620576
24625193
24639251
24680860
24768952
24898500
24945101
25036671
25110215
25139995
25162704
25203280
25266718
25275608
25302751
25500211
25556815
25642700
25664737
25702880
25710326
25732342
25786399
25802714
25877399
25880041
25888177
25911479
25989647
26036028
26052177
26061173
26271353
26276116
26343576
26360912
26376620
26443359
26452553
26549632
26624219
26627238
26654855
26673079
26843316
26854474
26858204
27055016
27154760
27165539
27232890
27253324
27311613
27314796
27557959
27630531
27713729
27740611
27760387
27796435
27928630
27940465
27943258
27976719
28042032
28089747
28097724
28105917
28109220
28221768
28246966
28258486
28265619
28355974
28380286
28404995
28432097
28447265
28469708
28478569
28595003
28692069
28692802
28699871
28703469
28704608
28710816
28776817
28802272
28830828
28882203
28887969
28955359
28984391
28988302
29053260
29103504
29148477
29250084
29357933
29435618
29473921
29533747
29535200
29573518
29593673
29605291
29606374
29608063
29724822
29754222
29797782
29915110
29987520
30031486
30128841
30141094
30141855
30141881
30169849
30225894
30250977
30317476
30317477
30317480
30357504
30367742
30496286
30509468
30543677
30566461
30844259
30845717
30846561
30930880
30938049
30977994
30984129
31043481
31049596
31064376
31139942
31146522
31153475
31222505
31274400
31329095
31392810
31402524
31520074
31559835
31595369
31662586
31741014
31747483
31750652
31767756
31781134
31811022
31844298
31879824
31985876
32009294
32010681
32022452
32031543
32140445
32140791
32149266
32174929
32198172
32266468
32426348
32429912
32502717
32551229
32601191
32719381
32813183
32918851
32989088
32989089
33086169
33218095
33482017
33635396
33656286
33687504
33711852
33757230
33836573
33874104
33915396
33964629
34040924
34059724
34069008
34111137
34242995
34261826
34281397
34292546
34387317
34570624
34610116
34726179
34838921
34878812
34903060
34905080
34929539
34940705
34958440
35012152
35034426
35138932
35178619
35218104
35220629
35264690
35266527
35317624
35401471
35432878
35439691
35635255
35672418
35695456
35718936
35734252
35804159
35856737
35881466
35904245
35906439
36000884
36092593
36198910
36276477
36346899
36368695
36445204
36499645
36539445
36607449
36674420
36688751
36688844
36799917
36809458
36841829
36852450
36876890
36877487
36989040
37013001
37031673
37060162
37119884
37170263
37234119
37326800
37328957
37438952
37459513
37702481
37764113
37778113
37871225
37890746
37909748
37967103
37980448
37988619
37998022
38126768
38266589
38266847
38354288
38376168
38461279
38527309
38574051
38696373
38740794
38762171
38869277
38888816
38890433
38971001
38984904
39023513
39137456
39153035
39168789
39204733
39233547
39442618
39458396
39458725
39486677
39500732
39503886
39526803
39556503
39561264
39597527
39599246
