18162
112838
236085
238492
356946
606679
627525
731205
855999
924894
1008820
1125855
1218935
1284845
1284846
1296531
1319378
1320615
1381591
1385267
1500367
1612454
1614864
1624379
1628843
1653214
1663923
1755702
1762157
1769552
1783901
1786859
1864505
1995426
2060791
2155856
2221862
2380106
2380107
2380108
2380109
2383150
2391494
2484742
2542127
2542216
2561488
2635267
2742417
2753820
2753855
2808135
2820925
2830838
2831988
2832391
2917562
2925521
2981801
2992363
3006668
3012613
3015884
3020383
3026905
3027020
3060001
3127381
3170601
3170602
3269392
3283001
3308856
3346183
3403673
3458997
3473276
3479787
3572425
3583915
3588291
3625475
3680024
3733529
3803600
3818439
3856255
3862929
4008440
4055703
4066503
4066505
4201819
4212679
4321893
4373452
4436148
4651245
4840428
4938111
5000099
5001321
5257963
5686611
5800427
5831852
6034680
6049298
6095748
6099310
6100986
6163765
6286409
6290318
6298066
6304462
6307966
6310563
6331290
6424562
6501093
6511663
6662823
6688823
6725471
6735923
6811567
6833128
6833148
6842183
6853367
7096197
7103455
7126228
7174542
7264604
7275836
7283418
7305323
7347556
7396447
7429996
7495815
7514144
7534372
7535038
7592377
7764561
7764996
7773408
7925392
7928973
7961463
7984112
8074537
8088548
8119298
8163162
8166572
8360186
8481008
8490047
8562022
8626067
8641997
8717499
8929244
8973363
8987530
9022695
9031628
9049029
9130673
9145902
9182505
9207913
9406608
9418071
9421911
9451830
9648221
9651492
9676044
10206653
10220165
10322123
10348045
10420982
10467127
10510490
10658660
10658661
10662691
10757717
10792725
10802191
10858361
10933823
10972803
11064051
11090684
11094336
11185960
11240199
11283275
11410375
11506921
11594346
11598810
11755402
11814670
11816964
11827965
11832946
11967079
11985721
11986923
12022840
12055297
12071710
12074090
12089557
12139619
12210983
12417742
12512084
12514124
12673772
12698320
12811585
13031516
13239186
13366949
13445760
13484133
13513576
13641184
13726631
13997882
14052776
14078975
14325877
14515026
14651260
14734170
14784609
15046978
15179529
15256208
15489173
15554972
15561847
15825401
15827636
15859462
15977391
15984840
16010517
16131199
16208464
16283688
16285521
16448097
16506694
16547054
16820979
16879412
16935525
16942604
17005980
17049185
17113999
17117877
17181783
17206729
17209568
17408967
17475458
17496966
17552232
17640665
17665193
17784761
18051315
18155909
18388456
18406425
18425854
18546402
18561126
18600649
18618744
18802637
18852501
19189058
19214437
19219581
19277782
19629721
19780953
20086142
20802082
21077444
21102593
21102596
21142177
21656799
21930904
22083789
22160317
22615277
23203266
23215024
23355035
23570968
23681606
23961178
24084683
24270892
24512254
24714124
25009746
25477406
25761684
26494685
27032633
27170067
27316537
27453999
27605431
28177322
28246378
28420869
28582504
28705965
28739805
28812297
29368834
29516565
29578699
29963725
30036047
30600894
30685809
30810306
31075992
31286877
31488542
31719185
31820200
32864952
34327877
35056543
36138496
36282570
36445577
36857695
36940599
36994618
37181661
37486353
37838138
38597928
38647873
38922792
39257526
39419884
39441460
18162
112838
236085
238492
356946
606679
627525
731205
855999
924894
1008820
1125855
1218935
1284845
1284846
1296531
1319378
1320615
1381591
1385267
1500367
1612454
1614864
1624379
1628843
1653214
1663923
1755702
1762157
1769552
1783901
1786859
1864505
1995426
2060791
2155856
2221862
2380106
2380107
2380108
2380109
2383150
2391494
2484742
2542127
2542216
2561488
2635267
2742417
2753820
2753855
2808135
2820925
2830838
2831988
2832391
2917562
2925521
2981801
2992363
3006668
3012613
3015884
3020383
3026905
3027020
3060001
3127381
3170601
3170602
3269392
3283001
3308856
3346183
3403673
3458997
3473276
3479787
3572425
3583915
3588291
3625475
3680024
3733529
3803600
3818439
3856255
3862929
4008440
4055703
4066503
4066505
4201819
4212679
4321893
4373452
4436148
4651245
4840428
4938111
5000099
5001321
5257963
5686611
5800427
5831852
6034680
6049298
6095748
6099310
6100986
6163765
6286409
6290318
6298066
6304462
6307966
6310563
6331290
6424562
6501093
6511663
6662823
6688823
6725471
6735923
6811567
6833128
6833148
6842183
6853367
7096197
7103455
7126228
7174542
7264604
7275836
7283418
7305323
7347556
7396447
7429996
7495815
7514144
7534372
7535038
7592377
7764561
7764996
7773408
7925392
7928973
7961463
7984112
8074537
8088548
8119298
8163162
8166572
8360186
8481008
8490047
8562022
8626067
8641997
8717499
8929244
8973363
8987530
9022695
9031628
9049029
9130673
9145902
9182505
9207913
9406608
9412417
9418071
9421911
9451830
9648221
9651492
9676044
10206653
10220165
10322123
10348045
10420982
10467127
10510490
10658660
10658661
10662691
10757717
10792725
10802191
10858361
10933823
10972803
11064051
11090684
11094336
11185960
11240199
11283275
11410375
11506921
11594346
11598810
11755402
11814670
11816964
11827965
11832946
11967079
11985721
11986923
12022840
12055297
12071710
12074090
12089557
12139619
12210983
12417742
12512084
12514124
12673772
12698320
12811585
13031516
13239186
13366949
13445760
13484133
13513576
13641184
13726631
13997882
14052776
14078975
14325877
14515026
14651260
14734170
14784609
15046978
15179529
15256208
15489173
15554972
15561847
15825401
15827636
15859462
15977391
15984840
16010517
16131199
16208464
16283688
16285521
16448097
16506694
16547054
16820979
16879412
16935525
16942604
17005980
17049185
17113999
17117877
17181783
17206729
17209568
17408967
17475458
17496966
17552232
17640665
17665193
17784761
18051315
18155909
18388456
18406425
18425854
18546402
18561126
18600649
18618744
18802637
18852501
19189058
19214437
19219581
19277782
19629721
19780953
20086142
20802082
21077444
21102593
21102596
21142177
21656799
21930904
22083789
22160317
22615277
23203266
23215024
23355035
23570968
23681606
23961178
24084683
24270892
24512254
24714124
25009746
25477406
25761684
26494685
27032633
27170067
27316537
27453999
27605431
28177322
28246378
28420869
28582504
28705965
28739805
28812297
29368834
29516565
29578699
29963725
30036047
30600894
30685809
30810306
31075992
31286877
31488542
31719185
31820200
32864952
34327877
35056543
36138496
36282570
36445577
36857695
36940599
36994618
37181661
37486353
37838138
38597928
38647873
38922792
39257526
39419884
39441460
