62070
70974
180884
199056
268232
286885
292384
358746
420252
472950
525895
541869
596325
940440
1001825
1001826
1002285
1114625
1114642
1164275
1221680
1253001
1254716
1380074
1402768
1411949
1414846
1433051
1476092
1528648
1541552
1558882
1743095
1787289
1797039
1863018
1886601
1891736
1924004
2021349
2034213
2044424
2045404
2071167
2102204
2149051
2229369
2257131
2330482
2341026
2618068
2642585
2773100
2814753
2898309
2914794
3069311
3162345
3211599
3250993
3282840
3344448
3380585
3395597
3430819
3446445
3453908
3512573
3539558
3539722
3584286
3587922
3660050
3693880
3739709
3818933
3859221
3884489
3980945
3985600
3987045
3993279
4025378
4052363
4152346
4244302
4327293
4338943
4566879
4670770
4741475
4834747
4899155
4904967
4954598
4958636
5076438
5076439
5131475
5147791
5373657
5408497
5487765
5499382
5607845
5637928
5655004
5667846
5782565
5813245
5819436
5819442
5833338
6029762
6466165
6482134
6606419
6610926
6628141
6672417
6699196
6712467
6786126
6828918
6846331
6934562
6995215
7161998
7192812
7204251
7212798
7218925
7235340
7235341
7264230
7309612
7325648
7387278
7400880
7435021
7517261
7518890
7541162
7548565
7552816
7563411
7570310
7584783
7715999
7775706
7803645
7804004
7806374
7939827
7955680
7968539
7978581
8048901
8072458
8082787
8116380
8199947
8200504
8220960
8240568
8241302
8257347
8324121
8324163
8358227
8417858
8459926
8467700
8489343
8505566
8541740
8582739
8627911
8702601
8744754
8745194
8759848
8824349
8863454
8957398
8997878
9008531
9044288
9053745
9072204
9111429
9142770
9166278
9181386
9209235
9269553
9290625
9302006
9310663
9310668
9314329
9317018
9342717
9354354
9355263
9502477
9621207
9795792
9802642
9832614
9887679
9889043
9892960
10048023
10227549
10397322
10414657
10480947
10592641
10634163
10705386
10749230
10786915
10879607
10901913
10932771
11092176
11160009
11178543
11182502
11245518
11423190
11438899
11438901
11456356
11524166
11569740
11569753
11586456
11603046
11736823
11798300
11853149
11900959
11956133
12042950
12074307
12117945
12135720
12356721
12432593
12458172
12540553
12564737
12745042
12900403
12943837
12975205
12983374
13033375
13124941
13158926
13201758
13317177
13598715
13642182
13658454
13966870
13983973
14076707
14107836
14137371
14491667
14513404
14560242
14652771
14715670
14851168
14895790
14946683
15126166
15159581
15380701
15474491
15496616
15505296
15574607
15619423
15684803
15690715
15699597
15755918
15805220
15826791
15887383
15983095
15995645
16021394
16102005
16201118
16289643
16337096
16485217
16548324
16559834
16561290
16567392
16646975
16773491
16825787
16845563
16887501
16887590
17128973
17196372
17306127
17312773
17366890
17391589
17422653
17469739
17824921
17967202
18005634
18019648
18301926
18362245
18373865
18404211
18475364
18555761
18570933
18672296
18906905
18992141
19139192
19176171
19284973
19285435
19292235
19295250
19307090
19332173
19402197
19407093
19609357
19632260
19693310
19807912
19824793
19871418
19871419
19871420
19901305
19945301
20066146
20072687
20129968
20261077
20362050
20399850
20401824
20608520
20608521
20687481
20706880
20706881
20855487
20870378
20886724
20989755
21109383
21182874
21535407
21620673
21679616
21715552
21801072
21987630
22014579
22120198
22142321
22304871
22410855
22519241
22654114
22669929
22673713
22675151
22677383
22736786
22791722
22962388
22975141
23031261
23203898
23278518
23397837
23564801
23583163
23617545
23815218
23864974
24220230
24345654
24426586
24535568
24542145
24543102
24544423
24550443
24590337
24643042
24689176
24799507
24811103
24822140
24878026
25113721
25164682
25242573
25260426
25282789
25314833
25481351
25518439
25609723
25619001
25675415
26198084
26271359
26374774
26399246
26792077
26793397
26803153
26811603
26815495
27206239
27609912
27770534
27843415
27881097
28183731
28211788
28236516
28479472
28652930
28686395
28705640
28780428
28931420
29145799
29197851
29534840
29729257
29845457
29883627
30012441
30013618
30100507
30151274
30153761
30198050
30522079
30563529
30755894
30820022
30852054
30857430
30872072
31190186
31350831
31373962
31585122
31688056
31713640
31776202
31843297
31950362
32301045
32332308
32439744
32589137
32621451
32765010
32837501
32866212
32966149
33025779
33208291
33344533
33346972
33555103
33818953
33867387
33891221
34040023
34078535
34109648
34273006
34312008
34469222
34530753
34593715
34606433
34694691
34825573
34906686
34956133
35214776
35277796
35358668
35380653
35490422
35594341
35711184
35794836
36156699
36199023
36410787
36635138
36639759
36997864
37140115
37235593
37314614
37355959
37390548
37543293
37770990
37809261
38063434
38247592
38340537
38490247
38603932
38683795
38845200
38960102
39024150
39103440
39104453
39127083
39309041
39331062
39373951
39387888
39514991
39524249
