13130054
16145170
16160763
16390991
16798710
16854553
17374898
17475753
17992548
18003809
18023385
18538618
18822894
19477044
19639036
19797466
19955277
20143352
20646828
20700949
20810768
20844218
20980572
21172233
21177900
21441712
21560401
21595944
21634308
21699674
21726965
21894775
22219309
22461543
22491504
22595605
22715939
22828982
22875897
23017691
23216681
23622346
23661649
23747674
23906027
23912120
24031926
24060098
24340116
24385294
24421815
24821693
24833199
24884595
25239419
25344657
25356325
25491030
26150643
26808813
27578940
27613736
27942539
27999029
28109291
28129236
28176520
28573110
28803018
28870771
28923878
29286958
29508232
29686152
29933049
30010392
30134888
30242096
30401464
30412142
30414295
30681635
30756072
31400449
31416867
31693939
31741644
31818815
31889503
31996031
32045646
32117792
32310744
32478652
32549367
32634063
32843458
32853327
33168539
33203355
33310996
33489008
33855101
34151993
34408177
34670879
35234511
35260408
35310854
35430877
35864454
36088197
36093298
36118026
36310857
36581805
36845087
36871785
37014003
37527397
37671859
37676786
37802128
37914426
37940842
38134116
38168018
38542396
38907975
38957514
39128464
39251945
39311213
39416864
39456758
39505380
13130054
16145170
16160763
16390991
16798710
16854553
17374898
17475753
17992548
18003809
18023385
18538618
18822894
19477044
19639036
19797466
19955277
20143352
20646828
20700949
20810768
20844218
20980572
21172233
21177900
21441712
21560401
21595944
21634308
21644070
21699674
21726965
21894775
22219309
22461543
22491504
22595605
22715939
22828982
22875897
23017691
23216681
23622346
23661649
23747674
23906027
23912120
24031926
24060098
24340116
24385294
24421815
24821693
24833199
24884595
25239419
25344657
25356325
25491030
26150643
26808813
27058325
27578940
27613736
27942539
27999029
28109291
28129236
28176520
28573110
28803018
28870771
28923878
29286958
29508232
29686152
29933049
30010392
30134888
30242096
30401464
30412142
30414295
30681635
30756072
31400449
31416867
31693939
31741644
31818815
31889503
31996031
32045646
32117792
32310744
32478652
32549367
32634063
32843458
32853327
33168539
33203355
33310996
33489008
33509299
33855101
34151993
34408177
34670879
35234511
35260408
35310854
35430877
35864454
36088197
36093298
36118026
36310857
36581805
36636850
36845087
36871785
37014003
37527397
37671859
37676786
37802128
37914426
37940842
38134116
38168018
38542396
38907975
38957514
39128464
39251945
39311213
39416864
39456758
39505380
