1259515
1366390
1366454
1366970
1368199
1427000
1512710
1556011
1568946
1785920
2054097
2137814
2323575
2352272
2722685
2737950
2786962
2788646
2836846
2925514
3030192
3035191
3190676
3874968
3972731
6158062
6165665
6530423
6605909
6611258
7542349
7623384
7649858
7763532
7783626
7897663
7961161
8293958
8393414
8576062
8819841
9351267
9660190
9679324
10021365
10344563
10470685
10503541
10601197
10712601
10866220
11212921
11350173
11549012
11841943
15269539
15326518
15803384
15940739
16258626
16313622
16920354
18592593
18600885
18600927
18633964
19067455
19322827
19457036
19898811
20198653
20399259
20737924
20800759
20931236
21884568
22179067
22622930
22752910
23440664
24317484
25874434
26019556
27028415
28364142
28845982
29958422
30713097
31963137
32994907
35968092
36173303
36621732
36920661
37284782
38183583
38722162
38931410
1259515
1366390
1366454
1366970
1368199
1427000
1512710
1556011
1568946
1785920
2054097
2137814
2323575
2352272
2722685
2737950
2786962
2788646
2836846
2925514
3030192
3035191
3190676
3874968
3972731
6158062
6165665
6530423
6605909
6611258
7542349
7623384
7649858
7763532
7783626
7897663
7961161
8293958
8393414
8576062
8819841
9351267
9660190
9679324
10021365
10344563
10470685
10503541
10601197
10712601
10866220
11212921
11350173
11549012
11841943
15269539
15326518
15803384
15940739
16258626
16313622
16920354
18592593
18600885
18600927
18633964
19067455
19322827
19457036
19898811
20198653
20399259
20737924
20800759
20931236
21884568
22179067
22622930
22752910
23440664
24317484
25874434
26019556
27028415
28364142
28845982
29958422
30713097
31963137
32994907
35968092
36173303
36621732
36920661
37284782
38183583
38722162
38931410
