1402075
1680907
1783809
1973219
2117580
2317047
2324276
2341733
2405005
2778073
3894018
3985609
11136765
11136802
12473468
12825109
12890321
14583861
14984304
16390948
16640574
17314417
17564984
17642537
19458178
19954129
20163500
20693456
20727463
20727568
20851993
22015397
22070605
22820326
23761141
24503989
24744922
25921720
26598034
26632328
27107536
27442238
27607064
27815848
28869187
30021964
33384668
33813251
33913455
34088604
34832563
35056530
35315693
35456814
35858834
36947259
37376316
37698817
39200710
1402075
1680907
1783809
1973219
2117580
2317047
2324276
2341733
2405005
2778073
3894018
3985609
11136765
11136802
12473468
12825109
12890321
14583861
14984304
16390948
16640574
17314417
17564984
17642537
19458178
19954129
20163500
20693456
20727463
20727568
20851993
22015397
22070605
22820326
23761141
24503989
24744922
25921720
26149750
26598034
26632328
27107536
27442238
27607064
27815848
28869187
30021964
33384668
33813251
33913455
34088604
34091718
34832563
35056530
35315693
35456814
35858834
36947259
37376316
37698817
39200710
