181583
187570
219858
229424
229785
323056
396014
539820
758940
791172
807162
828369
843165
845113
857918
858783
879775
937089
984832
1201506
1311311
1313289
1318832
1324913
1327776
1335087
1335243
1426989
1441843
1511014
1575486
1637331
1646631
1652960
1657066
1683398
1859847
1898390
1915373
1929381
2082814
2091025
2124144
2167315
2170341
2172551
2174880
2265715
2361938
2413007
2476099
2480344
2508553
2539120
2543574
2820417
2822044
2827754
2833168
2846296
2847143
2848008
2930532
2992500
3002798
3015248
3022241
3030740
3033436
3089310
3360752
3709804
3759464
3770211
3777930
3818548
3932661
4008492
4123231
4298732
4303402
4436257
4717523
4748838
4868375
4981060
5132274
5312617
5370284
5436141
5702041
5773435
5781586
5927210
5929745
5943942
5955798
6024190
6026239
6096145
6096146
6109714
6254507
6255409
6279148
6284155
6292223
6294073
6303306
6307291
6313059
6326080
6329323
6383215
6403056
6644818
6772102
6840072
6876178
7006764
7006765
7011522
7016854
7036994
7056697
7309757
7321914
7387702
7459376
7547305
7547860
7548038
7574651
7589483
7669764
7733953
7766099
7880893
7966289
7981108
8003528
8017921
8051249
8142476
8143752
8144635
8198565
8204572
8223656
8269917
8288528
8320227
8323272
8347512
8372578
8383043
8383535
8396427
8396440
8439155
8441753
8521853
8619870
8647238
8706707
8713097
8740362
8762151
8784584
8785498
8795227
8798514
8837431
8873609
8882004
8936370
9103642
9142739
9171424
9182533
9226893
9346301
9367852
9406651
9429289
9439638
9462959
9485359
9485434
9514705
9546165
9560428
9565467
9603804
9603840
9662435
9698401
9750310
9765862
9797331
9819214
9864447
10022071
10089321
10099409
10215854
10217791
10347062
10368269
10368280
10368307
10380647
10471375
10480267
10498814
10508097
10555582
10556894
10567070
10571064
10607666
10653734
10666610
10679266
10679276
10704199
10704312
10747176
10748163
10780008
10788369
10792666
10831421
10841764
10858580
10862971
10868066
10966381
11018146
11034331
11042550
11160104
11170457
11170458
11173495
11185657
11191224
11207770
11250197
11293241
11305909
11358521
11456758
11470160
11551953
11571176
11571183
11772645
11916715
11921398
11939777
11941509
11946159
11948869
11967369
12039777
12138769
12139483
12148644
12197616
12234847
12325145
12356749
12406773
12558154
12589573
12594025
12608468
12618432
12624073
12627224
12703854
12732570
12750363
12764602
12775057
12791922
12839782
12877464
12906391
12907302
12957930
13141483
13172252
13305034
13315304
13317133
13535641
13535733
13618250
13629248
13685634
13745271
13768804
13969140
14066437
14082355
14140997
14240576
14314382
14352481
14411716
14414884
14431287
14440671
14484818
14484820
14511372
14511645
14596623
14618696
14646063
14668922
14705030
14766550
14844833
15112808
15114437
15122650
15170386
15173665
15207603
15211494
15224730
15299466
15299587
15310283
15461458
15515905
15672233
15698959
15773506
15871237
15876370
15972253
16085855
16162518
16212040
16269742
16274230
16290059
16290113
16323019
16323020
16329947
16345519
16345708
16345981
16346839
16346866
16347274
16347324
16347366
16347552
16348007
16348104
16348440
16349013
16349159
16349323
16349435
16366571
16388601
16400994
16411255
16417505
16420627
16444751
16457621
16509351
16535353
16535729
16561978
16570313
16578824
16580681
16580795
16590430
16662354
16701591
16701596
16704053
16730634
16753818
16791644
16849807
16851284
16887508
16887677
16887686
16909331
16928682
17040232
17139522
17160716
17163038
17177431
17207484
17216357
17239374
17269750
17321534
17337553
17337573
17421040
17574676
17602468
17602684
17635545
17683131
17693723
17704273
17719595
17722921
17796779
17879394
17969152
17969153
17969682
18024596
18200862
18327621
18328566
18335980
18342618
18343395
18350591
18416566
18459059
18588119
18592547
18600902
18601173
18607083
18615689
18678035
18766385
18782555
18804367
18839246
19011912
19021016
19022647
19044272
19047345
19130259
19135795
19137404
19170239
19209588
19233927
19241093
19272702
19300701
19322604
19465766
19469282
19482922
19484273
19663327
19705605
19709210
19709217
19719572
19786606
19824734
19841718
19913555
20082378
20159048
20188536
20302340
20334901
20347277
20466730
20485511
20536750
20593542
20689707
20720029
20734111
20809286
20857523
20886839
20978743
21037444
21098514
21131018
21175168
21253915
21265778
21296047
21357488
21419779
21443182
21515733
21555571
21598657
21685289
21706860
21732600
21753800
21762955
21942468
22075582
22110126
22236722
22309093
22364026
22367464
22367465
22526566
22563793
22622928
22629175
22688904
22859974
23050725
23251135
23338012
23393089
23454698
23507618
23634937
23634978
23638810
23768845
23842468
23981729
24194097
24194322
24238897
24413477
24415106
24486169
24710619
24751374
24833621
24841491
24865947
25180173
25268220
25479086
25632357
25649202
25649465
25724962
25952109
26032363
26210529
26271452
26362109
26423503
26482295
26610891
26768116
26818576
26865237
26896170
27004043
27058913
27240719
27270746
27348246
27392249
27392787
27502834
27654630
27671526
27897098
27902290
27993064
28286022
28455883
28506633
28706204
28724964
28759237
28806071
28847524
28910086
28956213
29054130
29074670
29176637
29249641
29305996
29458638
29611893
29710584
29861730
29867808
30008217
30009483
30169128
30282817
30669421
30702880
30718429
30732464
30940882
31005821
31028026
31075193
31134018
31173690
31195274
31195655
31371536
31508230
31546354
31549273
31597818
31820961
31961578
32220843
32432842
32491838
32511902
32749633
32789390
32847780
33037220
33154741
33182012
33199799
33312536
33384495
33450130
33570484
33610596
33995312
34101368
34153468
34216193
34229181
34268367
34946159
35021746
35298023
35398798
35638843
35648622
35688718
35924935
36032724
36192796
36396027
36551772
37013030
37235890
37499495
37567138
37579005
37660876
37673179
37974989
38055438
38466774
38484555
38587506
38647594
38935546
39029765
39048960
39180955
39291398
39309042
39350431
39601180
181583
187570
219858
229424
229785
323056
396014
423802
539820
758940
791172
807162
828369
843165
845113
857918
858783
879775
937089
984832
1201506
1311311
1313289
1318832
1324913
1327776
1335087
1335243
1426989
1441843
1511014
1575486
1637331
1646631
1652960
1657066
1683398
1859847
1898390
1915373
1929381
2082814
2091025
2124144
2167315
2170341
2172551
2174880
2265715
2361938
2413007
2476099
2480344
2508553
2539120
2543574
2820417
2822044
2827754
2833168
2846296
2847143
2848008
2930532
2992500
3002798
3015248
3022241
3030740
3033436
3089310
3360752
3709804
3759464
3770211
3777930
3818548
3932661
4008492
4123231
4298732
4303402
4436257
4717523
4748838
4868375
4981060
5132274
5312617
5370284
5436141
5702041
5773435
5781586
5927210
5929745
5943942
5955798
6024190
6026239
6096145
6096146
6109714
6254507
6255409
6279148
6284155
6292223
6294073
6303306
6307291
6313059
6326080
6329323
6383215
6403056
6644818
6772102
6840072
6876178
7006764
7006765
7011522
7016854
7036994
7056697
7309757
7321914
7387702
7459376
7547305
7547860
7548038
7574651
7589483
7669764
7733953
7766099
7880893
7966289
7981108
8003528
8017921
8051249
8142476
8143752
8144635
8198565
8204572
8223656
8269917
8288528
8320227
8323272
8347512
8372578
8383043
8383535
8396427
8396440
8439155
8441753
8521853
8619870
8647238
8706707
8713097
8740362
8762151
8784584
8785498
8795227
8798514
8837431
8873609
8882004
8936370
9103642
9142739
9171424
9182533
9226893
9346301
9367852
9406651
9429289
9439638
9462959
9485359
9485434
9514705
9546165
9560428
9565467
9603804
9603840
9662435
9698401
9750310
9765862
9797331
9819214
9864447
10022071
10089321
10099409
10215854
10217791
10347062
10368269
10368280
10368307
10380647
10471375
10480267
10498814
10508097
10555582
10556894
10567070
10571064
10607666
10653734
10666610
10679266
10679276
10704199
10704312
10747176
10748163
10780008
10788369
10792666
10831421
10841764
10858580
10862971
10868066
10966381
11018146
11034331
11042550
11160104
11170457
11170458
11173495
11185657
11191224
11207770
11250197
11293241
11305909
11358521
11456758
11470160
11551953
11571176
11571183
11772645
11916715
11921398
11939777
11941509
11946159
11948869
11967369
12039777
12138769
12139483
12148644
12197616
12234847
12325145
12356749
12406773
12558154
12589573
12594025
12608468
12618432
12624073
12627224
12703854
12732570
12750363
12764602
12775057
12791922
12839782
12877464
12906391
12907302
12957930
13141483
13172252
13305034
13315304
13317133
13535641
13535733
13618250
13629248
13685634
13745271
13768804
13969140
14066437
14082355
14140997
14240576
14314382
14352481
14411716
14414884
14431287
14440671
14484818
14484820
14511372
14511645
14596623
14618696
14646063
14668922
14705030
14766550
14844833
15112808
15114437
15122650
15170386
15173665
15207603
15211494
15224730
15299466
15299587
15310283
15461458
15515905
15672233
15698959
15773506
15871237
15876370
15972253
16085855
16162518
16212040
16269742
16274230
16290059
16290113
16323019
16323020
16329947
16345519
16345708
16345981
16346839
16346866
16347274
16347324
16347366
16347552
16348007
16348104
16348440
16349013
16349159
16349323
16349435
16366571
16388601
16400994
16411255
16417505
16420627
16444751
16457621
16509351
16535353
16535729
16561978
16570313
16578824
16580681
16580795
16590430
16662354
16701591
16701596
16704053
16730634
16753818
16791644
16849807
16851284
16887508
16887677
16887686
16909331
16928682
17040232
17139522
17160716
17163038
17177431
17207484
17216357
17239374
17269750
17321534
17337553
17337573
17421040
17574676
17602468
17602684
17635545
17683131
17693723
17704273
17719595
17722921
17796779
17879394
17969152
17969153
17969682
18024596
18200862
18327621
18328566
18335980
18342618
18343395
18350591
18416566
18459059
18588119
18592547
18600902
18601173
18607083
18615689
18678035
18766385
18782555
18804367
18839246
19011912
19021016
19022647
19044272
19047345
19130259
19135795
19137404
19170239
19209588
19233927
19241093
19272702
19300701
19322604
19465766
19469282
19482922
19484273
19663327
19705605
19709210
19709217
19719572
19786606
19824734
19841718
19913555
20082378
20159048
20188536
20302340
20334901
20347277
20466730
20485511
20536750
20593542
20689707
20720029
20734111
20809286
20857523
20886839
20978743
21037444
21098514
21131018
21175168
21253915
21265778
21296047
21357488
21419779
21443182
21515733
21555571
21598657
21685289
21706860
21732600
21753800
21762955
21942468
22075582
22110126
22236722
22309093
22364026
22367464
22367465
22526566
22563793
22622928
22629175
22688904
22859974
23050725
23251135
23338012
23393089
23454698
23507618
23634937
23634978
23638810
23768845
23842468
23981729
24194097
24194322
24238897
24413477
24415106
24486169
24710619
24751374
24833621
24841491
24865947
25180173
25268220
25479086
25632357
25649202
25649465
25724962
25952109
26032363
26210529
26271452
26362109
26423503
26482295
26610891
26768116
26818576
26865237
26896170
27004043
27058913
27240719
27270746
27348246
27392249
27392787
27502834
27654630
27671526
27897098
27902290
27993064
28286022
28455883
28506633
28706204
28724964
28759237
28806071
28847524
28910086
28956213
29054130
29074670
29176637
29249641
29305996
29458638
29611893
29710584
29861730
29867808
30008217
30009483
30169128
30282817
30669421
30702880
30718429
30732464
30940882
31005821
31028026
31075193
31134018
31173690
31195274
31195655
31371536
31508230
31546354
31549273
31597818
31820961
31961578
32220843
32432842
32491838
32511902
32749633
32789390
32847780
33037220
33154741
33182012
33199799
33312536
33384495
33450130
33570484
33610596
33995312
34101368
34153468
34216193
34229181
34268367
34946159
35021746
35298023
35398798
35638843
35648622
35688718
35924935
36032724
36192796
36396027
36551772
37013030
37235890
37499495
37567138
37579005
37660876
37673179
37974989
38055438
38466774
38484555
38587506
38647594
38935546
39029765
39048960
39180955
39291398
39309042
39350431
39601180
