102134
335935
434302
514123
595696
1030295
1099946
1181683
1292722
1294016
1314643
1323093
1340096
1399603
1400970
1468888
1482179
1487721
1577977
1617056
1638774
1783061
1857690
1902834
1909062
1925716
2080796
2164181
2380970
2552379
2584387
2690290
2747117
2754011
2780092
2797881
2845531
2859475
2862192
2983915
3055575
3107379
3125050
3176182
3179532
3181833
3342664
3355312
3424264
3432715
3608329
3655773
3674780
3680941
3715106
3715986
3775874
3778587
3805713
3886692
4551828
4582438
4720416
4928196
4991703
5125184
5458806
6184988
6308968
6325849
6485116
6517656
6617014
6703502
6727712
6734278
6740540
6740882
6837012
6879487
6994481
7106749
7112024
7117425
7117426
7117427
7185077
7268487
7302627
7339797
7363134
7458072
7488279
7554801
7569318
7569329
7588770
7605398
7620033
7666116
7678195
7697016
7698120
7699029
7802547
7811323
7884294
7888528
7949075
7953081
8000103
8004044
8025757
8099083
8102246
8132983
8144420
8223223
8255073
8513789
8590682
8613158
8669159
8711643
8729209
8729222
8828212
8866607
8883442
8937151
8995808
9002109
9098076
9114137
9114152
9226894
9332511
9335286
9437427
9455560
9493395
9508306
9530384
9598912
9603145
9611983
9674460
9695931
9764552
9764786
9767883
9799136
9827274
10081122
10084486
10202823
10208805
10373440
10407673
10425659
10433574
10452627
10482048
10523555
10524814
10524998
10555671
10618138
10624381
10749641
10761518
10826815
10859767
10898135
11023727
11060075
11083687
11182006
11204610
11209848
11230430
11262821
11282515
11368825
11412696
11423302
11513092
11551599
11600387
11713363
11767362
11789763
11872863
12075548
12121124
12195472
12235846
12381313
12432958
12461589
12504367
12623325
12693807
12709349
12843014
12938788
12972345
14503343
14557921
14557971
14602661
14707250
14715774
15061673
15168439
15223876
15297234
15462477
15472795
15516479
15540712
15621162
15750135
15762936
15942565
15982769
16039241
16208190
16285666
16371246
16597941
16698085
16798709
16817563
16870785
16983609
17098312
17148085
17174443
17360040
17368631
17417167
17446280
17687101
17963348
17972827
18043889
18193243
18250184
18283860
18325251
18482275
18657024
18756552
18997845
19052044
19144802
19195204
19195711
19261085
19298241
19329618
19632475
19764463
19793424
19929702
20006470
20007929
20108848
20128450
20154623
20172423
20495572
20696500
20817704
20829338
20845683
21334944
21369546
21395629
21628944
21641939
21674329
21686534
21918261
22101845
22152937
22240225
22362535
22405857
22628510
22657925
23035668
23078529
23129730
23146427
23188570
23367833
23664674
23669438
23675124
23882381
24124798
24177303
24325924
24949109
25210065
25336532
25412483
25464905
25503362
25676516
26142475
26381664
26418244
26471200
26976549
27287608
28221106
28387523
28394313
28461147
28774941
29107416
29349535
29503226
30010392
30170795
30550235
30552538
30594992
30755991
31098926
31215507
31601138
31627484
31953145
32139563
32376161
32387259
32421543
32628747
32636299
32797222
32920580
33570090
33593217
33707319
34224347
34702233
34788375
34865369
34875659
35090639
35550319
35876492
36174743
36260446
36817979
36990702
37681986
37727871
37743223
37871989
37890917
37945272
38498913
38846651
38858499
39050410
39149438
39318829
39334546
