10376835
10395503
11116332
12715159
12928867
14714494
16423651
16675854
18161025
18685210
19194700
19621581
19661497
19712377
19779856
19897897
21304689
21487936
21787787
21984420
22115438
22402678
22496448
23015191
23640376
23740254
23955472
24713333
25163880
25204578
25209513
25446654
25791617
25814606
26641475
27830410
28289730
28792366
29795448
30638509
30866114
31672531
32093827
32215705
32597969
34859954
34910268
35004101
35336231
36129462
39271597
39319727
10376835
10395503
11116332
12715159
12928867
14714494
16423651
16675854
18161025
18685210
19194700
19621581
19661497
19712377
19779856
19897897
21304689
21487936
21787787
21984420
22115438
22402678
22496448
23015191
23640376
23740254
23955472
24713333
25163880
25204578
25209513
25446654
25791617
25814606
26641475
27830410
28289730
28792366
29795448
30638509
30866114
31672531
31988839
32093827
32215705
32597969
34859954
34910268
35004101
35336231
36129462
39271597
39319727
