2506223
6435461
7981106
8662184
9103608
9542904
10939649
11520350
14715737
15605647
16450063
16501770
16703114
16934288
17114723
17114770
17142361
17264991
17627445
17916642
18094887
18320102
18606772
18847319
19296229
19485770
19527779
19538276
19583912
19684990
20023027
20132312
20186466
20455783
20939390
21144663
21184698
21612532
21685169
22056929
22173291
22216299
22376198
22809734
23265378
24142167
24296498
24378078
24742108
24751287
25027232
25062354
25108783
25700048
25800099
25865033
25869035
25909250
26309313
26344601
26352829
26413074
26794232
26882265
26934997
27031460
27047211
27273750
27304213
27392739
27473178
27480099
27565956
27592065
27748992
27769655
27812828
28479066
28594882
29050834
29846852
29850579
29972600
29982649
30050361
30484879
30538677
30611725
30709660
30746741
30942664
30992179
31014503
31109835
31145746
31184993
31188943
31270640
31306085
31402227
31407021
31707006
31997547
32054909
32322900
32333111
32609243
33069260
33113476
33600263
33669499
33777873
33778915
33779896
33857748
34126403
34214274
34411793
34578178
34592675
34665223
34942561
34958266
35024989
35124334
35323021
35431064
35431076
35717607
36087663
36160204
36270115
36344862
36502557
36520830
36909844
37106851
37317070
37410023
37498401
37768388
38084939
38227179
38361037
38460340
38582991
38644046
38947421
38981408
39079670
39383386
2506223
3118744
3128147
6435461
7601694
7981106
8662184
9103608
9542904
10939649
11520350
14715737
15605647
16450063
16501770
16703114
16934288
17114723
17114770
17142361
17264991
17627445
17916642
18094887
18320102
18606772
18847319
19296229
19485770
19527779
19538276
19583912
19684990
20023027
20132312
20186466
20455783
20939390
21144663
21184698
21612532
21685169
22056929
22173291
22216299
22376198
22809734
23265378
24142167
24296498
24378078
24742108
24751287
25027232
25062354
25108783
25700048
25800099
25865033
25869035
25909250
26309313
26344601
26352829
26413074
26794232
26882265
26934997
27031460
27047211
27273750
27304213
27392739
27473178
27480099
27565956
27592065
27748992
27769655
27812828
28479066
28594882
29050834
29846852
29850579
29972600
29982649
30050361
30484879
30538677
30611725
30709660
30746741
30942664
30992179
31014503
31109835
31145746
31184993
31188943
31270640
31306085
31402227
31407021
31707006
31997547
32054909
32322900
32333111
32609243
33069260
33113476
33600263
33669499
33777873
33778915
33779896
33857748
34126403
34214274
34411793
34578178
34592675
34665223
34942561
34958266
35024989
35124334
35323021
35431064
35431076
35717607
36087663
36160204
36270115
36344862
36502557
36520830
36909844
37106851
37317070
37410023
37498401
37768388
38084939
38227179
38361037
38460340
38582991
38644046
38947421
38981408
39079670
39383386
