6486770
7793948
8979353
11491082
11607213
11772655
12093378
14660793
15280311
15693614
15910279
16871807
16938841
17021241
19074379
19144151
19196778
20028524
20087413
20566852
20699245
21331243
21511768
22529844
22586422
22610438
22993511
23615198
23700385
23766281
23912444
23918348
24028944
24144586
24259664
24632833
25024214
25780503
26483522
26649148
27158864
27379046
28146565
28393831
29087267
29222603
29292201
29310696
29785674
30190504
30715321
31266954
31406238
31781064
31781075
31808939
32847778
34745019
37343709
38276648
6486770
7793948
8979353
11491082
11607213
11772655
12093378
14660793
15280311
15693614
15910279
16871807
16938841
17021241
19074379
19144151
19196778
20028524
20087413
20566852
20699245
21331243
21511768
22529844
22586422
22610438
22993511
23615198
23700385
23766281
23912444
23918348
24028944
24144586
24259664
24632833
25024214
25780503
26483522
26649148
27158864
27379046
28146565
28393831
29087267
29222603
29292201
29310696
29785674
30190504
30715321
31266954
31406238
31781064
31781075
31808939
32847778
34745019
37343709
38276648
