805162
1342880
2252291
2359905
2510173
3728028
3799678
4641940
4970174
4972296
6374834
6434640
6474295
7746149
8288526
8347509
8408570
9786469
12435671
12567299
13407080
15347757
15501782
16112819
16318912
18132992
18574654
19414800
19762442
21371338
21390726
22838383
24020769
24097834
26426306
26607938
26907866
27045926
27878308
28366430
28374932
28626737
29063969
29969843
30038321
30692557
31042331
31162020
31215600
31283892
31494628
31497256
31546968
31888008
33123499
34211637
34664721
34714925
35222330
35600164
36362240
37491404
805162
1342880
2252291
2359905
2510173
3728028
3799678
4641940
4970174
4972296
6374834
6434640
6474295
7746149
8288526
8347509
8408570
9786469
12435671
12567299
13407080
15347757
15501782
16112819
16318912
18132992
18574654
19414800
19762442
21371338
21390726
22838383
24020769
24097834
26426306
26607938
26907866
27045926
27878308
28366430
28374932
28626737
29063969
29969843
30038321
30692557
31042331
31162020
31215600
31283892
31494628
31497256
31546968
31888008
33123499
34211637
34664721
34714925
35222330
35600164
36362240
37491404
