456946
456947
602825
669487
669492
689569
689570
892669
1456819
1804614
2498263
2498264
3937895
6654755
7287580
7451366
7451367
8967800
11217807
20390414
20514371
20665770
20712319
20826445
21746899
21861518
21930680
22080411
22869135
25158848
28920834
29691661
29906336
30243551
31318464
33361191
35751117
35760228
36929358
38461875
38528205
38690368
38841054
39375957
456946
456947
602825
669487
669492
689569
689570
892669
1456819
1804614
2498263
2498264
3937895
6654755
7287580
7451366
7451367
8967800
11217807
20390414
20514371
20665770
20712319
20826445
21746899
21861518
21930680
22080411
22869135
25158848
28920834
29691661
29906336
30243551
31318464
33361191
35751117
35760228
36929358
38461875
38528205
38690368
38841054
39375957
