64456
96104
99029
106007
408372
810089
811685
820644
823112
825464
1363163
1370573
1404554
1625620
1629332
1631693
1687635
1693170
1696768
1723073
1729713
1730891
1752985
1876337
1880866
1884775
1898756
1910133
2108995
2116103
2116104
2122457
2123799
2192013
2212639
2335750
2364936
2408453
2415459
2419278
2466795
2497137
2499181
2499204
2506223
2509729
2514278
2519693
2579151
2742443
2753854
2768201
2855284
2922404
3080523
3098699
3120611
3121731
3124646
3142287
3144156
3920243
4202476
4628863
4629256
6148856
6223883
6247288
6415092
6418016
6610498
6769803
6783537
6783677
6793620
6817526
7061394
7565191
7591142
7655402
7664182
7672059
7741176
7747963
7893179
7966170
8027348
8101432
8104842
8224886
8549708
8589132
8606109
8615457
8645830
8741704
8789054
8795235
8827690
8861849
8861855
8904435
8934678
8935483
8937968
9103608
9242326
9265302
9284376
9284381
9288814
9392597
9488376
9587827
9620425
9661032
9673928
9701920
9858461
9986812
10377106
10406115
10432060
10531273
10674664
10770788
10832972
10877169
10882661
10899876
10974999
11005205
11062778
11063173
11099097
11231808
11357325
11372975
11450623
11465844
11491333
11504408
11589433
11596732
11791987
11883820
11952082
11953398
12073903
12135273
12135274
12164301
12174771
12188012
12236431
12373493
12406574
12447746
12458119
12631783
12653141
12730161
12831526
12860628
12860699
12867468
12874367
12924799
12950666
12971530
13022869
13037746
13071646
13118187
13211994
13221581
13233515
13242803
13319590
13382844
13463388
13481003
13499415
13502312
13506574
13531804
13562988
13588002
13670912
13686181
13686182
13708433
13786026
13786214
13879394
13942448
14005861
14106022
14131240
14187959
14198037
14198890
14198914
14239942
14390805
14446097
14480513
14515426
14662925
14681594
14723370
14754499
14905633
14938541
14946428
15155995
15200874
15211012
15317790
15415611
15546086
15585501
15682209
15699207
16011432
16054415
16130886
16237220
16407356
16434226
16444416
16473410
16481486
16481524
16494751
16599169
16729688
16767485
16830076
16837707
16893625
16965716
16989563
17005114
17038702
17098907
17114682
17114700
17114742
17114785
17166631
17224086
17230380
17308911
17433390
17553239
17554571
17577053
17690420
17691691
18023483
18093627
18240971
18260783
18287575
18412961
18507907
18552585
18634203
18641131
18697325
18826827
19374644
19374645
19392898
19407134
19414440
19523307
19523308
19527779
19538276
19548988
19566066
19940832
20017753
20071129
20090029
20153558
20188126
20202415
20435729
20664448
20682883
20870259
20920051
20945058
21118938
21123528
21142968
21151880
21175069
21298850
21413251
21434703
21457660
21612536
21612963
21803311
21810740
21888520
21897295
22092999
22093517
22098357
22098502
22192733
22208541
22217240
22390200
22462408
22665617
22668648
22693777
22773786
22788813
22912578
23115652
23266334
23270180
23290118
23326268
23473218
23590323
23619288
23675818
23799383
23818842
23871280
23930973
23940746
24321542
24371248
24380581
24445202
24445204
24467705
24497633
24783459
24810381
24820571
24853542
24893060
24957537
25010827
25043277
25062435
25092819
25111740
25119441
25158857
25299702
25412503
25437336
25548377
25548900
25617190
25629777
25646263
25667056
25687303
25695758
25706392
25778504
25781160
25867285
25923891
25932669
26161793
26289162
26344511
26370425
26370429
26384814
26416115
26432518
26435145
26438032
26540334
26611956
26646013
26680308
26824189
26897395
26904743
26965788
26975992
27040715
27139448
27159039
27160725
27273642
27402519
27404664
27474738
27548618
27622624
27696011
27698019
27737634
27799640
27875529
27983969
27992288
28082625
28222146
28259176
28264003
28285586
28289147
28399210
28438088
28500797
28616481
28652984
28726607
29084898
29148369
29200167
29358295
29465481
29553921
29637877
29683400
29742650
29848847
29869607
29912688
30012728
30020447
30023157
30050361
30107504
30187651
30328571
30334722
30391326
30559335
30675849
30712763
30761983
30835649
30866787
30958100
31002931
31021302
31085830
31283768
31387814
31448989
31617911
31678231
31820709
31984654
32121541
32123904
32274984
32310080
32318966
32326477
32353550
32364681
32458785
32546622
32549080
32588799
32793413
32925913
32947795
32999008
33104121
33121158
33148588
33175711
33215205
33269795
33280264
33379251
33496241
33574726
33646978
33669463
33670581
33711035
33748920
33861353
33872325
33895462
34111210
34204809
34205734
34250186
34325318
34669282
34818863
34832637
34842856
34958102
35130729
35177639
35318932
35378507
35468137
35490957
35639778
35697578
35708399
35725106
35895366
36520830
36628901
36649293
36907548
36948252
37209688
37289422
37347821
37418452
37535465
37673171
37763260
37766717
37811399
37819111
37987401
38052087
38109767
38259062
38422214
38454387
38471176
38480005
38514461
38598549
38645300
38714064
38717067
38946645
39013372
39025537
39043406
39324821
39346691
39447222
39485769
