132135
327915
1095684
1699046
2441707
3378242
4840335
5150497
5841508
11034498
13430330
13604941
13626494
13694275
13831337
13911547
14021948
14111071
14121207
14178334
14355624
14444452
14444453
15247885
19944603
20156682
20932743
22178022
23153927
23385155
23974367
24435854
24752937
25296683
25846722
26028178
26194304
26363885
26622970
26748500
26828469
27367579
27458084
28150465
28991791
29717669
29805463
30483004
31395831
32073848
33271757
33787713
35164112
35350621
35889077
36268225
36948016
37189038
38647835
38670644
