335938
853289
1562261
3055660
3775865
4050199
5002706
6513815
7058379
7605398
8454891
8458954
8622949
8933844
9165705
9623706
10618138
11116907
11116908
11116909
12486050
15020854
15522008
15722145
16207922
18702072
19520467
19527843
19709233
19949759
21937826
25005431
25389151
25796498
27904603
27934821
28749330
28836034
28855835
29107416
33268938
38304986
38314682
335938
853289
1562261
3055660
3775865
4050199
5002706
6513815
7058379
7605398
7802547
8454891
8458954
8576611
8622949
8933844
8984706
9165705
9623706
10618138
11116907
11116908
11116909
12486050
15020854
15522008
15722145
16207922
18702072
19520467
19527843
19709233
19949759
21937826
25005431
25389151
25796498
27904603
27934821
28749330
28836034
28855835
29107416
33268938
38304986
38314682
