1319357
1390106
1408357
1429455
1494450
1548099
1774320
7478762
7478767
7560233
7560387
7903444
7936718
8008430
8144461
8462782
8602339
8869494
9209128
9220164
9266340
9310704
9345789
9596720
9696261
9841777
9872112
9872116
10093527
10380648
11136127
11155173
11389867
11398993
11408950
11856276
11905002
12507842
12910663
15043121
15143039
15722627
16586023
18667985
23438051
24283398
24661318
25434334
28619155
29447068
30241862
31108759
31313892
34980222
35048047
35800217
37242661
37346862
37551648
38357799
38578969
1319357
1390106
1408357
1429455
1494450
1548099
1774320
7478762
7478767
7560233
7560387
7903444
7936718
8008430
8144461
8462782
8602339
8869494
9209128
9220164
9266340
9310704
9345789
9596720
9696261
9841777
9872112
9872116
10093527
10380648
11136127
11155173
11389867
11398993
11408950
11856276
11905002
12507842
12910663
15043121
15143039
15722627
16586023
18667985
23438051
24283398
24661318
25434334
28619155
29447068
30241862
31108759
31313892
34980222
35048047
35800217
37242661
37346862
37551648
38357799
38578969
