11724825
14532237
14711474
15194250
15194253
15695706
15855519
16148528
16165318
16996630
17021061
17609856
17619258
17714383
17825422
18227089
18828852
19033083
19178751
19202149
19258631
19283063
20335108
20864740
20864741
21075469
21299577
21381755
21532861
21689224
21711489
21711902
21711917
21849034
21893587
22850382
23329321
23571676
23809080
23814260
23906590
24481985
24533585
24883196
25154369
25272005
25948608
25950829
26038498
26038743
26838992
28028888
28085929
28161435
29244123
29272955
30767721
30952342
31018427
31555230
31787408
33633706
33744818
35432229
35953181
36436581
39003891
