1334318
1432423
1452693
1479262
1519407
1583102
1610079
1611850
1752643
1766710
1874249
1899679
2105360
2493428
2729792
3129637
3381600
3751438
7119737
7549154
7578727
7639318
7660075
7710479
7737503
7784807
7831263
7864482
7929753
7939427
7957274
8141569
8308114
8406819
8546485
8681985
8862261
9116401
9116402
9180197
9204295
9440197
9466773
9733386
9754261
9796659
9808913
9987184
10090506
10614955
10691208
10916122
11040494
11152320
11329730
11550418
11880435
11931175
11989007
12217717
12420635
12561674
12797314
12934267
15764110
15847204
15928428
15997879
16144543
16316687
16341357
16585707
16756228
16758672
17137534
17370571
17672288
18033839
18325709
18445965
18594170
18646577
18812563
19020059
19142834
19249067
19661210
20299502
20622055
20926209
20927177
20973961
21253917
21304742
21525220
21569379
21679653
21689692
21935787
22001620
22029628
22081713
22286406
22337985
22362809
22628455
23041640
23324298
23378310
23581632
23710815
24490344
24531868
24665590
24679105
24801256
25245410
25666838
26056911
26382754
26482933
28073403
28154720
29072873
29519524
29882842
29917039
30568479
30713320
30745329
30818566
30906173
30953325
31334694
32201068
32417434
33054279
33615031
34038812
34580908
35892166
37922488
38739120
39534289
