112360
212674
1368306
1426973
1598226
1812486
1946334
1946336
2108724
2113502
2119498
2121522
3121278
3141367
6801639
7487013
7588816
7630952
7816811
8226860
8251037
8382079
8435435
8448216
8804408
8841126
8901876
8917618
8953383
9180381
9354632
9368655
9427738
9591685
9599805
9636042
9649330
9657689
9711301
9750125
9933614
10066800
10099476
10187909
10233085
10350072
10412909
10508397
10521415
10561585
10682344
10748017
10760604
10773155
10807922
10856645
10920029
10926536
11029444
11076518
11160106
11202372
11217865
11230572
11274102
11327807
11381107
11405887
11418095
11418848
11423424
11427679
11489854
11526334
11532446
11595731
11687205
11809745
11841225
11857287
11867471
11948163
11955064
11978871
12023253
12032614
12040095
12057947
12080132
12126105
12146968
12160991
12196997
12206916
12213935
12356767
12437871
12438647
12441347
12469320
12477935
12501199
12514256
12549922
12562813
12594931
12615541
12626498
12634061
12670983
12706729
12727879
12785715
12829471
12880082
12885225
12907300
14605795
14616072
14645077
14645078
14709675
14791416
14996804
15007067
15028696
15032875
15038850
15047882
15073312
15111423
15126485
15139303
15165234
15169948
15195801
15229218
15289570
15347812
15466225
15502156
15526266
15549267
15550625
15629921
15726330
15773984
15775978
15805501
15891820
15968987
16059771
16079339
16085814
16102014
16170636
16172938
16233410
16234941
16245095
16284092
16303742
16311758
16328813
16361263
16407232
16442736
16488522
16549396
16628225
16629668
16707582
16816198
16854940
16857583
16864644
16897032
16999035
17027373
17040912
17088557
17090931
17098741
17107658
17122352
17210789
17211581
17213638
17229926
17321685
17322531
17351044
17353932
17371875
17410783
17417005
17417008
17417023
17420601
17461572
17484723
17542496
17545285
17554635
17664182
17690995
17704220
17804240
17905985
17959776
17977831
18000054
18097413
18165308
18239411
18312274
18342562
18344369
18353436
18391440
18419262
18419290
18419737
18424627
18460784
18477603
18483776
18497745
18519634
18641132
18643976
18718907
18728181
18846291
18974976
18983934
19070485
19118343
19169670
19202112
19213808
19286804
19309518
19324803
19395479
19397740
19409905
19443543
19482921
19625731
19666549
19767200
19863595
19913541
19915552
19956664
20018699
20061450
20110304
20133618
20178745
20231482
20299597
20345653
20363793
20363800
20399792
20408974
20532736
20586061
20630723
20631683
20716687
20727340
20934870
20979345
21041661
21071850
21149676
21155543
21183574
21226929
21267607
21282404
21368150
21528487
21533097
21569861
21607697
21612627
21637846
21687756
21774788
21819383
21875626
21887298
21896749
21924974
22021405
22153493
22188618
22289183
22304631
22307292
22322959
22395147
22398861
22403820
22460589
22473793
22474341
22562496
22645530
22657732
22665493
22733774
22744912
22805806
22868755
22869746
22878191
22928045
22954891
23012457
23112856
23185630
23192387
23201474
23204469
23271739
23275509
23297225
23298171
23306130
23316037
23339487
23340342
23351065
23368635
23384170
23388462
23407310
23430150
23449916
23456267
23484009
23497160
23512480
23527279
23573048
23574545
23619081
23621483
23626410
23651249
23678958
23721859
23759169
23796516
23811238
23895371
23910393
23913328
23918383
23919451
23940358
23969558
24076145
24218085
24244001
24255825
24271304
24301591
24306843
24333607
24335507
24349456
24367360
24388874
24412567
24509315
24510140
24519945
24548276
24558040
24573996
24585024
24590366
24598912
24637640
24677030
24722991
24798071
24810513
24867385
24874081
24904028
24933350
24959874
25107532
25109761
25127487
25139948
25141288
25149516
25152890
25231869
25231960
25303560
25384478
25385627
25453434
25454065
25479089
25496470
25527377
25536191
25540330
25633131
25653337
25661475
25662451
25662456
25662459
25701735
25777135
25780959
25809962
25825710
25887126
25928324
25940225
25970745
25971893
26009593
26030367
26040248
26058805
26063393
26078444
26150455
26175102
26200123
26237510
26256632
26278506
26317540
26320224
26331851
26335718
26348367
26442846
26468506
26476644
26490947
26508635
26517699
26525362
26606975
26611344
26655897
26662726
26707729
26724425
26766939
26769097
26839587
26867858
26879003
26896589
26921432
26956667
26967537
26979760
27026083
27035936
27079574
27092129
27110287
27142972
27212691
27223615
27232890
27264916
27309534
27328698
27339038
27345442
27372425
27381914
27443667
27449001
27486247
27488818
27558731
27558743
27588038
27613406
27613853
27643408
27660763
27685969
27688805
27690180
27693320
27731339
27742883
27794611
27822307
27836841
27837093
27840625
27846887
27888364
27891682
27902432
27908241
27911807
27911809
27943258
27989804
27998670
28007935
28008915
28058634
28074036
28106321
28107498
28127397
28128561
28165134
28194920
28231787
28235875
28276499
28287087
28302170
28303150
28325659
28330987
28344645
28365988
28369612
28394580
28401637
28407086
28423314
28430105
28445599
28450108
28457721
28464234
28464872
28469248
28479191
28544262
28580015
28585390
28616951
28630913
28667417
28718632
28720699
28732467
28744260
28769912
28803467
28814973
28887169
28944994
28963440
28970553
29017828
29023570
29061492
29068210
29101204
29165230
29167258
29177008
29178875
29239721
29241543
29269101
29273782
29297252
29315517
29413696
29420737
29437923
29462662
29464721
29485398
29527705
29542152
29556424
29575252
29601856
29608558
29644613
29753840
29754222
29867800
29883802
29891421
29896182
29902424
29922315
29959913
29988019
29991601
30002728
30006407
30036678
30039571
30050901
30061418
30063082
30068980
30071428
30080205
30084400
30126050
30127850
30150148
30151056
30202434
30203964
30275907
30286115
30303594
30389782
30389783
30409801
30409802
30412731
30413737
30414921
30423096
30439494
30520729
30540929
30552139
30552197
30552682
30619416
30626481
30660744
30675061
30710081
30802333
30819783
30852554
30857964
30868754
30949148
30973704
30976324
30987875
31000743
31015323
31015863
31029593
31048338
31069553
31087440
31131061
31132117
31139651
31161548
31198965
31284716
31303894
31347130
31356779
31377410
31397956
31421849
31426316
31434347
31485868
31511444
31542348
31551610
31563474
31577416
31584175
31591197
31601165
31649110
31736499
31744936
31755253
31767776
31831819
31890019
31899489
31932622
31939158
31942010
31953341
31960579
32013676
32024928
32064751
32067057
32092716
32102842
32117402
32157949
32181597
32194605
32216356
32222320
32224606
32233038
32245943
32266251
32269205
32281544
32301003
32379967
32382052
32388928
32391082
32411117
32449852
32453554
32464439
32467730
32476224
32496641
32497517
32523942
32528943
32536305
32551554
32560048
32599651
32636267
32645152
32665651
32668657
32670406
32732991
32754143
32823644
32851842
32863880
32872408
32915258
32946991
32949024
32986072
32997746
33169577
33171751
33180461
33196027
33208874
33253146
33263998
33326847
33411536
33419320
33519785
33556769
33576339
33576804
33610455
33638215
33640676
33649148
33650637
33659180
33727363
33728661
33768253
33810255
33811856
33821786
33878759
33897662
33926521
33972427
33976298
33993259
34002114
34084156
34087470
34092199
34106311
34108457
34184613
34201575
34212504
34232633
34248919
34249595
34286027
34295515
34320776
34323731
34340540
34370452
34371564
34384193
34395766
34446715
34454980
34461979
34541137
34559078
34599100
34664124
34685430
34705549
34727398
34750635
34759380
34761071
34813842
34834712
34851612
34914362
34920731
34943228
34956147
34982932
35024866
35087023
35119824
35145855
35172394
35188668
35201348
35248031
35400670
35439538
35475644
35478395
35541668
35639925
35704353
35705660
35727069
35743841
35768500
35813020
35814646
35830205
35845416
35864165
35878849
35917978
35944660
35947692
35958137
35958198
35988986
36013413
36029350
36057343
36091009
36109626
36204466
36227479
36252759
36290324
36295057
36322730
36338098
36403709
36510848
36523764
36536270
36550285
36551223
36573789
36602111
36604524
36619884
36653270
36657643
36682825
36685199
36702257
36708324
36753032
36764925
36791945
36805585
36810583
36819058
36842999
36859469
36864092
36871084
36876071
36926689
36935115
36940340
36966053
36979439
36990344
36998399
37007489
37032853
37080511
37102866
37134119
37152813
37155899
37162369
37180399
37189344
37219374
37236443
37239451
37252895
37259888
37296173
37300570
37318337
37349485
37387320
37504934
37515350
37531328
37550278
37579861
37637111
37648010
37668016
37678664
37706547
37728873
37787518
37791787
37813969
37850123
37856257
37894037
37925065
37977490
38065569
38068604
38118252
38145988
38185449
38204133
38248661
38255848
38266097
38314264
38336581
38346593
38354288
38357890
38358263
38362836
38409320
38419637
38441328
38468082
38497052
38546812
38600380
38609451
38627283
38633869
38647802
38650707
38731921
38763756
38773863
38791467
38823379
38971279
39038807
39056009
39151017
39188729
39204759
39269777
39279303
39313109
39345498
39455633
39463922
39471324
39500723
39527747
39591971
