1370024
10618129
11060051
11092850
11430498
16033466
16166728
17046092
19778344
20927283
23269456
23776782
27013814
27374383
28464539
31339483
36515530
1370024
9032997
9033089
9033120
9625913
10618129
11060051
11092850
11430498
11795141
11888250
12363056
14628618
15654437
15738369
16033466
16166728
16295552
17046092
17153711
17373108
18491613
19530632
19778344
20617021
20927283
23269456
23740019
23776782
24506721
24834227
25680279
26004649
26404667
26772449
27013814
27374383
27551176
27618874
28151567
28224032
28464539
29452574
29619442
29808233
31174474
31339483
31926914
35282824
35926695
36515530
36753222
38859717
