387758
1367792
1618906
1778983
1856159
2118167
2228973
2501015
2507926
2611204
2646278
2774566
2833562
2867085
3053694
3122831
3234766
3900416
3932332
6257361
6298180
6357566
6359954
6406229
6426386
7038675
7296407
7706307
7764689
7910748
8051104
8360618
8472923
8473348
8864212
9878833
10802737
11221890
11500408
11641907
12127482
12752818
12867444
12906383
15193123
15640196
16234871
16403891
16524914
16627636
17074795
17082416
17329782
17501992
18943787
18944093
18944294
19259452
19329586
19659731
19684312
19702860
19732213
20952549
21171605
21284689
21448673
21462551
21930890
22182183
22806850
23529159
23826105
23937053
23974132
24098512
24111575
24801439
24890524
25004961
25236801
25301587
25386007
25683974
26111851
26200218
26360465
26431800
26539169
26559924
26635735
26726302
27180096
27373684
27385597
27468934
28065880
28087536
28105648
28108764
28213660
28258296
28473380
28618714
28625984
28634478
28676112
28898095
29067482
29101199
29125739
29134332
29137648
29478270
29573092
29932128
29971475
30097441
30202891
30202922
30229324
30355310
30422105
30447620
30564221
30617535
30629178
30920096
30938049
30995421
31038929
31100502
31303988
31520522
31540995
31656979
31747123
31774360
31822985
32002625
32144106
32392834
32414039
32588501
32779811
33035267
33039845
33189074
33294133
33613915
33709522
33712422
33810444
34032403
34054766
34227200
34257836
34288318
34757823
34900131
34963446
35076363
35319020
35330254
35596084
35701680
36033849
36118211
36176602
36260505
36484534
36526637
36629418
36743479
36771766
36842119
36849330
36869797
36891531
36893145
37158236
37340074
37576746
37645219
37676524
37698468
37737630
37812568
37838821
37880815
38281534
38405589
38621967
38624198
38817810
38959853
387758
1367792
1618906
1778983
1856159
2118167
2228973
2501015
2507926
2611204
2646278
2774566
2833562
2867085
3053694
3122831
3234766
3900416
3932332
6257361
6298180
6357566
6359954
6406229
6426386
7038675
7296407
7706307
7764689
7910748
8051104
8360618
8472923
8473348
8864212
9878833
10802737
11221890
11500408
11641907
12127482
12752818
12867444
12906383
15193123
15640196
16234871
16403891
16524914
16627636
17074795
17082416
17329782
17501992
18943787
18944093
18944294
19259452
19329586
19659731
19684312
19702860
19732213
20952549
21171605
21284689
21448673
21462551
21930890
22182183
22806850
23529159
23826105
23937053
23974132
24098512
24111575
24801439
24890524
25004961
25236801
25301587
25386007
25683974
26111851
26200218
26360465
26431800
26539169
26559924
26635735
26726302
27180096
27373684
27385597
27468934
28065880
28087536
28105648
28108764
28213660
28258296
28473380
28618714
28625984
28634478
28676112
28898095
29067482
29101199
29125739
29134332
29137648
29478270
29573092
29932128
29971475
30097441
30202891
30202922
30229324
30355310
30422105
30447620
30564221
30617535
30629178
30920096
30938049
30995421
31038929
31100502
31303988
31520522
31540995
31656979
31747123
31774360
31822985
32002625
32144106
32392834
32414039
32588501
32779811
33035267
33039845
33189074
33294133
33613915
33709522
33712422
33810444
34032403
34054766
34227200
34257836
34288318
34757823
34900131
34963446
35076363
35319020
35330254
35596084
35701680
36033849
36118211
36176602
36260505
36484534
36526637
36629418
36743479
36771766
36842119
36849330
36869797
36891531
36893145
37158236
37340074
37576746
37645219
37676524
37698468
37737630
37812568
37838821
37880815
38281534
38405589
38621967
38624198
38817810
38959853
