8904435
10406115
10486973
10925806
11266297
11289671
11321078
11749758
11897076
11927031
12023908
12061626
12125879
12183224
12508865
12626446
12643829
12653141
12653300
12737744
12860622
14501995
15327793
15330064
15528680
15768135
15799525
15984913
16130886
16222005
16230003
16311612
16318727
16407355
16407356
16461734
16481487
16481489
16481494
16481495
16481542
16485491
16494731
16513497
16525103
16525105
16606979
16703114
16704850
16767485
16821092
16825412
16885313
16891376
16893625
16965716
17038702
17114699
17114700
17114713
17114721
17114726
17114737
17114738
17114741
17266709
17276123
17342200
17385819
17575002
17627445
17766452
18043659
18065613
18094887
18279005
18359823
18399779
18425272
18509454
18598619
18665265
18666548
18680660
18786845
19052301
19086373
19125661
19298400
19298401
19374645
19392898
19416289
19426447
19438611
19438653
19481502
19496444
19538275
19538276
19538277
19547738
19548988
19548990
19645274
19666817
20042101
20055580
20139311
20145730
20178489
20331680
20455783
20529020
20558510
20569017
20586606
20587178
20587190
20735330
20856858
20925521
21118938
21118939
21142968
21144663
21175069
21184698
21214386
21283549
21284512
21449868
21485388
21501464
21570883
21612532
21612534
21612535
21612536
21612539
21722253
21888520
21967477
21989454
21995262
22000945
22022815
22024628
22049052
22066776
22118782
22140099
22153360
22169021
22185943
22214272
22222114
22277830
22304807
22390200
22467631
22492158
22521739
22665618
22712460
23068450
23270180
23405087
23488453
23659352
23675818
23701629
23705666
23731951
23790098
23878183
24031560
24149035
24188709
24226919
24445204
24467705
24513450
24528095
24589112
24652244
24667065
24755560
24778194
24918658
25084969
25200258
25203839
25299702
25477419
25510419
25537628
25646263
25677805
25755888
25767219
25802432
25884425
25884911
25897814
25899079
25923891
26016589
26056256
26289162
26346455
26384814
26402580
26414611
26423020
26565771
26611956
26611982
26794232
26824189
26837860
26901499
26965788
26974185
26995323
27012917
27040715
27074326
27117813
27132518
27155905
27160725
27161452
27270389
27340613
27480099
27506201
27539151
27565956
27592065
27662479
27799640
27986544
27992288
28031350
28068343
28082625
28115179
28115672
28259176
28285586
28342271
28399210
28399259
28399271
28400593
28424664
28433729
28438088
28538849
28616481
28752684
28831298
28874204
28957585
29047217
29079185
29155880
29217417
29336689
29398604
29553921
29554953
29668398
29683400
29736763
29869598
29972600
29988839
30050361
30060072
30085290
30165658
30270921
30274400
30304529
30312440
30390316
30402238
30402241
30516832
30687724
30746741
30835649
30848844
30866787
30890866
30898613
30940200
30975188
31002845
31014497
31014588
31014872
31018411
31021302
31046822
31085830
31093308
31184993
31288833
31306085
31346530
31397383
31408412
31437677
31518572
31549736
31595296
31617911
31655926
31693136
31721931
31752997
31769404
31847276
31935354
32069292
32111546
32121541
32123904
32139802
32267802
32318966
32366189
32472468
32480031
32492279
32649049
32695906
32799914
32862894
32936461
33126690
33145971
33175711
33207065
33208186
33215205
33217484
33260091
33379251
33444751
33481673
33574726
33597446
33620038
33646062
33652620
33678176
33767683
33770162
33777873
33872325
33895462
33909832
34053497
34141849
34146685
34191568
34204809
34205734
34214027
34229999
34287134
34290165
34413891
34578146
34578178
34578217
34669282
34832637
34842856
34843992
34933167
34958102
34994782
35120135
35154030
35284882
35310843
35383749
35410003
35702810
35759517
35776143
35889061
35895411
36041799
36065885
36102968
36211956
36270115
36346249
36409281
36417982
36424337
36473364
36512562
36542675
36557744
36558737
36585292
36598595
36649293
36869137
36950155
36986313
36991491
37042290
37080265
37086017
37099997
37399133
37512886
37623958
37639804
37708802
37768388
37793492
38015408
38159641
38254213
38422214
38476524
38550787
38655084
38788400
38855195
38981408
39013372
39025537
39108490
39165786
39188899
39277155
39348408
39370417
39383151
8904435
10406115
10486973
10925806
11266297
11289671
11321078
11749758
11897076
11927031
12023908
12061626
12125879
12183224
12508865
12626446
12643829
12653141
12653300
12737744
12860622
14501995
15327793
15330064
15528680
15768135
15799525
15984913
16130886
16222005
16230003
16311612
16318727
16407355
16407356
16434226
16461734
16481487
16481489
16481494
16481495
16481542
16485491
16494731
16513497
16525103
16525105
16606979
16703114
16704850
16767485
16821092
16825412
16885313
16891376
16893625
16965716
17038702
17114699
17114700
17114713
17114721
17114726
17114737
17114738
17114741
17266709
17276123
17342200
17385819
17575002
17627445
17766452
18043659
18065613
18094887
18279005
18359823
18399779
18425272
18509454
18598619
18665265
18666548
18680660
18786845
19052301
19086373
19125661
19298400
19298401
19374645
19392898
19416289
19426447
19438611
19438653
19481502
19496444
19538275
19538276
19538277
19547738
19548988
19548990
19645274
19666817
20042101
20055580
20139311
20145730
20178489
20331680
20455783
20529020
20558510
20569017
20586606
20587178
20587190
20735330
20856858
20925521
21118938
21118939
21142968
21144663
21175069
21184698
21214386
21283549
21284512
21449868
21485388
21501464
21570883
21612532
21612534
21612535
21612536
21612539
21722253
21888520
21967477
21989454
21995262
22000945
22022815
22024628
22049052
22066776
22118782
22140099
22153360
22169021
22185943
22214272
22222114
22277830
22304807
22390200
22467631
22492158
22521739
22665618
22712460
23068450
23270180
23405087
23488453
23659352
23675818
23701629
23705666
23731951
23790098
23878183
24031560
24149035
24188709
24226919
24445204
24467705
24513450
24528095
24589112
24652244
24667065
24755560
24778194
24918658
25084969
25200258
25203839
25299702
25477419
25510419
25537628
25646263
25677805
25755888
25767219
25802432
25884425
25884911
25897814
25899079
25923891
26016589
26056256
26204016
26289162
26346455
26384814
26402580
26414611
26423020
26565771
26611956
26611982
26794232
26824189
26837860
26901499
26965788
26974185
26995323
27012917
27040715
27074326
27117813
27132518
27155905
27160725
27161452
27270389
27340613
27480099
27506201
27539151
27565956
27592065
27662479
27799640
27986544
27992288
28031350
28068343
28082625
28115179
28115672
28259176
28285586
28342271
28399210
28399259
28399271
28400593
28424664
28433729
28438088
28538849
28616481
28752684
28831298
28874204
28957585
29047217
29079185
29155880
29217417
29336689
29398604
29553921
29554953
29668398
29683400
29736763
29869598
29972600
29988839
30050361
30060072
30085290
30165658
30270921
30274400
30304529
30312440
30390316
30402238
30402241
30419355
30516832
30687724
30746741
30835649
30848844
30866787
30890866
30898613
30940200
30975188
31002845
31014497
31014588
31014872
31018411
31021302
31046822
31085830
31093308
31184993
31288833
31306085
31346530
31397383
31408412
31437677
31518572
31549736
31595296
31617911
31655926
31693136
31721931
31752997
31769404
31847276
31935354
32069292
32111546
32121541
32123904
32139802
32267802
32318966
32366189
32472468
32480031
32492279
32649049
32695906
32799914
32862894
32936461
33126690
33145971
33175711
33207065
33208186
33215205
33217484
33260091
33379251
33444751
33481673
33574726
33597446
33620038
33646062
33652620
33678176
33767683
33770162
33777873
33872325
33895462
33909832
34053497
34141849
34146685
34191568
34204809
34205734
34214027
34229999
34287134
34290165
34413891
34578146
34578178
34578217
34669282
34832637
34842856
34843992
34933167
34958102
34994782
35120135
35154030
35284882
35310843
35383749
35410003
35702810
35759517
35776143
35889061
35895411
36041799
36065885
36102968
36211956
36270115
36346249
36409281
36417982
36424337
36473364
36512562
36542675
36557744
36558737
36585292
36598595
36649293
36869137
36950155
36986313
36991491
37042290
37080265
37086017
37099997
37399133
37512886
37623958
37639804
37708802
37768388
37793492
38015408
38159641
38254213
38422214
38476524
38550787
38655084
38788400
38855195
38946645
38981408
39013372
39025537
39108490
39165786
39188899
39277155
39348408
39370417
39383151
