563216
879770
1199976
2519268
2867738
3124741
4084861
5370458
5541030
6168176
6686488
7125652
7195191
8481001
10319502
11375193
12180951
16348287
17235560
18839246
20880288
20922382
22443874
22916936
23834656
24612258
27242724
27696632
28175950
28707415
28789673
29445454
29796256
31811042
32783055
33013723
33021004
33868186
33924248
34361963
36592753
36748461
37774792
39393609
563216
879770
1199976
2519268
2867738
3124741
4084861
5370458
5541030
6168176
6686488
7125652
7195191
8481001
10319502
11375193
12180951
16348287
17235560
18839246
20880288
20922382
22443874
22916936
23834656
24612258
27242724
27696632
28175950
28707415
28789673
29445454
29796256
31811042
32783055
33013723
33021004
33868186
33924248
34361963
36592753
36748461
37774792
39393609
