65934
85287
120121
1119743
1167440
1168671
1280652
1303699
1524333
1742195
1881498
2109022
2133033
2617697
2643581
2818800
3043074
3131271
3327115
3441678
3759239
3793869
3886692
3914000
3998101
4219148
6454654
6461912
6517656
6690407
6764267
6803323
6849546
6926783
7080828
7181231
7339808
7339809
7368322
7508456
7512868
7521248
7582293
7614969
7698120
7802547
7843176
7872769
8218698
8647835
8727884
8815108
8818899
8852465
8909856
8940431
9041415
9466781
9508306
9519237
9524834
9611792
9701858
9730300
10332833
10728814
10887569
10921982
11023758
11081578
11090265
11326044
11595991
11810603
11856272
11864116
12010600
12228816
12653327
12692101
14568159
14715731
15224288
15243469
15280280
15388708
15636291
15704450
15861339
16004943
16082002
16133412
16266669
16308217
16632407
16804438
16913582
17414407
17504049
17537950
17972827
18048929
18057130
18166593
18291698
18325250
18397261
18488259
18565777
18619826
18647877
19155183
19527843
19694759
19726604
20154623
20466195
20542204
20621319
20639227
20679055
20688816
20693362
20884154
21038143
21955184
22099521
22240424
22639317
22648896
22683341
23027189
23040511
23267789
23419367
23664674
23827995
23875055
23991261
24270133
24386332
24900008
25135595
25444043
25487637
25539638
25676521
26039275
26185308
26205865
26282361
26468990
26474394
26508940
26619504
26723913
27262751
28043563
28043629
28127232
28194371
28224727
28317808
28438086
28512635
28719321
28809146
28836034
28855835
28990320
29188063
29379726
29515197
29617415
29760130
29798927
29799845
29915369
29930060
29939124
30370055
30573983
31078494
31210631
31414634
31582459
31793510
31813432
31939254
32065818
32234012
32353074
32605502
32720607
33162087
33184164
33268938
33273186
33427803
33570090
33847796
34049891
34389186
34540154
34641777
34801906
35018556
35090639
35306950
35532283
35891688
35914904
35960778
35999933
36174743
36629094
36721630
37202495
37219996
37458195
37681986
37890917
38248939
38500796
38523690
38858499
39006735
39149438
39366580
