10319516
11700346
12450843
12480905
12514060
15049921
16963554
17092294
17978576
18319611
19181832
19187512
20047678
20382791
20639337
21040749
21310089
21791029
21973322
21986725
22266385
22456518
22538467
23517317
23632277
26185096
28713341
29476343
30369854
30823165
33048592
33082727
34202208
35678052
35852904
36292857
36358221
36760056
37508210
37669173
38814237
39175270
10319516
11700346
12450843
12480905
12514060
15049921
16963554
17092294
17978576
18319611
19181832
19187512
20047678
20382791
20639337
21040749
21310089
21791029
21973322
21986725
22266385
22456518
22538467
23517317
23632277
26185096
28713341
29476343
30369854
30823165
33048592
33082727
34202208
35678052
35852904
36292857
36358221
36760056
37508210
37669173
38814237
39175270
