7557342
7646024
7680125
8085828
8352795
8581160
8824608
8920196
8979350
9113732
9168619
9285771
9285772
9322373
9387232
9627391
9631543
9647799
9732444
9835561
10099559
10390868
10473401
10579197
10732680
10810157
10931207
10960102
11054459
11166999
11238969
11265472
11265485
11302503
11523890
11590605
11594624
11679745
11786010
12018246
12076797
12209774
12364611
12382112
12625835
12814622
12963366
14560054
14593916
14593917
14660638
15046597
15289678
15299966
15388233
15752361
16082555
16348824
16349338
16403873
16511254
16535035
16547022
17006740
17206372
17399996
17448557
17768360
17849086
18040603
18197971
18287175
18500585
18576007
18629900
18633289
18719905
19082632
19125220
19220019
19361983
19534765
19551880
19834705
19914575
20138890
20391772
20418388
20662765
20730758
20950419
21145325
21345211
21795792
21887647
21918796
22034176
22093829
22112909
22232172
22319214
22914897
22985598
23149756
23519419
23524680
23593237
24013293
25024928
25116280
25467925
25573749
25711178
25978307
26053393
26187666
27166592
27331105
27496759
27678115
28142197
30147748
30463055
30885654
30968346
31472408
31550489
31555904
31685873
31986559
32132982
32335116
33117864
33233217
33254443
33788126
33873006
34442767
34748729
36138797
36233345
36244922
37654510
38990377
