1748877
2332385
2454075
3178205
3357788
7538278
8880472
10319502
10564787
10792550
10873531
11375193
15831135
16348322
16349244
16887560
17235560
18045396
18839246
21822435
22365224
22692875
23624710
23653262
24053023
24883184
24913652
25424901
25606402
26142428
26399366
26440022
26868619
26928330
27451293
27805413
28265975
28707415
29179547
29385456
29717516
30208688
31441137
31718315
31992377
32211529
32580813
32693843
32718368
32842565
33413702
33426036
34361963
34454748
34859032
35225178
35840400
35923394
36184578
36272178
36611637
36766266
36814572
36830527
37276023
38023376
38197588
38928432
39144081
