13763
67763
67764
67765
317283
326221
383040
468715
468716
511786
516163
543774
548700
565628
683024
736548
808060
865304
1004283
1367428
1906451
2548068
3013797
3170342
3232203
3249570
3755429
3840789
3916950
3938519
4207504
4227372
4875407
5264775
5370182
5438292
6030366
6336571
6400781
6400784
6443864
6803104
6897941
6965440
6968745
6983522
7144605
8529875
8581159
8823507
8823508
8823520
9599276
10937435
11306350
11325225
11376004
12444703
13041183
13363414
13765530
14095849
14420064
14420065
18310024
19233921
20154329
23455197
23665958
25697286
26180806
26437421
27005505
27693622
27829923
28476707
28791099
29558441
29691661
30015485
30474984
31357504
31568727
31635159
31750037
31769919
32073277
33876406
34031507
34201365
34410142
34800877
35012331
35572656
35689687
35694476
35876054
36192707
37354440
38921573
