17028153
19643808
20167231
20375110
21949030
22427434
22442234
23100670
24753612
25416288
26494835
26913819
26988014
27008516
27119437
28539650
29723391
29743482
30284641
30930880
31062027
31598756
32140734
32238622
32447729
32624879
35323482
35406890
37112811
37655901
37765415
37802363
38535472
39172638
39488836
17028153
19643808
20167231
20375110
21949030
22427434
22442234
23100670
24753612
25416288
26494835
26913819
26988014
27008516
27119437
28539650
29723391
29743482
30284641
30930880
31062027
31598756
32140734
32238622
32447729
32624879
35323482
35406890
37112811
37655901
37765415
37802363
38535472
39172638
39488836
