8863440
9336896
11931176
15023959
15678910
17382344
19288138
20846361
21671196
22377407
23093033
23105086
23352141
24790761
24800394
24885756
25048158
25150113
25274019
25380720
25382928
26026381
27155523
27567126
27999443
29407617
30685619
31176810
32302772
33316342
33646381
33668691
34015495
34493419
34758070
36748480
36864500
37235036
38825090
39248435
39484079
8863440
9336896
11931176
15023959
15678910
17382344
19288138
20846361
21671196
22377407
23093033
23105086
23352141
24790761
24800394
24885756
25048158
25150113
25274019
25380720
25382928
26026381
27155523
27567126
27999443
28095910
29407617
30685619
31176810
32302772
33316342
33646381
33668691
34015495
34493419
34758070
36748480
36864500
37235036
38825090
39248435
39484079
