50761
69418
75712
82552
458423
479112
833570
848936
1744035
2061298
2307628
2307629
2424384
2425918
2439878
2657820
2903148
3341771
3366687
3410824
3693123
3693125
6129895
6153909
6156659
6165448
6175616
6175617
6328317
6369354
6690428
7764965
7793962
7868592
8143745
8163173
8319696
8387146
8655526
8722569
9228745
10220165
10802191
11707334
12137999
15112998
15186422
19067455
19129667
20154329
21478647
21869859
22184928
22244790
22272079
23423168
24619547
24638932
24891741
24948949
26785934
26985927
27020867
27141751
27176604
27400968
27563047
27878284
28033726
29672160
30058033
30250135
30647645
31028438
31654037
32250597
33719954
34475427
34830114
34909841
35200643
36185028
36828245
37323895
38216871
38262082
39192638
39406173
39552608
39577532
50761
69418
75712
82552
458423
479112
833570
848936
1744035
2061298
2307628
2307629
2424384
2425918
2439878
2657820
2903148
3341771
3366687
3410824
3693123
3693125
6129895
6153909
6156659
6165448
6175616
6175617
6328317
6369354
6690428
7764965
7793962
7868592
8143745
8163173
8319696
8387146
8655526
8722569
9228745
10220165
10802191
11707334
12137999
15112998
15186422
19067455
19129667
20154329
21478647
21869859
22184928
22244790
22272079
23423168
24619547
24638932
24891741
24948949
26785934
26985927
27020867
27141751
27176604
27400968
27563047
27878284
28033726
29672160
30058033
30250135
30568692
30647645
31028438
31654037
32250597
33719954
34475427
34830114
34909841
35200643
36185028
36828245
37323895
38216871
38262082
39192638
39406173
39528236
39552608
39577532
