1352408
1398971
1446666
1564335
1682267
1748867
1770363
2275858
7476204
7496519
7505770
7539688
7557417
7559341
7642131
7646377
7663404
7689774
7696988
7696989
7709056
7740758
7747974
7801518
7881895
7909183
7912871
7921259
7953579
7961683
8004537
8045432
8048905
8128604
8169216
8172614
8236773
8299956
8330022
8370546
8378606
8460991
8525095
8525101
8566792
8654969
8685533
8709840
8844574
8870192
8914257
8917091
8934658
8936315
8955641
8961550
8975936
9006863
9031642
9043132
9100327
9125362
9133062
9139899
9171415
9204500
9224884
9423871
9442937
9481841
9578765
9612983
9685925
9720870
9791869
9791871
9868785
10024434
10024571
10085580
10360577
10376104
10400570
10451731
10459657
10481080
10537206
10614512
10665539
10735861
10783302
10840576
10946146
11164307
11230927
11244078
11267795
11295335
11402641
11443078
11491224
12012869
12030966
12052334
12243270
12270270
12488080
12667188
12702113
14563879
15084013
15294315
15330985
15379442
15379443
15601721
15814600
15917134
16019243
16055232
16280202
16280206
16294005
16490719
16624707
16716540
16788189
17007433
17020135
17250860
17347396
17418598
17468768
17513472
17681435
17693723
18310333
18621488
19019570
19088904
19166891
19196436
19239925
19272343
19285440
19327404
19409584
19502408
19631992
19853681
19895640
20050159
20071558
20208163
20303191
20594602
20655152
21124876
21309465
21395787
21397709
21430786
21492433
21596496
21990366
22019290
22027840
22197966
22266683
22293440
22458248
22698300
22909990
22939796
23084506
23112874
23332560
23343097
23395621
23542117
23564177
23748018
24140335
24315430
24332828
24452162
24477473
24698131
24703249
24736003
24761738
24886510
24973004
24973007
25124770
25271288
25454866
25669597
25740778
25742734
25796133
25891425
25937315
25953734
25977404
26159406
26404593
26407552
26673897
26746387
26753343
27044157
27047136
27168406
27259362
27317761
27320815
27379247
27659898
27687922
28202796
28338081
28343363
28461081
28484704
28560223
28749020
28959685
28983925
28992932
29105601
29363571
29415761
29436426
29513739
29628922
29685216
30002960
30042200
30157841
30255574
30255576
30260992
30502907
30625417
30627862
30696445
30906742
30942188
31109750
31296905
31298215
31370310
31439030
31500737
31594981
31662462
31756638
31917824
31969162
32053674
32066637
32215910
32357840
32768234
33033301
33140726
33344526
33622590
33778952
33822150
33840488
33921469
34063612
34227837
34228610
34370779
34399828
34485440
34631855
34883297
34897647
34904916
34934457
35031870
35074618
35264235
35327150
35421686
35624131
35705578
35774977
35809504
36337205
36343421
36454014
36496756
36532333
36532358
36686194
37080086
37235164
37572417
37794558
37887740
38006721
38014543
38262937
38288162
38338124
38975649
38996749
