11411705
11823224
12747407
16269673
16599999
16623742
16907817
16950905
16978429
17430918
17921266
17981942
18936936
21140219
22247534
23124230
25064656
25193709
26082119
26611167
29550118
30100507
30690292
32626372
33204313
33648280
34401360
36468876
38062054
38428763
38490552
39595229
11411705
11823224
12747407
16269673
16599999
16623742
16907817
16950905
16978429
17430918
17921266
17981942
18936936
21140219
22247534
23124230
25064656
25193709
26082119
26611167
29550118
30100507
30690292
32626372
33204313
33648280
34401360
36468876
38062054
38428763
38490552
39595229
