10555349
10620720
10985751
11092875
11155999
11166804
11413211
11491326
11571174
11916732
12029520
12177323
12234008
12270840
12384297
12911701
13129958
14684923
14722690
15262940
15281930
15292139
15462523
15644929
15869470
15900973
15925553
16047097
16127558
16233803
16233885
16329972
16360806
16479355
16512210
16765840
16934215
16956644
17309498
17381741
17406771
17574542
17608626
18060666
18062225
18177965
18321602
18340630
18662807
19139238
19340412
19516988
19688374
19775431
20026003
20148520
20361236
20549443
20666985
20697694
20802042
21103984
21190439
21304715
21540065
21809982
21934327
22188488
22350020
22814372
22815581
22847268
23040392
23352842
23624722
23634840
23987457
24031296
24031435
24717418
24974195
25049167
25071746
25323530
25369873
25489849
25574602
25576305
25685397
25736602
26208466
26652262
26809283
26914247
27487256
27716345
27774087
27886654
27920768
28321482
28324369
28484812
28497061
29746246
30136440
30202643
30404971
30638505
30890610
31146522
31270958
31652968
31921261
31947822
32562424
32621793
32767544
32829838
32965535
33035671
33240578
33285429
33383369
33591385
33667548
33808642
33920684
33992405
34390353
34542687
34584841
34709058
34833106
34834799
35060090
35072518
35104604
35675214
35955667
36374093
36483966
36840083
37520375
37651089
37764053
37765372
37787923
37843794
38038458
38091601
38999559
