1295759
1401025
1416848
1629348
2636263
7499920
7529241
7548540
7548555
7765091
7840599
8109929
8285647
8324144
8517721
8822060
8878617
9143131
9283136
9310641
9310670
9310711
9340341
9620424
9638871
9747333
10543754
10655376
10795599
10882699
10952584
11041346
11082195
11099090
11120995
11158153
11160104
11266423
11283090
11728723
11853565
11858906
11864089
11864112
12384389
12889732
14535543
14576144
15496398
16805318
16842362
16887503
16887567
16887572
16887594
16887620
16887629
17152920
17334062
17612256
17822332
18018418
18066702
18709355
18814799
19860320
20919496
21753800
21861307
22309113
22722865
23216550
23338012
23766444
23824372
23951007
24336217
24468803
25192966
25209713
25549405
25559197
25796741
26045269
26075636
26349116
26423887
26563823
27381339
27910234
28004480
28153960
28558854
28622862
29090023
29158284
29432061
29494510
29545163
29964041
29987405
30022049
30151274
30718429
30904939
30962433
30982727
31123167
31177942
31216949
31798864
32160858
32330749
32631819
32708991
33114761
33430766
33711649
33773110
33790426
34320208
34358434
34650532
34883252
34903181
34912873
35173707
35280499
35458219
35468931
36645886
36707683
36765864
36830905
37062383
37124355
37368331
37414148
37506789
37723166
37748599
37876296
37919437
38385739
38514648
38585649
38684664
38750791
39046973
39059820
39286351
39338940
39399486
39429772
39435037
39526138
39539377
39609271
1295759
1401025
1416848
1629348
2636263
7499920
7529241
7548540
7548555
7765091
7840599
8109929
8285647
8324144
8517721
8822060
8878617
9143131
9283136
9310641
9310670
9310711
9340341
9620424
9638871
9747333
10543754
10655376
10795599
10882699
10952584
11041346
11082195
11099090
11120995
11158153
11160104
11266423
11283090
11728723
11853565
11858906
11864089
11864112
12384389
12889732
14535543
14576144
15496398
16805318
16842362
16887503
16887567
16887572
16887594
16887620
16887629
17152920
17334062
17612256
17822332
18018418
18066702
18709355
18814799
19860320
20919496
21753800
21861307
22309113
22722865
23216550
23338012
23766444
23824372
23951007
24336217
24468803
25192966
25209713
25549405
25559197
25796741
26045269
26075636
26349116
26423887
26563823
27381339
27910234
28004480
28153960
28558854
28622862
29090023
29158284
29432061
29494510
29545163
29964041
29987405
30022049
30151274
30718429
30904939
30962433
30982727
31123167
31177942
31216949
31798864
32160858
32330749
32631819
32708991
33114761
33430766
33711649
33773110
33790426
34320208
34358434
34650532
34883252
34903181
34912873
35173707
35280499
35458219
35468931
36645886
36707683
36765864
36830905
37062383
37124355
37368331
37414148
37506789
37723166
37748599
37876296
37919437
38385739
38514648
38585649
38684664
38750791
39046973
39059820
39286351
39338940
39399486
39429772
39435037
39526138
39539377
39609271
