8186089
11416170
11920445
12392522
12807189
15345407
15653875
15669111
15879268
16332741
16405699
16488097
17064773
17467096
17617699
17625213
17896139
17909869
18375560
18486251
18625271
18931878
19148779
19191963
19228254
19269812
19371139
19933584
19966000
20108054
20180574
20547353
21380813
21635192
21689928
21904670
22491138
22493193
22771926
23256613
23718003
23920242
24275987
24699814
24741155
24950313
25025053
25074353
25351626
25359909
25509395
25555227
25691925
25737203
25910648
25912554
26299708
26373943
26520833
26604345
26836214
27030978
27033910
27131876
27157571
27212608
27687995
27792456
27856038
28204884
28330259
28568514
28638622
28704498
29082251
29180048
29359694
29551214
29721823
29729222
29775248
29867835
30022499
30030652
30523478
30609880
30636568
30678579
30758905
30900037
30955229
31155256
31325573
31521346
31675066
32624752
33139122
33255160
33321372
33542934
33773667
33948850
33969441
34003543
34173840
34241654
34241696
34491390
34912320
35011455
35305158
35492492
35559145
35655367
35793970
35834024
36010402
36029413
36122732
36138785
36167213
36296359
36370939
36743572
37036517
37209775
37233237
37267284
37293221
37454356
37610439
37615783
37628044
37673385
37839602
37982968
38256844
38453118
38667771
38758965
38789671
38933037
38950800
39111491
39113961
39244372
