1697579
1712358
1871426
2211498
2211527
2332410
2757188
2768198
3010560
3117724
3519581
3667219
7607178
7733453
7756323
7954112
8875913
8939799
8955327
9298648
9298653
9305754
9371427
9519405
9651487
10561471
10878129
10896212
11532147
12535068
12535069
14673515
14976421
15662018
16535161
16857386
18400234
19062635
21141472
21382496
21605565
22129229
22138255
22860908
23324436
23991113
24586297
24595068
24746850
24771723
25615963
26612395
27445378
27602526
27760404
27808161
27999573
28698604
28987622
29072824
29283021
29362879
32934267
35485441
38718863
1697579
1712358
1871426
2211498
2211527
2332410
2757188
2768198
3010560
3117724
3519581
3667219
7607178
7733453
7756323
7954112
8875913
8939799
8955327
9298648
9298653
9305754
9371427
9519405
9651487
10561471
10878129
10896212
11532147
12535068
12535069
14673515
14976421
15662018
16535161
16857386
18400234
19062635
21141472
21382496
21605565
22129229
22138255
22860908
23324436
23991113
24586297
24595068
24746850
24771723
25615963
26612395
27445378
27602526
27760404
27808161
27999573
28698604
28987622
29072824
29283021
29362879
32934267
35485441
38718863
