20219
60233
60348
68670
71172
121847
234507
414802
723581
743649
776254
782606
811645
1023417
1253000
1260526
2974759
3054740
3190205
3490015
3490016
4301212
4359387
4632321
4789547
5496186
5713920
6056614
6157322
6322944
6374834
6434640
6546936
6645030
7171830
7339446
7667041
8063111
8755899
10348754
10952602
12435671
12567299
13272723
13539000
13749893
15616287
15825417
16318912
17540669
18367575
18574654
23278501
24543210
24876090
31162020
31899504
32141256
33930160
34362870
34394024
34963470
36362240
36853013
38146567
38245675
39082859
39162471
20219
60233
60348
68670
71172
121847
234507
414802
723581
743649
776254
782606
811645
1023417
1253000
1260526
2974759
3054740
3190205
3490015
3490016
4301212
4359387
4632321
4789547
5496186
5713920
6056614
6157322
6322944
6374834
6434640
6546936
6645030
7171830
7339446
7667041
8063111
8755899
10348754
10952602
12435671
12567299
13272723
13539000
13749893
15616287
15825417
16318912
17540669
18367575
18574654
23278501
24543210
24876090
31162020
31899504
32141256
33930160
34362870
34394024
34963470
36362240
36853013
38146567
38245675
39082859
39162471
