1563798
1930556
2768470
3139706
8486241
9542946
10765032
11348001
11759753
15023964
15341329
16715811
17012583
18545840
19197977
21247722
22417292
22524539
22970112
24099937
24682877
24854211
25252051
25583334
26798095
26825089
26893413
30039866
30474192
31084036
31654082
32173451
32585357
32950638
34186154
34280771
34307285
34451461
34989613
35278639
35369605
35598068
35810964
36591266
38204197
38540055
1563798
1930556
2768470
3139706
8214815
8486241
9542946
10765032
11348001
11759753
15023964
15341329
16715811
17012583
18545840
19197977
21247722
22417292
22524539
22970112
24099937
24682877
24854211
25252051
25583334
26798095
26825089
26893413
30039866
30474192
31084036
31654082
32173451
32585357
32950638
34186154
34280771
34307285
34451461
34989613
35278639
35369605
35598068
35810964
36591266
38204197
38540055
