1368202
1544472
1547954
1588310
1612455
1618327
1708376
1729206
1732208
1740151
1840640
1999200
2011746
2024119
2046656
2055472
2066335
2150305
2180909
2185216
2185226
2199328
2228978
2234082
2294090
2335200
2446657
2469627
2575703
2676983
2681144
2753855
2834338
3036768
3073187
3127376
3170573
3220254
3246584
7533884
7557329
7557457
7649863
7737473
7737500
7763960
7770773
7849045
7883182
7923474
7961464
7984112
7997161
8020754
8060179
8107683
8132579
8159169
8166559
8166562
8175491
8239577
8300523
8300527
8311450
8346223
8373367
8386127
8416893
8449313
8508800
8574403
8605248
8830278
8885397
8939702
9163954
9221705
9249068
9335291
9353926
9374862
9383462
9393448
9412406
9422686
9493390
9546194
9563840
9613575
9636144
9684306
9694676
9710562
9714812
9720036
9735285
9782491
9918396
9973557
10099281
10344576
10382030
10514261
10517588
10557369
10559177
10580387
10589718
10594828
10631973
10632721
10652287
10662692
10716705
10729265
10792725
10862681
10865441
10908112
10908114
10972798
11129052
11230695
11266596
11320507
11358694
11386344
11555300
11689246
11745148
11745157
11755398
11832501
11851419
11870604
11994157
11996558
12028378
12089005
12120151
12125822
12144921
12148283
12435693
12698320
12755706
12760684
12811585
12838613
12876795
12904561
12967008
14685317
14693532
14695521
14741361
15032488
15099909
15256208
15257441
15378341
15480942
15530995
15538554
15575696
15609849
15925898
15954528
15969029
15977074
16075093
16232629
16491356
16599991
17025015
17033784
17049185
17190446
17351771
17369815
17482861
17922209
17936622
17956638
18039355
18223111
18295883
18430483
18492804
18523858
18623054
18685110
18709395
18836015
19075827
19140479
19196758
19331655
19343260
19447953
19625248
19713994
20050920
20081823
20189106
20567260
20709115
20711345
21090267
21095573
21134745
21175699
21301753
21602344
21626147
21841022
22048617
22401291
22556031
22847261
22994159
23116287
23324121
23592181
23604533
23793130
23795479
23804312
24051314
24118942
24236194
24341557
24422636
24564366
24615062
24704088
24793123
24931311
24957249
24957627
25009237
25042891
25223458
25250723
25294017
25391994
25471184
25487885
25549616
25666682
26272095
26432460
26468041
26519391
26552796
26587559
26644570
26827769
27090497
27215341
27247389
27255285
27401975
27436608
27637875
27709326
27709581
27718094
27744113
27794466
27913417
27987242
28324355
28348024
28567527
28601893
28760847
29038257
29058657
29062926
29120674
29310855
29402941
29439982
29548983
29583114
29634237
29686136
29887264
29931578
30003380
30303579
30632732
30657660
30697347
30891508
30951293
30997553
31016583
31040353
31399864
31447118
31601908
31775761
32078772
32727097
32766231
33363524
33497965
33760930
34277577
34417623
34579580
34595157
34969972
35150130
35175627
35181108
35350638
35445005
35561342
35717184
35736442
35821431
36075984
36121904
36220451
36309458
36593203
36985197
37198736
37283056
37327570
37392219
37726290
38279045
38714645
38797723
38980040
39045837
39068336
39099750
39118116
39485551
39558883
