3356228
3426156
3597755
7240403
8850133
9381794
9884842
10464962
11060050
11491080
11709346
12384342
12732965
15128530
15653915
15920899
16139515
17313481
18503178
18625772
18937848
19159973
19567344
20495273
21212944
23056610
23924881
24291178
25107968
26029910
27051581
28587869
30158920
31527387
31707486
32656682
32803348
33903106
34864291
36150625
37468064
39265097
39496672
39521156
3356228
3426156
3597755
7240403
8850133
9381794
9884842
10464962
11060050
11491080
11709346
12384342
12732965
15128530
15653915
15920899
16139515
17313481
18503178
18625772
18937848
19159973
19567344
20495273
21212944
23056610
23721991
23924881
24291178
25107968
26029910
27051581
28587869
30158920
31527387
31707486
32656682
32803348
33903106
34864291
36150625
37468064
39265097
39320100
39496672
39521156
