12198486
12221284
12523937
12654910
12710603
12899618
14670951
14747991
15004012
15013394
15159558
15159584
15452124
15466046
15708971
15740741
15999223
16171384
16336192
16724745
18556790
18799462
18922794
19441796
19968989
20426480
20497279
20543053
20821249
21339299
21426303
21791951
22265897
22608735
22961810
23132856
23532050
25171165
25294408
26116676
26858252
26929175
27019671
27169553
27263016
27664455
27872187
28118504
29052930
29266479
29367339
29467823
29713374
30387796
30686922
31067636
31672746
32114675
32833226
32917758
33049124
33355108
33439094
33735458
34240737
34411561
34611726
35111741
35869373
35916229
36604822
36761850
37800973
38084944
38161374
38568197
39264205
