18768629
19733991
22217755
23845309
25211052
25846933
27637884
28634639
28966892
29472795
30269313
30291951
31027777
32003005
32577852
32782740
32943064
33010917
33066358
33303674
33603999
34087771
34216360
34484136
34850868
35138243
36173591
36627394
37204105
37372522
38258019
38495295
38564984
38833293
39061905
39335836
18768629
19733991
22217755
23845309
25211052
25846933
27637884
28634639
28966892
29472795
30269313
30291951
31027777
32003005
32577852
32782740
32943064
33010917
33066358
33303674
33603999
34087771
34216360
34484136
34850868
35138243
36173591
36627394
37204105
37372522
38258019
38495295
38564984
38833293
39061905
39335836
