3275319
9841130
10196774
11823217
14529177
14529184
15613003
16108800
16166726
16347015
16416914
16535615
16854485
16876896
17012570
17235561
17241337
17241343
17303279
17477266
18164531
18469121
18543129
18567684
18713288
19219990
19465528
19933353
20051202
20383505
20423154
20452078
20501049
20510789
20691585
20696488
21169426
21204877
21683465
22150460
22339691
22938835
22986194
23234432
23465901
23685467
23770909
23822770
25087204
25129723
25320181
25404550
25437059
26497010
27877164
27979937
28375570
28399996
28754020
29077972
29259592
30090096
30233527
30263311
30695123
31027782
31377413
32556932
32625421
32625425
32760353
33613490
34053540
35010147
35163449
36271552
38225126
38395395
38532705
38823870
