931813
993129
3322702
3326439
3840796
4836651
6443786
8757689
10333524
11426658
11451671
11801575
12670683
13994057
14500018
14700629
15038738
15563836
15641796
15730252
16079135
16416127
16816183
18215775
18824121
19362643
19787206
20189107
20522559
20571619
21187288
21261857
21267757
21854515
22001323
22313766
22555913
23393924
23563553
23791641
23913424
23995809
24828290
25128151
26497174
26711896
27227740
27858138
28274136
28762559
28955453
32005241
32760700
33189073
33598451
33750383
34194892
34252982
35189143
38511621
38543033
39215690
931813
993129
3322702
3326439
3840796
4836651
6443786
8757689
10333524
11426658
11451671
11801575
12670683
13994057
14500018
14700629
15038738
15563836
15641796
15730252
16079135
16416127
16816183
18215775
18824121
19362643
19787206
20189107
20522559
20571619
21187288
21261857
21267757
21854515
22001323
22313766
22555913
23393924
23563553
23791641
23913424
23995809
24828290
25128151
26497174
26711896
27227740
27858138
28274136
28762559
28955453
32005241
32760700
33189073
33598451
33750383
34194892
34252982
35189143
38511621
38543033
39215690
