27046
104473
104692
118159
120650
121178
412477
809283
824039
827459
1202872
2415501
3927113
4209347
4211208
4211963
4216336
4340261
4713154
5138643
6327677
6420386
6432761
6783114
6788741
6815147
7247372
7271921
8405922
8469176
8652116
9023208
10096868
10547442
13406220
14324921
15933036
17329897
17720782
18245244
18355284
19998037
20410933
21040271
21152320
21868801
23934498
23983106
24690915
25757034
26787762
29308173
29551019
30131946
30543288
30560563
31917409
32865699
33519784
33746192
33788146
34923648
37300712
37466996
38650871
39545733
