1425729
1435948
1498150
1506332
2293032
2745762
7537058
7620008
7673554
7928806
7935727
8544221
8573505
9114399
9157134
9228480
9542093
9840712
10425784
10971157
11192495
11193319
11306835
11431917
11464085
12596292
12702479
14673241
15023976
15055871
15064817
15287385
15335193
16060390
16166713
16331777
16351482
17374898
17570990
17572044
18072240
18312570
18471862
18516465
19361807
19366439
19398458
19535755
19832708
21498753
21595667
21771689
23216681
23567231
23569953
23913189
24031500
24421815
24884595
25175139
25348540
27031902
27613736
27882160
27999029
28112090
28353613
28870771
31339486
31495097
31889503
32146457
32310744
32415818
33170499
33527702
34031507
34408177
34928201
35146370
35203142
35234511
35578282
36307614
36744366
36845087
37209690
37351788
37459246
37914426
38145053
38448174
38860208
38878341
38881735
39153257
39323673
39333982
39614390
