8979345
10075423
10319462
10438738
10826799
10831445
12023921
12455703
12957942
14500518
15084508
15232139
15239381
15632447
15760458
15826869
16166679
16614250
16629952
16697235
16697560
17107554
18192789
18234873
18258043
18467146
18502092
18637950
18757579
18951734
19220336
19727868
20037647
20113355
20349260
20485385
20586563
20618801
20631104
20837714
21155362
21558433
21612765
21690563
21971886
22047552
22092560
22141597
22253735
22276171
22403190
22855373
23729651
23861207
23942615
24118768
24484495
24662769
24989139
24992529
25150688
25212454
25643359
25697709
25981998
26137311
26279002
26340890
26386066
26423021
27240907
27257497
27516530
28070335
28306562
29120114
29417274
30226659
31108956
31175784
32179584
32723947
36037367
36195814
36775111
37289338
39560037
8979345
10075423
10319462
10438738
10826799
10831445
12023921
12455703
12957942
14500518
15084508
15232139
15239381
15632447
15760458
15826869
16166679
16614250
16629952
16697235
16697560
17107554
18192789
18234873
18258043
18467146
18502092
18637950
18757579
18951734
19220336
19727868
20037647
20113355
20349260
20485385
20586563
20618801
20631104
20837714
21155362
21558433
21612765
21690563
21971886
22047552
22092560
22141597
22253735
22276171
22403190
22855373
23729651
23861207
23942615
24118768
24484495
24662769
24989139
24992529
25150688
25212454
25643359
25697709
25981998
26137311
26279002
26340890
26386066
26423021
27240907
27257497
27516530
28070335
28306562
29120114
29417274
30226659
31108956
31175784
32179584
32723947
36037367
36195814
36775111
37289338
39560037
