100930
820048
820050
965335
1218084
2039237
2372214
3060035
3090272
3145714
5086109
5787733
6210593
6326398
6402500
6435525
6437860
6721512
8215347
9205785
9249016
9782506
10075114
10399191
10412206
10961681
11006082
11131895
11152243
11237332
11371202
11541644
12116883
12218231
12658654
12802721
12951510
13141138
13679097
13704731
13708147
14702402
15048591
15177293
15451114
15690819
16259127
16347097
16550228
16764959
17216029
17220443
17311634
17418286
17594989
18402613
18585911
18638536
18698794
18928141
19280126
19413128
19621877
20100873
20176098
20835958
21030907
21419821
21808542
21922927
22318878
22491801
23056609
23556343
23570523
24542147
24843188
24895118
25026735
25412046
26345019
27018928
27562598
27905092
29704984
30795135
30812306
30917472
31717611
33630062
35359212
36362904
36481842
36623786
37100361
37229345
37233092
38148391
38261012
38801847
100930
820048
820050
965335
1218084
2039237
2372214
3060035
3090272
3145714
5086109
5787733
6210593
6326398
6402500
6435525
6437860
6721512
8215347
9205785
9249016
9782506
10075114
10399191
10412206
10961681
11006082
11131895
11152243
11237332
11371202
11541644
12116883
12218231
12658654
12802721
12951510
13141138
13679097
13704731
13708147
14702402
15048591
15177293
15451114
15690819
16259127
16347097
16550228
16764959
17216029
17220443
17311634
17418286
17594989
18402613
18585911
18638536
18698794
18928141
19280126
19413128
19621877
20100873
20176098
20835958
21030907
21419821
21808542
21922927
22318878
22491801
23056609
23556343
23570523
24542147
24843188
24895118
25026735
25412046
26345019
27018928
27562598
27905092
29704984
30795135
30812306
30917472
31717611
33630062
35359212
36362904
36481842
36623786
37100361
37229345
37233092
38148391
38261012
38801847
