1303324
1315389
1324301
1324304
1560755
1704793
7473013
7548544
7548580
7560223
7562347
7623258
7623261
7694633
7775676
7776154
7790524
7853125
7870467
8008428
8083438
8133415
8157769
8195974
8195981
8247608
8247610
8260004
8321122
8324136
8343067
8379970
8381179
8410615
8463936
8510980
8514115
8530742
8583022
8602339
8620588
8667130
8689734
8708939
8708945
8735906
8739161
8739166
8794965
8811482
8877655
8931245
8941768
8959565
8961558
9002880
9003238
9009300
9037612
9081760
9100195
9171509
9182743
9249637
9255759
9266340
9302201
9310640
9358364
9395099
9401932
9442426
9444590
9444597
9456680
9467352
9467387
9467388
9495607
9495612
9529076
9570291
9573801
9573819
9587293
9590895
9609381
9650877
9663117
9712762
9722273
9722720
9747334
9770285
9785445
9797050
10052771
10102550
10198015
10423739
10424388
10433392
10567948
10599911
10632520
10678961
10703657
10728981
10807119
10842858
10872965
10914791
10960022
10972648
10983884
11021394
11073323
11083641
11154438
11287141
11307190
11327065
11327077
11330932
11350526
11394403
11422582
11482821
11488856
11495144
11679553
11686813
11686820
11737506
11759856
11803019
11808376
11846195
11860551
11887461
11908470
11952732
11968834
12009183
12009188
12200976
12366861
12458140
12483235
12485330
12546094
12558934
12558939
12593607
12654095
12657143
12735922
12752919
12753474
12787203
12877258
12886990
12931770
12962428
14653392
14871191
14986909
15004106
15154918
15206912
15212354
15295960
15327644
15329567
15341348
15455735
15491344
15553977
15691348
15720575
15830645
15839398
15857095
15872299
15882210
15893320
15898933
15943769
15990083
16012459
16171445
16269128
16277586
16367855
16585650
16671872
16671878
16836903
16841550
16887570
16887581
16922927
17241171
17309594
17347537
17397309
17471038
17539719
17546221
17554697
17567788
17709256
17760542
17912965
18062113
18073147
18086168
18173799
18287326
18302616
18380556
18400025
18413987
18465191
18477431
18560463
18565108
18565132
18771363
18793364
18834241
18834252
18843894
18973539
19101032
19109480
19121507
19179970
19230860
19386852
19388554
19426180
19485826
19656037
19772671
19852608
19893968
20089314
20140039
20219690
20337663
20373538
20478622
20646351
20657096
20826648
20831669
20877160
21070210
21208407
21254239
21261620
21270212
21303403
21392048
21410554
21453047
21492236
21547017
21895662
21916371
21928086
21967952
21996660
22077868
22112031
22150619
22196182
22259811
22320070
22417880
22526568
22546352
22564019
22710412
22958386
22988660
23018230
23039819
23041992
23088524
23127822
23139486
23173827
23278531
23527870
23625375
23638858
23646850
23659420
23725029
23890391
24144271
24261910
24340084
24345204
24426164
24489644
24502612
24590197
24665919
24835305
24842357
24949828
25091293
25283543
25412608
25430459
25440112
25522313
25526624
25536224
25568808
25587671
25598863
25756960
25827437
25847068
25926392
26033167
26096116
26177212
26193958
26252036
26461083
26469811
26511188
26513268
26525412
27020914
27074844
27266517
27270902
27313576
27363873
27383704
27420109
27469559
27469562
27556678
27681234
27717180
27727287
27786617
27924595
28326155
28327165
28382776
28387608
28403363
28512280
28649401
28667678
28691459
28736616
28757933
28848365
29232563
29325875
29340343
29352461
29373772
29428934
29468598
29486354
29539052
29539759
29623999
29643500
29984751
30108636
30202609
30282858
30567118
30575059
30589008
30787706
30856692
31090063
31111067
31182149
31214897
31357852
31417514
31522142
31765020
31793046
31901280
31959912
31981541
32046045
32109938
32233092
32280099
32366948
32384777
32602969
32760103
32785473
32857044
32858118
32965768
33031428
33066545
33092182
33112888
33304856
33350176
33378351
33401024
33906500
33934384
34043827
34287005
34368962
34576835
34645758
34659955
34713471
34713993
34821641
34855211
34898350
34915658
35061858
35372134
35480234
35577637
35836203
35892701
35998579
36137645
36273463
36418687
36506809
36525152
37125513
37145081
37191955
37609623
37649970
37719252
37724702
37742798
37760818
38002870
38029104
38031016
38404290
38945250
39015311
39072352
39203395
39211246
39436124
39444402
39518791
39595065
39596308
39597602
1303324
1315389
1324301
1324304
1560755
1704793
7473013
7548544
7548580
7560223
7562347
7623258
7623261
7694633
7775676
7776154
7790524
7853125
7870467
8008428
8083438
8133415
8157769
8195974
8195981
8247608
8247610
8260004
8321122
8324136
8343067
8379970
8381179
8410615
8463936
8510980
8514115
8530742
8583022
8602339
8620588
8667130
8682925
8689734
8708939
8708945
8735906
8739161
8739166
8794965
8811482
8877655
8931245
8941768
8959565
8961558
9002880
9003238
9009300
9037612
9081760
9100195
9171509
9182743
9249637
9255759
9266340
9302201
9310640
9358364
9395099
9401932
9442426
9444590
9444597
9456680
9467352
9467387
9467388
9495607
9495612
9529076
9570291
9573801
9573819
9587293
9590895
9609381
9650877
9663117
9712762
9722266
9722273
9722720
9747334
9770285
9785445
9797050
10052771
10102550
10198015
10423739
10424388
10433392
10567948
10599911
10632520
10678961
10703657
10728981
10807119
10815594
10842858
10872965
10914791
10960022
10972648
10983884
11021394
11073323
11083641
11154438
11287141
11307190
11327065
11327077
11330932
11350526
11394403
11422582
11482821
11488856
11495144
11679553
11686813
11686820
11737506
11759856
11803019
11808376
11846195
11860551
11887461
11908470
11952732
11968834
12009183
12009188
12200976
12366861
12458140
12483235
12485330
12546094
12558934
12558939
12593607
12654095
12657143
12735922
12752919
12753474
12787203
12877258
12886990
12931770
12962428
14653392
14871191
14986909
15004106
15154918
15206912
15212354
15295960
15327644
15329567
15341348
15455735
15491344
15553977
15691348
15720575
15830645
15839398
15857095
15872299
15882210
15893320
15898933
15943769
15990083
16012459
16171445
16269128
16277586
16367855
16585650
16671872
16671878
16836903
16841550
16887570
16887581
16922927
17241171
17309594
17347537
17397309
17471038
17539719
17546221
17554697
17567788
17709256
17760542
17912965
18062113
18073147
18086168
18173799
18287326
18302616
18380556
18400025
18413987
18465191
18477431
18560463
18565108
18565132
18771363
18793364
18834241
18834252
18843894
18973539
19101032
19109480
19121507
19179970
19230860
19386852
19388554
19426180
19485826
19656037
19772671
19852608
19893968
20089314
20140039
20219690
20337663
20373538
20478622
20646351
20657096
20826648
20831669
20877160
21070210
21208407
21254239
21261620
21270212
21303403
21392048
21410554
21453047
21492236
21547017
21827233
21895662
21916371
21928086
21967952
21996660
22077868
22112031
22150619
22196182
22259811
22320070
22417880
22526568
22546352
22564019
22710412
22958386
22988660
23018230
23039819
23041992
23088524
23127822
23139486
23173827
23278531
23527870
23625375
23638858
23646850
23659420
23725029
23890391
24144271
24261910
24340084
24345204
24426164
24489644
24502612
24590197
24665919
24835305
24842357
24949828
25091293
25283543
25412608
25430459
25440112
25522313
25526624
25536224
25568808
25587671
25598863
25756960
25827437
25847068
25926392
26033167
26096116
26177212
26193958
26252036
26393200
26461083
26469811
26511188
26513268
26525412
27020914
27074844
27266517
27270902
27313576
27363873
27383704
27420109
27469559
27469562
27556678
27681234
27717180
27727287
27786617
27924595
28326155
28327165
28382776
28387608
28403363
28512280
28649401
28667678
28691459
28736616
28757933
28848365
29232563
29325875
29340343
29352461
29373772
29428934
29468598
29486354
29539052
29539759
29623999
29643500
29984751
30108636
30202609
30282858
30567118
30575059
30589008
30787706
30856692
31090063
31111067
31182149
31214897
31357852
31417514
31522142
31765020
31793046
31901280
31959912
31981541
32046045
32109938
32233092
32280099
32366948
32384777
32602969
32760103
32785473
32857044
32858118
32965768
33031428
33066545
33092182
33112888
33304856
33350176
33378351
33401024
33906500
33934384
34043827
34287005
34368962
34576835
34645758
34659955
34713471
34713993
34821641
34855211
34898350
34915658
35061858
35372134
35391869
35480234
35577637
35836203
35892701
35998579
36137645
36273463
36418687
36506809
36525152
37125513
37145081
37191955
37609623
37649970
37719252
37724702
37742798
37760818
38002870
38029104
38031016
38404290
38945250
39015311
39072352
39203395
39211246
39436124
39444402
39518791
39595065
39596308
39597602
