1593964
1765941
1774320
1800380
7548548
7553378
7857230
7870467
7870469
7894713
7981094
8012604
8126176
8148788
8186085
8228523
8315093
8494370
8518750
8518751
8518760
8667035
8746044
9155677
9200028
9228785
9573814
9772922
9871324
10471570
10543754
10824034
11199721
11856276
12402087
12634461
15528728
15575225
15722627
15774632
15888469
15897651
16887605
16887661
16887693
17020135
17229581
18503547
18579722
19390440
21407153
22611520
23435719
23474186
23689247
24158948
24679105
25019109
26170876
27563508
28619155
29439961
29642940
31554647
32793159
34227837
34747331
35190575
35312122
35505341
35618163
36400152
36496756
37612266
37630597
37951857
38689063
39289490
39403085
1593964
1765941
1774320
1800380
7548548
7553378
7857230
7870467
7870469
7894713
7981094
8012604
8126176
8148788
8186085
8228523
8315093
8494370
8518750
8518751
8518760
8667035
8746044
9155677
9200028
9228785
9573814
9772922
9871324
10471570
10543754
10824034
11199721
11856276
12402087
12634461
15528728
15575225
15722627
15774632
15888469
15897651
16887605
16887661
16887693
17020135
17229581
18503547
18579722
19390440
21407153
22611520
23435719
23474186
23689247
24158948
24679105
25019109
26170876
27563508
28619155
29439961
29642940
31554647
32793159
34227837
34747331
35190575
35312122
35505341
35618163
36400152
36496756
37612266
37630597
37951857
38689063
39289490
39403085
