12866843
15459553
17944860
21692817
23262071
24529218
27846300
28124783
30079833
31482690
31708889
32053248
33122413
33201573
33840371
34780975
34976850
35430347
35504175
35873430
36879441
36921883
36940785
36941627
37169311
37322528
37748306
37821002
37844767
38965942
39239791
39558430
12866843
15459553
17944860
21692817
23262071
24529218
27846300
28124783
30079833
31482690
31708889
32053248
33122413
33201573
33840371
34780975
34976850
35430347
35504175
35873430
36879441
36921883
36940785
36941627
37169311
37322528
37748306
37821002
37844767
38965942
39239791
39558430
