8076802
8764509
8837463
9375788
9493383
10425755
10706665
12474247
12721435
15054273
17216445
18378602
18710396
18776029
19016484
19196767
19346307
19458916
19465524
19534765
19577189
19656677
19662397
19820143
19834652
19856146
20060925
20477891
20557574
20582400
20623222
20662387
20662389
20972818
21092203
21132340
21192828
21216591
21267762
21337327
21421309
21670511
21691788
21761877
21914204
22099373
22123300
22138994
22189215
22705521
23177735
23196256
23448304
23484123
23552326
23562773
23568202
23665687
23704786
23774035
23801120
23830462
24255995
24477828
24920960
24934149
25108266
25342112
25371332
25722741
25958149
26196387
26215346
26254523
26273605
26710074
27080880
27484669
27928679
28285222
28322023
29102641
29213311
29233137
29977336
29978693
30275414
30352368
30703635
32932830
33135681
33353085
33541071
34060910
35223784
35272671
37758108
38772465
39074650
39361356
39491117
8076802
8764509
8837463
9375788
9493383
10425755
10706665
12474247
12721435
15054273
17216445
18378602
18710396
18776029
19016484
19196767
19346307
19458916
19465524
19534765
19577189
19656677
19662397
19820143
19834652
19856146
20060925
20477891
20557574
20582400
20623222
20662387
20662389
20972818
21092203
21132340
21192828
21216591
21267762
21337327
21421309
21670511
21691788
21761877
21914204
22099373
22123300
22138994
22189215
22705521
23177735
23196256
23448304
23484123
23552326
23562773
23568202
23665687
23704786
23774035
23801120
23830462
24255995
24477828
24920960
24934149
25108266
25342112
25371332
25722741
25958149
26196387
26215346
26254523
26273605
26710074
27080880
27484669
27928679
28285222
28322023
29102641
29213311
29233137
29977336
29978693
30275414
30352368
30703635
32932830
33135681
33353085
33541071
34060910
35223784
35272671
37758108
38772465
39074650
39361356
39491117
