22914820
23460829
23572452
23844564
23933825
24332829
24336763
24349322
24577722
24917084
25012082
25166307
25218812
25525136
26135863
27252458
27288432
27374902
27387719
27599925
27629903
27664096
27907102
28369531
28694985
28830508
28971100
29069340
30281940
30629469
31760765
32889046
33779433
34715264
35135613
35429815
36166423
37328906
37968893
38044397
38896488
22914820
23460829
23572452
23844564
23933825
24332829
24336763
24349322
24577722
24917084
25012082
25166307
25218812
25525136
26135863
27252458
27288432
27374902
27387719
27599925
27629903
27664096
27907102
28369531
28694985
28830508
28971100
29069340
30281940
30629469
31760765
32889046
33650802
33779433
34715264
35135613
35429815
36166423
37328906
37968893
38044397
38896488
