1378524
1530106
1537892
1587595
1629326
1757572
1774249
7491236
7524253
7526131
7528238
7531320
7534092
7534093
7534931
7535830
7538511
7608806
7734825
7927015
7998352
8027347
8152395
8178767
8187793
8271919
8362809
8363367
8421889
8430978
8685112
8703269
8710408
8729380
8736593
8762962
8893399
8916440
8924168
8991636
9137514
9137515
9198973
9463512
9627652
9705382
10052910
10482296
10485354
11095849
11102690
11205638
11404461
11440202
11747734
11872460
12361286
12741894
13130002
14745160
15484773
15643932
16104352
16349221
17306590
17319800
17493068
19534130
19634207
19961544
24972870
25055661
25540358
25874801
28604602
31073209
