1384
422514
541261
1211926
1220304
1398037
1537349
1756982
1850711
2196433
2676728
3066696
3132099
3141335
3448155
3714487
3888783
4056740
4092057
4093336
4093761
4801800
5019066
5773275
5787243
5792851
6177281
6870889
7490225
7916693
8226694
8576156
9468310
9620442
9790578
9824289
10348051
10438762
10585652
11826957
12423351
15317744
15556612
15725656
16466026
16503293
16513119
19687239
21897037
22806166
23469380
25907768
25970790
27298302
28516055
28779741
29911201
33045297
33664348
33666690
33675371
34051369
35547034
37964282
1384
422514
541261
1211926
1220304
1398037
1537349
1756982
1850711
2196433
2676728
3066696
3132099
3141335
3448155
3714487
3888783
4056740
4092057
4093336
4093761
4801800
5019066
5773275
5787243
5792851
6177281
6870889
7490225
7916693
8226694
8576156
9468310
9620442
9790578
9824289
10348051
10438762
10585652
11826957
12423351
15317744
15556612
15725656
16466026
16503293
16513119
19687239
21897037
22806166
23469380
25907768
25970790
27298302
28516055
28779741
29911201
33045297
33664348
33666690
33675371
34051369
35547034
37964282
