129552
276916
521483
623475
1481764
1494447
1528628
1993118
2777378
3866054
3930558
4018070
5247278
5251799
6386896
6947390
6960022
6975240
7037840
7853132
7945523
8164114
8514113
9058336
9249633
9467402
9660335
10086883
10464949
10791707
10849269
11155173
11737506
12483235
12790510
14871191
16348287
16887581
18279178
18634922
21238793
21846535
22612405
26023635
26936213
27563202
28327165
28623321
28979069
29339411
29538943
30508628
31677272
32257046
32384777
35124471
36648232
36834903
36950255
37217495
37572051
37876206
37985447
38882240
39473909
