1291845
1383085
1385916
1521757
1548789
1709893
1777853
1854157
1926749
1981894
1987079
2044940
2044941
2276613
2323542
2380689
2582153
2678720
2686828
2792738
3208959
3509648
3520032
3782026
4083882
6822413
7529017
7545509
7711777
7835949
7926685
7933282
8011782
8138127
8455640
8548693
8580171
8598275
8890379
8897425
8899978
9160430
9163437
9270843
9353936
9480644
9526862
9646439
9684315
9691455
9750334
9789976
9892717
9925428
10049848
10092972
10349550
10349551
10388701
10439902
10590925
10590930
10598282
10618262
10651954
10689192
10779719
10826838
10950180
11016696
11136759
11145451
11206735
11324812
11417723
11710551
12033704
12047757
12049168
12147498
12363089
12406741
12657537
12839753
14631865
15018056
15049888
15123289
15212278
15212289
15528510
15708821
15819430
15822907
15918472
15932983
15962482
16042041
16302955
16348666
16348993
16351695
16449459
16597972
16921877
17058599
17092886
17336468
17465306
17627802
17884309
17972755
18234016
18286808
18499358
18681904
18723615
18752546
18786028
18793667
18814542
18924379
18938198
19306612
19326793
19395754
19425436
19538642
20065395
20367740
20597428
21381519
21387990
21413508
21834329
22094340
22168454
22874662
23346868
23536613
23697605
24173459
24313994
24420936
24602096
24689954
24720546
25738709
25958804
26275672
26449619
26510127
27006234
27524689
27696458
28348850
28357983
28718925
28847679
28903867
29044039
29290306
29982426
30040063
30204584
30549278
31241770
31585252
31742733
31770640
32013968
32298497
32618286
32645920
32695119
33075142
33076564
33193341
33635967
33683739
33921208
34791674
34880856
35092707
35194033
35335217
35363399
35448657
35604683
35642071
35678356
36138795
36213116
36367349
36473669
36606373
36696457
36861304
37791744
37806325
38499166
38928053
39380674
39597718
1291845
1383085
1385916
1521757
1548789
1709893
1777853
1854157
1926749
1981894
1987079
2044940
2044941
2276613
2323542
2380689
2582153
2678720
2686828
2792738
3208959
3509648
3520032
3782026
4083882
6822413
7529017
7545509
7711777
7835949
7926685
7933282
8011782
8138127
8455640
8548693
8580171
8598275
8890379
8897425
8899978
9160430
9163437
9270843
9353936
9480644
9526862
9646439
9684315
9691455
9750334
9789976
9892717
9925428
10049848
10092972
10349550
10349551
10388701
10439902
10590925
10590930
10598282
10618262
10651954
10689192
10779719
10826838
10950180
11016696
11136759
11145451
11206735
11324812
11417723
11710551
12033704
12047757
12049168
12147498
12363089
12406741
12657537
12839753
14631865
15018056
15049888
15123289
15212278
15212289
15528510
15708821
15819430
15822907
15918472
15932983
15962482
16042041
16302955
16348666
16348993
16351695
16449459
16597972
16921877
17058599
17092886
17336468
17465306
17627802
17884309
17972755
18234016
18286808
18499358
18681904
18723615
18752546
18786028
18793667
18814542
18924379
18938198
19306612
19326793
19395754
19425436
19538642
20065395
20367740
20597428
21381519
21387990
21413508
21834329
22094340
22168454
22874662
23346868
23536613
23697605
24173459
24313994
24420936
24602096
24689954
24720546
25738709
25958804
26275672
26449619
26510127
27006234
27524689
27696458
28348850
28357983
28718925
28847679
28903867
29044039
29290306
29982426
30040063
30204584
30549278
31241770
31585252
31742733
31770640
32013968
32298497
32618286
32645920
32695119
33075142
33076564
33193341
33635967
33683739
33921208
34791674
34880856
35092707
35194033
35335217
35363399
35448657
35604683
35642071
35678356
36138795
36213116
36367349
36473669
36606373
36696457
36861304
37791744
37806325
38499166
38928053
39380674
39597718
