7801442
8122221
8123560
8560703
8790906
8819291
8917856
8980818
8980819
9003608
9087345
9324927
9350754
9526867
9533093
9533106
9569707
9581349
9699256
9777158
9777161
9777165
9925221
10192845
10216753
10340099
10396764
10494438
10515906
10705607
10829563
10888000
11007002
11007028
11072989
11195628
11195645
11195654
11195659
11402640
11761291
11785880
11785905
11922328
11922331
12014494
12061656
12174724
12237971
12243524
12243533
12396366
12495066
12593747
12887209
14562885
14562904
14575070
14620555
15077796
15223556
15283409
15466524
15628804
15766941
15786921
15795081
15837364
15839422
16177359
16191703
16318896
16411908
16734143
16753615
16922632
17131934
17187945
17274285
17609355
17992941
17994327
18459296
18460626
18817252
18939629
18963600
19069519
19184900
19432012
19437126
19834081
19937513
19937521
20011707
20408418
20945779
21885218
22435203
22526722
22748160
22856195
23062950
23397835
23397838
23581445
23648643
23826883
23863572
23930788
24053025
24179239
24283134
24758117
24758119
24881274
25132323
25619008
25724936
25780505
25780507
26063103
26195808
26292546
26599089
26829551
26911504
26915377
26953948
27010108
27044152
27171615
27610728
27691956
27902894
28144427
28421811
29016186
29070907
29077917
29350071
29381805
29620463
29643296
29866224
29892620
29944396
30690611
30720420
30727944
31069241
31106577
31819887
31892160
31967433
32009749
32036978
32245763
32517104
32546908
32734019
32784954
32988517
33205179
33570099
33817399
33921858
34067063
34354153
34568654
34840453
34902538
34987629
35070850
35208796
35414181
35490499
35582491
35723929
35752982
35782350
36214406
36586110
36719200
37104427
37210710
37390558
37494411
37623964
38250913
38251385
38385975
38417326
39012584
39326126
39550863
