8782677
8863428
10698777
11021641
11425188
12160077
12452965
15174751
15986925
16280530
17551057
17959134
19073145
19262024
19304819
20200052
20513375
20846835
21619597
21784963
23105091
23204458
23301200
23508455
23660310
23990585
24058714
24272828
24747888
25311453
25609230
25893145
26250559
26405108
26780421
26782601
28288930
28555445
28634639
28856101
28986750
29760411
29794027
29799173
29997588
30072706
30087354
31001787
31340428
31547091
32344843
32443694
32456539
32517793
32763599
33499084
33583119
33616690
33818580
33829257
33987475
34068090
34439010
34451575
34777440
34822536
34827730
34841315
34846266
35189140
35889105
36005635
36090115
36118843
36221917
36536278
36591897
36892790
37045602
37123830
37591902
37630627
37851246
37902078
38059776
38252364
38734822
39391870
39412524
