314931
336547
360443
376887
640748
773837
793053
856052
861163
906457
1098461
1130811
1190621
1190808
1259450
1308000
1420688
1424798
1425729
1435947
1490875
1500164
1500349
1500368
1506332
1520795
1568813
1576408
1583118
1857290
1907034
1941833
2039203
2067559
2126557
2179262
2188909
2237117
2342607
2352823
2394860
2405017
2594047
2608095
2636252
2666793
2695658
2747785
2756262
3031771
3066569
3190193
3287423
3484699
3494691
3500241
3506148
3532961
3587331
3744789
3767403
3767404
3794660
3814496
3818936
3877005
4131544
4234462
4468453
4553716
4567647
4584078
4584205
4624524
4698772
4701385
4720402
4809153
4989461
5102581
5263083
5368017
5900706
5946294
5977763
5997146
6023043
6196927
6337576
6363390
6366400
6374833
6504778
6548715
6760417
6777646
6852920
6980947
6990267
7119738
7152671
7152897
7175764
7393313
7429630
7460568
7566789
7650180
7701876
7748754
7829748
7928699
8263174
8328779
8360110
8366881
8393851
8444539
8480962
8481016
8513056
8573505
8683074
8712850
8810179
8819830
8839240
8849243
8877144
8920032
8925664
8993374
9066761
9067645
9133485
9249977
9510911
9538960
9544933
9755502
9865991
10092191
10225905
10325357
10325464
10596493
10681624
10724012
10724013
10761018
10772588
10886160
11018454
11055613
11153201
11201697
11224857
11244823
11360227
11465847
11479535
11594609
11672311
11701411
11709356
11840598
11851267
11960139
12070956
12207764
12749583
12770758
12894113
12967747
13043714
13107884
13134905
13178233
13188464
13255256
13382069
13591760
13631189
13681862
13704444
13802253
13900235
13933054
13939425
13949039
13968566
14042932
14062127
14096366
14187897
14222640
14322366
14329245
14466437
14487038
14742215
14982772
14987008
15023947
15181710
15204409
15227399
15330073
15364245
15385456
15465331
15544704
15630549
15653914
15702268
15786870
15787462
15889299
15912868
16012014
16144286
16230921
16505561
16562050
16784127
16882297
16935541
16940121
17195706
17223871
17337559
17374898
17443467
17473895
17823754
18027278
18259127
18283642
18285484
18294320
18302006
18477146
18503195
18578712
18608175
18687205
18820738
18852277
19061569
19231999
19238584
19398458
19409674
19571510
19622667
19624737
19639036
19710075
19832708
19860823
19955277
19958678
20308390
20349680
20465613
20497102
20875450
21092630
21205004
21304201
21442123
21498753
21560401
21699522
22029431
22085952
22219309
22233737
22474729
22499778
22526312
22535940
22547544
22682184
22825801
22851755
23177807
23216681
23350294
23569953
23585503
23598938
23620185
23667849
23668458
23755230
23781943
23791388
23829712
23834435
23998082
24031214
24031483
24108347
24127474
24244780
24362018
24376240
24449539
24594251
24682099
24790888
24793174
24795808
24847469
24884595
24936860
25015412
25117478
25144462
25150175
25311703
26411249
26474057
26754528
26817885
26920557
27095727
27303806
27354446
27503503
27904882
27999029
28192433
28193959
28397286
28508147
28839491
28923878
28958969
28972100
29067187
29667664
29759798
29808607
29888277
30013954
30237721
30401464
30560472
30662693
30704871
30852105
30887177
30989203
31216085
31400449
31697466
31729068
31789913
31948315
32097417
32243151
32375925
32381049
32384126
32602372
32739070
32826316
32853327
32921116
33091049
33429828
33690859
33956121
34035021
34408177
35354815
35454327
35779502
35811270
36201047
36581362
36778890
36845087
36898929
37075336
37075338
37133588
37220287
37394975
37459246
37493344
37527397
37805841
37914426
38181241
38438563
38877708
38907186
39153257
39304812
39350124
39382915
39394959
314931
336547
360443
376887
640748
749777
773837
793053
856052
861163
864380
906457
1098461
1130811
1190621
1190808
1259450
1308000
1420688
1424798
1425729
1435947
1490875
1500164
1500349
1500368
1506332
1520795
1568813
1576408
1583118
1620016
1857290
1907034
1941833
2039203
2067559
2126557
2179262
2188909
2237117
2342607
2352823
2394860
2405017
2594047
2608095
2636252
2666793
2666979
2695658
2747785
2756262
3031771
3066569
3190193
3287423
3484699
3494691
3500241
3506148
3532961
3587331
3744789
3767403
3767404
3794660
3814496
3818936
3877005
4131544
4234462
4468453
4553716
4567647
4584078
4584205
4624524
4698772
4701385
4720402
4809153
4989461
5102581
5263083
5368017
5900706
5946294
5977763
5997146
6023043
6196927
6337576
6363390
6366400
6374833
6504778
6548715
6750545
6760417
6777646
6852920
6980947
6990267
7119738
7152671
7152897
7175764
7342831
7393313
7429630
7460568
7544650
7566789
7650180
7701876
7748754
7829748
7831543
7928699
8263174
8300170
8328779
8360110
8366881
8393851
8444539
8480962
8481016
8504179
8513056
8573505
8683074
8712850
8810179
8819830
8839240
8849243
8877144
8920032
8925664
8955872
8993374
9066761
9067645
9133485
9249977
9430426
9510911
9538960
9544933
9755502
9865991
10092191
10225905
10325357
10325464
10596493
10681624
10724012
10724013
10761018
10772588
10808714
10886160
11018454
11055613
11153201
11201697
11224857
11244823
11360227
11465847
11479535
11594609
11672311
11701411
11709356
11840598
11851267
11897524
11960139
12070956
12207764
12749583
12770758
12894113
12967747
13043714
13107884
13134905
13178233
13188464
13255256
13382069
13591760
13631189
13681862
13704444
13802253
13900235
13933054
13939425
13949039
13968566
14042932
14062127
14096366
14187897
14222640
14322366
14329245
14466437
14487038
14742215
14982772
14987008
15023947
15181710
15204409
15227399
15330073
15364245
15385456
15465331
15544704
15630549
15653914
15702268
15786870
15787462
15889299
15912868
16012014
16144286
16230921
16505561
16562050
16784127
16882297
16890609
16935541
16940121
17195706
17223871
17337559
17374898
17443467
17473895
17823754
18027278
18259127
18283642
18285484
18294320
18302006
18477146
18503195
18578712
18608175
18687205
18820738
18852277
18941115
19061569
19231999
19238584
19245810
19398458
19409674
19571510
19622667
19624737
19639036
19710075
19832708
19860823
19955277
19958678
20308390
20349680
20465613
20497102
20625006
20875450
21092630
21205004
21304201
21442123
21498753
21560401
21699522
22029431
22085952
22219309
22233737
22474729
22499778
22526312
22535940
22547544
22682184
22825801
22851755
23177807
23216681
23350294
23569953
23585503
23598938
23620185
23667849
23668458
23755230
23781943
23791388
23829712
23834435
23998082
24031214
24031483
24108347
24127474
24130494
24244780
24362018
24376240
24449539
24594251
24682099
24790888
24793174
24795808
24847469
24884595
24936860
25015412
25117478
25144462
25150175
25311703
26411249
26474057
26754528
26817885
26920557
27095727
27303806
27354446
27503503
27904882
27999029
28192433
28193959
28397286
28508147
28839491
28923878
28958969
28972100
29067187
29261231
29444434
29667664
29759798
29808607
29888277
30013954
30237721
30401464
30560472
30662693
30704871
30852105
30887177
30989203
31216085
31400449
31697466
31729068
31789913
31948315
32097417
32243151
32277499
32375925
32381049
32384126
32602372
32739070
32826316
32853327
32921116
33091049
33309741
33429828
33690859
33956121
33997629
34035021
34408177
35354815
35454327
35779502
35811270
36201047
36581362
36778890
36845087
36898929
37075336
37075338
37133588
37220287
37394975
37459246
37493344
37527397
37805841
37914426
38181241
38438563
38877708
38907186
39153257
39304812
39350124
39382915
39394959
