15653901
16160829
17043816
17085710
17158991
17216448
17260140
17589840
18050946
18582917
18651140
19190406
19527026
19889528
20012540
20031285
20060225
20069878
20108963
20309544
20329544
20494569
21159097
21571526
22437441
23201531
24028023
24309738
24862003
25244139
25495895
25888062
26687136
27020166
27503002
28676795
30015268
30891020
31028437
31175185
31293561
31300400
31379778
31706173
32158435
34113325
34461416
34568919
35138564
35391736
35544746
35708750
36460807
36978702
37544215
39382591
