1370432
1383158
1548093
1607319
1613782
1687029
1698260
1704791
1736969
1833810
1879950
1894369
1925314
1987145
2007648
2037349
2365188
2393285
2406141
7476198
7502681
7505793
7562083
7634423
7642313
7642314
7657097
7735938
7768796
7790085
7866348
7891557
8013879
8170397
8283626
8379970
8380398
8403224
8420746
8432469
8449568
8494373
8500901
8501031
8541035
8563056
8573490
8633798
8697675
8725054
8730255
8964402
9125590
9163879
9212752
9297827
9350747
9398888
9398911
9398912
9432331
9516389
9534968
9831404
9854080
10200957
10464475
10540911
10791942
10858255
10869072
11254638
11292773
11418100
11777832
12652903
12704104
15270745
15817250
16032121
16032314
16192433
17294126
17316371
17329766
18564183
19894125
20219135
20643857
21351037
21788478
22196017
22958157
22966342
24011248
26829999
30996301
32288678
37606864
39418853
