11321079
17434428
18355233
18406094
19126738
19914577
20817837
21141469
21596560
21752611
21766198
22320692
22573563
22609657
22695181
23004019
23469336
23918786
24021726
24225026
24817611
24879510
25079419
25574037
25705691
25847739
26296612
27270463
27821056
29948825
30024362
30333809
30601113
30860233
31447819
32242797
32666262
32668712
32820181
33462359
33587227
33995321
34261660
34721309
35364354
35711743
36204622
36872381
36960288
37451418
39036359
39316275
11321079
17434428
18355233
18406094
19126738
19914577
20817837
21141469
21596560
21752611
21766198
22320692
22573563
22609657
22695181
23004019
23469336
23918786
24021726
24225026
24817611
24879510
25079419
25574037
25705691
25847739
26296612
27270463
27821056
29948825
30024362
30333809
30601113
30860233
31447819
32242797
32666262
32668712
32820181
33462359
33587227
33995321
34261660
34721309
34946064
35364354
35711743
36204622
36872381
36960288
37451418
39036359
39316275
