1764502
1957819
7840074
7934445
8620186
9030681
9499809
11895863
12970070
15138208
15545432
17604300
19217548
20163626
20178773
20833875
21304677
22336342
24249817
24290642
24573161
24911101
25190881
25512000
25777482
26193375
26374291
26820650
27178795
27376279
27442847
27754427
27784229
28403558
28504579
29440418
29580012
29682906
29737394
29737805
30177921
30404213
31057507
31425789
31560999
32349659
32710182
32920015
33808742
33866380
34064045
34083853
34673108
34828979
34865746
35848985
36057098
36111385
36536411
36602047
36610787
36645771
36859706
37274889
37333640
37864072
37994543
37999230
38004159
38274192
38561518
38611831
39343235
