1381343
1381344
7546601
7576464
7775264
7775265
8557611
9531980
9531981
9727392
9766461
10581729
10913977
11386358
12032802
12755476
15078513
15900545
16162249
17110971
17407000
17618233
17725621
18523180
19684315
19784681
20198919
20656824
21535609
22915152
23686763
23868127
24626486
24657870
24692239
25458364
25585196
26947442
27379040
28260703
28546480
30800116
31506243
31909704
33343545
33797685
37755302
38699748
1381343
1381344
7546601
7576464
7775264
7775265
8557611
9531980
9531981
9727392
9766461
10581729
10913977
11386358
12032802
12755476
15078513
15900545
16162249
17110971
17407000
17618233
17725621
18523180
19684315
19784681
20198919
20656824
21535609
22915152
23686763
23868127
24626486
24657870
24692239
25458364
25585196
26947442
27379040
28260703
28546480
30800116
31506243
31909704
33343545
33797685
37755302
38699748
