674841
905646
1553430
2301128
2595088
3194602
3377309
3387676
3547528
4071930
6354014
6665317
6789420
7008125
7046534
7212429
7212439
7659857
8038806
8047735
8470344
8579560
9196820
9293339
9430113
9762760
10330558
10451733
10590793
10860157
11027858
11837905
11931146
16390945
18192660
18252116
18295347
18575972
19019574
19242658
19456818
19508867
20290808
21194750
21615498
22356473
22378904
23063105
23512923
23683861
24278342
24522252
24972870
25096531
25498979
25865162
26138152
26179499
27540374
28131381
28153804
28346866
28464956
29311425
30618449
31494399
31521628
31585657
31917634
31926147
32012795
32068964
32126432
32389537
32722070
33572875
33935407
34689003
34782490
34912876
35533961
35774222
36601308
36611730
36715237
36839572
38402041
38417187
38816921
39553763
