7538123
7592497
7618891
7768801
7860608
7890737
7957908
7959055
8012908
8195084
8240956
8494746
8534845
8535516
8573502
8589413
8626293
8631658
8654590
8655489
8655573
8787401
8810510
8830693
8864213
8955394
8964496
8982078
9037042
9045815
9057324
9068657
9090106
9119195
9126674
9141657
9202382
9274036
9304861
9304862
9336898
9336913
9371431
9393698
9393705
9435112
9446581
9450332
9473034
9487694
9501120
9524269
9537369
9546177
9563844
9603874
9611191
9647840
9658006
9726909
9782511
9782512
9829943
9835600
9885190
9889979
10030005
10065560
10076635
10095071
10223993
10224003
10482500
10517032
10524758
10555329
10675620
10692377
10698755
10757166
10757747
10758890
10788348
10796024
10809690
10826800
10854788
10856303
10856304
10858446
10873525
10875334
10878127
10919815
10930734
10975659
10986232
10995485
11106020
11157280
11204780
11204789
11279176
11281718
11310745
11344149
11470904
11499929
11566384
11566389
11567006
11677232
11679078
11717256
11914361
11914362
11916689
11976134
12019272
12032606
12036281
12057950
12110194
12115061
12118889
12207230
12383728
12421308
12425090
12456672
12510584
12531907
12531908
12537565
12571008
12580283
12591886
12618448
12724378
12744461
12801410
12833533
12869541
14514079
14533715
14551189
14608421
14651342
14685648
14766918
15006745
15006776
15024554
15109827
15149101
15184121
15242166
15242276
15279892
15317780
15340138
15497397
15516565
15547262
15554980
15667292
15667294
15686565
15702257
15714233
15746335
15782230
15937174
16030199
16030240
16099603
16237002
16237017
16244867
16269751
16304706
16349234
16349248
16349385
16467300
16505379
16528104
16604415
16684104
16916896
16952958
16990436
17014983
17019605
17040223
17085692
17136573
17394038
17403047
17420254
17447892
17451445
17538644
17564602
17693143
17693710
17693711
17898852
17918626
17922569
17960422
17985116
18055594
18070072
18177306
18297087
18310436
18321191
18336549
18393991
18424522
18493742
18533836
18564340
18596979
18726533
18768622
18835420
18943855
19040456
19060074
19071199
19074602
19077212
19087205
19111749
19120461
19202087
19218416
19270098
19341298
19376852
19423149
19439403
19477900
19485766
19502410
19523900
19567587
19643889
19682816
19709241
19749154
19786499
19948805
20048063
20089193
20153447
20177670
20177886
20230056
20363949
20420221
20435728
20453139
20502878
20675442
20675484
20725128
20817634
20942974
21043576
21075924
21139064
21217003
21246353
21324192
21375387
21463532
21479798
21515775
21539237
21539239
21600980
21620885
21621937
21702991
21718544
21801415
21809980
21823087
21899390
21957995
21958016
21958066
21984348
22004448
22007600
22049998
22103544
22109095
22120519
22199210
22280898
22343359
22360857
22419837
22429391
22450783
22511804
22616868
22762188
22806584
22809273
22858268
22884755
22895060
22985230
22985389
23059854
23071431
23126265
23282139
23283001
23336126
23435981
23511636
23560609
23583844
23644278
23698000
23764913
23922937
23935046
23965976
24016735
24046865
24054695
24077251
24157795
24185856
24225202
24239274
24304674
24311555
24397311
24399235
24415021
24421140
24424321
24646299
24728599
24817117
24985093
25003187
25005495
25054342
25157442
25201548
25330457
25370750
25458609
25642223
25642232
25691531
25701848
25739700
25797601
25839330
26060217
26149215
26282238
26297041
26297648
26389798
26395550
26403588
26413054
26598365
26657303
26839546
26963811
26968003
27010660
27033949
27129959
27226009
27236564
27271618
27357704
27379711
27406565
27468278
27614714
27659593
27915286
27919811
27931748
28069822
28074430
28160315
28255691
28455332
28458146
28735852
28798728
28860263
28895521
29165235
29280343
29318533
29382487
29392344
29462877
29500561
29572784
29576402
29655770
29696668
30358529
30368907
30454661
30831071
30873199
30977796
31037804
31134023
31151153
31172251
31226020
31247525
31316079
31591273
31689451
31695715
31855496
32112625
32845909
32849381
32995914
33072286
33080172
33250864
33384681
33624365
33724341
33725784
33725798
34163511
34411580
34584120
34795296
35077343
35173231
35203109
35301409
35464952
35563659
36138049
36138843
36177468
36312930
36649188
36671740
36742453
36903914
36928335
36986997
37237492
37494066
38456185
38481790
38564797
38638878
38705080
38788349
39126082
39246685
39263245
39587701
7538123
7592497
7618891
7768801
7860608
7890737
7957908
7959055
8012908
8195084
8240956
8494746
8534845
8535516
8573502
8589413
8626293
8631658
8654590
8655489
8655573
8787401
8810510
8830693
8864213
8955394
8964496
8982078
9037042
9045815
9057324
9068657
9090106
9119195
9126674
9141657
9202382
9274036
9304861
9304862
9336898
9336913
9371431
9393698
9393705
9435112
9446581
9450332
9473034
9487694
9501120
9524269
9537369
9546177
9563844
9603874
9611191
9647840
9658006
9726909
9782511
9782512
9829943
9835600
9885190
9889979
10030005
10065560
10076635
10095071
10223993
10224003
10482500
10517032
10524758
10555329
10675620
10692377
10698755
10757166
10757747
10758890
10788348
10796024
10809690
10826800
10854788
10856303
10856304
10858446
10873525
10875334
10878127
10919815
10930734
10975659
10986232
10995485
11030747
11106020
11157280
11204780
11204789
11279176
11281718
11310745
11344149
11470904
11499929
11566384
11566389
11567006
11677232
11679078
11717256
11914361
11914362
11916689
11976134
12019272
12032606
12036281
12057950
12110194
12115061
12118889
12207230
12383728
12421308
12425090
12456672
12510584
12531907
12531908
12537565
12571008
12580283
12591886
12618448
12724378
12744461
12801410
12833533
12869541
14514079
14533715
14551189
14608421
14651342
14685648
14766918
15006745
15006776
15024554
15109827
15149101
15184121
15242166
15242276
15279892
15317780
15340138
15497397
15516565
15547262
15554980
15667292
15667294
15686565
15702257
15714233
15746335
15782230
15937174
16030199
16030240
16099603
16237002
16237017
16244867
16269751
16304706
16349234
16349248
16349385
16467300
16505379
16528104
16604415
16684104
16916896
16952958
16990436
17014983
17019605
17040223
17085692
17136573
17394038
17403047
17420254
17447892
17451445
17538644
17564602
17693143
17693710
17693711
17898852
17918626
17922569
17960422
17985116
18055594
18070072
18177306
18297087
18310436
18321191
18336549
18393991
18424522
18493742
18533836
18564340
18596979
18720835
18726533
18768622
18835420
18943855
19040456
19060074
19071199
19074602
19077212
19087205
19111749
19120461
19202087
19218416
19270098
19341298
19376852
19423149
19439403
19477900
19485766
19502410
19523900
19567587
19643889
19682816
19709241
19749154
19786499
19948805
20048063
20089193
20153447
20177670
20177886
20230056
20363949
20420221
20435728
20453139
20502878
20675442
20675484
20725128
20817634
20942974
21043576
21075924
21139064
21217003
21246353
21324192
21375387
21463532
21479798
21515775
21539237
21539239
21600980
21620885
21621937
21702991
21718544
21801415
21809980
21823087
21899390
21957995
21958016
21958066
21984348
22004448
22007600
22049998
22103544
22109095
22120519
22199210
22280898
22343359
22360857
22419837
22429391
22450783
22511804
22616868
22762188
22806584
22809273
22858268
22884755
22895060
22985230
22985389
23059854
23071431
23126265
23282139
23283001
23336126
23435981
23511636
23560609
23583844
23644278
23698000
23764913
23922937
23935046
23965976
24016735
24046865
24054695
24077251
24157795
24185856
24225202
24239274
24304674
24311555
24397311
24399235
24415021
24421140
24424321
24646299
24728599
24817117
24985093
25003187
25005495
25054342
25157442
25201548
25330457
25370750
25458609
25642223
25642232
25691531
25701848
25739700
25797601
25839330
26060217
26149215
26282238
26297041
26297648
26389798
26395550
26403588
26413054
26598365
26657303
26839546
26963811
26968003
27010660
27033949
27129959
27226009
27236564
27271618
27357704
27379711
27406565
27468278
27614714
27659593
27915286
27919811
27931748
28069822
28074430
28160315
28255691
28455332
28458146
28735852
28798728
28860263
28895521
29165235
29280343
29318533
29382487
29392344
29462877
29500561
29572784
29576402
29655770
29696668
30358529
30368907
30454661
30831071
30873199
30977796
31037804
31134023
31151153
31172251
31226020
31247525
31316079
31591273
31689451
31695715
31855496
32112625
32845909
32849381
32995914
33072286
33080172
33250864
33384681
33624365
33724341
33725784
33725798
34163511
34411580
34584120
34795296
35077343
35173231
35203109
35301409
35464952
35563659
36138049
36138843
36177468
36312930
36649188
36671740
36742453
36903914
36928335
36986997
37237492
37494066
38456185
38481790
38564797
38638878
38705080
38788349
39126082
39246685
39263245
39587701
