1382536
1527492
3335480
6501232
6661704
7547290
7652205
7781978
8074966
8526492
8542554
8825368
8955405
9003584
9103623
9287003
9297819
9325308
9570121
9758852
9864317
9924816
10099207
10394923
10473374
10681062
10708384
10721487
10741837
10747230
10759521
10784044
10794139
11119152
11420137
11441464
11470365
11491346
12003950
12076815
12486453
12557387
12676692
12728360
12851735
15128576
15162397
15659681
16436069
16579460
16872527
16874550
16907747
17080633
17397956
17519342
17618404
17633412
17899066
18450724
18702523
18832302
19191973
19362561
19656941
20113006
20849449
21251315
21468713
22060705
22084072
22328606
22527044
22623305
22675587
22907126
23467000
23765002
24150694
24204364
24297704
24714029
24772110
25886618
26051748
26724685
26969253
27233128
27722400
27811099
28081159
28349658
28488199
28801829
29529204
29597294
29928771
29977829
30132989
30637380
31106391
31354830
31360401
31681755
31694288
32189048
32195651
32266565
32353000
32380098
32404365
32673722
32862555
33031847
33068575
33101236
33243325
33771157
34314798
34344424
34726353
34773587
35217260
35432243
35462705
35671069
35705492
35719851
35932295
36003353
36062959
36090101
36460760
36918441
37052635
37370574
37421474
37716996
37839643
37888472
38047778
38057439
38112419
38519954
38607270
38822902
39003245
39133003
39158316
39284374
39380500
