1444720
2171927
2606109
3350008
7988892
8107124
8687472
11080635
11133459
11441022
16348877
16349050
20680263
20714445
21378039
21696461
23039029
23252645
23417488
23479750
24029766
25115484
25304512
25819972
25848808
25898971
26029199
26147498
26530351
26975755
27107467
27270418
27338272
27493685
28279911
28651136
28831188
29170958
29458677
29549832
29909219
30959398
31525867
32913242
33254866
33633701
34394044
34543900
35576621
35699467
35713473
35727971
35801113
37119171
37209014
37673911
37816063
38117058
38241241
38827509
39078161
