7547295
8973910
9103620
9542094
9675369
10784044
10785402
10848966
11282601
11302501
11411675
11523895
11589700
11601623
12021442
12089151
12112753
12198313
12270842
12324460
12475991
12579376
12747637
12832777
12878029
14515321
14679221
15064979
15269427
15287848
15469016
15544346
15854656
15969114
15988629
16109961
16109962
16169927
16179963
16407324
16409639
16605248
16630257
16705665
16713057
16730836
16759422
16791470
16859797
16959351
17169153
17310272
17541754
17543477
17582708
17635108
17640271
17873837
17993555
18083813
18257924
18328273
18337491
18386080
18437283
18473957
18828792
19048341
19053839
19069841
19120609
19161838
19381366
19435327
19508185
19646180
19709238
19717625
19719653
19719700
19754077
19764800
19775158
19778966
19799549
20166751
20199592
20209484
20334669
20434514
20455034
20552357
20703316
20729366
20732427
20858251
21076847
21183643
21312353
21326928
21478318
21557359
21656141
21698762
21769193
21798163
21798206
21806059
22016660
22052389
22128157
22160900
22160901
22527046
22552624
22578653
22777241
23251045
23411371
23429181
23434851
23547956
23664260
23876137
23953921
24054800
24440460
24535258
24864035
24889559
25207269
25230192
25389111
25447868
25496341
25616525
25816412
25851716
26040838
26145820
26174556
26337150
26344963
26592893
26638484
26847199
27282886
27586234
27796433
27881075
27882328
27989956
28276126
28280714
28404986
29222758
29275194
29352134
29572211
29603146
29965539
30230844
30454660
30698031
30727781
30761333
31013612
31578873
31604186
31622706
31711487
31712730
32105313
32193988
32561713
32961188
32987756
33445805
34436432
34541831
35089560
35307545
35832041
35857489
36066097
36242022
36912903
37264600
37399119
37512907
38322580
38861015
38864722
38874338
38924581
39548345
7547295
8973910
9103620
9542094
9675369
10784044
10785402
10848966
11282601
11302501
11411675
11523895
11589700
11601623
12021442
12089151
12112753
12198313
12270842
12324460
12475991
12579376
12747637
12832777
12878029
14515321
14679221
15064979
15269427
15287848
15469016
15544346
15854656
15969114
15988629
16109961
16109962
16169927
16179963
16407324
16409639
16605248
16630257
16705665
16713057
16730836
16759422
16791470
16859797
16959351
17169153
17310272
17541754
17543477
17582708
17635108
17640271
17873837
17993555
18083813
18257924
18328273
18337491
18386080
18437283
18473957
18828792
19048341
19053839
19069841
19120609
19161838
19381366
19435327
19508185
19646180
19709238
19717625
19719653
19719700
19754077
19764800
19775158
19778966
19799549
20166751
20199592
20209484
20334669
20434514
20455034
20552357
20703316
20729366
20732427
20858251
21076847
21183643
21312353
21326928
21478318
21557359
21656141
21698762
21769193
21798163
21798206
21806059
22016660
22052389
22128157
22160900
22160901
22527046
22552624
22578653
22777241
23251045
23411371
23429181
23434851
23547956
23664260
23876137
23953921
24054800
24440460
24535258
24864035
24889559
25207269
25230192
25389111
25447868
25496341
25616525
25816412
25851716
26040838
26145820
26174556
26337150
26344963
26592893
26638484
26847199
27282886
27586234
27796433
27881075
27882328
27989956
28276126
28280714
28404986
29222758
29275194
29352134
29572211
29603146
29965539
30230844
30454660
30698031
30727781
30761333
31013612
31578873
31604186
31622706
31711487
31712730
32105313
32193988
32561713
32961188
32987756
33445805
34436432
34541831
35089560
35307545
35832041
35857489
36066097
36242022
36912903
37264600
37399119
37512907
38322580
38861015
38864722
38874338
38924581
39548345
