383613
479829
502149
1011431
1416891
1962098
2410764
2685441
2733305
4032945
5315696
6412041
6459289
6513815
6517656
6620789
6877101
7431725
7605398
7684243
8423297
11923335
11980981
12406720
14345688
15066730
15722145
15917138
16031192
16466887
16738122
16740028
17366041
18319471
20560422
20621319
22439981
24171852
24490931
26962085
27038193
27375559
28232505
28855835
29390337
38251347
38304986
38708766
383613
479829
502149
842181
1011431
1416891
1962098
2410764
2685441
2733305
4032945
5315696
6412041
6459289
6513815
6517656
6620789
6877101
7431725
7605398
7684243
8423297
11923335
11980981
12406720
14345688
15066730
15722145
15917138
16031192
16466887
16738122
16740028
17366041
18319471
20560422
20621319
22439981
24171852
24490931
26962085
27038193
27375559
28232505
28855835
29390337
38251347
38304986
38708766
