335938
479829
518721
619717
1617056
1935310
1962098
2235093
2393486
2410764
2506040
2604290
2626806
2678502
2891759
2910615
3171308
3246144
3563366
3932458
4032945
4045161
4588088
4952831
4969989
5315696
5333125
6039105
6045220
6074909
6229777
6473887
6513815
6517656
6614650
6635738
6635743
7431725
7467063
7469531
7560975
7605398
7688236
8148019
8253991
8614884
8863361
8864939
8880515
9039450
9276419
9466766
9561469
9877320
10091886
10096627
10349948
10482048
10722426
10728814
10816157
10996543
11181245
11229916
11464744
11580210
11696869
12392906
12417483
12547621
12692101
12839827
14560567
14602657
14624799
14626574
14978332
15121507
15722145
15910531
15982769
16010969
16738122
16765201
16798696
16877101
16894982
17040222
17046191
17116985
17303274
17362168
17366041
17580635
18028363
18080683
18319471
18320109
18986820
19398805
19712284
19948860
20055942
20466195
20639366
20688681
20808913
20833885
21685274
21873093
22190439
22277192
22439981
22447702
23047536
23224598
23645646
24171852
24314741
25350631
25830768
26603481
26622497
26796276
26962085
27080783
27107949
27154465
27338658
27847009
28232505
28799106
29451594
29519503
29700164
30096205
31345743
31371776
31720378
31836550
31863568
32098638
32156312
32528224
33136139
33220096
33268938
33413380
33646137
34644881
34667040
35430326
36435309
37746242
38322314
335938
479829
518721
619717
1617056
1935310
1962098
2235093
2393486
2410764
2506040
2604290
2626806
2678502
2891759
2910615
3171308
3246144
3563366
3932458
4032945
4045161
4588088
4952831
4969989
5315696
5333125
6039105
6045220
6074909
6229777
6473887
6513815
6517656
6614650
6635738
6635743
7431725
7467063
7469531
7560975
7605398
7688236
7802547
7884294
8148019
8253991
8614884
8863361
8864939
8880515
9039450
9276419
9466766
9561469
9877320
10091886
10096627
10349948
10482048
10722426
10728814
10816157
10996543
11181245
11229916
11464744
11580210
11696869
12392906
12417483
12547621
12692101
12839827
14560567
14602657
14624799
14626574
14978332
15121507
15722145
15910531
15982769
16010969
16738122
16765201
16798696
16877101
16894982
17040222
17046191
17116985
17303274
17362168
17366041
17580635
18028363
18080683
18319471
18320109
18986820
19398805
19712284
19948860
20055942
20466195
20639366
20688681
20808913
20833885
21685274
21873093
21995339
22190439
22277192
22439981
22447702
23047536
23224598
23645646
24171852
24314741
25350631
25830768
26603481
26622497
26796276
26962085
27080783
27107949
27154465
27338658
27847009
28076350
28232505
28799106
29451594
29519503
29700164
30096205
31314059
31345743
31371776
31720378
31836550
31863568
32098638
32156312
32528224
33136139
33220096
33268938
33413380
33646137
34644881
34667040
35430326
36435309
37746242
38322314
