24334147
25828705
26572398
27178962
27213484
27474656
27678116
27716345
27786558
27911402
27987940
28189230
28448629
28520408
28821155
28857665
28889281
28965208
29223754
29225430
29268745
29487732
29587136
29676562
29736513
29891296
29911267
29926141
29982923
30143132
30261126
30343787
30356274
30529474
30579888
30761107
30912251
30925215
30965761
30981355
31047084
31168651
31183432
31433066
31503407
31514737
31551945
31650194
31651088
31739023
31983038
32008096
32270472
32328284
32335838
32549603
32617930
32627756
32756518
32976905
33048520
33187079
33288830
33708468
33712153
33799945
34200927
34530037
34588564
34688673
34833249
35009165
35055211
35062972
35143121
35337915
35480983
35547175
35691844
35745602
35887199
35935541
35956737
36184690
36297965
36312960
36604039
36806768
37100327
37115254
37182820
37182977
37321600
37330080
37631523
37669535
37762703
38029904
38034652
38261734
38696037
38771508
38808165
38812914
38914496
39093994
39174096
39195045
39227724
39247360
39590079
