4421
4424
417692
659363
697510
770404
821930
1079209
1325435
1367200
1612426
1916276
1938617
1938618
1975583
2016587
2017360
2160942
2193008
3117770
3157776
3240868
3290054
3453403
3714878
3759648
4554341
6163765
6532349
6772631
6962795
7061380
7440503
7649853
8105023
8360109
8593056
9055987
9335272
9484230
9673017
10559181
10824182
11181344
11305367
11410376
11472937
11832501
12420172
12444694
12508861
12742024
12828631
14042949
15270566
15489167
15574905
15581897
15616300
16251301
16537546
16941176
17027131
17097206
17113996
17186208
17329002
17632514
18281573
18285472
18381227
18654000
19589392
19878959
21299120
21640802
21811263
22008448
22420410
22821440
22911092
23116164
23788550
24191699
24192887
24390838
24498397
24802639
25778839
25884328
26328935
27412636
27417933
27744295
28372191
28398287
28714842
29243651
32625917
35098381
35618872
38551341
38658081
39364063
