7483977
7637194
7675524
7779885
7827381
7996059
8089512
8240963
8467624
8621969
8641308
8658984
8699098
8749624
8783715
8815077
8838206
8900055
8900565
9060070
9298048
9542900
9574693
9641197
9738079
10405400
10424576
10517201
10555332
10655334
10745372
10791707
10804769
10878081
10959745
11155978
11325703
11592487
11716255
11737506
11864552
11866816
11929563
12402493
12413683
12485325
12520838
12630329
12809576
12884070
12944554
12973290
14578987
15112193
15142209
15472375
15598414
15770029
16030405
16051575
16051579
16133715
16230205
16632915
17139128
17148095
17152793
17283201
17301280
17309593
17440855
17527126
17544995
17577836
17668971
17712437
18033841
18094869
18176393
18329586
18597615
18629424
19006639
19046701
19122942
19322715
19680060
19713361
19860320
19915759
19925509
20037912
20118833
20378524
20413192
20686088
20885356
20919496
20960939
21121507
21160219
21864643
22015038
22141356
22189120
22326522
22446003
22665012
22817758
23355562
23411712
23714989
24041384
24112722
24287016
24312248
24664577
24679105
24836112
24842362
25100894
25406216
25544914
25549405
25606500
26328652
27036910
28335795
28674373
29031240
29429763
29637749
29729257
30262540
30692557
31129633
31143408
31300378
31911407
32296407
32782952
32921686
33167129
33167130
33251163
33363050
33410957
33628398
33757530
33789570
33866555
33887307
33938367
33964928
34151035
34301680
34559030
34976850
35222330
35247607
35439642
35487637
35766483
36230584
36522829
37187711
37887239
38115005
38589501
38970464
39050968
39219834
39344648
39360117
39473909
39514744
39514754
39578760
