21460137
26662517
26749435
26893432
27365358
28548691
28567482
28613984
28622859
28829017
28984542
29265377
29360975
30187987
30291367
30664803
30893484
32129174
32662133
32764238
33064874
33645841
33879261
33904173
33915806
34369594
34710187
35262919
35531301
37059254
37309564
37906096
37950508
38200828
38943549
21460137
26662517
26749435
26893432
27365358
28548691
28567482
28613984
28622859
28829017
28984542
29265377
29360975
30187987
30291367
30664803
30893484
32129174
32662133
32764238
33064874
33645841
33879261
33904173
33915806
34369594
34710187
35262919
35531301
37059254
37309564
37906096
37950508
38200828
38943549
