7857794
8573504
8878617
9310640
9310641
9310682
9310700
9495607
9495612
10543754
10543769
10615429
10791707
10815594
11073323
11120995
11155173
11202881
11321111
11327077
11679553
12354211
12657143
14569356
15598414
15720575
17916160
17949342
18422583
18436031
19053919
19567313
19637996
19719743
19722792
19860320
20739702
21523230
22703649
22863892
23060013
23527870
23668824
23981622
24144271
26383656
27313576
27422156
27555373
27558278
28841474
30828815
30991220
31275528
31313892
31480468
31677272
33711170
34975273
35691753
35783688
36181674
36371556
36656051
36964623
37234968
37738402
37822817
38004199
38945250
39015311
39036232
39379876
