15879278
16825642
20348319
20369227
20495039
26556271
28429209
29028448
31597568
31632351
31990790
32055753
32442562
32564539
34233671
34682893
34867859
35130347
35151255
35466495
35616767
35663464
36144194
36389176
36456638
36539432
36931530
38147943
38803512
39548551
15879278
16825642
20348319
20369227
20495039
26556271
28429209
29028448
31597568
31632351
31990790
32055753
32442562
32564539
34233671
34682893
34867859
35130347
35151255
35466495
35616767
35663464
36144194
36389176
36456638
36539432
36931530
38147943
38803512
39548551
