107269
406026
406027
4218564
4954898
5639272
5650421
6033749
6072398
6811696
9696261
10508076
10945275
11940155
13319250
13754316
14401003
16449451
16561650
16957107
17797253
18108881
20255114
23196300
24018837
24394916
28674971
30795038
32426339
33805651
34807813
35056577
36230171
37125177
37968339
38639000
38972876
39390034
107269
406026
406027
4218564
4954898
5639272
5650421
6033749
6072398
6811696
9696261
10508076
10945275
11940155
13319250
13754316
14401003
16449451
16561650
16957107
17797253
18108881
20255114
23196300
24018837
24394916
28674971
30795038
32426339
33805651
34807813
35056577
36230171
37125177
37968339
38639000
38972876
39390034
