43106
43337
56767
101607
163126
215783
286339
326736
329720
335929
339794
352205
377109
378045
378259
382608
382926
415645
443141
457280
464360
468738
475126
480770
504803
513399
525916
550075
629471
717879
740045
769293
803398
803804
806058
806239
819758
879584
909085
922555
924879
931134
931157
931173
937804
962217
984561
999074
1000369
1000379
1097382
1147348
1240264
1247198
1275332
1359693
1362585
1370049
1431701
1441161
1441162
1497195
1519412
1554773
1595967
1612999
1675419
1682267
1682654
1683047
1770363
1804773
1882133
1883088
1900058
1901657
1927151
1967921
1970564
1971156
1971258
1973927
1978874
2020540
2034894
2061282
2110376
2240784
2269990
2301819
2301828
2316913
2316914
2389894
2402972
2403542
2408520
2480364
2533482
2533483
2565715
2572190
2612133
2619460
2619462
2619464
2619466
2619467
2646701
2652875
2672202
2704057
2704058
2750019
2772410
2773277
2774340
2798131
2802298
2817731
2825397
2827366
2833863
2854704
2861194
2861768
2865080
2866569
2877604
2878919
2879528
2891593
2891723
2898471
2902184
2904256
2904257
2919815
2919823
2997742
3014929
3057717
3073677
3118043
3138932
3190138
3282390
3300626
3376421
3381465
3389822
3415192
3433652
3455084
3516033
3526702
3538491
3538953
3541707
3565896
3617395
3629862
3685632
3698601
3716161
3717730
3723661
3729120
3740610
3750750
3756679
3777650
3777935
3789493
3842146
3888344
3907433
3947934
3954223
3963562
3963603
3986674
3989901
4012041
4014830
4015558
4031135
4063787
4070785
4073642
4095875
4206658
4243033
4249096
4253466
4265547
4265555
4314337
4340698
4508779
4509397
4624040
4624041
4641206
4997447
5274409
5338547
5415217
5477717
5642355
5642356
5642357
5680256
5882548
5884703
6145379
6149104
6150572
6168222
6178487
6200014
6259199
6354016
6357004
6379787
6382776
6392258
6467950
6497144
6509372
6625315
6638644
6665310
6667436
6747080
6747081
6752270
6761950
6773451
6774393
6797240
6814042
6825419
6829142
6830015
6838038
6841686
6869990
6875082
6881676
7035420
7041713
7045996
7049023
7061022
7061312
7081977
7091830
7103179
7107855
7142559
7174460
7175004
7176073
7179679
7198659
7253105
7255925
7271018
7271039
7337296
7342222
7369598
7376396
7414071
7447134
7571364
7625058
7638934
7695145
7709093
7709105
7740757
7768744
7802547
7806361
7839582
7839756
7901935
7909183
7948367
7975093
7998697
8001772
8051000
8076248
8094276
8095318
8097394
8256246
8296442
8322548
8393208
8478080
8494736
8496388
8506128
8525078
8590674
8629329
8632273
8650893
8755989
8778564
8795206
8819561
8825308
8826698
8837372
8862608
8870197
8877979
8891172
8891173
8928946
8955641
8975936
8995812
9027695
9054127
9100324
9107569
9131370
9224884
9343550
9393693
9413465
9416676
9491166
9491167
9549230
9578768
9618292
9620956
9621108
9646479
9686385
9850998
9949503
10074660
10092658
10188812
10451205
10451604
10596805
10684373
10803981
10816500
10829577
10835092
10842466
10863589
10909906
10913859
10924395
10976749
10976750
11140930
11157222
11315524
11316291
11341387
11348773
11438135
11442232
11497442
11497451
11673447
11700926
11908647
12418530
12428659
12458165
12503789
12554105
12682943
12737201
12874311
12892288
12906101
12951253
12954781
14276527
14293768
14582732
14620871
14623151
14653340
14924128
15281658
15479872
15509681
15530703
15563460
15613817
15687380
15691049
15702695
15721351
15951499
16031161
16031192
16031566
16119425
16159772
16244231
16329351
16466634
16517853
16533993
16807696
16825490
16870855
16879933
16910856
17300463
17392208
17422610
17428378
17434402
17445081
17504045
17540518
17561358
17606130
17642322
17656049
17666571
17709258
17766809
17823397
17890023
17925842
18054816
18065813
18281626
18322775
18363984
18408395
18514312
18593245
18595132
18621995
18627610
18688112
18820355
18852003
19103875
19174287
19332813
19333771
19465755
19486309
19684344
19688605
19750751
19757583
20134230
20224496
20350734
20422659
20656993
20688950
20802185
20871080
21056797
21219681
21257483
21309468
21536079
21586880
21664636
21827584
21831999
21908289
21962410
22078969
22079343
22090714
22092641
22122901
22263218
22264735
22331501
22332934
22342890
22368776
22452495
22468026
22620699
22639317
22735987
22923321
23013189
23013196
23029117
23100741
23118053
23129346
23176420
23185529
23355584
23363359
23452750
23462098
23475045
23490560
23625728
23729897
23826366
23865885
23901081
23907059
23926494
24031527
24098654
24117832
24171860
24240039
24334685
24360647
24378586
24439165
24465982
24471757
24503775
24504043
24632213
24636301
24649991
24710594
24811557
24911338
24997332
25052105
25119480
25177514
25218920
25261461
25269718
25286931
25400917
25422024
25439651
25576389
25589888
25658082
25736202
25737117
25741343
25913158
25998271
26036790
26167828
26193778
26273272
26332641
26400649
26473844
26548863
26553300
26726026
26774874
26875299
26876300
26949517
26966140
26989718
26991142
27032413
27270464
27295705
27375559
27409673
27448858
27525395
27563398
27580114
27697390
27863556
27901388
28018864
28029286
28043572
28043575
28061955
28067618
28100768
28126017
28222182
28290692
28337427
28385004
28390431
28454649
28475618
28529930
28541150
28566080
28601089
28671497
28703672
28757034
28879829
29103697
29170044
29395445
29523316
29556853
29582590
29595396
29664901
29695323
29759378
29940854
29986895
30027824
30032028
30032722
30042930
30142702
30238010
30260200
30469369
30533917
30577452
30587190
30605026
30802589
30930057
30974263
31012123
31041672
31082328
31117936
31130711
31175361
31222520
31337117
31439825
31548318
31590898
31635257
31708538
31786405
31795474
31807982
31862393
31978947
31980349
32122612
32123830
32131736
32165330
32211193
32229179
32258800
32275234
32327249
32478794
32504845
32517651
32599971
32625624
32642742
32734103
32811436
32882763
32949720
33013790
33020922
33032092
33091235
33114269
33152661
33166715
33255311
33284842
33392284
33404383
33442910
33484233
33725176
33796479
33931826
34020176
34049656
34049657
34049658
34049659
34049661
34049664
34062463
34101189
34220144
34304400
34308155
34403519
34414224
34489142
34617184
34844188
34938371
34990977
35015775
35088966
35297088
35367869
35464378
35501420
35561957
35746524
35886897
35986252
36067072
36271336
36280777
36341375
36425598
36512867
36530168
36558727
36569069
36740320
36931492
36948363
37112767
37216720
37251650
37462310
37525221
37533671
37603920
37612042
37688889
37693844
37699090
37715127
37801778
37823960
37859972
37956891
37965265
37996960
38006030
38012553
38036036
38086162
38110948
38312611
38328358
38403533
38410723
38415687
38456644
38473133
38542119
38604328
38606297
38633880
38646533
38846704
38865309
38916323
38946908
39051782
39055751
39067144
39067167
39272307
39337287
39368609
39389299
39554864
