99975
358743
505092
525916
699676
838045
975988
1237516
1396750
1452691
1589657
1770363
1898915
2359906
2702856
2730785
3116036
3261446
3488190
3488198
3490974
3579792
3654942
3872294
3976811
3981909
4253466
4505772
5177528
5274411
5278895
5437302
5823363
5884703
6413906
6438065
6610925
6875514
6879119
7072642
7170520
7365451
7808579
7839756
8075270
8268350
8300255
8322548
8358744
8463169
8478080
8494736
8645799
12089304
12441664
14083764
14250800
14276527
15297558
16822636
21640938
22402990
24196134
25391813
27364497
28271043
29942746
30711347
31167433
31273564
31601195
32241585
32561182
32664929
33642434
34015953
34916264
34991103
35915013
36396730
37221000
38083912
38410509
38507941
38580798
39522099
