43106
43337
101607
163126
215783
286339
335929
352205
378259
415645
443141
457280
464360
468738
475126
480770
504803
513399
550075
717879
740045
803398
803804
806058
879584
909085
922555
924879
931134
931173
937804
962217
984561
999074
1000369
1000379
1097382
1147348
1240264
1247198
1275332
1359693
1362585
1370049
1554773
1675419
1682267
1683047
1770363
1804773
1900058
1901657
1967921
1970564
1971156
1971258
1973927
2020540
2061282
2269990
2301819
2301828
2316913
2316914
2389894
2403542
2408520
2480364
2565715
2572190
2612133
2704057
2704058
2773277
2774340
2802298
2817731
2833863
2854704
2861194
2861768
2865080
2866569
2877604
2878919
2879528
2891593
2891723
2898471
2902184
2904256
2904257
2919815
2919823
2997742
3118043
3190138
3300626
3376421
3381465
3389822
3433652
3455084
3516033
3565896
3617395
3716161
3723661
3729120
3740610
3756679
3777650
3777935
3789493
3842146
3888344
3947934
3954223
3963562
3963603
3986674
3989901
4014830
4015558
4031135
4063787
4070785
4095875
4206658
4243033
4249096
4253466
4265547
4265555
4314337
4340698
4508779
4509397
4624040
4624041
4641206
4997447
5274409
5338547
5415217
5477717
5642355
5642356
5642357
5680256
5882548
5884703
6145379
6149104
6150572
6178487
6200014
6259199
6382776
6392258
6467950
6497144
6509372
6625315
6665310
6667436
6747080
6747081
6814042
6825419
6829142
6830015
6841686
6875082
6881676
7045996
7049023
7061022
7061312
7081977
7091830
7103179
7107855
7142559
7175004
7176073
7179679
7198659
7253105
7271018
7271039
7337296
7369598
7376396
7447134
7571364
7709093
7740757
7768744
7839582
7839756
7901935
7909183
7948367
8001772
8051000
8076248
8094276
8095318
8322548
8478080
8494736
8506128
8590674
8778564
8795206
8819561
8826698
8891172
8891173
8955641
8975936
8995812
9027695
9054127
9224884
9393693
9491167
9620956
9646479
9686385
10092658
10451205
10596805
10816500
10829577
10842466
10913859
10976750
11157222
11315524
11348773
11497442
11497451
11673447
11908647
12458165
12554105
12874311
12892288
12906101
12951253
12954781
14276527
14293768
14620871
14623151
14924128
15281658
15530703
15563460
15691049
15721351
16031161
16119425
16517853
16533993
16870855
16879933
16910856
17300463
17392208
17422610
17445081
17540518
17561358
17642322
17656049
17709258
17823397
18054816
18363984
18514312
18852003
19332813
19750751
19757583
20134230
20422659
21056797
21309468
21536079
21664636
21827584
21908289
21962410
22078969
22090714
22092641
22122901
22264735
22332934
22342890
22468026
22923321
23013196
23100741
23129346
23452750
23462098
23625728
23907059
24117832
24240039
24334685
24465982
24504043
24632213
25177514
25261461
25286931
25576389
26036790
26273272
26400649
26774874
26949517
27448858
27580114
27901388
28703672
28757034
29103697
30027824
30032028
30032722
30142702
30469369
30533917
30930057
31978947
32478794
32734103
33404383
33796479
33931826
34049656
34049657
34049658
34049659
34049661
34049664
34062463
34220144
34938371
35501420
35746524
36067072
36271336
36280777
36512867
36569069
36948363
37612042
37693844
37859972
37996960
38328358
38403533
38415687
38633880
38865309
39067144
