1622392
1645652
1665487
2506014
2536668
2558725
2703459
3584059
7981093
8119410
8187885
8655524
8987606
9094223
9434105
9561726
9657676
10608805
10792037
10803945
10918067
10922364
11168887
11271424
11401501
11584011
11591674
11679343
11890705
11935350
12048216
12082163
12135473
12296704
12458205
12707264
12901720
14599189
14652015
14726539
14731279
15101981
15101982
15161973
15235942
15326165
15535669
15598654
15794659
15883159
15886032
15973049
16271000
16296855
16343420
16511051
16681384
16781467
16861801
16953587
16978355
16981201
16986870
17076668
17116577
17237175
17279778
17333169
17658452
17658890
17899223
17900177
18203822
18208351
18215633
18454519
18646797
18685221
18757546
19053349
19202290
19420693
19552713
19622864
19894084
19947659
20015072
20050916
20214682
20348262
20378963
20572664
20666367
21058669
21380436
21417336
21469666
21677850
22044358
22337887
22485188
22619327
22869120
22972329
23035813
23479726
23796250
24187968
25083922
25209512
25490149
25531247
25853415
25953310
26360333
26451671
26838805
28752517
28784815
30143872
30473565
31437585
33398015
33464881
34659730
35107997
36198910
36919258
37212228
37806495
38492570
39182429
39350464
1622392
1645652
1665487
2506014
2536668
2558725
2703459
3584059
7981093
8119410
8187885
8655524
8987606
9094223
9434105
9561726
9657676
10608805
10792037
10803945
10918067
10922364
11168887
11271424
11401501
11584011
11591674
11679343
11890705
11935350
12048216
12082163
12135473
12296704
12458205
12707264
12901720
14599189
14652015
14726539
14731279
15101981
15101982
15161973
15235942
15326165
15535669
15598654
15794659
15883159
15886032
15973049
16271000
16296855
16343420
16511051
16681384
16781467
16861801
16953587
16978355
16981201
16986870
17076668
17116577
17237175
17279778
17333169
17658452
17658890
17899223
17900177
18203822
18208351
18215633
18454519
18646797
18685221
18757546
19053349
19202290
19420693
19552713
19622864
19894084
19947659
20015072
20050916
20214682
20348262
20378963
20572664
20666367
21058669
21380436
21417336
21469666
21677850
22044358
22337887
22485188
22619327
22869120
22972329
23035813
23479726
23796250
24187968
25083922
25209512
25490149
25531247
25853415
25953310
26360333
26451671
26838805
28752517
28784815
30143872
30473565
31437585
33398015
33464881
34659730
35107997
36198910
36919258
37212228
37806495
38492570
39182429
39350464
