8063103
9766471
10985042
11358695
11386361
11544225
11555300
11774006
11829646
12425058
12696428
15276725
15346767
15366583
15532683
15535607
15913355
16179985
16180075
16646328
17076492
17216290
17980490
17985910
18345667
18450695
18450710
18594774
18704529
19082588
19126547
19132553
19323007
19621575
19643898
19713042
19783611
19898549
20063207
20099593
20158237
20655147
21107647
21478350
21544146
21762521
21914537
22092858
22415689
23108875
23650150
23924726
24195358
24551968
24555503
24628959
24786531
25118417
25158803
25256218
25728359
25808914
26138116
26260388
26266753
26299979
26336305
26582335
26872031
27382783
27401975
27604103
27635207
28043384
28154945
28166382
28187397
28399278
28785826
28848197
28874588
29717853
29730661
29897659
30426646
30721808
30897413
31442175
31709913
32256469
32893433
33258371
34285307
34294095
34584996
34813308
35166996
35685987
36014553
36479705
37038921
37428187
37635838
37682035
38298017
38597928
38784197
38922792
39072147
39225317
39491726
39596372
