10319478
10889402
11852195
12177347
14667020
15239381
15752446
16079343
16614250
16830093
16966448
17953102
18258043
18312573
18424154
19220336
19332673
19727868
19926655
20349260
20531937
21205001
21315828
21558433
21612765
21690563
21884294
22092560
22141597
22238579
22855373
23047147
23421965
23729651
23942615
24141085
24484495
24564950
24662769
24709914
24992529
25010668
25088032
25150688
25212454
25356333
25543825
25670734
25755892
25776545
25857735
25986220
26056386
26137311
26364930
26386066
26423021
26428856
26432516
26580416
26583077
26950066
26953603
27002636
27083520
27348190
27773758
27841350
27917158
28306562
29145645
29424717
29692903
30068313
30226659
30894592
31175784
31311880
31779160
31862969
31885870
31936490
31963568
32021695
32053510
32138376
32560559
32723947
33255276
34195427
36839562
37042763
37068547
38214519
38543546
38866811
39330804
39510362
10319478
10889402
11852195
12177347
14667020
15239381
15752446
16079343
16614250
16830093
16966448
17953102
18258043
18312573
18424154
19220336
19332673
19727868
19926655
20349260
20531937
21205001
21315828
21558433
21612765
21690563
21884294
22092560
22141597
22238579
22855373
23047147
23421965
23729651
23942615
24141085
24484495
24564950
24662769
24709914
24992529
25010668
25088032
25150688
25212454
25356333
25543825
25670734
25755892
25776545
25857735
25986220
26056386
26137311
26364930
26386066
26423021
26428856
26432516
26580416
26583077
26950066
26953603
27002636
27083520
27348190
27773758
27841350
27917158
28306562
29145645
29424717
29692903
30068313
30226659
30894592
31175784
31311880
31779160
31862969
31885870
31936490
31963568
32021695
32053510
32138376
32560559
32723947
33255276
34195427
36839562
37042763
37068547
38214519
38543546
38866811
39330804
39510362
