696543
965291
1928905
2966877
3356574
3570470
3716108
3818929
4692514
4721944
5073135
5290202
5541940
6468368
6532108
6816581
6962871
7056675
7080825
7188999
7217333
7238483
7425990
7744650
7928617
8354217
8508750
8578661
8660228
8837386
9012103
9034500
9549855
9673769
9705442
9773474
9787421
10203526
10223322
10605369
10831858
11280382
11480524
11599812
11770988
12019696
12034544
12148635
12361259
12488079
12791244
15143001
15384504
15936788
16455213
16881857
17482388
17604847
18182526
18184417
18344501
18587096
19942420
21286321
21441378
21460119
21596597
21645978
24068980
24742921
25459476
25632814
25878346
26203343
26295553
31292334
31395108
32059237
33299245
34281634
34987627
35535386
36435191
36839495
37020296
37818977
