9448831
10369568
10797077
11989740
12013480
15109423
16145091
17078753
17433735
17553557
19103617
20425726
20536732
22225696
25540395
27016768
28237333
28257873
28526497
28579042
28708498
29574306
30696445
31587913
34313462
36454014
36478961
36532358
36611691
37641353
38014543
38135044
38882857
39091311
9310641
9448831
10369568
10797077
11989740
12013480
15109423
16145091
17078753
17433735
17553557
19103617
20425726
20536732
22225696
25540395
27016768
28237333
28257873
28526497
28579042
28708498
29574306
30696445
31587913
34313462
36337205
36454014
36478961
36532358
36611691
36686194
37641353
38014543
38135044
38882857
39091311
