116460
1552699
1730110
1913719
1957134
2126582
2426874
2613327
3305628
3700277
3937889
3998190
4088129
4097691
6818308
7173172
7921897
7980248
8240963
8252184
8544209
8815077
9088536
9495617
9542900
9574693
9738079
10555332
10650659
10853486
10878081
11155978
11812434
12944554
13849021
14506450
14745632
15131228
15243100
15764181
15970174
16304448
16804190
17172910
17283201
17507512
17525671
17527126
17600533
19110401
19680060
20303053
20413936
20686088
21075711
21344829
22141356
22313810
22324467
22520388
22607842
22628600
22817758
23033471
23198840
24011184
24042530
24072762
24664577
24727539
25119809
26725541
26746720
27037569
27188623
27316966
27481657
27539135
28385567
29121069
29132968
29133669
29602225
29942771
29946643
30545671
31226808
31825918
32151606
32244337
32296407
32583081
33447816
33450310
33465168
33634320
34083694
34151035
34639088
34714925
35102222
35222330
36336763
36605405
36742284
37216558
37887239
38115005
38742887
38760693
39248478
