10319481
10758875
11556514
11699590
11837293
11852637
14620046
14972375
15206913
15327650
17064396
19734283
20107092
21779790
21828355
21868693
22042939
24278920
24412546
24764290
24932922
25088120
26432408
26612007
26746720
27105613
27797862
27965635
28307532
28327165
28668708
28765474
28979069
29111354
29164671
29486354
29969843
30046236
30692557
30772448
30807855
31300378
31323893
32001335
33537116
33718256
33957639
35625693
36371609
36468472
36829536
37110290
37363644
37460247
37572051
37822817
37822820
38089810
38637854
38904307
39040875
39147018
