4428
15544
39502
80974
96101
106847
108526
122051
123917
178534
185500
411486
481272
486187
572296
600092
803485
810477
825074
827665
1107760
1207502
1309736
1338116
1349468
1368139
1377902
1404375
1444383
1637160
1657982
1693657
1768109
1785954
1845980
1904125
1917992
1929390
2036023
2094287
2105383
2126333
2127906
2193913
2207083
2280705
2376564
2515801
2542319
2624462
2768195
2839495
2840063
3030752
3115963
3136733
3415234
3921227
4205728
4377654
4772632
4791166
6442554
6767693
6774962
6779711
6783282
6799757
7030736
7054146
7412622
7442573
7524444
7764924
7765830
7804907
7867951
7887594
8074526
8092853
8107121
8206895
8215352
8292599
8368829
8408008
8476925
8561915
8756490
8795228
8920197
9070438
9136884
9143121
9282751
9294241
9464387
9501450
9658004
9666732
9726896
9850566
9851984
9887367
9925557
9925579
9928147
9951524
10075428
10099581
10194363
10320346
10369892
10440676
10473397
10583965
10698759
10742271
10753442
10753443
10797241
10913867
10966405
10985740
11063587
11087940
11111023
11233157
11297417
11319100
11321535
11329291
11470351
11559090
11571171
11583153
11724588
11771325
11876411
11889481
12083787
12213929
12406713
12427920
12596237
12732507
12855729
12940489
14551986
14669871
15224745
15269546
15361623
15658162
15672376
15794651
15834597
15865157
16207923
16274088
16332035
16345280
16345482
16345538
16346465
16346799
16347189
16348098
16348810
16348920
16349038
16349336
16349401
16349402
16349485
16349514
16349516
16391101
16445286
16445288
16448499
16460015
16467965
16503646
16535004
16535183
16535263
16535395
16535402
16535693
16535757
16871808
16978347
16999122
17005974
17012599
17070918
17168328
17213640
17436634
17526838
17615240
17910095
18372044
18540635
18576037
18600643
18600778
18601056
18601170
18623142
18623566
18624367
18629832
18669263
18771422
18955091
19052919
19107472
19219428
19623951
19712303
19719661
19878324
20476753
20804000
20817303
20833792
20952571
20961038
21242075
21254756
21299876
21419919
21419924
21419925
21612919
21744144
21789203
21900235
22013879
22126187
22363324
22503618
22504273
22564190
22582172
22803946
23010330
23395757
23565111
23565113
23654196
23682956
23718184
23766081
23872554
23963715
24031362
24130670
24189703
25195244
25265378
25416758
25463780
25563419
25616801
25724828
25800013
26138087
26296730
26308900
26712545
26773085
27010565
27087171
27190151
27322060
27682078
27795312
27991525
28108763
28254057
28472429
28580426
28646447
28854685
28856622
29022194
29032471
29217796
29223156
29330532
29350313
29909832
30072960
30246911
30319568
30427665
30511326
30706246
31223337
31228930
31457042
31519658
32061966
32220843
32244934
32683863
32692178
32828830
32948519
33144007
33257167
33355098
33828540
33843227
33962982
34020156
34074779
34112370
34444543
34462232
34638043
34669437
34731053
35285718
35454149
35575546
35678574
35716154
36129259
36240700
36634876
36645275
36812111
37057906
37187279
37317084
37395163
37813317
38014956
38435708
38735326
38822346
39109930
39155110
39208973
39253703
4428
15544
39502
80974
96101
106847
108526
122051
123917
178534
185500
411486
481272
486187
572296
600092
803485
810477
825074
827665
1107760
1207502
1309736
1338116
1349468
1368139
1377902
1404375
1444383
1637160
1657982
1693657
1768109
1785954
1845980
1904125
1917992
1929390
2036023
2094287
2105383
2126333
2127906
2193913
2207083
2280705
2376564
2515801
2542319
2624462
2768195
2839495
2840063
3030752
3115963
3136733
3415234
3921227
4205728
4377654
4772632
4791166
6442554
6767693
6774962
6779711
6783282
6799757
7030736
7054146
7412622
7442573
7524444
7764924
7765830
7804907
7867951
7887594
8074526
8092853
8107121
8206895
8215352
8292599
8368829
8408008
8476925
8561915
8756490
8795228
8920197
9070438
9136884
9143121
9282751
9294241
9464387
9501450
9658004
9666732
9726896
9850566
9851984
9887367
9925557
9925579
9928147
9951524
10075428
10099581
10194363
10320346
10369892
10440676
10473397
10583965
10698759
10742271
10753442
10753443
10797241
10913867
10966405
10985740
11063587
11087940
11111023
11233157
11297417
11319100
11321535
11329291
11470351
11559090
11571171
11583153
11724588
11771325
11876411
11889481
12083787
12213929
12406713
12427920
12596237
12732507
12855729
12940489
14551986
14669871
15224745
15269546
15361623
15658162
15672376
15794651
15834597
15865157
16207923
16274088
16332035
16345280
16345482
16345538
16346465
16346799
16347189
16348098
16348810
16348920
16349038
16349336
16349401
16349402
16349485
16349514
16349516
16391101
16445286
16445288
16448499
16460015
16467965
16503646
16535004
16535183
16535263
16535395
16535402
16535693
16535757
16871808
16978347
16999122
17005974
17012599
17070918
17168328
17213640
17436634
17526838
17615240
17910095
18372044
18540635
18576037
18600643
18600778
18601056
18601170
18623142
18623566
18624367
18629832
18669263
18771422
18955091
19052919
19107472
19219428
19623951
19712303
19719661
19878324
20476753
20804000
20817303
20833792
20952571
20961038
21242075
21254756
21299876
21419919
21419924
21419925
21612919
21744144
21789203
21900235
22013879
22126187
22363324
22503618
22504273
22564190
22582172
22803946
23010330
23395757
23565111
23565113
23654196
23682956
23718184
23766081
23872554
23963715
24031362
24130670
24189703
25195244
25265378
25416758
25463780
25563419
25616801
25724828
25800013
26138087
26296730
26308900
26712545
26773085
27010565
27087171
27190151
27322060
27682078
27795312
27991525
28108763
28254057
28472429
28580426
28646447
28854685
28856622
29022194
29032471
29217796
29223156
29330532
29350313
29909832
30072960
30246911
30319568
30427665
30511326
30706246
31223337
31228930
31457042
31519658
32061966
32220843
32244934
32683863
32692178
32828830
32948519
33144007
33257167
33355098
33828540
33843227
33962982
34020156
34074779
34112370
34444543
34462232
34638043
34669437
34731053
35285718
35454149
35575546
35678574
35716154
36129259
36240700
36634876
36645275
36812111
37057906
37187279
37317084
37395163
37813317
38014956
38435708
38735326
38822346
39109930
39155110
39208973
39253703
