9226924
15956450
15972310
18222714
19755974
21421069
21686384
22516132
22760049
25355767
25493591
27898021
28109846
29559113
29709959
31690590
31725203
32170059
33515008
33544453
34571094
34869341
35993719
36400152
37180202
37345463
38766462
38819499
39064601
39201258
9226924
15956450
15972310
18222714
19755974
21421069
21686384
22516132
22760049
25355767
25493591
27898021
28109846
29559113
29709959
31690590
31725203
32170059
33515008
33544453
34571094
34869341
35993719
36400152
37180202
37345463
38766462
38819499
39064601
39201258
