10555337
12136901
12656147
12688473
12698286
15143013
16014508
16055251
16312976
16902024
16957113
17000041
22816486
24095800
24362552
24769617
25620371
25644656
25953191
26907759
27115704
28581020
28618357
29379471
29992413
30013518
33608579
33668956
33962296
38134508
38259930
39397126
10555337
12136901
12656147
12688473
12698286
15143013
16014508
16055251
16312976
16902024
16957113
17000041
22816486
24095800
24362552
24769617
25620371
25644656
25953191
26907759
27115704
28581020
28618357
29379471
29992413
30013518
33608579
33668956
33962296
38134508
38259930
39397126
