27783449
27795307
27880032
27909432
28118091
28167932
28242707
28548604
28791444
29461181
29781800
29869675
30214441
30405648
30540526
30902863
31437216
31744149
32178281
32293239
32476198
33037916
33042195
34198479
34757299
35829647
36031404
36114465
36338070
36365381
36583055
37080282
37400579
37670984
37913631
38392974
38764037
38937715
39155838
39184028
27783449
27795307
27880032
27909432
28118091
28167932
28242707
28548604
28791444
29461181
29781800
29869675
30214441
30405648
30540526
30902863
31437216
31744149
32178281
32293239
32476198
33037916
33042195
34198479
34757299
35829647
36031404
36114465
36338070
36365381
36583055
37080282
37400579
37670984
37913631
38392974
38764037
38937715
39155838
39184028
