7691800
8929275
9422606
11088560
11200427
11571158
12497187
12501339
12560986
12764570
13129949
14668979
14766587
15060050
15184166
15774885
16237001
16299495
16483136
16644169
16957191
17351430
17449609
17526564
17534559
17594464
17601786
17965152
18032611
18205608
18425510
18539817
18639631
18800186
18980188
19341408
19395573
19435053
19659746
19837839
20023033
20105221
20173068
20487281
20495050
20562310
20674739
20713012
20886524
21128392
21144001
21360144
21724877
21764974
21784982
21821768
21870462
21939961
21999528
22007638
22026731
22043287
22066928
22170293
22194451
22238623
22360568
22395909
22578947
22636767
22730130
22869118
22869124
23066493
23243303
23455488
23466477
23530668
23889511
23893106
23898327
23937222
24020498
24096429
24193113
24272781
24411235
24523717
24532068
24561353
24625872
24765089
24794567
24814778
24816605
24819161
24828297
24915802
24983865
25289664
25394370
25587011
25762338
26052516
26058383
26134419
26386052
26598395
26879571
26921147
26969709
26972517
27043321
27222167
27286560
27438136
27733152
27815736
28093197
28130300
28261169
28430950
28447690
28584275
28620230
28660385
29030621
29054541
29243866
29357230
29557439
29700148
29864580
29959254
30116160
30259479
30360046
30367002
30440731
30600567
30714827
30797225
30841927
30862753
31001208
31113903
31297108
31358981
31388439
31414157
31419361
31454160
31604767
31732570
31825246
32133346
32187836
32385084
32614010
32651449
32674989
32721577
33067189
33075503
33168043
33203687
33257551
33468141
33541381
33632118
34006654
34083661
34296829
34519524
34534559
34622633
34971672
34974869
35353296
35516490
35686930
35852850
35877673
36004881
36132283
36133039
36217140
36546265
36799182
36898262
36910269
37088211
37214292
37304575
37318230
37823629
37934249
38197240
38419080
38683079
39425777
39480433
39592122
