1402795
1840587
2019548
2126005
7486992
7557315
7577360
7703031
7814741
8071804
8418850
8693025
8779597
9026455
9106219
9398233
10966388
11034505
11111031
11843419
11929174
12501283
12892137
14698102
16084269
17229480
17846581
17913272
18839629
19044279
19350982
19527840
20492182
20616434
20630231
21131494
21705441
22626965
22897881
23053070
23144409
23936441
24021822
24387853
24431060
24690877
24927398
25268325
25548057
25600580
25616799
25625910
25769837
25972087
26044337
26818982
26874863
26907755
28202882
28400008
28570918
29240968
29377407
29545781
29678911
29903812
30057575
30210467
30265895
31474094
32038547
32328055
32934253
33742725
33940536
34441676
34550068
34600670
34650526
35744624
35761573
36494615
37164129
37280779
37532681
38930557
993782
1402795
1840587
2019548
2126005
7486992
7557315
7577360
7703031
7814741
8071804
8418850
8693025
8779597
9026455
9106219
9398233
10966388
11034505
11111031
11843419
11929174
12501283
12892137
14698102
16084269
17229480
17846581
17913272
18839629
19044279
19350982
19527840
20492182
20616434
20630231
21131494
21705441
22626965
22897881
23053070
23144409
23936441
24021822
24387853
24431060
24690877
24927398
25268325
25548057
25600580
25616799
25625910
25769837
25972087
26044337
26818982
26874863
26907755
28202882
28400008
28570918
29240968
29377407
29545781
29678911
29903812
30057575
30210467
30265895
31474094
31781049
32038547
32117190
32328055
32934253
33742725
33940536
34441676
34550068
34600670
34650526
35744624
35761573
36494615
37164129
37280779
37532681
38930557
