677881
1417415
1494452
1531794
2219956
2321932
2387025
2556967
2644301
2823707
2968906
3300549
3345751
3389815
3579266
3782488
3945231
4024656
6424921
6791591
6812527
6815429
7060591
7408871
7662333
7695841
7765371
8142039
8223635
8590628
8863439
8887349
8899985
8919784
9232888
9336928
9688274
9721649
9917526
10319476
10410260
10425779
10540188
10555354
10758875
10832964
10898639
10939665
11040423
11133459
11171690
12007653
12051398
12555560
12572869
12587635
14609283
14709022
15777254
16076107
16232686
16345811
16345842
16345931
16466386
16534848
16701518
16701531
17473433
17503003
17906828
17951475
18363656
18567753
19302311
20198303
20304079
20498852
20586850
21036996
22423990
22495556
22610438
23231490
23530761
23613805
23738471
23765740
24125915
24788027
25049786
25105269
25676768
25956767
26238546
26246619
26366730
26604978
27236811
28296584
28355361
28531864
28754474
28894218
28898856
29057933
30285910
30390509
30470174
30804494
31341018
31373788
31859133
31876375
32082593
32218779
32333233
32571881
32826335
33094358
33321298
33460587
33571657
33629808
33971948
34008274
34523550
34688665
34716461
34841673
34929162
34952430
35081709
35364280
35737746
35881468
36144392
36716373
36923492
36943054
37024282
37218441
37261036
37272938
37317230
37343794
37388163
37415727
37703250
37704113
37933250
38042435
38104165
38233843
38687561
38956879
39033464
39086992
39122591
