11411723
11777011
14637043
16793226
16806331
16971068
17356928
17518419
18523489
18720487
19284528
19880865
19962160
20357953
20537742
21067874
21075405
21546044
22235352
22541164
22795262
23275249
24139720
24436068
24641089
24945970
25829868
25934548
27892857
30928178
33077074
33077078
34607681
35275139
35303356
36481483
37832214
11411723
11777011
14637043
16793226
16806331
16971068
17356928
17518419
18523489
18720487
19284528
19880865
19962160
20357953
20537742
21067874
21075405
21546044
22235352
22541164
22795262
23275249
24139720
24436068
24641089
24945970
25829868
25934548
27892857
29695449
30928178
33077074
33077078
34607681
35275139
35303356
36481483
37832214
