813570
950319
993114
993115
1295597
1328813
1468986
1505879
2708143
4429852
5350511
6163765
7247371
7649177
8550458
8576156
8577249
8926341
9531633
11347268
11816970
12548923
12549387
12549413
12552803
12552916
12555407
14217764
14633101
15358090
17125778
18553677
18726269
18817745
19085073
19099226
19159920
19224545
19917754
20363928
21930680
22606009
22921660
24324587
24365644
24380627
26248490
27715470
28455615
28516055
28791100
29038257
29084856
29437796
29549449
29557172
29574602
29846840
30341075
31130942
31447118
31708899
31710815
31916478
31993701
32050973
32322696
32375929
33320674
34313330
34488446
35082816
35384192
36453540
36734183
36930277
37076767
37562983
37768348
37801155
38093313
38172890
38318491
38556098
38878095
38973095
39118116
