16166714
17171719
17684276
18710398
20096574
20729368
20885952
21470845
21557204
22566280
23144135
23841981
24814397
25935391
26046429
26193629
26204073
26421736
26573014
26810079
26903012
26921183
27459682
28160118
28521234
28625981
28803105
28855713
29091851
29204741
29348063
29374033
29886351
29971481
30084932
30465914
30780099
30965197
31317357
32100613
32750358
32824093
33101253
33894339
33936011
34409191
34656154
34669248
34735802
35353674
35405210
35547160
35792327
36374655
37110426
37355028
37597573
37973932
38138106
38401749
38614289
38728064
39029757
39086992
39277045
39549956
