3171
106847
108526
404513
411486
415046
826763
1107760
1338116
1693657
3102906
3935106
6782437
6799757
7332669
9275277
10331207
10620693
10896213
10913867
11133435
11540111
11845445
11889481
12940489
15595522
16345280
16348920
16480155
16871808
19566684
20804000
20868748
21984674
22123758
22564190
24117886
24271576
26838340
27491982
29729538
30631317
34462232
34624710
34905639
35385600
3171
106847
108526
404513
411486
415046
826763
1107760
1338116
1693657
3102906
3935106
6782437
6799757
7332669
9275277
10331207
10620693
10896213
10913867
11133435
11540111
11845445
11889481
12940489
15595522
16345280
16348920
16480155
16871808
19566684
20804000
20868748
21984674
22123758
22564190
24117886
24271576
26838340
27491982
29729538
30631317
34462232
34624710
34905639
35385600
