7887614
7981092
8593100
8837437
8863430
8863436
9023963
10224022
10400648
10508097
10559152
10664879
11004165
11157221
11295458
11525991
11567003
11966825
12381026
12508850
12902251
14711667
15381694
16349491
16535014
16535097
16840784
18687692
19719663
23705686
25512312
26991974
7887614
7981092
8593100
8837437
8863430
8863436
9023963
10224022
10400648
10508097
10559152
10664879
11004165
11157221
11295458
11525991
11567003
11966825
12381026
12508850
12902251
14711667
15381694
16349491
16535014
16535097
16840784
18687692
19719663
23705686
25512312
26991974
