7857789
9466529
10353885
10565926
10746763
11197763
11410341
11418625
11837299
12584000
12613756
12860632
15200860
17094651
17374132
19219487
19402763
19538457
19578403
20090031
20202191
20465583
20935117
22005177
23428091
23473217
23555299
23738028
23740723
24661833
26344603
26528573
27162268
27220973
27267358
30165879
30419740
30728050
32381113
32948932
33200238
33537358
33922378
34205901
36314674
36504836
36951592
38033559
39058027
39166044
39345150
39455748
7857789
9466529
10353885
10565926
10746763
11197763
11410341
11418625
11837299
12584000
12613756
12860632
15200860
17094651
17374132
19219487
19402763
19538457
19578403
20090031
20202191
20465583
20935117
22005177
23428091
23473217
23555299
23738028
23740723
24661833
26344603
26528573
26645342
27162268
27220973
27267358
30165879
30419740
30728050
32381113
32948932
33200238
33537358
33922378
34205901
36314674
36504836
36951592
38033559
39058027
39166044
39345150
39455748
