15774630
16999122
19731666
20199795
21725009
22327578
23237300
23239086
23663433
24096414
24627120
24632253
27094948
27486928
27623820
28161562
29023103
29464325
29477886
29622610
29879691
29899516
30216889
30419469
31661950
32018172
32468172
32721670
33189472
35129703
35297726
37717901
38157628
15774630
16999122
19731666
20199795
21725009
22327578
23237300
23239086
23663433
24096414
24627120
24632253
27094948
27486928
27623820
28161562
29023103
29464325
29477886
29622610
29879691
29899516
30216889
30419469
31661950
32018172
32468172
32721670
33189472
35129703
35297726
37717901
38157628
