1939833
2094442
2314301
2454943
3193662
9088536
9635174
9812476
10425783
11931181
12148622
12399903
12791460
15190872
15712006
16044186
16607454
17320642
17994677
18620107
19205430
21703886
22250461
22570923
22705228
23110950
24529345
24801153
25820110
26380300
28840807
29022542
29563488
29717973
31628793
31651316
32508459
38087407
38668368
1939833
2094442
2314301
2454943
3193662
9088536
9635174
9812476
10425783
11931181
12148622
12399903
12791460
15190872
15712006
16044186
16607454
17320642
17994677
18620107
19205430
21703886
22250461
22570923
22705228
23110950
24529345
24801153
25820110
26380300
28840807
29022542
29563488
29717973
31628793
31651316
32508459
38087407
38668368
