7559949
8882174
8945583
9508292
9632575
9666014
9720872
10090005
10338516
10417389
10531262
10574274
10899867
11052175
11101562
11334751
11381624
11424022
11451687
11500434
11553563
11553577
11598034
11722558
11823513
11856171
11882699
11895973
12088666
12379723
12405353
12405637
12475629
12636301
12654835
12657048
12694622
12755369
12761129
12933850
14688352
14710853
14982621
14988506
15039354
15100456
15155635
15173179
15181286
15265947
15322005
15339271
15470062
15521015
15533930
15593123
15629476
15664905
15668384
15687208
15731042
15784538
15784556
15814717
15845460
15897997
15901718
15919826
15995584
16008583
16113263
16199571
16248852
16262788
16291665
16306191
16309456
16339353
16339354
16362886
16365440
16368980
16369024
16543288
16548890
16552063
16573685
16622187
16648837
16751795
16759225
16841095
16887154
16889624
16926434
16941350
16954399
16958848
17005378
17034412
17053159
17057188
17057199
17097322
17317262
17379706
17441212
17464049
17470543
17474908
17487239
17487677
17557113
17579078
17768241
17878371
17890132
17910742
17979981
17979986
17984203
18005726
18025100
18030708
18032474
18043230
18078690
18223087
18227164
18227166
18249173
18261038
18264109
18279332
18284589
18331467
18395082
18417477
18426872
18453602
18504087
18505397
18678662
18680595
18694964
18710857
18725419
18762269
18765720
18971315
18981255
18996369
19016787
19075023
19084435
19088265
19088856
19125888
19144317
19188355
19220465
19224428
19255191
19262293
19262671
19286565
19332804
19470777
19489119
19528152
19546193
19549526
19635824
19659780
19661153
19665391
19675161
19708916
19828465
19836068
19846871
19853617
19889090
19897651
19931259
19961304
19997063
20012858
20034934
20097867
20118320
20133763
20145094
20159620
20300064
20337387
20345490
20351140
20466763
20472788
20485566
20508153
20532209
20600022
20618683
20651246
20710027
20719939
20958317
20962508
20966022
21109589
21115487
21139624
21189318
21194981
21245271
21248151
21255326
21278290
21321077
21326319
21341264
21343355
21378194
21386987
21454446
21490962
21565531
21570957
21584659
21637016
21656255
21746856
21767811
21804358
21848814
21856270
21874025
21895790
21900182
21900533
21943280
21993849
22002608
22033518
22046427
22067938
22069619
22092863
22106256
22144475
22144489
22177117
22233392
22304382
22308390
22318496
22347213
22361732
22366706
22427959
22430833
22432415
22447907
22451523
22461621
22466966
22475450
22485193
22524476
22582016
22615252
22661456
22694805
22710872
22713271
22732589
22745333
22801499
22821949
22833394
22854708
22860002
22898816
22902730
23001144
23019194
23041631
23064344
23200827
23203159
23208605
23226353
23241884
23244715
23264052
23297381
23312797
23328901
23332158
23334419
23340312
23343678
23355735
23405155
23434013
23462619
23518681
23613889
23665276
23689588
23690441
23695692
23732773
23747681
23752178
23775576
23798531
23831705
23860500
23881368
23887873
23913046
23918973
23950714
23954160
23955152
23979310
24004613
24019519
24024606
24025841
24038093
24043764
24101690
24145029
24278135
24278312
24280936
24280937
24312491
24358033
24367513
24378326
24386378
24412612
24413902
24419270
24430732
24431327
24453255
24489720
24566625
24613200
24646939
24706936
24711562
24740503
24755435
24764203
24831469
24848114
24874665
24875828
24917457
24939801
24958710
24966923
25004820
25010669
25014551
25024136
25088150
25091235
25113970
25119041
25143376
25180790
25187663
25194055
25211077
25243744
25254654
25261485
25263220
25271628
25274297
25312947
25315967
25339668
25347065
25456160
25473101
25474156
25486432
25498343
25501546
25521605
25536463
25573177
25599590
25624355
25643352
25645555
25666139
25680273
25694610
25702536
25710006
25712925
25716673
25725105
25756944
25761673
25787310
25799189
25824836
25878465
25888259
25895966
25902484
25904918
25905673
25936799
25953159
25957267
25959063
25964370
25964475
25974250
25985244
25992862
26034212
26034215
26038694
26046550
26064940
26067845
26077760
26197390
26269452
26285214
26295949
26336925
26350132
26355540
26371187
26411289
26414766
26422754
26432894
26467188
26481427
26595889
26728091
26733980
26813344
26837900
26843851
26878233
26883593
26925601
26948422
27038276
27044504
27046199
27056471
27067195
27183629
27196638
27226416
27246037
27273829
27291827
27329747
27366640
27387501
27412446
27482886
27556858
27606775
27624779
27633986
27634011
27634526
27711220
27731345
27746159
27761062
27783672
27818950
27820700
27821583
27822540
27845198
27851911
27857935
27863236
27863247
27872242
27929072
28031748
28049834
28053238
28085133
28096401
28132060
28138023
28138329
28155242
28159898
28176201
28202619
28286877
28296821
28333177
28344333
28345580
28348052
28352104
28356348
28356548
28385287
28418397
28474503
28494866
28522607
28554619
28566702
28612839
28618266
28622393
28662171
28676351
28694292
28701769
28745029
28760932
28783684
28790160
28812548
28860194
28861518
28935867
28947641
28988824
29091261
29139475
29227180
29256851
29262319
29269489
29290146
29322410
29327263
29339782
29358334
29381406
29459869
29470558
29509331
29599772
29601470
29611140
29636436
29675452
29719449
29728609
29742146
29858011
29877113
29907869
29922289
29958098
29970473
30065896
30079059
30087442
30095298
30100182
30115995
30127026
30143554
30202015
30240703
30242013
30250187
30252907
30253666
30275512
30275537
30279238
30280092
30305622
30342282
30348782
30355800
30365535
30376595
30383855
30394371
30396894
30397349
30411307
30446384
30455200
30510070
30524410
30532756
30536519
30540706
30543324
30559449
30585268
30629725
30665337
30670547
30671060
30686564
30710097
30723466
30726742
30760618
30769786
30782635
30817947
30818341
30831322
30877891
30893495
30940698
30972302
30973939
31001226
31024525
31040926
31061145
31076530
31080014
31096877
31142637
31156598
31164470
31182797
31196922
31208713
31229354
31234710
31251784
31272068
31275322
31296736
31379246
31399516
31428344
31454133
31456170
31539206
31541196
31552024
31610608
31611869
31632394
31633019
31641840
31655271
31659301
31686025
31772324
31818958
31836665
31841745
31873206
31874917
31889191
31944217
31945799
31960920
31974499
32015030
32034605
32042052
32131463
32184085
32205422
32208465
32210304
32229529
32230738
32269096
32332067
32409599
32424362
32453761
32498703
32508838
32521208
32521224
32589883
32631916
32650458
32653496
32658599
32673362
32714302
32716209
32726577
32768962
32775340
32792032
32848032
32859726
32864506
32867139
32918764
32961355
32968151
32969062
33031733
33031742
33042146
33064969
33076301
33078848
33117344
33139287
33141762
33301714
33301718
33316970
33326776
33361654
33377111
33392070
33411865
33427835
33431657
33440153
33451988
33453153
33472215
33483420
33489123
33531385
33559319
33589708
33598715
33654214
33654962
33662140
33672424
33704765
33704766
33707240
33780601
33819308
33857803
33881780
33963061
33992648
34021690
34065796
34072947
34075695
34111031
34183673
34183776
34217915
34221718
34224961
34242724
34243134
34274597
34298480
34320343
34325744
34335629
34352594
34369649
34383918
34391464
34450388
34462572
34479870
34502403
34530674
34536451
34537517
34592880
34592891
34601305
34609899
34622991
34625492
34665940
34666171
34667584
34678170
34691050
34702763
34715017
34726493
34748367
34832651
34840074
34847524
34883060
34893247
34919443
34926327
34929548
34937930
34948435
34973084
34989321
35004346
35008767
35090380
35100877
35169233
35201883
35263568
35264769
35288651
35335693
35345462
35354041
35380454
35425795
35458125
35476983
35501356
35523284
35547774
35602086
35687695
35861565
35916401
35931869
35946994
35996581
36000875
36033875
36071157
36116427
36145206
36153406
36171625
36175404
36196760
36196983
36201318
36232769
36244647
36266398
36269035
36279426
36290756
36323315
36336122
36341403
36369343
36372810
36386655
36409903
36457188
36472670
36511702
36533918
36562464
36583647
36623778
36630917
36634827
36661414
36677486
36704785
36709326
36729914
36737826
36740862
36742329
36753416
36794831
36810248
36831495
36876072
36917202
36917985
36927391
36932044
36946756
36951501
36976181
36988519
37001687
37013611
37018657
37080966
37094160
37111109
37111225
37119822
37120613
37137156
37142684
37189666
37192862
37209960
37245209
37268351
37269592
37305694
37342621
37352357
37399418
37469513
37591835
37666668
37672039
37709985
37739064
37756665
37768824
37800916
37840708
37842938
37869014
37902285
37907520
37959788
38019650
38047703
38049144
38072168
38090573
38102166
38109366
38170633
38179939
38180443
38242132
38285546
38289074
38294234
38298145
38299318
38411016
38415976
38480886
38498592
38502690
38504383
38510236
38526080
38554450
38557196
38600382
38644589
38670644
38674673
38677292
38687788
38688934
38745106
38763852
38793759
38796512
38799550
38807373
38849869
38905308
38936619
38979288
39056151
39131305
39146372
39151019
39253083
39262854
39405360
39504243
39532259
39544255
39567665
39570897
39580705
39581230
39589147
