518236
528052
1280812
1406457
1676335
1832453
2005230
2254020
2427680
2572552
3016051
3439382
3463573
3546133
3679548
3863838
3888842
3943898
3967924
6574154
6947390
6958369
7035860
7153332
7494174
8388414
8514113
8574402
8760930
8906126
8961558
9028259
9171508
9390475
9421313
9467394
9660335
10219172
10384401
10791707
10965664
11155173
11202881
11429938
11495144
11737506
11803363
12200976
12613461
12790510
12820224
12931770
15491316
15508748
15562911
15642056
15720565
15836514
15987522
16887581
16922925
17039147
17134590
17311629
17535423
17713343
18302616
18422583
18973539
20826648
20861633
21533621
21584217
21841988
21895662
22092990
23246913
23952074
24013195
24935532
27531625
28453633
28807152
29766330
30048057
30082394
30642137
31765020
32211076
32326807
32779013
32885341
33456255
34041953
34668852
34712209
34941430
35955456
35968170
36093607
36295072
36498642
36724261
36768839
36770464
36834903
37008776
37081132
37358420
37623956
37719252
38252394
38380100
38409691
38921706
39203395
