8075812
9157124
9620414
11682548
19722792
22324467
22863892
28950929
29504898
29532421
29559963
29630846
31275528
31446477
31502122
32533776
33123499
33248211
33556534
33837018
34332123
34602059
34824153
35646730
35688483
36082397
36538094
36748486
37822701
38033462
39240418
8075812
9157124
9620414
11682548
19722792
22324467
22863892
28950929
29504898
29532421
29559963
29630846
31275528
31446477
31502122
32533776
33123499
33248211
33556534
33837018
34332123
34602059
34824153
35646730
35688483
36082397
36538094
36748486
37187460
37822701
38033462
39240418
