9163438
9196200
9230394
9371348
9621208
9709886
9874661
10203518
10348234
10746763
10770599
10921956
11095849
11158141
11295338
11410341
11491358
11574571
11837299
11880432
12135236
12488072
12523479
12532216
12695049
12860622
15013998
15039632
15243113
15900951
16443383
17114721
17252927
17553970
17693558
17984255
18079064
18489542
18828717
18973443
18990198
19058928
19086373
19136687
19255530
19438611
19621628
19941605
19963231
20148999
20345572
20569017
20570199
20682871
20863631
21120356
21142966
21485388
21501464
21612535
21771478
21802869
21919728
22153360
22185943
22217178
22521739
22551055
22990968
23200028
23778615
24107217
24268654
24626408
24655431
24892580
24972870
25392353
25424254
25590435
26070666
26138812
26363063
27012917
27160725
27938417
28115179
28130406
28141857
28249707
28346866
28780918
28887102
28906180
29311425
29554931
29558992
30085290
30165658
30709361
30728050
30825447
31014497
31018411
31408412
31436150
31596318
31618303
31660786
31961273
32057388
32175623
32695906
32985137
33207065
33609991
33735790
33802644
33922245
34096687
34296984
34578241
34896287
35258479
35284882
35284883
35545848
35889995
36038877
36041799
36250862
36316689
36558737
36950155
36985289
37399133
37913970
38417187
38851625
38984890
39005237
39404264
9163438
9196200
9230394
9371348
9621208
9709886
9874661
10203518
10348234
10746763
10770599
10921956
11095849
11158141
11295338
11410341
11491358
11574571
11716593
11837299
11880432
12135236
12488072
12523479
12532216
12695049
12860622
14765733
15013998
15039632
15243113
15900951
16290092
16443383
17114721
17252927
17553970
17693558
17984255
18079064
18489542
18828717
18973443
18990198
19058928
19086373
19136687
19255530
19438611
19621628
19941605
19963231
20138558
20148999
20345572
20472484
20569017
20570199
20682871
20797506
20863631
21120356
21142966
21485388
21501464
21612535
21771478
21802869
21919728
22153360
22185943
22217178
22521739
22551055
22990968
23200028
23778615
24107217
24268654
24626408
24655431
24892580
24972870
25392353
25424254
25590435
26070666
26138812
26363063
26611968
27012917
27160725
27938417
28115179
28130406
28141857
28249707
28346866
28780918
28887102
28906180
28927427
29311425
29554931
29558992
30085290
30165658
30709361
30728050
30825447
31014497
31018411
31408412
31436150
31596318
31618303
31660786
31961273
32057388
32175623
32695906
32985137
33207065
33609991
33735790
33802644
33922245
34096687
34296984
34578241
34896287
35258479
35284882
35284883
35545848
35889995
36038877
36041799
36250862
36316689
36558737
36950155
36985289
37399133
37913970
38417187
38851625
38984890
39005237
39404264
