5603104
5709357
5773100
6048423
6508072
7689634
8702294
11548199
11880608
11948149
12130657
14594839
15598538
16332841
17078972
17092580
17400776
17625271
18378599
19388259
19812028
20362433
20635162
21564458
21935590
22392983
22491058
22543350
22790541
22906194
23100663
23173440
23579728
24007199
24257839
24454864
24652064
24837387
25063660
25661809
25846333
26066317
26169628
26641635
26649736
26773084
27260354
27742681
27822737
28210251
28302400
28848505
28849247
28961729
29318533
29666619
29876607
30368907
30505945
30578269
31321576
31829622
32033954
32245758
32577801
33643255
34644163
34731049
34745042
34994957
35318522
36005810
36197104
37537682
37622363
37902313
