10939654
12462533
13130054
14765097
15545475
16052092
16626912
16882297
17188068
17342579
17374898
19639036
19783307
19832708
19960036
20698939
20810768
22242084
23523047
23668458
23966490
25239419
25497418
26724261
27440848
27696601
27999029
28112922
28870771
29773433
29806691
29933049
30010392
30270243
30401464
31350617
32352943
32736895
32853327
33019781
34051779
34256514
35234511
35869022
36118026
36845087
37527397
37940842
38171791
10939654
12462533
13130054
14765097
15545475
16052092
16626912
16882297
17188068
17342579
17374898
19639036
19783307
19832708
19960036
20698939
20810768
22242084
23523047
23668458
23966490
25239419
25497418
26724261
27058325
27440848
27696601
27999029
28112922
28870771
29773433
29806691
29933049
30010392
30270243
30401464
31350617
32352943
32736895
32853327
33019781
34051779
34256514
35234511
35869022
36118026
36845087
37527397
37940842
38171791
