7569881
10552739
10794829
11080336
11911526
11939294
12793697
13130060
15280285
15280291
15879234
16828738
16855726
17150291
17572448
17635539
17852067
18405125
18572341
20333267
20821674
22594396
22724636
22983624
23216642
23288595
23695836
23822594
24029692
24226799
24871847
25204078
25834773
26086427
26203005
26296901
26707886
26778497
26975610
27739099
27787748
27858260
28013431
29179127
29216472
29229186
29349565
29525427
29627534
31372731
31504695
31935177
32219125
32291859
33005667
33847229
34002536
34087666
34209725
34528536
35412184
35455725
35577087
35778652
35889093
36002791
36012278
36413932
36566855
36568143
36652853
36682245
38677103
38692025
38921415
39464299
39565130
