20336137
21071492
21265781
21460105
21667086
21841030
22020652
22221911
22504019
22657102
22681179
22891064
22905032
23042164
23042166
23112795
23717304
23761277
23892779
24057983
24272281
24509918
24515728
24616523
24809733
25098653
25186148
25223900
25242345
25261523
25398284
25403415
25429458
25472842
25501888
25519694
25527536
25530008
25698510
25732131
25929086
26368535
26515563
26932395
27157928
27176548
27178181
27225473
27582299
27753265
27761639
27877158
27986721
28177782
28244978
28363395
28484811
28501892
28668629
28686892
28779290
29079862
29387953
29421752
29548408
29806730
29873717
29944124
29998673
30140258
30375505
30533317
32199399
32607646
33326895
33618455
34153588
34467934
34849468
35094192
35224946
35307384
35427622
35679939
35799420
36585489
37041123
38013103
38387583
38551595
38583332
38818217
39244041
