11131399
11193396
11826975
11999403
12361267
12501398
12664142
12686101
15057706
15290129
15486825
15973043
16233090
16556986
17468249
18323643
19244423
19478431
19621222
19837846
21071844
21277857
22434571
22878210
23399151
23547945
23748086
23887908
23916855
24088521
24462702
25036846
25828663
25889523
25965080
26887235
29468297
29549098
29574796
31532065
32427050
32626372
32874280
34009642
35547110
36541979
37299313
38470266
38611262
11131399
11193396
11826975
11999403
12361267
12501398
12664142
12686101
15057706
15290129
15486825
15973043
16233090
16556986
17468249
18323643
19244423
19478431
19621222
19837846
21071844
21277857
22434571
22878210
23399151
23547945
23748086
23887908
23916855
24088521
24462702
25036846
25828663
25889523
25965080
26887235
29468297
29549098
29574796
31532065
32427050
32626372
32874280
34009642
35547110
36541979
37299313
38470266
38611262
