108474
406254
438184
517862
721887
747815
882342
1099946
1232787
1287946
1400970
1416891
1505625
1608681
1617048
1617056
1660089
1736730
1771677
1812530
1864000
1882443
1882444
2084120
2109022
2115968
2203807
2221593
2223599
2240784
2409853
2426542
2473038
2608008
2618916
2709655
2729929
2765088
2907775
3073257
3125050
3166923
3373936
3467156
3613009
3656861
3662522
3736439
3759906
3798188
3813603
3818094
3818923
3886692
3944484
3998101
4055700
4467315
4602512
4618794
4685882
4804020
5026686
5040575
5059291
5163923
5344106
6063553
6081066
6176001
6394863
6422062
6443361
6470677
6513815
6517656
6685134
6693354
6842180
6863220
6880745
7061400
7109969
7111959
7142687
7159201
7227372
7239115
7240245
7248909
7268920
7278705
7302627
7339809
7339825
7339831
7342222
7408372
7430072
7433256
7605398
7656940
7681851
7699930
7756474
7795100
7802547
7829409
7884294
7988232
8006590
8025761
8047837
8288537
8335987
8347508
8415266
8458954
8521370
8576611
8824987
8861866
8940463
9044643
9050357
9177965
9209023
9245620
9249201
9313785
9418021
9725231
9768276
9810394
9927080
10407629
10414886
10657148
10706508
10708368
10996543
11101579
11126709
11230430
11434556
11438893
11467795
11571139
11595991
11776353
11980981
12409396
12461589
12676870
12821489
12921152
12957962
12958269
14560567
15036371
15185971
15388708
15545434
15722145
15858280
15947434
15956365
16008979
16061296
16130904
16191006
16192441
16388028
16695992
16804438
16960109
17027789
17329791
17362168
17444120
17664831
17682706
18159470
18171304
18367564
18972195
19520467
19625425
19654367
19764518
19880337
19906898
19915104
19929702
20097017
20123845
20542204
20874782
21641939
22519767
22935892
23105248
23188570
23332736
24858903
24955801
25216720
25412483
25550697
26649406
26655194
27406572
27450002
27934821
28512635
28717096
28836034
28855835
28990320
29274237
31095193
31264491
31387749
31753514
31863568
32474495
33618276
35775549
36325918
