1657884
2227428
2621447
3570963
3753970
7487006
7706118
7844040
13868850
16535526
17827660
19670201
20154329
23521145
24380350
24733528
25272827
27072036
27305101
28135667
28387235
28451290
28647606
29019409
29271174
29741854
30276712
31025074
31059166
31071631
31165188
31202931
31971807
32118401
32504977
32594441
32928511
33284588
33515961
33601889
33640810
33799203
34519213
34592330
34723462
35236875
35308403
35904416
36375954
36580133
36914318
37015882
37247015
39235019
39275017
1657884
2227428
2621447
3570963
3753970
7487006
7706118
7844040
13868850
16535526
17827660
19670201
20154329
23521145
24380350
24733528
25272827
27072036
27305101
28135667
28387235
28451290
28647606
29019409
29271174
29741854
29889650
30276712
31025074
31059166
31071631
31165188
31202931
31971807
32118401
32504977
32594441
32928511
33284588
33515961
33601889
33640810
33799203
34519213
34592330
34723462
35236875
35308403
35904416
36375954
36580133
36914318
37015882
37247015
39235019
39275017
