1367518
1369434
1409972
2125831
4943594
7532644
7592022
7592035
7592063
7592065
7601830
7868386
7916271
8119858
8609090
8698639
9153390
9269992
10320771
10425789
10649995
10662695
10773448
10816050
10831849
11134965
11135423
11217802
11473410
11564558
11755398
11874538
11918064
12039053
12171542
12183227
12236733
12240368
12420170
12467233
12552829
12679852
12707798
12749860
12764559
12933799
14510597
14532095
14651855
14651865
14687969
14709052
14962044
15003686
15104246
15289572
15307077
15563138
15678426
15892181
15967777
15969075
16084035
16233626
16313990
16321454
16324759
16395556
16430229
17185221
17185223
17317575
17367395
17407127
17506044
17509162
17547459
17647035
17706465
17965706
17989927
18051335
18058875
18075888
18075890
18086438
18095749
18239430
18275054
18276996
18288853
18304905
18347795
18355448
18388471
18477575
18513216
18629560
18756102
18769916
18826315
18836084
18984709
19041909
19066338
19111838
19173216
19174552
19190405
19387496
19557360
19575038
19634914
19696019
19805284
19852013
19862751
20008956
20416506
20567509
20606695
20645086
20659313
20799084
20886312
21037205
21166639
21168765
21321121
21365089
21521637
21528189
21780139
21792591
21840978
21899481
21927859
21927992
21945528
22072918
22133291
22189493
22213143
22223101
22488821
22488911
22696300
23254762
23340664
23462001
23549746
23551077
23586989
23654254
23812535
24170661
24241933
24420412
24521160
25112727
25114138
25136443
25289014
25302415
25397992
25504914
25550480
25652819
25733511
25902328
25907516
25951845
26348978
26445909
26449371
26478560
26637815
26767988
26773087
26803504
26842594
26866461
26875499
26947062
27046779
27282355
27294564
27527767
27567992
27897365
27906488
28430451
28467833
28528545
28585173
28827071
28972613
29142318
29500263
29509407
29697903
29711239
29805115
30013682
30045877
30480356
30950477
32039165
33149152
33375978
33683270
35751210
36249875
36401710
36466684
37047035
37318329
37804169
38013187
38111649
38389455
38577359
38593473
39406552
