879782
1516807
2821952
3816815
4876161
5383859
5395139
5633283
5766668
6783001
6783002
6786214
16561631
17082402
17697778
18101391
18378590
21378039
25931594
26184942
26350967
26505015
29069379
30063246
30121432
30465914
31352165
31401358
33513854
34255221
34320764
34539589
34710762
35077002
37776787
37783238
38211510
38225812
879782
1516807
2821952
3816815
4876161
5383859
5395139
5633283
5766668
6783001
6783002
6786214
16561631
17082402
17697778
18101391
18378590
21378039
25931594
26184942
26350967
26505015
29069379
30063246
30121432
30465914
31352165
31401358
33513854
34255221
34320764
34539589
34710762
35077002
37776787
37783238
38211510
38225812
