2311
4043
14927
25622
26392
31917
81602
96817
98111
98124
100110
100112
100667
101210
101744
103749
104995
106842
109313
110342
110775
111934
115718
119656
186323
228708
239712
402109
402126
402350
406902
410380
410809
412467
413480
807173
808179
808429
811189
812496
812868
813780
814876
818084
821448
821946
824402
1443590
1445371
2129525
2492182
3015244
3080951
3080996
3089304
3126734
3922964
4144960
4197270
4200161
4202933
4203421
4208073
4209227
4209549
4218098
4280889
4363485
4372965
4379358
4399530
4401825
4623674
4631370
4985100
4987305
4988638
4994040
4994160
4996297
5000308
5677430
5724976
5834711
5880152
5880153
5925344
5944972
5945126
5989525
6135688
6136275
6146520
6227608
6409049
6411074
6767696
6772929
6783080
6783100
6783641
6795997
6796596
6807208
6810949
6811324
7582007
7588754
7601856
8704955
9644086
10427714
10714957
10849853
11098815
11700355
12081331
12963302
13584429
13715795
14203149
15825154
16228900
16325961
16345353
16345437
16345438
16346484
16346850
16591901
16654787
16656090
16656597
16658588
16658796
16660538
16662130
16664093
16664687
16665849
16872816
17291777
17504496
17585693
17791443
17805841
17805885
17849161
17902695
18266701
18319454
18636499
19350397
19387863
20213308
20549627
21593797
22694082
24178137
24220868
24241514
24276934
24301023
24414159
24414273
24424647
24424998
24458190
24458989
24473820
24473970
24477350
24493222
24515746
24522736
24695147
24937366
25187686
25662977
26215134
27065025
27335727
27544771
28423343
29790299
30173343
30289610
31320091
32042367
32767544
33476846
33528747
33727422
33743906
33874028
33874346
33874491
34476170
35529743
35560296
35865930
36435857
36791856
2311
4043
14927
25622
26392
31917
81602
96817
98111
98124
100110
100112
100667
101210
101744
103749
104995
106842
109313
110342
110775
111934
115718
119656
186323
228708
239712
402109
402126
402350
406902
410380
410809
412467
413480
807173
808179
808429
811189
812496
812868
813780
814876
818084
821448
821946
824402
1443590
1445371
2129525
2492182
3015244
3080951
3080996
3089304
3126734
3922964
4144960
4197270
4200161
4202933
4203421
4208073
4209227
4209549
4218098
4280889
4363485
4372965
4379358
4399530
4401825
4623674
4631370
4985100
4987305
4988638
4994040
4994160
4996297
5000308
5677430
5724976
5834711
5880152
5880153
5925344
5944972
5945126
5989525
6135688
6136275
6146520
6227608
6409049
6411074
6767696
6772929
6783080
6783100
6783641
6795997
6796596
6807208
6810949
6811324
7582007
7588754
7601856
8704955
9644086
10427714
10714957
10849853
11098815
11700355
12081331
12963302
13584429
13715795
14203149
15825154
16228900
16325961
16345353
16345437
16345438
16346484
16346850
16591901
16654787
16656090
16656597
16658588
16658796
16660538
16662130
16664093
16664687
16665849
16872816
17291777
17504496
17585693
17791443
17805841
17805885
17849161
17902695
18266701
18319454
18636499
19350397
19387863
20213308
20549627
21593797
22694082
24178137
24220868
24241514
24276934
24301023
24414159
24414273
24424647
24424998
24458190
24458989
24473820
24473970
24477350
24493222
24515746
24522736
24695147
24937366
25187686
25662977
26215134
27065025
27335727
27544771
28423343
29790299
30173343
30289610
31320091
32042367
32767544
33476846
33528747
33727422
33743906
33874028
33874346
33874491
34476170
35529743
35560296
35865930
36435857
36791856
