1099079
1967091
2841191
5387392
5823104
6344748
6480557
6480558
8501033
8529874
12801423
14076692
15369397
16111878
17257267
18038965
18575639
18597320
19671920
21313893
21848068
26405387
27004785
27091230
27943581
28650492
29182270
30081629
30106398
30701380
31863526
33646935
36076091
38033724
1099079
1967091
2841191
5387392
5823104
6344748
6480557
6480558
8501033
8529874
12801423
14076692
15369397
16111878
17257267
18038965
18575639
18597320
19671920
21313893
21848068
26405387
27004785
27091230
27943581
28650492
29182270
30081629
30106398
30701380
31863526
33646935
36076091
38033724
