9676237
10103272
10197992
10671446
10941790
11160100
11673429
12055309
12147465
12486460
12625625
15653897
15746425
16014498
16040350
16162277
16227349
16280485
17071718
17074903
17825342
17973084
18156275
18723648
19014525
19700526
20040594
20233381
21081107
21082780
21098515
21326607
21475616
21518217
22878211
23107454
23430744
23469090
23586990
23719931
23741291
24411456
24725436
24824441
25873457
26621872
27936100
29757128
30363687
31690733
32513681
33837011
36264009
36849793
36985211
37649802
