11411676
16436893
19107535
19408027
20947128
21104104
21624021
21696884
22450795
22774923
22782327
22789480
22913538
23282003
23412551
23835134
23892419
24126709
24147737
24482521
24982029
25113581
25190302
25200810
25239069
25699141
25736267
25809221
25813200
25876598
26376469
26580226
26696978
26795346
26911511
26939806
26961812
27136729
27167458
27524377
27639208
27766852
27888701
27997145
28141487
28149164
28384543
28585174
28729736
28773600
28857549
29362386
29505251
29751657
29845996
29948713
30036465
30212556
30300843
30350237
30384588
30500841
30663357
30699142
30735374
30894105
30974362
30990806
30996797
31008588
31136849
31211807
31297307
31301204
31395919
31604977
31973723
31989976
32510426
32596575
32809087
33025710
33167607
33245574
33260644
33321301
33369409
33384450
33386625
33561150
33562239
33711632
33897660
33933484
34056353
34064575
34271357
34279077
34314060
34315956
34319256
34352478
34442771
34599437
34675302
34835521
34912560
35032053
35160900
35171090
35253104
35421143
35427694
35429551
35474837
35501489
35586552
35611563
35858290
35913918
35931842
35939240
35994380
36104649
36185447
36279412
36514530
36529326
36637547
36661843
36676379
36741750
36770005
36838245
36870501
37223715
37248271
37355135
37423368
37439668
37480371
37517309
37576686
37879152
37951407
38061158
38097757
38111211
38176018
38205804
38271885
38581094
38673238
38679087
38730059
38810579
38858761
38916328
38938979
39002486
39168344
39205657
39298970
39323547
39369527
39455702
39565125
39571870
11411676
16436893
19107535
19408027
20947128
21104104
21624021
21696884
22450795
22774923
22782327
22789480
22913538
23282003
23412551
23835134
23872026
23892419
24126709
24147737
24482521
24982029
25113581
25190302
25200810
25239069
25699141
25736267
25809221
25813200
25876598
26376469
26580226
26696978
26795346
26911511
26939806
26961812
27136729
27167458
27524377
27639208
27766852
27888701
27997145
28141487
28149164
28384543
28585174
28729736
28773600
28857549
29362386
29505251
29751657
29845996
29948713
30036465
30212556
30300843
30350237
30384588
30500841
30663357
30699142
30735374
30894105
30974362
30990806
30996797
31008588
31136849
31211807
31297307
31301204
31395919
31604977
31973723
31989976
32510426
32596575
32809087
33025710
33167607
33245574
33260644
33321301
33369409
33384450
33386625
33561150
33562239
33711632
33897660
33933484
34056353
34064575
34271357
34279077
34314060
34315956
34319256
34352478
34442771
34599437
34675302
34835521
34912560
35032053
35160900
35171090
35253104
35421143
35427694
35429551
35474837
35501449
35501489
35586552
35611563
35858290
35913918
35931842
35939240
35994380
36104649
36185447
36279412
36514530
36529326
36637547
36661843
36676379
36741750
36770005
36838245
36870501
37223715
37248271
37355135
37423368
37439668
37480371
37517309
37576686
37879152
37951407
38061158
38097757
38111211
38176018
38205804
38271885
38581094
38673238
38679087
38730059
38810579
38858761
38916328
38938979
39002486
39168344
39205657
39298970
39323547
39369527
39455702
39565125
39571870
