10553298
10739476
11321541
12366750
12448763
12469315
12469947
12768619
12906269
14705012
15322774
15880463
15892052
16098556
16293332
16324760
16566525
16898161
16998472
17070894
17185546
17293509
17513594
17658580
17671784
18077539
18198694
18222522
18392150
18449217
18545960
18667859
19144373
20130030
20148930
20189214
20406291
20418432
20701946
20851963
20861560
20883494
21625595
21657197
21670976
21718809
21864878
21926194
22170835
22331666
22432314
22806041
22827168
22894089
23100021
23168633
23178666
23335771
23358667
23477409
23887171
24200007
24333624
24428681
24525065
25046374
25051486
25076517
25089581
25189844
25714647
26138542
26189167
26279094
26555245
27128993
27340814
27376945
27403872
27458436
27603967
27830293
28111570
28212019
28240542
28314208
28477542
28477571
28599161
28755263
28890468
29025682
29153149
29616002
29854809
29860594
29965637
30528031
30815950
30833933
30944872
31189123
32004912
32179272
32298910
32709219
33008826
33074418
33122026
33318976
33556694
33791836
34004444
34227830
34260796
34653799
34715209
35467400
36987547
37391517
