1380290
1644761
8215365
8449887
8491707
8975604
9097439
9119008
10206695
12089158
12351635
12368456
12839772
14973041
15023954
15726441
15879257
16349139
16585766
17216461
18626859
19060158
20372887
21724876
22275315
22610424
23527128
23760818
23811508
24013630
24405865
24452867
24928437
25152427
25431011
25595770
25596507
25644214
25758049
25952117
26076748
26276544
26303953
26366644
26846745
27251037
27682081
27713731
28163092
28213736
29203223
29748477
30119014
30127388
30300546
30575297
30801243
30856338
31139899
31275710
31417519
31942827
31981617
32198062
32204692
32328058
32443885
32723337
32963101
33897645
33925231
33995329
33995334
34262896
34303964
34482995
34517109
34761324
36564253
36965151
37106602
37384124
39033040
39397031
