1610198
9644597
11749175
12036072
12052549
12136152
12363321
12450807
12483604
12547188
12619671
12659866
12728990
12759786
12761653
13721465
14490732
15277751
15466034
15583384
15645447
15796992
15856217
15892745
16455652
16553728
16672458
16672459
16672473
17675379
18613087
19134166
19187209
19452212
19644690
20034598
21221571
21689800
22044050
22232235
22644524
23887915
24882726
26047553
26369277
26484598
28077029
28855587
28899490
29545293
30459733
30567899
31551527
32181110
32553532
33174829
33963474
34132923
34196618
35808670
35819404
36374078
36518497
36771983
37049907
37110337
37317077
37347683
37689286
38289097
38860330
38897586
39244130
1610198
9644597
11749175
12036072
12052549
12136152
12363321
12450807
12483604
12547188
12619671
12659866
12728990
12759786
12761653
13721465
14490732
15277751
15466034
15583384
15645447
15796992
15856217
15892745
16455652
16553728
16672458
16672459
16672473
17675379
18613087
19134166
19187209
19452212
19644690
20034598
21221571
21689800
22044050
22232235
22644524
23887915
24882726
26047553
26369277
26484598
28077029
28855587
28899490
29545293
30459733
30567899
31551527
32181110
32553532
33174829
33963474
34132923
34196618
35808670
35819404
36374078
36518497
36771983
37049907
37110337
37317077
37347683
37689286
38289097
38860330
38897586
39244130
