15280316
16166719
16448498
18312567
18792057
19878522
20015629
20665017
21377723
21614700
21892951
23064349
23411789
25142211
25326460
25595845
25637876
26610529
28714845
28868181
28969443
29458476
32125445
33041703
33058340
34600678
36568498
37446403
39055191
39457699
2359880
3387680
3704329
6281220
7079595
7325944
7661818
7702482
7978629
9196820
10451733
10685172
15280316
16166719
16448498
18312567
18792057
19878522
20015629
20665017
21377723
21614700
21892951
22061733
23064349
23411789
23792016
25142211
25326460
25447149
25595845
25619807
25637876
26379099
26610529
26948295
27616213
28714845
28868181
28969443
29458476
29978506
31082784
32125445
32153784
33041703
33058340
33247910
34600678
36568498
36611707
37446403
38936463
39055191
39457699
