468735
528367
528537
821930
1368912
1369365
1508047
1612449
1612454
1641517
1653214
1665195
1683711
1703270
1762157
1852016
1854202
1879704
1964172
1995427
2061296
2178141
2193916
2201867
2268160
2496066
2536654
2628170
2657820
2721504
2777089
2834204
2914852
3171544
3246594
3328731
3436526
4008440
6299902
6323267
6596483
6779436
6833148
7096203
7096204
7118724
7429995
7545940
7580801
7585357
7685475
7687646
7811007
7811067
7922889
7928973
7934838
7934842
7988906
8029324
8131182
8243982
8277240
8277241
8366038
8559072
8825772
8837469
8885397
8920193
8921874
9094136
9141659
9226265
9576912
9588806
9620953
9622358
9748511
9756764
9766222
9826694
9828451
10347068
10517588
10592319
10628855
10671443
10717384
11272820
11679075
11782499
11882697
12677359
14350343
14617168
14693532
14742212
15101103
15292136
15489173
15774892
15808936
16195896
16388829
16952952
16956972
17074905
17532011
17989926
18048924
18058070
18296523
18492804
18523858
19389628
19767844
20348259
20439613
20802082
20817767
21193612
21232644
21444795
22419055
23177813
23716060
24220109
24258629
24498152
24692239
24837284
25415678
25724953
26370952
26410452
27199346
27257195
27424811
27671711
27965636
28066379
28366436
28553270
28729266
28823059
29240664
29944936
30221219
30600044
30894153
31645628
32129986
32423673
32624939
32714286
33184598
33369164
33739403
34438997
34471117
34494848
34586912
35182607
35717862
36614154
38323847
38915823
38920404
39052683
39175099
39496785
468735
528367
528537
821930
1368912
1369365
1508047
1612449
1612454
1641517
1653214
1665195
1683711
1703270
1762157
1852016
1854202
1879704
1964172
1995427
2061296
2178141
2193916
2201867
2268160
2496066
2536654
2628170
2657820
2721504
2777089
2834204
2914852
3171544
3246594
3328731
3436526
4008440
6299902
6323267
6596483
6779436
6833148
7096203
7096204
7118724
7429995
7545940
7580801
7585357
7685475
7687646
7811007
7811067
7922889
7928973
7934838
7934842
7988906
8029324
8131182
8243982
8277240
8277241
8366038
8559072
8825772
8837469
8885397
8920193
8921874
9094136
9141659
9226265
9466692
9576912
9588806
9620953
9622358
9748511
9756764
9766222
9826694
9828451
10347068
10517588
10592319
10628855
10671443
10717384
11272820
11679075
11782499
11882697
12677359
14350343
14617168
14693532
14742212
15101103
15292136
15489173
15774892
15808936
16195896
16388829
16952952
16956972
17074905
17532011
17989926
18048924
18058070
18296523
18492804
18523858
19389628
19767844
20348259
20439613
20802082
20817767
21193612
21232644
21444795
22419055
23177813
23716060
24220109
24258629
24498152
24692239
24837284
25415678
25724953
26370952
26410452
27199346
27257195
27424811
27671711
27965636
28066379
28366436
28553270
28729266
28823059
29240664
29944936
30221219
30600044
30894153
31645628
32129986
32423673
32624939
32714286
33184598
33369164
33739403
34438997
34471117
34494848
34586912
35182607
35717862
36614154
38323847
38915823
38920404
39052683
39175099
39496785
