6809625
11986309
12152901
12829386
12839745
14715021
15049894
15962472
17958609
17978227
18783128
19683980
22736973
23297744
23357049
24273851
24530933
27294556
27484819
28205457
29673977
29965539
30024362
30461310
30978446
32473189
32996879
34272636
34807918
35229647
36296491
36592808
6809625
11986309
12152901
12829386
12839745
14715021
15049894
15962472
17958609
17978227
18783128
19683980
22736973
23297744
23357049
24273851
24530933
27294556
27484819
28205457
29673977
29965539
30024362
30461310
30978446
32473189
32996879
34272636
34807918
35229647
36296491
36592808
