8040072
8040073
11762192
12081544
19763427
21330439
21669925
21948843
23524668
25064840
25172865
25326777
25511454
25724582
25801968
25952111
26623715
26748983
27670691
27874224
28054175
29551998
30691531
31363787
31749345
31820071
32244447
33711883
35620094
37082180
39054393
8040072
8040073
11762192
12081544
19763427
21330439
21669925
21948843
23524668
25064840
25172865
25326777
25511454
25724582
25801968
25952111
26623715
26748983
27670691
27874224
28054175
29551998
30691531
31363787
31749345
31820071
32244447
33711883
35620094
37082180
39054393
