1288798
1298803
1328059
1398963
1494447
1774262
1774320
1855992
2082242
7548548
7561654
7710769
7740086
7870469
7894713
7981094
8012604
8186085
8188371
8224366
8247609
8273274
8324136
8626206
8762538
8986636
9310675
9310685
9310708
9467401
9573801
9594744
9641137
9693583
9759015
9796510
9872113
10096134
10225864
10530208
10635221
10914791
11154433
11199721
11199767
11202881
11442848
11471643
11487143
11556558
11737653
11737654
11771577
11800436
11833696
11856276
11980945
12017181
12043863
12059938
12174665
12200976
12202557
12466407
12470018
12470019
12670069
12701770
12709498
12738955
12752649
12799118
12877258
12941071
12954099
14606786
14641442
14716261
14871344
15017704
15055430
15128058
15317561
15329567
15619879
15681153
15774632
15829891
15943764
16343111
16390335
16427456
16429180
17014526
17172525
17174667
17234549
17368334
17785389
17949342
18315434
18422583
18436030
18445927
18547832
18768651
18814211
19131319
19298221
19405829
19417999
19426923
20110511
20392909
20410352
20480653
20728711
20850664
21161133
21238793
21264361
21496656
21507684
21513472
21523213
21527470
21575438
21846535
21896480
22099899
22141356
22177355
22232719
22232720
22241307
22244629
22249562
22324467
22326171
22326175
22429191
22610322
22703649
22703660
22939371
23135106
23437130
23538426
24100894
24603641
24608609
24657864
24666896
24862703
24918364
25139407
25146013
25205261
25280920
25351224
25476214
25494328
25565631
25601649
25686329
25741691
25771141
25847068
25872307
25918901
26170876
26177212
26511188
26983837
27119767
27466397
27652703
27858062
27978916
28000855
28050984
28076463
28193569
28379309
28473882
28474061
28474064
28588213
28619155
28649401
28748030
28808698
28835032
28871594
29098242
29232563
29293651
29308508
29514388
29643500
29800744
29858508
29946631
30025275
30125982
30203018
30213073
30619779
30669938
30895095
31111067
31211815
31384895
32066637
32443919
32454322
32497654
32604855
32617182
32635588
32764360
32783067
32844406
32991638
33270246
33384775
33762533
33816354
34313848
34442739
34476436
34536922
34602059
34693425
34734869
35048038
35222330
35480234
35569028
35592523
35756781
35790358
36077408
36173466
36294939
36445134
36500223
36536563
36538094
36650477
36718686
36726642
36861850
36950255
36992683
37211309
37294353
37345463
37461231
37572051
37632683
37742798
37925846
38256037
38491387
38560113
38634795
38710815
38800100
38919733
38938884
39203357
39575247
