8936305
9603832
15309637
15649532
16508994
16758872
17600067
21914875
23407703
23726793
24242252
25149523
26267113
27146534
27376793
27393997
27917169
28017522
28979833
30760216
31121459
31158629
31228836
32529376
33725781
34236956
34257148
35192165
37639168
37899720
8936305
9603832
15309637
15649532
16508994
16758872
17600067
21914875
23407703
23726793
24242252
25149523
26267113
27146534
27376793
27393997
27917169
28017522
28979833
30760216
31121459
31158629
31228836
32529376
33725781
34236956
34257148
35192165
37639168
37899720
