540269
803825
1693658
5709364
7574615
7576351
10857367
11107853
11357515
11536615
11916688
12405142
12547796
12892110
15090495
15115301
15289552
16000760
16228355
16228497
16345723
16346409
16347646
16471689
17420004
18676669
19004350
19719699
20491922
20701269
23560066
24311209
24312414
25932020
28104786
29393582
31299137
32173664
33512460
540269
803825
1693658
5709364
7574615
7576351
10857367
11107853
11357515
11536615
11916688
12405142
12547796
12892110
15090495
15115301
15289552
16000760
16228355
16228497
16345723
16346409
16347646
16471689
17420004
18676669
19004350
19719699
20491922
20701269
23560066
24311209
24312414
25932020
28104786
29393582
31299137
32173664
33512460
