339447
453680
528695
751322
814698
919696
919697
1030868
1120034
1179637
1226699
1855995
1890174
1917844
2073103
2300719
2473569
2631380
3943893
4211905
4559529
4607894
4609093
4657243
4657244
4755663
4802679
4802775
5521883
5529339
6522838
6635339
6998102
7112926
7136369
7196729
7248533
7415664
7711309
7894723
8285697
8370728
8578924
8656020
8863409
8863416
9537355
10200114
10225933
13731948
13742160
13742888
14227179
14835454
14933679
15436417
16561664
17222877
18770344
18770395
19630219
25189195
28302772
31896047
34058972
37737593
37888580
39332111
339447
453680
528695
751322
814698
919696
919697
1030868
1120034
1179637
1226699
1855995
1890174
1917844
2073103
2300719
2473569
2631380
3943893
4211905
4559529
4607894
4609093
4657243
4657244
4755663
4802679
4802775
5521883
5529339
6522838
6635339
6998102
7112926
7136369
7196729
7248533
7415664
7711309
7894723
8285697
8370728
8578924
8656020
8863409
8863416
9537355
10200114
10225933
13731948
13742160
13742888
14227179
14835454
14933679
15436417
16561664
17222877
18770344
18770395
19630219
25189195
28302772
31896047
34058972
37737593
37888580
39332111
