1497904
1886491
7574549
7628521
8071323
8281984
8306051
8386739
8400887
8439873
8474530
8757222
8887935
8980961
9153280
9190233
9670980
9774708
9806746
9989646
10028620
10070115
10352952
10358192
10540237
10541888
10604554
10632783
10882225
10936139
11371023
11401869
11426925
11518332
11748885
12084045
12852203
14526497
14532907
14691284
14701707
14991597
15236509
15864878
15884056
16232905
16233252
16387809
16457476
16457481
17015711
17182654
17280899
17717199
17893167
18285403
19109199
19151189
19282343
20070409
20142359
20194815
20228933
20298687
20463253
21226310
21511892
21642249
21736281
22367078
22477566
23579625
23720369
24407634
24679471
25145536
25264606
25379901
25523783
26719148
28628641
30461300
31940220
35181108
35210549
35273098
35881171
36846968
37726290
37924150
38218353
38651126
39040905
39464896
39593354
1497904
1886491
7574549
7628521
8071323
8281984
8306051
8386739
8400887
8439873
8474530
8757222
8887935
8980961
9153280
9190233
9670980
9774708
9806746
9989646
10028620
10070115
10352952
10358192
10540237
10541888
10604554
10632783
10882225
10936139
11371023
11401869
11426925
11518332
11748885
12084045
12852203
14526497
14532907
14691284
14701707
14991597
15236509
15864878
15884056
16232905
16233252
16387809
16457476
16457481
17015711
17182654
17280899
17717199
17893167
18285403
19109199
19151189
19282343
20070409
20142359
20194815
20228933
20298687
20463253
21226310
21511892
21642249
21736281
22367078
22477566
23579625
23720369
24407634
24679471
25145536
25264606
25379901
25523783
26719148
28628641
30461300
31940220
35181108
35210549
35273098
35881171
36846968
37726290
37924150
38218353
38651126
39040905
39464896
39593354
