10866221
10965040
12643745
12869197
13130042
14519127
14740191
15112292
15149176
15163512
15502350
15598885
15811324
16035238
16244442
16390180
16411922
17289203
17587696
17625235
17887988
18031807
18219481
18616926
18673432
18691578
18921967
19074606
19420706
19433221
19439388
19734688
19897898
20521043
21674327
21715969
21863232
21912863
22079174
22170107
22720914
22886446
23083324
23558536
23587952
25897817
26027112
26369939
26886195
27023439
27289319
27493205
27979188
28238059
28251390
28256838
28267644
28450027
28751378
28764076
28845382
28958547
29198166
29430769
29691630
29894806
29981445
30047596
30171661
30218918
30291779
30318745
30609124
30872133
31076295
31108789
31155711
31161507
31161508
31350615
31420998
31447792
31615513
31698184
31766946
31797004
31874692
31879822
31897837
32331723
32602533
32624939
32625549
32749032
32827662
32961179
32998509
33281984
33651593
33738551
34330004
34519398
34621406
34803941
34894362
35141868
35272012
35497347
35682968
35729274
35950183
37532836
37635076
37791057
38288396
38354706
38421254
38736907
38855760
38885870
39354113
39551287
