8102245
8968916
9103608
9384303
9629973
9889227
10513711
10905974
11282521
11491333
11930323
12037083
12061626
12194779
12729517
12736854
12860623
12938010
14766859
15146989
15252721
15272199
15370666
15516677
15723687
15829141
16022780
16397379
16440500
16630380
16643531
16762116
16891376
17114696
17114766
17114767
17187573
17367468
17611367
17852905
17979540
18263833
18447624
18637720
18649945
18653979
18782496
18826040
18999892
19030892
19066772
19096982
19116063
19329665
19338513
19547738
19660880
19685374
19732416
19793116
19899616
20020814
20052286
20202426
20298335
20470386
20553110
20684755
20846013
20868431
21087541
21142961
21284566
21299929
21612531
21771515
21771525
21834346
21923269
22098390
22116301
22407681
22445929
22452970
22487426
22522688
22535934
22551055
22773070
22878540
22906497
23043605
23069260
23141107
23168054
23177355
23178758
23182274
23289398
23337491
23428204
23528990
23777784
23790098
23838023
23870197
23908971
24252265
24326096
24342052
24352572
24359423
24582511
24679245
24728556
24745731
24973275
25072989
25113989
25120960
25441762
25520947
25589174
25843569
25889200
25985721
26096853
26119003
26141751
26190452
26346455
26378972
26383013
26384814
26477038
26515058
26613759
26627444
26739030
26833325
26901622
27164834
27234215
27299665
27424272
27430966
27473853
27614472
27631765
27706159
27707682
27894280
27922802
28110915
28248955
28270232
28340608
28426403
28433730
28504633
28539197
28545549
28605964
28854805
28874204
28935402
29022768
29029144
29047217
29047399
29103949
29178908
29189951
29290582
29398604
29432420
29492770
29554900
29554947
29554970
29556404
29664700
29954410
29996782
30129908
30176908
30207272
30230270
30327827
30450885
30616666
30670048
30671773
30779681
30891514
30909941
30940200
30943150
31176664
31201126
31279737
31327746
31630482
31752967
31752997
31775857
31847276
31959217
32102367
32122808
32156478
32271774
32366189
32382991
32384057
32723635
32723640
32863354
33024565
33168841
33260091
33276122
33385938
33524939
33545505
33579062
33596200
33728990
33755546
33767683
33803682
34141849
34161869
34203236
34358050
34446082
34660192
34712390
34843992
35121228
35154030
35284860
35451704
35454214
35464383
35526060
35662065
35794219
36015007
36065885
36145405
36271430
36363814
36435213
36677449
36704557
37085774
37110292
37116420
37255360
37317189
37513761
37708802
37764994
38035456
38150911
38346321
38937767
39148674
39182156
39238018
39309546
39323843
39368217
39404264
