19671007
21183640
23334879
25309042
25660034
26347766
26470289
27197728
28004081
28945521
29027886
30291116
30455068
30686148
30699573
30703905
30708409
30708465
30708653
30708689
30708708
30708810
30708834
30708907
30722347
30722375
30732004
30765733
31306091
31500568
31862945
32272699
32272713
32555207
32599831
32906774
33016318
33021915
33171934
33233322
33451049
33546447
33578716
33805409
33805429
33823613
34206841
34576845
34946132
35299031
35668796
35741356
35886832
36145463
36269591
36697493
36975966
37152751
37189042
37514309
37576720
37662165
38140484
38535384
38601314
38667405
38708571
38954690
38971960
39452764
39611802
19671007
21183640
23334879
25309042
25660034
26347766
26470289
27197728
28004081
28945521
29027886
30291116
30455068
30686148
30699573
30703905
30708409
30708465
30708653
30708689
30708708
30708810
30708834
30708907
30722347
30722375
30732004
30765733
31306091
31500568
31862945
32272699
32272713
32555207
32599831
32906774
33016318
33021915
33171934
33233322
33451049
33546447
33578716
33805409
33805429
33823613
34206841
34576845
34946132
35299031
35668796
35741356
35886832
36145463
36269591
36697493
36975966
37152751
37189042
37514309
37576720
37662165
38140484
38535384
38601314
38667405
38708571
38954690
38971960
39452764
39611802
