1462720
1462726
1771988
2223596
2223597
2289018
2469532
3094220
3453263
3453276
3539989
3540903
3607652
3882564
6361216
6382831
7711771
7728631
7889459
8004534
8004535
8004536
8017031
8168914
8240947
8452363
8473564
8728755
10676147
10727834
10729037
10989224
11051323
11543853
12418530
16566254
16616531
16725853
16725880
16726542
16727333
17084565
17422489
17423329
17423929
19261638
19319656
19897874
20236540
21601382
21908306
22032232
22731950
23438461
23585284
23993254
24571302
24817480
25299837
25883297
26871498
27603136
27915439
28070089
28876387
28964561
29153035
29191491
29236848
29302101
29665869
30050519
30532293
31018106
31131738
31729698
32456681
33028315
33132613
33386175
33681318
34049660
34078202
34431870
34617862
34641885
35630474
36933182
37005356
37095057
39462362
1462720
1462726
1771988
2223596
2223597
2289018
2469532
3094220
3453263
3453276
3539989
3540903
3607652
3882564
6361216
6382831
7711771
7728631
7889459
8004534
8004535
8004536
8017031
8168914
8240947
8452363
8473564
8728755
10676147
10727834
10729037
10989224
11051323
11543853
12418530
16566254
16616531
16725853
16725880
16726542
16727333
17084565
17422489
17423329
17423929
17890023
19261638
19319656
19897874
20236540
21601382
21908306
22032232
22731950
23438461
23585284
23993254
24571302
24817480
25299837
25883297
26871498
27603136
27915439
28070089
28876387
28964561
29153035
29191491
29236848
29302101
29665869
30050519
30468334
30532293
31018106
31131738
31729698
32456681
33028315
33132613
33386175
33681318
34049660
34078202
34431870
34617862
34641885
35630474
36933182
37005356
37095057
39462362
