11823226
14991647
16517682
17187444
17293508
17672291
17957354
18072249
18422958
18496880
18512002
18657418
19039582
19055775
19333635
19720455
19933342
20012335
20198654
20387468
20417095
20696570
20890755
21255296
21316943
21387010
22203551
22383083
22410741
22717567
22864170
22970253
23645189
23832814
23861147
24242252
24294251
24590234
24762759
25377718
25380633
25478575
25504621
25636979
25844443
25941022
26064886
26183922
26645388
26677108
27101706
27416516
27535541
28066365
28260145
28319019
28529505
29040848
29150517
29330649
29636744
30027412
30076195
30121463
30391481
30425685
30592309
30631311
31103940
31158629
31447825
31577980
31736901
31884267
32010095
32063894
32164331
32247948
32849411
33733407
33806162
33901608
34012429
34381075
34489879
34861501
34954813
35175436
35486621
35759958
36778865
37813270
38081468
38311245
38655078
38855770
