1520793
1727888
1800615
2352546
2755755
3796715
7177171
7649197
8132817
8436653
9157134
9276394
9766460
10517197
12562241
12681430
12751715
15023947
15180109
15184431
15745114
15745115
16798710
16915823
17374898
17502841
17978929
18256227
18679995
18812779
20541440
20810768
21376801
21560401
21567235
22040176
22616579
22919172
23569953
23756931
24715251
25960909
27155949
27313917
27613736
27999029
30560472
32108507
37305022
37720890
38363443
1520793
1727888
1800615
2352546
2755755
3796715
7177171
7649197
8132817
8436653
9157134
9276394
9766460
10517197
12562241
12681430
12751715
15023947
15180109
15184431
15745114
15745115
16798710
16915823
17374898
17502841
17978929
18256227
18679995
18812779
20541440
20810768
21376801
21560401
21567235
22040176
22616579
22919172
23569953
23756931
24715251
25960909
27155949
27313917
27613736
27999029
30560472
32108507
36636850
37305022
37720890
38363443
