1401029
1622760
1637162
1774332
2312690
3209519
3356788
3667912
7520730
7632728
7866773
7916627
8494736
8534113
8566759
8863407
9063463
9467865
10716558
10756522
12624070
12710606
12781940
12892132
14657134
14765661
16232934
18098315
21551328
24010590
24217814
25496341
29215925
38729711
1401029
1622760
1637162
1774332
2312690
3209519
3356788
3667912
7520730
7632728
7866773
7916627
8494736
8534113
8566759
8863407
9063463
9467865
10716558
10756522
12624070
12710606
12781940
12892132
14657134
14765661
16232934
18098315
21551328
24010590
24217814
25496341
29215925
38729711
