12892110
16924482
17488508
17586634
17600048
17993528
18310028
18641134
18676669
18693239
18798007
19028893
19336405
19339500
19421892
19435848
19437128
19568953
19749040
19784828
19825618
20038587
20077007
20349210
20378984
20405215
20521767
20532738
20600130
20650900
20875391
20937805
21142050
21233162
21420930
21476570
21510667
21550979
21681991
21747809
21764919
21764989
21804928
21833317
21846125
21870189
21923120
21965575
22065552
22070388
22092713
22272813
22577986
22685072
22690836
23098608
23161024
23368794
23368845
23396908
23435510
23560066
23669190
23828400
24047985
24052268
24078352
24151992
24312414
24490821
24495924
24559170
24584903
24586995
24655205
24789521
24806924
24862580
24923179
24950126
25014729
25141176
25495377
26061391
26088139
26168991
26234460
26258685
26266851
26269993
26270377
26290985
26291105
26331578
26589322
26804137
26816140
26869354
26936794
27114180
27121868
27190141
27240572
27335466
27341807
27427396
27438068
27534696
27565613
28159567
28252967
28422512
28579086
28643169
28809455
28955987
29090426
29119426
29150516
29198987
29680900
29863357
29863366
30126840
30182280
30258522
30315435
30482829
30537470
30858832
30908616
30958204
31660744
31900999
33051772
33178160
33214250
33258578
34314175
35225690
36125941
36192412
36671751
36693097
36700861
36790022
36822492
37180033
38138064
38198639
38538911
38540731
38546236
38625595
39374847
39572143
12892110
16924482
17488508
17586634
17600048
17993528
18310028
18641134
18676669
18693239
18798007
19028893
19336405
19339500
19421892
19435848
19437128
19568953
19749040
19784828
19825618
20038587
20077007
20349210
20378984
20405215
20521767
20532738
20600130
20650900
20875391
20937805
21142050
21233162
21420930
21476570
21510667
21550979
21681991
21747809
21764919
21764989
21804928
21833317
21846125
21870189
21923120
21965575
22065552
22070388
22092713
22272813
22577986
22685072
22690836
23098608
23161024
23368794
23368845
23396908
23435510
23560066
23669190
23828400
24047985
24052268
24078352
24151992
24312414
24490821
24495924
24559170
24584903
24586995
24655205
24789521
24806924
24862580
24923179
24950126
25014729
25141176
25495377
26061391
26088139
26168991
26234460
26258685
26266851
26269993
26270377
26290985
26291105
26331578
26589322
26804137
26816140
26869354
26936794
27114180
27121868
27190141
27240572
27335466
27341807
27427396
27438068
27534696
27565613
28159567
28252967
28422512
28579086
28643169
28809455
28955987
29090426
29119426
29150516
29198987
29680900
29863357
29863366
30126840
30182280
30258522
30315435
30482829
30537470
30858832
30908616
30958204
31660744
31900999
33051772
33178160
33214250
33258578
34314175
35225690
36125941
36192412
36671751
36693097
36700861
36790022
36822492
37180033
38138064
38198639
38538911
38540731
38546236
38625595
39374847
39572143
