1479361
1597190
1597191
2223611
7575099
7592426
7592448
7755580
7961441
7961475
8185833
8385013
8449887
8526488
8550409
8554333
8559807
8596458
9055413
9249038
9485460
9555897
9698384
10356999
10555314
10784035
11717283
11886747
12054254
12827287
14600244
14690248
15023943
16466884
16534989
17005975
18295883
18523858
21378137
21594685
21764982
25586582
26809280
29062941
33186541
36157746
37513182
38514394
1479361
1597190
1597191
2223611
7575099
7592426
7592448
7755580
7961441
7961475
8185833
8385013
8449887
8526488
8550409
8554333
8559807
8596458
9055413
9249038
9485460
9555897
9698384
10356999
10555314
10784035
11717283
11886747
12054254
12827287
14600244
14690248
15023943
16466884
16534989
17005975
18295883
18523858
21378137
21594685
21764982
25586582
26809280
29062941
33186541
36157746
37513182
38514394
