2322
2843
125844
188412
227287
408177
408582
421901
526104
646582
690124
901779
911950
938647
990292
1004251
1125205
1518838
1544483
1633181
1693658
2015294
2506014
3015244
3015253
3081498
3942714
4209228
4407619
4429857
4830866
4854357
6347395
6774213
6783819
7142107
7356977
7388015
7511814
7548069
7574615
7576351
7626630
7669767
7781774
7851392
7893283
7988896
8011625
8062917
8448205
8495731
8586280
8952947
8993322
9048580
9094227
9106181
9192081
9244275
9251204
9370376
9608518
9658021
9692944
9732439
10339808
10353826
10415173
10692551
10809687
10894738
10902916
11248686
11287671
11536463
11536509
11540925
11863431
11952794
12115058
12135479
12526196
12892110
14927558
15621425
15966103
16346255
16346409
16346713
16758863
16768453
17077486
17215361
17327392
17497832
17974211
18265514
18534186
19123920
20063063
20387644
20491922
21527638
24158447
24271311
24301376
24301705
24307462
24311068
24311209
24317836
24420078
24420165
25662511
27174272
28786519
30943021
31411782
34306804
36370482
37065444
2322
2843
125844
188412
227287
408177
408582
421901
526104
646582
690124
901779
911950
938647
990292
1004251
1125205
1518838
1544483
1633181
1693658
2015294
2506014
3015244
3015253
3081498
3942714
4209228
4407619
4429857
4830866
4854357
6347395
6774213
6783819
7142107
7356977
7388015
7511814
7548069
7574615
7576351
7626630
7669767
7781774
7851392
7893283
7988896
8011625
8062917
8448205
8495731
8586280
8952947
8993322
9048580
9094227
9106181
9192081
9244275
9251204
9370376
9608518
9658021
9692944
9732439
10339808
10353826
10415173
10692551
10809687
10894738
10902916
11248686
11287671
11536463
11536509
11540925
11863431
11952794
12115058
12135479
12526196
12892110
14927558
15621425
15966103
16346255
16346409
16346713
16758863
16768453
17077486
17215361
17327392
17497832
17974211
18265514
18534186
19123920
20063063
20387644
20491922
21527638
24158447
24271311
24301376
24301705
24307462
24311068
24311209
24317836
24420078
24420165
25662511
27174272
28786519
30943021
31411782
34306804
36370482
37065444
