10826825
11952129
14964531
15212787
15305603
16125997
16267809
16670965
16997970
17166228
17293427
18398211
18655699
18722371
19126716
19298515
19304839
20507484
21123191
21614678
21866710
22159885
23462007
23710444
24201198
24788330
25201631
25904906
26422789
26842896
27407288
27725207
27725937
27795270
28875502
29951532
29969065
30616519
30678559
30678587
30686165
30686166
30731987
30781185
30786422
31509316
31596691
31758345
33529190
33921244
35247363
35509210
35716383
37530477
37905170
38004958
38337981
38836842
39013505
10826825
11952129
14964531
15212787
15305603
16125997
16267809
16670965
16997970
17166228
17293427
18398211
18655699
18722371
19126716
19298515
19304839
20507484
21123191
21614678
21866710
22159885
23462007
23710444
24201198
24788330
25201631
25904906
26422789
26842896
27407288
27725207
27725937
27795270
28875502
29951532
29969065
30616519
30678559
30678587
30686165
30686166
30731987
30781185
30786422
31509316
31596691
31758345
33529190
33921244
35247363
35509210
35716383
37530477
37905170
38004958
38337981
38836842
39013505
