10555330
11136814
15184492
15500486
15504281
15640198
16039508
16333092
16780134
16905217
18263830
18306833
19144512
19273649
20458859
21034345
21071255
21076363
21183637
21856847
23151090
23171424
25828406
26278197
26293913
26668660
27668545
28073877
28194371
28286403
28327156
28933015
29332650
29348348
30696899
31002056
31579470
33079043
33268938
33857294
34351236
35883142
38395472
39333951
10555330
11136814
12547619
15184492
15500486
15504281
15640198
16039508
16333092
16780134
16905217
18263830
18306833
19144512
19273649
20458859
21034345
21071255
21076363
21183637
21856847
23151090
23171424
25828406
26278197
26293913
26668660
27668545
28073877
28194371
28286403
28327156
28933015
29332650
29348348
30696899
31002056
31579470
33079043
33268938
33857294
34351236
35883142
38395472
39333951
