101536
417074
818075
818076
818078
1312238
2123937
4156362
6413499
6418732
6818221
8844827
15184129
15299454
20050044
20560613
20699552
20923217
21760931
22289731
24739952
25161741
27170516
28270686
28691388
28978874
29191418
29543373
29607993
29607994
29607997
29607998
29998926
30270324
30496863
30828010
30828012
30828014
30828015
31457799
32040331
33476493
34199586
37857387
38675018
39339979
101536
417074
818075
818076
818078
1312238
1763932
2123937
3156574
4156362
6413499
6418732
6818221
7281905
8159402
8844827
10758434
12362151
15148469
15184129
15299454
16625194
16911817
17228685
19621292
20050044
20560613
20699552
20869006
20923217
21403459
21760931
22289731
24455380
24739952
25161741
25348892
25545624
25570390
27014779
27116502
27170516
27997010
28187305
28270686
28306517
28691388
28978874
29191418
29543373
29607993
29607994
29607997
29607998
29701372
29998926
30027302
30270324
30496863
30828010
30828012
30828014
30828015
31106845
31457799
32040331
32707622
33373408
33476493
34199586
34911473
34950648
35119345
35291642
35468386
35591046
36244077
36350755
36960616
37063988
37738891
37857387
38167089
38172415
38284134
38675018
38695890
38889362
39339979
