1447976
1648078
1885527
2651865
2757370
7607400
7710317
7918428
8031763
8843334
9133331
9294426
9294427
9352928
9495765
9659396
10411503
10604286
11029065
11114914
11679712
11948156
12563032
12876344
14766916
15317789
15720548
15916598
16978346
17590020
17913074
18612842
18846293
20500872
21184217
21214648
21243338
23609937
24306562
24367276
25645367
25758168
25843350
25944862
26362215
26673205
27298580
27973895
30058999
33727361
1447976
1648078
1885527
2651865
2757370
7607400
7710317
7918428
8031763
8843334
9133331
9294426
9294427
9352928
9495765
9659396
10411503
10604286
11029065
11114914
11679712
11948156
12563032
12876344
14766916
15317789
15720548
15916598
16978346
17590020
17913074
18612842
18846293
20500872
21184217
21214648
21243338
23609937
24306562
24367276
25645367
25758168
25843350
25944862
26362215
26673205
27298580
27973895
30058999
33727361
