1281516
1303791
1371066
1421510
1447145
1472718
1542656
1630901
1661370
1766374
1840608
1850088
1987127
2002004
2007543
2046550
2158977
2615763
2664425
2695597
2722754
2838383
3186446
3216855
7473063
7493950
7494487
7506708
7574641
7590297
7747934
7798152
7894055
7952230
7968919
8106317
8136031
8146173
8169204
8197116
8240952
8250218
8278541
8282187
8300541
8355653
8369342
8412659
8434016
8471796
8504172
8504797
8552028
8593950
8664492
8700965
8809752
8825090
8830696
8858582
8858594
9100377
9113990
9171403
9175548
9202168
9204562
9204572
9358065
9475063
9560320
9563844
9567770
9594646
9620265
9632262
9634579
9671036
9748438
9792663
9885196
9889979
9914311
10074096
10081584
10198037
10406097
10494633
10528404
10530336
10687813
10757166
10788398
10821846
11194878
11220300
11426852
11437259
11480212
11496000
11522814
11523777
11553736
11702406
11717264
11739767
11876427
11902716
11982330
12045829
12324339
12399038
12635715
14592718
14702404
15000395
15066035
15109825
15321689
15636748
15699329
15878857
16258018
16332342
16347853
16348019
16348065
16348585
16349280
16403625
16442259
16494750
16535538
16564956
17313164
17518353
17600136
17651409
17720818
17989956
18379880
18522759
18557786
19277114
19542345
19862929
20030054
20382809
20675484
20838423
21571889
21573832
21576856
21665197
22307295
22456102
22662125
22752172
22819626
22888185
23450099
23908033
24038694
24277625
24664205
24915109
25637876
26782655
26970927
26994081
27190162
27849579
27858182
27891144
27935414
28743814
28751887
28778893
29150498
29190702
29424664
29516754
29738195
30657885
30726794
30753569
30920344
30953092
31001223
31287368
31749773
31789101
31844298
31849879
32002604
32245101
32471918
32483723
32689309
32970520
33072026
33365019
33750295
33757228
33874489
34512702
34737727
34843377
34867860
34875178
35033656
35412890
35727841
36046585
36292780
36428208
36475778
36864528
37171207
37640259
38032916
38040356
39418129
1281516
1303791
1371066
1421510
1447145
1472718
1542656
1630901
1661370
1766374
1840608
1850088
1987127
2002004
2007543
2046550
2158977
2615763
2664425
2695597
2722754
2838383
3186446
3216855
7473063
7493950
7494487
7506708
7574641
7590297
7747934
7798152
7894055
7952230
7968919
8106317
8136031
8146173
8169204
8197116
8240952
8250218
8278541
8282187
8300541
8355653
8369342
8412659
8434016
8471796
8504172
8504797
8552028
8593950
8664492
8700965
8809752
8825090
8830696
8858582
8858594
9100377
9113990
9171403
9175548
9202168
9204562
9204572
9358065
9475063
9560320
9563844
9567770
9594646
9620265
9632262
9634579
9671036
9748438
9792663
9885196
9889979
9914311
10074096
10081584
10198037
10406097
10494633
10528404
10530336
10687813
10757166
10788398
10821846
11194878
11220300
11426852
11437259
11480212
11496000
11522814
11523777
11553736
11702406
11717264
11739767
11876427
11902716
11982330
12045829
12324339
12399038
12635715
14592718
14702404
15000395
15066035
15109825
15321689
15636748
15699329
15878857
16258018
16332342
16347853
16348019
16348065
16348585
16349280
16403625
16442259
16494750
16535538
16564956
17313164
17518353
17600136
17651409
17720818
17989956
18379880
18522759
18557786
19277114
19542345
19862929
20030054
20382809
20675484
20838423
21571889
21573832
21576856
21665197
22307295
22456102
22662125
22752172
22819626
22888185
23450099
23908033
24038694
24277625
24664205
24915109
25637876
26782655
26970927
26994081
27190162
27849579
27858182
27891144
27935414
28743814
28751887
28778893
29150498
29190702
29424664
29516754
29738195
30657885
30726794
30753569
30920344
30953092
31001223
31287368
31749773
31789101
31844298
31849879
32002604
32245101
32471918
32483723
32689309
32970520
33072026
33365019
33750295
33757228
33874489
34512702
34737727
34843377
34867860
34875178
35033656
35412890
35727841
36046585
36292780
36428208
36475778
36864528
37171207
37640259
38032916
38040356
39418129
