20153936
20418415
20526837
20538062
20831654
22166732
22723002
22925271
23747834
24184952
24731553
25017370
25167936
25366155
26254485
26612395
26639364
26746008
27498276
27926815
28184355
28217108
28363870
28534089
28631828
28734969
28763106
28792419
28889064
28935600
29475048
29625245
29709775
29753143
29872058
29955563
30659624
31440244
31451616
31760166
32041794
32615165
32800983
34071147
34742900
34986398
35500876
35964876
36184970
36285441
36842131
37150324
37169109
37741306
37926345
38147505
38170295
38226893
38428783
39244074
39270754
39444023
39569738
