423802
440164
843165
3813772
4326740
4424068
4685280
4745421
5473884
5563874
5669917
5784203
6109714
6318762
7191693
9023926
9336920
10415174
10885113
10919837
16002121
16084367
16166725
16315984
16346839
16349758
16562145
16904158
18760595
25197452
26465349
28133370
29879865
30028279
30836545
30866208
30972463
31244809
33304333
423802
440164
843165
3813772
4326740
4424068
4685280
4745421
5473884
5563874
5669917
5784203
6109714
6318762
7191693
9023926
9336920
10415174
10885113
10919837
16002121
16084367
16166725
16315984
16346839
16349758
16562145
16904158
18760595
25197452
26465349
28133370
29879865
30028279
30836545
30866208
30972463
31244809
33304333
