16962969
17542621
17549795
18083271
18263750
18539747
18563188
18818489
19095328
19506936
19838679
19854898
20047908
20185932
20387836
20545743
21221530
21751370
22020645
22081395
22311773
22366417
22458947
22589189
22628350
23728713
24122285
24214948
24493567
24632261
24738781
24971724
25233489
25261521
25269449
25344702
25549618
25635950
26275558
26488297
26526497
26774774
26858693
26960059
27102732
28054554
28550607
28784814
29492777
29645305
29679505
29959253
30304451
30397343
30601577
30762514
30766522
31138631
31405915
31843798
32222862
33037916
33741621
34059946
34843002
35590445
35874620
36445109
36648073
36812967
37267359
37816339
37823660
38126751
38976076
39000491
39197649
