1538700
1565642
1735727
1851296
1955860
2107547
2113383
7646033
7851735
7961457
7961505
8080629
8117087
8226657
8257116
8376323
8982083
9321452
9438981
9501449
9605626
9643978
9672678
9696784
9701575
10322032
10408097
10613891
10814589
10998252
11004194
11193393
11259664
11514529
11717260
11733998
11741846
11807046
11893054
11916675
11976146
12139610
12193625
12427734
12446636
12450866
12571006
12577268
12591868
12670976
12804848
12824587
14526018
14738848
15205424
15345466
15375114
15375136
15487986
15576784
15707684
15870459
15995203
16000754
16199585
16346602
16442658
16532315
16930544
17089401
17244702
17693494
18087736
18092461
18313163
18585812
19187497
19411409
19579785
19843308
19948806
19958800
20122684
20226372
20637040
20662379
20682343
21169014
21255373
21305281
21311881
21689799
21784939
21851513
22112952
22139147
22251949
22480778
22558536
22582874
22611526
22839966
23359609
23563098
23751954
23872560
23956399
24103325
24228818
24795881
24860110
25001226
25023325
25603141
25642399
25659626
25748018
25836034
26020016
26160737
26365585
26457517
26479167
26590584
26728466
26808019
27012376
27153200
27208134
27375055
27586595
27794465
28159788
28191038
28393500
28533157
28864903
29399685
29400321
30341165
30358527
30607514
30658972
30738166
30778890
30959389
30981600
31115632
31159733
31493730
31940438
31982546
32170874
33169583
33254465
33844271
34019730
34311879
34367082
35514276
36270388
36484472
36557767
37973932
39109298
39522731
