1107378
1689718
1693659
2715395
3898560
6051359
6750042
6810447
6812250
6960463
7174113
7343641
7457420
8315057
8648152
9169205
9226924
9418061
10555371
10939672
10970390
11746838
12925831
12948160
12974520
13011510
13022559
13048525
13107884
13130041
13148703
13207577
13387623
13429690
13475227
13499598
13549839
13688603
13735815
13764964
13841177
13851314
14053268
14066458
14273674
14335040
14779087
14783089
14851000
14891944
15653913
16128440
16561728
16561915
16957097
17275919
18120555
18135179
18612835
18720738
18992119
20344307
20475838
21658111
21948094
24543769
24544431
24915874
26281440
26494365
27038248
27109775
27939637
30560519
32723632
33509193
34252022
35351021
36392931
