18768601
19926650
20058325
20173064
20491929
20689770
21204937
21418494
21538241
21683735
22060546
22200676
22829608
23345031
23581938
23957535
25049651
25049895
25195890
25424901
25434333
26409956
26643468
26965186
27057310
27146195
27283157
27630632
28248275
28330160
29445454
29494146
29796256
30453603
30478228
31100055
31208117
32106659
33585621
34605764
34814938
34916562
35027089
35704120
36200859
36766266
37762041
38029125
38135052
38369113
39588334
18768601
19926650
20058325
20173064
20491929
20689770
21204937
21418494
21538241
21683735
22060546
22200676
22829608
23345031
23581938
23957535
25049651
25049895
25195890
25424901
25434333
26409956
26643468
26965186
27057310
27146195
27283157
27630632
28248275
28330160
29445454
29494146
29796256
30453603
30478228
31100055
31208117
32106659
33585621
34605764
34814938
34916562
35027089
35704120
36200859
36766266
37762041
38029125
38135052
38369113
39588334
