7527204
7826009
8387263
8633852
9779609
10386369
10436924
10473447
10550473
10788411
11200427
11207721
11207760
11321104
11472960
11571192
11871555
11961561
11976100
12220407
12356333
12378605
12449317
12670973
12783284
14708750
14735297
14998017
15128571
15142248
15276006
15525704
15668001
15865350
15899266
15926553
16085869
16086451
16313610
16313613
16315175
16342534
16348888
16349133
16349323
16385034
16423022
16535169
16535242
16957213
17122342
17144297
17220454
17449613
17468285
17533836
17578578
17644643
17994620
18075086
18239998
18312395
18470655
18658262
18835277
18846396
19031861
19175927
19363069
19376902
19395484
19473543
19497847
19584533
19638178
19712434
19731662
19815533
19820150
19915033
20089195
20105223
20545743
20578740
21087381
21124915
21127257
21235239
21248857
21477586
21652198
21826511
22037946
22408161
22728202
22886601
22923399
23001648
23034806
23042184
23088741
23132348
23183974
23251135
23377933
23668621
23757233
23837558
23994308
24039739
24096430
24210595
24249299
24264237
24351938
24589017
24731775
24736031
24762737
24837373
24846283
24878278
24904558
24977929
25112478
25223645
25285763
25622928
25695622
25741332
25756125
26057581
26265121
26284037
26316547
26441876
26652300
26750514
26973614
26973716
27071000
27451453
27697686
28046131
28087529
28096491
28242707
28474682
28641173
28821212
28849653
28918628
29101585
29265883
29373307
29380032
29486160
29576990
29751443
29857224
29875437
29913385
29991583
30072494
30118213
30359952
30524941
30631315
30674680
30685665
30848269
30928750
31153111
31405915
31430028
31608018
31608033
31617060
31696958
32010112
32614167
32655526
32687325
32692985
33183799
33205658
33828536
33915126
33972726
34196176
34215588
34426266
34444543
34607451
35171087
35254233
35313080
35430214
35736222
35783440
35858919
36261509
36580773
36959310
37306514
37460131
37650614
37881251
37926263
38070192
38253242
38818222
38827509
39092920
39154818
39260732
