11996558
12047169
12060743
12888623
14624546
14709862
15303496
16927319
17378571
17679541
17956638
18721757
19292483
19609582
20235129
20582809
20980145
21077088
21681880
21907573
22136518
22195559
22238146
22326798
22795602
23015834
23061718
23832249
23981134
24174216
24605171
25456055
26572523
26585444
27173582
27787765
27913850
28382459
28455615
28782796
28881098
29940067
30036981
30311648
31248172
32114676
32179024
32365857
32484951
32503302
32932689
33394151
33751317
35316825
35464974
36421120
37596387
38377312
38647752
