9828440
10877789
12200272
12448727
12755703
15879275
17107661
17472643
17483259
17498652
18795263
18988102
20576691
20884694
23450070
23640276
23766220
24026412
26147299
28432098
29611893
30126076
30186256
30919743
32657213
34077836
34950111
35596862
35680641
36697570
38614147
9828440
10877789
12200272
12448727
12755703
15879275
17107661
17472643
17483259
17498652
18795263
18988102
20576691
20884694
23450070
23640276
23766220
24026412
26147299
28432098
29611893
30126076
30186256
30919743
32657213
34077836
34950111
35596862
35680641
36697570
38614147
