10049875
10782343
10782344
12581716
14563565
15095016
15728333
16408835
16616385
16965376
18078996
18164873
18486974
19100764
20045063
20109558
21753127
22001997
22133377
24045901
24929027
25107696
27255219
29545299
29767342
29885998
33671683
34206148
34478859
34874245
35171089
10049875
10782343
10782344
12581716
14563565
15095016
15728333
16408835
16616385
16965376
18078996
18164873
18486974
19100764
20045063
20109558
21753127
22001997
22133377
24045901
24929027
25107696
27255219
29545299
29767342
29885998
33671683
34206148
34478859
34874245
35171089
