1332637
3416881
8863436
9142739
9731286
10831421
11133427
11351996
12029392
12823193
12875409
14532064
14766612
16346474
16347324
16349323
16391078
19924895
21475592
22444059
23115036
23252645
24169815
24237341
26271452
26733947
27902225
30068030
30145477
30528014
1332637
3416881
8863436
9142739
9731286
10831421
11133427
11351996
12029392
12823193
12875409
14532064
14766612
16346474
16347324
16349323
16391078
19924895
21475592
22444059
23115036
23252645
24169815
24237341
26271452
26733947
27902225
30068030
30145477
30528014
