27506201
27992288
28427962
28969827
30390316
30687724
30835649
30848844
30975188
31021302
32123904
32432803
32649049
32744925
32799914
32862918
32973327
33175711
33481673
33609991
33655451
33669463
33676201
33735790
33777873
33996441
34214027
34287134
34451417
34455608
34994782
35190932
35319919
36417982
36950155
37399133
37736686
38921787
39348408
27506201
27992288
28427962
28969827
30390316
30687724
30835649
30848844
30975188
31021302
32123904
32432803
32649049
32744925
32799914
32862918
32973327
33175711
33481673
33609991
33655451
33669463
33676201
33735790
33777873
33996441
34214027
34287134
34451417
34455608
34994782
35190932
35319919
36417982
36950155
37399133
37736686
38921787
39348408
