8240251
8901121
8987718
9080697
9141686
9281865
9708251
10456741
10574085
10758847
10885113
10945590
11048852
11079693
11420648
12076040
12147526
12361274
12485334
12892489
14672216
15109789
15189289
15222548
15270496
15540648
15553638
15565670
15971094
15973059
15979752
16126293
16466821
16629030
16715804
16860897
16881705
16924916
17270301
17616209
17651223
17897380
17936391
17938854
18000693
18217925
18266646
18400325
19028308
19173055
19302493
19343938
19477317
19651116
19801469
19819038
20015562
20132675
20338657
20536710
20674056
20832679
20960068
21337574
21356453
21371767
21421274
21450004
21491070
21535776
21669070
21991262
22425334
22564941
22613201
22747993
22850395
23072698
23098919
23106215
23347182
23673058
23726202
23796641
23827805
23844069
23905797
23992502
24009113
24012705
24031244
24031405
24042001
24081910
24138211
24280194
24349270
24361826
24370970
24490932
24531036
24584863
24688502
24710334
24929685
24948913
24975412
24989256
25129530
25130934
25198607
25475299
25475327
25475338
25493478
25505343
25676243
25836396
26102554
26162590
26241489
26301383
26350615
26476327
26476812
26484547
26629793
26653108
26818991
26919814
26921428
26999955
27173570
27672082
27984729
27989439
28055127
28194744
28213319
28242037
28426027
28728873
28764072
28800823
29024903
29030449
29359691
29425865
29706336
30022698
30050039
30071648
30564227
30599982
30704599
30714624
30857720
31001785
31174101
31185568
31294163
31522091
31730988
31926228
32004753
32156341
32170285
32208687
32220842
32538519
32708039
32798958
32910828
32954800
33064148
33279082
33279087
33302194
33310341
33436180
33493839
33789176
33838793
33920777
33969671
34038826
34082377
34149671
34186476
34203239
34458303
34487591
34507765
34512609
34562034
34688124
34945686
34956149
34980395
34997599
35040323
35290826
35311170
35407149
35650993
35761625
35772259
35833800
35862481
36185645
36240455
36302508
36342783
36412233
36446270
36462814
36473316
37048353
37084662
37088139
37098432
37318333
37330854
37372483
37595476
37685209
37780307
37860988
38033555
38174972
38204435
38246025
38277969
38367781
38431321
38733637
38839231
38979962
39047618
39214026
39244376
39366042
39382294
39561479
39594536
39612830
39612852
