521437
762053
1417878
1429702
1482182
1482183
1500359
1541271
1581031
1854800
2106397
2119172
2365047
2501911
2538366
2621170
2663840
2754341
2758523
2995292
2995296
3403371
3815621
3967344
3982073
4020302
7130158
7548201
7548746
7613220
7636878
7643754
7833345
8074295
8113173
8148396
8244894
8276897
8294245
8381282
8389759
8394091
8431462
8442663
8557710
8660273
8760812
9142853
9219914
9252969
9545198
9973479
10082951
10585404
10603238
10660451
10666319
11159442
11468290
11705386
11940565
12177503
12441393
12519726
12576516
12683749
12878033
12931007
14557260
14622281
15003877
15368292
15515892
15588701
16041402
16535325
16637235
16730414
17139614
17557794
17906150
17928713
17963688
18024704
19931433
19965577
20304930
20599652
22247174
22391322
22842398
23002051
23011007
23053349
23992865
24064916
24786531
24841277
25139567
25217636
25331336
25666682
25702419
26109508
26286508
26636829
26691518
26691755
26694604
26999044
27429541
28236846
28420658
30188717
30713097
30949236
31625206
32284327
33151367
33184598
33269996
35084530
36215731
37743150
521437
762053
1417878
1429702
1482182
1482183
1500359
1541271
1581031
1854800
2106397
2119172
2365047
2501911
2538366
2621170
2663840
2754341
2758523
2995292
2995296
3403371
3815621
3967344
3982073
4020302
7130158
7548201
7548746
7613220
7636878
7643754
7833345
8074295
8113173
8148396
8244894
8276897
8294245
8381282
8389759
8394091
8431462
8442663
8557710
8660273
8760812
9142853
9219914
9252969
9545198
9973479
10082951
10585404
10603238
10660451
10666319
11159442
11468290
11705386
11940565
12177503
12441393
12519726
12576516
12683749
12878033
12931007
14557260
14622281
15003877
15368292
15515892
15588701
16041402
16535325
16637235
16730414
17139614
17557794
17906150
17928713
17963688
18024704
19931433
19965577
20304930
20599652
22247174
22391322
22842398
23002051
23011007
23053349
23992865
24064916
24786531
24841277
25139567
25217636
25331336
25666682
25702419
26109508
26286508
26636829
26691518
26691755
26694604
26999044
27429541
28236846
28420658
30188717
30713097
30949236
31625206
32284327
33151367
33184598
33269996
35084530
36215731
37743150
