9828415
10434064
10532315
10556728
10816041
10939523
11443084
11479699
11566031
11685375
11713683
11952791
12123018
12501202
12631279
12848556
12935879
14717598
14747735
15157115
15157116
15243788
15316720
15340792
15535717
15642360
15649399
15683234
15687204
15849358
15859247
15869280
15938626
15973044
16004452
16025309
16245138
16596388
16644194
16741604
16817906
16907720
16924482
16969669
16995898
17177431
17209627
17236158
17379736
17546467
17600048
17909298
17911316
18218939
18459755
18656485
18676668
18678940
18840433
18929068
18952098
19206284
19290553
19303410
19329600
19423634
19557308
19560910
19711985
19950470
20007651
20057048
20061482
20077566
20532738
20577808
20673834
20726534
20952577
21349327
21554540
21738524
21885227
21927612
22263701
22465026
22659401
22675582
22779704
22815818
23053932
23873913
23920490
23924718
24030319
24073218
24283377
24487535
24648525
25080366
25111749
25122768
25150556
25286955
25374486
25519852
25572109
25606372
25673691
25673696
25682325
25686368
25752188
25913822
26025943
26048106
26536265
26551237
26974339
27694441
27863495
27883268
27920296
28042698
28097774
28320886
28531352
28853772
29017010
29327659
29488385
29700624
29985632
30081558
30607730
30798412
30858832
31467084
31655739
31854015
32276557
32553532
32817156
32830101
33178160
34124760
34669148
34984587
36273881
36273884
36370482
37512964
38347078
38399794
38897608
38899885
