59533
811345
1322532
2170952
2372214
3903442
4992200
5365937
5962587
5969332
7547308
8267833
12483592
13143001
14529187
16347173
16453171
24449388
24487538
24675224
25678259
28330071
31605246
32841110
34087648
34109745
35103585
36013937
36312951
37042839
37737725
37869592
38018813
39276930
39556157
59533
811345
1322532
2170952
2372214
3903442
4992200
5365937
5962587
5969332
7547308
8267833
12483592
13143001
14529187
16347173
16453171
24449388
24487538
24675224
25678259
28330071
31605246
32841110
34087648
34109745
35103585
36013937
36312951
37042839
37737725
37869592
38018813
39276930
39556157
