7813489
7894707
8201312
8254309
8954152
9070455
9141686
9295270
9296107
9406430
9558310
9558334
9931258
10375539
10393304
10493580
10650202
10675587
10758847
11041137
11053372
11319087
11447219
11485168
11749956
11758915
11802739
11846563
11985588
12123374
12160466
12215818
12215819
12353625
12361274
12465943
12466883
12499550
12583722
12666166
12733987
12747780
12784859
12837806
12919323
12951249
14617621
14659755
14986979
15056909
15136159
15147188
15355542
15381425
15388732
15467228
15501540
15581894
15593147
15708102
15774689
15811322
15811334
15859333
15893314
16106294
16196424
16325466
16332764
16354088
16609814
16672457
17017798
17023259
17046234
17115713
17270301
17289253
17322893
17399994
17765863
17914606
17938854
18046684
18068682
18076040
18323611
18473943
18622571
18670176
18755688
18991780
19028308
19053301
19270903
19278848
19443206
19508182
19508183
19558718
19622857
19729024
19795060
20070105
20169343
20465851
20609364
21288018
21304673
21317325
21356453
21465791
21531832
21669070
21785782
21914900
21925536
22526778
22863452
23035254
24151583
24711593
25545469
25671511
26174059
26215346
26216109
26340363
26537871
26542284
26729722
26827988
26919814
26921423
27032191
28158578
28776272
28898524
29183330
29686728
29767960
29775634
29871927
29911308
30062637
30149638
30197866
30214052
30645192
31174101
31703397
32131482
33064148
35062524
35064794
35634553
35634554
36479432
36531285
37119380
37596994
37855845
38270537
38733637
38848839
7813489
7894707
8201312
8254309
8954152
9070455
9141686
9295270
9296107
9406430
9558310
9558334
9931258
10375539
10393304
10493580
10650202
10675587
10758847
11041137
11053372
11319087
11447219
11485168
11749956
11758915
11802739
11846563
11985588
12123374
12160466
12215818
12215819
12353625
12361274
12465943
12466883
12499550
12583722
12666166
12733987
12747780
12784859
12837806
12919323
12951249
14617621
14659755
14986979
15056909
15136159
15147188
15355542
15381425
15388732
15467228
15501540
15581894
15593147
15708102
15774689
15811322
15811334
15859333
15893314
16106294
16196424
16325466
16332764
16354088
16609814
16672457
17017798
17023259
17046234
17115713
17270301
17289253
17322893
17399994
17765863
17914606
17938854
18046684
18068682
18076040
18323611
18473943
18622571
18670176
18755688
18991780
19028308
19053301
19270903
19278848
19443206
19508182
19508183
19558718
19622857
19729024
19795060
20070105
20169343
20465851
20609364
21288018
21304673
21317325
21356453
21465791
21531832
21669070
21785782
21914900
21925536
22526778
22863452
23035254
24151583
24711593
25545469
25671511
26174059
26215346
26216109
26340363
26537871
26542284
26729722
26827988
26919814
26921423
27032191
28158578
28776272
28898524
29183330
29686728
29767960
29775634
29871927
29911308
30062637
30149638
30197866
30214052
30645192
31174101
31703397
32131482
33064148
35062524
35064794
35634553
35634554
36479432
36531285
37119380
37596994
37855845
38270537
38733637
38848839
