281221
287855
591131
608550
617547
949676
1092609
1092759
1121493
1456546
1587558
1780579
1833344
2045856
2058511
2266231
2409810
2493998
2610438
3468194
3516877
3881630
4035618
6157542
6191416
6263810
6453904
6458637
6520680
6584516
6593393
6633998
6685397
6824432
6969333
6972935
6994866
6995552
6998553
7037435
7062315
7221983
7319201
7397622
7397623
7417939
7522083
7638810
8087146
8331181
8342064
8418776
8912163
8915434
8988879
9039272
9257448
9457096
9462213
9540869
9724879
9736387
9810386
9824572
9859620
10023403
10211683
10228259
10566807
10604656
10613218
10707683
11019994
11093682
11232925
12171413
12224593
12423984
12892110
12926597
15385517
15822584
16284331
16481235
17107320
18021003
18030213
18587060
18806281
18852633
19247447
19275040
19852362
20706147
21246942
22191176
22388051
22399176
22437531
22446197
23176246
23273661
23643454
23684569
23757409
23814469
23986438
24789521
24812853
24862934
25499825
25834788
26212102
26470932
26758449
27014648
28039407
28867592
29137189
29357304
29379597
29438893
29581010
30590124
30849550
31327324
31452154
31667591
31872225
31951878
32231739
32472706
32504804
32589940
32727527
32853317
33068486
33071005
33309376
33435808
33625354
33805766
33957927
34509876
34653850
35259443
35615014
35861848
35883352
36097362
37207303
37288574
37442482
37776335
37885393
37913972
38340536
38810599
38878462
39432112
