7569881
9237676
9237677
9789086
10354492
10482787
10552739
10611453
10794829
11041349
11080336
11687211
11911526
11939294
11943141
11993664
12387884
12460664
12793697
12870849
14581216
14706833
14747075
15356274
15710430
15729331
15975547
16049758
16049775
16101302
16228493
16228548
16307116
16307123
16332853
16520864
16763878
16828738
16855726
17150291
17223068
17306215
17328119
17382323
17418087
17428440
17431035
17466026
17572448
17635539
17665151
17710563
17852067
17918957
18252824
18458090
18512893
18568415
18572341
18635535
18817746
18839331
18985431
19531485
19533411
19582591
19596002
19680778
19786119
19854153
19863595
20024167
20142495
20333267
20334693
20394099
20505751
20532497
20610399
20821674
21262962
21335340
21396735
21493120
21521792
21530298
21573948
21708123
21915246
22037394
22134643
22192718
22302713
22402227
22402228
22467501
22474409
22503663
22594396
22724636
22983624
23157370
23159726
23216642
23280373
23288595
23487854
23615924
23695836
23822594
23850800
23902026
24029692
24158260
24226799
24407142
24555034
24560813
24871847
25029277
25204078
25470281
25472545
25560630
25596846
25609645
25834773
25892514
26086427
26203005
26234306
26276824
26537632
26707886
26778497
26903415
26975610
27242674
27282102
27542168
27739099
27787748
27858260
27881980
27974439
28013431
28131736
28378245
28497947
28526061
28560566
29052931
29087375
29179127
29216472
29229186
29229775
29457730
29525427
29627534
29704497
30703363
31121226
31504695
31959282
31995844
32147625
32219125
32291859
33005667
33571437
33704805
33847229
33879791
33910117
34002536
34087666
34209725
34528536
34791212
35133645
35336144
35394642
35406896
35412184
35455725
35577087
35617171
35778652
35852834
35889093
35944660
36002791
36012278
36168917
36413932
36566855
36568143
36652853
36682245
37187220
37191762
37199910
38319793
38394197
38670115
38677103
38692025
38851184
38921415
38935195
39127329
39349288
39464299
39555914
