16201
59533
107269
108526
119130
197073
212312
241002
322657
470634
593763
599154
641031
754873
761344
851353
933867
938503
998048
1214618
1259444
1267449
1301499
1575469
1644706
1689718
1770867
1841850
1841851
1841857
1879677
1883712
1884992
1884993
2457874
3106318
3219122
3284583
3768442
4046604
4046608
4120069
4121451
4128824
4134832
4192256
4389630
4414614
4755157
4922752
4954898
5057436
5310897
5681520
5721463
6209931
6254945
6429490
6639991
6758847
6775423
6782432
6787047
7049081
7157841
7219218
7311905
7405363
7504874
7536094
7546548
7547308
7574629
7590182
7718554
7868595
7876243
8002600
8082796
8147851
8522142
8534968
8555170
8555454
8590406
8617737
8655472
8798429
8990284
9028036
9047291
9047314
9073580
9141699
9147724
9179284
9263456
9294420
9298968
9405045
9493327
9501511
9595195
9721308
9760229
9839462
9852490
9869407
10074341
10099287
10224015
10369891
10412906
10510721
10664850
10805567
10849360
10917884
10920808
10920809
10938798
11055403
11074276
11319111
11349275
11422368
11483008
11558283
11747456
11763780
11781110
11879727
11926836
11962208
12024813
12088404
12134140
12153561
12508874
12537504
12582870
12589562
12637017
12686142
12698789
12795615
12797771
12829291
12912903
13878001
13878002
13996592
14031348
14127583
14171890
14332529
14601732
14646096
14660574
14678796
14690428
14730151
14979714
14986071
14993697
15028678
15112734
15127791
15200177
15236509
15248038
15285616
15323556
15355973
15500464
15501652
15521179
15618624
15765585
15803383
15865336
15882856
16042597
16142901
16157884
16217642
16232548
16232803
16233177
16233453
16233600
16233603
16233623
16233683
16345373
16346663
16347144
16347983
16348588
16348722
16348787
16348988
16350007
16376069
16402302
16427119
16449459
16461650
16512812
16535302
16566584
16846222
16924556
16964976
16997984
17067025
17077478
17362485
17410877
17431668
17617827
17624809
17715921
17805928
18051351
18173114
18296530
18492808
18507382
18551481
18587966
18587967
18593593
18603794
18607080
18627131
18645230
18704397
19035641
19053231
19053234
19053262
19159127
19239530
19329620
19490479
19699242
19778353
19827710
20184312
20208161
20381794
20594629
20938773
21043054
21169693
21182708
21188587
21215824
21266781
21279661
21342716
21711358
21752420
21840982
21984603
22325435
22822530
22975240
23027525
23167193
23194805
23221722
23255050
23421598
23499085
23973535
24194200
24311589
24320236
24477989
24531474
24797906
24903249
24927812
24975494
25061887
25331527
25358511
25580683
25607656
25786739
26207878
26269595
26330557
26632776
26837391
26907558
26963092
27713017
27878509
28224920
28324343
28361681
28562189
28922803
29202525
29206024
29221872
29380296
29504920
29604511
30149644
30181215
30279320
30353442
30563857
30687378
30723505
30900084
30938326
30990394
31060358
31103596
31253939
32028193
32391470
32661667
32690130
32951822
33211750
33270328
34452259
34471592
34605440
34647808
34680451
34720439
34761957
34808314
35025964
35389259
35517562
35768673
35856682
35932431
35943260
36121232
36197292
36226967
36232763
36301118
36320691
36321902
36827195
36908223
37033117
37110337
37182286
37191321
37418917
37478594
37630448
37737618
37906022
37933970
37991359
38088575
38376224
38376341
38385671
38466103
38494262
38860811
38990022
39583206
39583577
39606149
