33476
83044
281661
364799
543836
612321
962744
1021090
1030824
1449464
1675051
1883295
2043086
2658946
2673181
2773265
2775055
3210217
3317583
3374094
3433658
3527135
3530231
3628990
3628991
3739001
3787995
3909275
4519923
4747041
4762297
4920579
5067396
5107228
5171271
5232321
5265005
5299097
5389533
5393083
5393084
5393085
5393434
5761411
6012533
6525115
7098233
7201710
7223578
7329723
7711309
8488499
8585056
9270352
9270354
9530694
14035671
15023944
15570563
26244681
29127988
32712811
35681835
