6420651
6428469
17098913
21114596
21317250
21936919
22904049
23650563
23811501
23824756
24088628
26250699
27527833
27579919
27682124
27834203
28262674
28500337
28919044
29151063
29566237
29751066
30232396
31136086
34356731
38358321
38930496
39195003
6420651
6428469
17098913
21114596
21317250
21936919
22904049
23650563
23811501
23824756
24088628
26250699
27527833
27579919
27682124
27834203
28262674
28500337
28919044
29151063
29566237
29751066
30232396
31136086
34356731
38358321
38930496
39195003
