8029
10259
105024
127031
127032
151130
280284
401771
977126
1066115
1068997
1150629
1331019
1554484
1837056
1939582
2041949
2271912
2305182
2627499
2926794
3152063
3270591
3511110
3864216
4031045
4154653
4513115
5059624
5213005
5335235
5787001
5970130
6031368
6083389
6165736
6291160
6692239
6822410
6937247
6953937
7001901
7048217
7148458
7168318
7325628
7795070
7912643
8513815
8858893
8938638
10872401
11438899
11931161
12351228
12483235
12734240
13416200
13483608
13575396
13705433
13912471
13951402
14066482
14270476
14871191
15023979
15190795
15642056
16701598
16857623
16887710
17098542
17517058
17760545
17949342
18422583
18477431
19228092
21304648
22230464
24935532
27422156
28606669
28757251
28862802
29520825
30826136
31681625
32797447
33057825
33604753
33867268
35114271
35579429
36078462
36316451
37014213
38373985
38679133
39003582
8029
10259
105024
127031
127032
151130
280284
401771
977126
1066115
1068997
1150629
1331019
1554484
1837056
1939582
2041949
2271912
2305182
2627499
2926794
3152063
3270591
3511110
3864216
4031045
4154653
4513115
5059624
5213005
5335235
5787001
5970130
6031368
6083389
6165736
6291160
6692239
6822410
6937247
6953937
7001901
7048217
7148458
7168318
7325628
7795070
7912643
8513815
8858893
8938638
10872401
11438899
11931161
12351228
12483235
12734240
13416200
13483608
13575396
13705433
13912471
13951402
14066482
14270476
14871191
15023979
15190795
15642056
16701598
16857623
16887710
17098542
17517058
17760545
17949342
18422583
18477431
19228092
21304648
22230464
24935532
27422156
28606669
28757251
28862802
29520825
30826136
31681625
32797447
33057825
33604753
33867268
35114271
35579429
36078462
36316451
37014213
38373985
38679133
39003582
