1774317
1774330
3625898
4160493
4558492
4693812
5421098
5913043
7311106
7537055
8300201
8380184
8573488
9196207
10962157
11526124
15297539
15604473
16783722
17422349
18279100
19374648
20044285
20337917
27809964
28585301
30212329
31232527
32081095
32318980
1774317
1774330
3625898
4160493
4558492
4693812
5421098
5913043
7311106
7537055
8300201
8380184
8573488
9196207
10962157
11526124
15297539
15604473
16783722
17422349
18279100
19374648
20044285
20337917
27809964
28585301
30212329
31232527
32081095
32318980
