12610722
16902035
20513956
32241858
1829964
8297989
9594421
9918432
11170623
12610722
14815586
15151505
15299320
16268952
16299076
16902035
17416797
18712344
19404952
20452223
20462796
20513956
20849651
21857094
22824048
22828941
23998439
24171395
24205307
24287461
24643340
25058603
25130874
25564026
25831492
26498142
26657234
26710778
26829749
27059500
27078871
27090000
27449138
27486327
27682172
27960128
28063323
28274232
28481785
28961156
29069725
29499660
29523264
29773212
29802748
29989339
30563969
30694883
30949563
31043857
31087647
31117968
31861833
31936202
32185238
32241858
33161050
33721342
33992065
34152079
34335680
34512248
34707385
34907291
35460540
35651983
35739058
36613859
37809279
39040191
39412272
