130775
182247
378947
463354
523812
950455
970684
1080888
1110595
1381794
1407744
1605987
1788129
1804853
1805167
1894465
1927529
1964092
2001081
2509874
2579388
2649561
2754623
2769243
2958585
3626465
4578968
4829931
5002903
5627135
6192383
6476815
6521255
6623741
6781083
6828898
6934422
7128013
7203465
7240087
7247536
7429642
7468585
7485707
7601258
7707281
7781276
8206177
8342514
8379796
8614587
8863414
9676478
10048002
10312157
10535298
10693384
10787652
10874301
10903543
11249505
11463147
11764842
12067402
12207863
12607824
12699322
12943454
14645590
15012459
15050539
15329746
15566563
15567876
16132993
16169454
16293099
16393599
16439215
16485811
17273849
17327582
17368709
17460206
18387532
19202487
19386419
19410346
19440196
19720360
20093250
20157346
20441654
20502195
20690303
21317663
21800367
21971152
22692949
22846064
23022945
23172028
23233624
23581804
23750519
23985292
24232364
24234264
24312998
24856958
25512544
25813389
25850019
26457156
26698481
27197545
27715362
27715651
27782367
27922297
28913871
29087249
29107411
29659003
29925252
30241352
30254174
31045497
31096228
31541948
32506552
32562315
32780439
33360625
33715910
33914498
34099030
35304551
35433328
36102871
36378355
36566305
36641632
36767397
36876013
37637625
37678889
37684192
37962113
38557701
38628814
38719273
38801917
38843468
39231969
