10555315
11699590
12173104
12576581
12749914
12823804
14716262
15329567
15564862
15829891
16390335
16476021
16982268
17021095
17174667
17949344
18436030
19426923
19722792
20193074
20384532
20410352
20728711
21825062
22053964
22170420
22244629
22324467
22326171
22613548
22863892
23008013
23538426
23784124
23845046
24098460
24278920
24303924
24379289
24579762
24866790
24898946
25040261
25280920
25283067
25678835
25761675
25841800
25918901
25959628
26177212
26198391
26221418
26351631
26416306
26461079
26521147
26744578
26843282
26936213
27119767
27149930
27224567
27266197
27520811
27638863
27642101
27647870
27737357
28050984
28460249
28623321
28721234
28800622
28848365
28871594
28979069
28979798
29081982
29377528
29520798
29649915
29774014
29855347
30710838
30909081
30940882
30982987
31052371
31281801
31294852
31417518
31444694
31502122
31675472
31681262
31732941
31771977
31793046
31904448
32089643
32373107
32443919
32513978
32533776
32608955
32617182
32645865
32707141
32933859
33044804
33128827
33143036
33280370
33446688
33513808
33586648
33719654
34308393
34367729
34442739
34491011
34602059
34619900
34648247
34664721
34698525
34756068
35068845
35114271
35149329
35437843
35631111
35641105
35987920
35998186
36046121
36122937
36144428
36363792
36412172
36413341
36538094
36557719
36557764
36605125
36629716
36633093
36648232
36718686
36726642
36806930
36873973
36950255
36980362
37086047
37191548
37261036
37355741
37370380
37419062
37527556
37572051
37729700
37742798
38041478
38251423
38404290
38476115
38567313
38596650
38763508
38930519
39365037
39428740
39436120
39575247
39581260
39592494
