5412270
8939431
9057333
9075624
9639924
9733698
10400605
10913102
11152472
11167002
11274126
11598227
11782524
11806753
11875125
11876404
11916728
11950997
12032241
12236594
12399037
12420158
12426342
12519206
12735794
14594835
15066806
15094385
15269553
15369854
15449540
15466511
15549268
15695449
15752715
15883871
15905999
16113217
16164561
16228364
16511224
16516207
16721882
16728401
16780565
16922605
17081061
17090931
17240975
17240984
17351042
17375360
17384236
17412376
17416648
17462023
17483217
17500509
17504482
17693519
17827321
18006497
18045384
18156269
18164033
18218026
18251853
18280649
18325923
18599681
18658271
18790872
18987067
19010304
19011078
19012430
19031897
19089958
19217401
19222582
19284580
19284581
19302791
19344715
19365564
19366613
19429608
19436130
19630972
19636943
19660145
19768689
19811542
20036211
20404166
20552686
20727340
20820471
20862726
21204939
21244533
21284387
21288891
21341652
21462983
21521516
21605545
21672234
21698139
21712441
21726524
21780139
21890703
22001202
22001509
22066798
22107125
22123251
22133610
22148715
22148731
22279972
22494320
22584432
22592442
22667671
22670754
22821973
22931432
22947199
22949631
23136876
23151047
23223807
23223808
23279310
23306197
23354699
23361890
23444428
23463784
23568256
23610415
23610928
23649626
23710564
23725062
23761334
23812332
23850800
23894406
23987523
23990068
23992552
24384747
24409299
24437620
24533832
24589302
24643449
24659780
24675169
24745038
24751877
24758175
24835098
24998434
25023284
25135835
25303871
25342233
25381489
25394265
25424521
25451033
25476978
25488296
25496470
25545467
25614574
25615944
25624477
25647354
25663155
25821934
25837679
25843271
25912316
26209563
26284355
26290176
26299407
26317656
26331359
26405033
26438488
26447922
26482922
26537963
26576759
26656542
26679176
26754102
26781497
26833702
26902690
27008516
27020740
27027149
27242750
27246537
27301251
27520810
27527874
27528559
27542935
27654823
27714606
27714612
27714615
27714616
27815281
28064366
28094296
28105698
28150026
28154339
28211005
28242721
28455341
28501618
28560647
28779543
28914478
28929086
28965076
29086401
29151643
29188180
29225284
29228342
29494895
29516483
29548983
29584468
29594624
29610519
29624906
29632075
29632180
29633829
29938138
29947468
29995991
30086321
30107525
30151056
30171072
30204806
30351034
30473566
30482833
30973006
30977638
31043519
31091070
31100220
31369577
31383542
31419396
31521503
31528964
31598756
31601165
31657440
31792014
32184354
32314946
32614458
32689464
32814866
32941127
32969142
33021375
33070358
33402818
33439010
33592192
33673485
33723073
33955032
34166615
34181515
34536207
34612490
34779764
34848777
34993618
35208882
35252750
35276117
35363556
35373828
35398651
35403785
35620423
35687310
35802132
35985256
36003942
36066818
36092366
36181965
36190690
36416567
36516585
36718518
37152674
37199640
37882966
37899467
37971486
38216751
38243925
38367782
38693346
38725068
39037261
39054868
39150229
39287971
39322645
39404639
5412270
8939431
9057333
9075624
9639924
9733698
10400605
10913102
11152472
11167002
11274126
11598227
11782524
11806753
11875125
11876404
11916728
11950997
12032241
12236594
12399037
12420158
12426342
12519206
12735794
14594835
15066806
15094385
15269553
15369854
15449540
15466511
15549268
15695449
15752715
15883871
15905999
16113217
16164561
16228364
16511224
16516207
16721882
16728401
16780565
16922605
17081061
17090931
17240975
17240984
17351042
17375360
17384236
17412376
17416648
17462023
17483217
17500509
17504482
17693519
17827321
18006497
18045384
18156269
18164033
18218026
18251853
18280649
18325923
18599681
18658271
18790872
18987067
19010304
19011078
19012430
19031897
19089958
19217401
19222582
19284580
19284581
19302791
19344715
19365564
19366613
19429608
19436130
19630972
19636943
19660145
19768689
19811542
20036211
20404166
20552686
20727340
20820471
20862726
21204939
21244533
21284387
21288891
21341652
21462983
21521516
21605545
21672234
21698139
21712441
21726524
21780139
21890703
22001202
22001509
22066798
22107125
22123251
22133610
22148715
22148731
22279972
22494320
22584432
22592442
22667671
22670754
22821973
22931432
22947199
22949631
23136876
23151047
23223807
23223808
23279310
23306197
23354699
23361890
23444428
23463784
23568256
23610415
23610928
23649626
23710564
23725062
23761334
23812332
23850800
23894406
23987523
23990068
23992552
24384747
24409299
24437620
24533832
24589302
24643449
24659780
24675169
24745038
24751877
24758175
24835098
24998434
25023284
25135835
25303871
25342233
25381489
25394265
25424521
25451033
25476978
25488296
25496470
25545467
25614574
25615944
25624477
25647354
25663155
25821934
25837679
25843271
25912316
26209563
26284355
26290176
26299407
26317656
26331359
26405033
26438488
26447922
26482922
26537963
26576759
26656542
26679176
26754102
26781497
26833702
26902690
27008516
27020740
27027149
27242750
27246537
27301251
27520810
27527874
27528559
27542935
27654823
27714606
27714612
27714615
27714616
27815281
28064366
28094296
28105698
28150026
28154339
28211005
28242721
28455341
28501618
28560647
28779543
28914478
28929086
28965076
29086401
29151643
29188180
29225284
29228342
29494895
29516483
29548983
29584468
29594624
29610519
29624906
29632075
29632180
29633829
29938138
29947468
29995991
30086321
30107525
30151056
30171072
30204806
30351034
30473566
30482833
30973006
30977638
31043519
31091070
31100220
31369577
31383542
31419396
31521503
31528964
31598756
31601165
31657440
31792014
32184354
32314946
32614458
32689464
32814866
32941127
32969142
33021375
33070358
33402818
33439010
33592192
33673485
33723073
33955032
34166615
34181515
34536207
34612490
34779764
34848777
34993618
35208882
35252750
35276117
35363556
35373828
35398651
35403785
35620423
35687310
35802132
35985256
36003942
36066818
36092366
36181965
36190690
36416567
36516585
36718518
37152674
37199640
37882966
37899467
37971486
38216751
38243925
38367782
38693346
38725068
39037261
39054868
39150229
39287971
39322645
39404639
