9537320
9685492
9826772
9831644
9973560
10027969
10369686
10375529
10413665
10423426
10441520
10490031
10491295
10570992
10572192
10627033
10684941
10692367
10721721
10733877
10753902
10779705
10811802
10816041
10850988
10852862
10862905
10884354
10892349
10894738
11004406
11072316
11101501
11115499
11118302
11148046
11163979
11210496
11230537
11237620
11237691
11244581
11319263
11327859
11445170
11506917
11566366
11574542
11601845
11673426
11676598
11679343
11695917
11695918
11696977
11701927
11707343
11738048
11747443
11752797
11788711
11852056
11859073
11863449
11904225
11927568
11972790
11997034
12018853
12029058
12037310
12060744
12077442
12089152
12102625
12130657
12196521
12198166
12215813
12234917
12359246
12361716
12368106
12370185
12426333
12441100
12454485
12457559
12479408
12482608
12527375
12564939
12600194
12610719
12620676
12627969
12631286
12650932
12664267
12682355
12684006
12704200
12746447
12819349
12820878
12832766
12833153
12867427
12888352
12892560
12903189
12958592
12962505
12968347
14503925
14517984
14534296
14561776
14572059
14701842
14705034
14993673
14997575
15016361
15047164
15053876
15053877
15103158
15161932
15166313
15177296
15196989
15198585
15208367
15214637
15236599
15242644
15248747
15295603
15317481
15358762
15371441
15381397
15381710
15476399
15502311
15502332
15533834
15576558
15591339
15612924
15629127
15629932
15632286
15657145
15667204
15667205
15667254
15677468
15705580
15716589
15775966
15777481
15788420
15814812
15826652
15894617
15937186
16005641
16039600
16041151
16041361
16061186
16100270
16135523
16142903
16156656
16169010
16210314
16236714
16256368
16262239
16287087
16342948
16352826
16364362
16403873
16428302
16511140
16511190
16513644
16540203
16543127
16594656
16595798
16631791
16673084
16678853
16721657
16731976
16854235
16880288
16919451
16935304
16943447
16962594
16979655
17005927
17008722
17027504
17045990
17056063
17077484
17084377
17095009
17095543
17121543
17130125
17144674
17150754
17150909
17176043
17179213
17255098
17277451
17335290
17355871
17360321
17381075
17405130
17417702
17436258
17437715
17451433
17526717
17565173
17586565
17642515
17649975
17652169
17697123
17704540
17846064
17876820
17900614
17914829
18033714
18053142
18060346
18070593
18073113
18076049
18155044
18174131
18177898
18199851
18208351
18270660
18289052
18311927
18314975
18354055
18367476
18374940
18422643
18491857
18512953
18540050
18588898
18628241
18633530
18642800
18648069
18651851
18671734
18684998
18723024
18761443
18773910
18930169
18955063
18982287
18991398
19006332
19013274
19035630
19041925
19066444
19068478
19128030
19143839
19161841
19220019
19228070
19238460
19265402
19278652
19279014
19333007
19385043
19407389
19426742
19445452
19446527
19470400
19487671
19491098
19506924
19520089
19546212
19622864
19629542
19648237
19699748
19706170
19732833
19734675
19745807
19777055
19846353
19880599
19940155
19954741
19997761
20054112
20054113
20060433
20077566
20081826
20124691
20124718
20129926
20173096
20226685
20230028
20298817
20304925
20426416
20441192
20491137
20557293
20600124
20602357
20615256
20637736
20676678
20691146
20716513
20815411
20829432
20954242
20961292
20964375
20971847
21043442
21070941
21076033
21092133
21135215
21138964
21144880
21175174
21193611
21206014
21301106
21329369
21345171
21444783
21572987
21574997
21738733
21779157
21795799
21798280
21819379
21826242
21844194
21864275
21904063
21964332
22009263
22079365
22081394
22143669
22245965
22245968
22265379
22292813
22309909
22334648
22467275
22474366
22484932
22496367
22509045
22606973
22646150
22684069
22686566
22778858
22826246
22827162
22842195
22872138
22944666
22949212
22952860
23046953
23055613
23091054
23123379
23169623
23201679
23267108
23283001
23352839
23396056
23464738
23559248
23583035
23633590
23649835
23663226
23722840
23818155
23874605
23880731
23937561
23988477
23990562
23999766
24005236
24108189
24138394
24188825
24269640
24281050
24292430
24296569
24314009
24316836
24353170
24373746
24389024
24456689
24468861
24516572
24747939
24789038
24894648
24901533
24965762
24996185
24996798
25127465
25158097
25220976
25307893
25399809
25408833
25498248
25586341
25766841
25771336
25790339
25809295
25914059
25960259
26057670
26177919
26178267
26244427
26304550
26490251
26493381
26610483
26649906
27021004
27088606
27187612
27221344
27226617
27284018
27312048
27369079
27474652
27531865
27732872
27746403
27750371
27795311
27835643
28003473
28117663
28216041
28223493
28317870
28375142
28414711
28515315
28548163
28589220
28627020
28668638
29069453
29073018
29229777
29257675
29278497
29320481
29339506
29484831
29501404
29553733
29610277
29735682
29868950
29894639
30022212
30118817
30251668
30657257
30698806
30713229
30721024
30916338
31186428
31213552
31283101
31552786
31665475
31778296
31858375
31879128
32079520
32239923
32261123
32508757
32571878
32605991
32735861
32763137
32775998
32954121
33097791
33154162
33350903
33424826
33443152
33464881
33516769
33665933
33739538
33800069
33811858
34044091
34115086
34180399
34203630
34357813
34726179
34753818
34805784
34941255
35147937
35688383
35809662
35829618
36139968
36179499
36191023
36597089
36700149
36738732
36759127
36836651
36983784
37395451
37487639
37596303
37806495
37861250
38029352
38069045
38271216
38319024
38503292
38515312
38543928
38641238
38747384
38786149
38960077
38965901
39075051
39099837
39147973
39440877
39510188
