399978
553977
1016135
1305342
1540152
1615637
1713792
1897134
1949581
2092348
2196724
2247936
2267426
2267730
2452797
2592538
2728329
2763444
2832800
2847702
3172604
3217095
3444609
3587927
3587929
3594187
3629722
3995254
5693575
5967335
6040643
6070725
6348636
6369761
7079601
7597786
7865577
8253950
8567902
8848296
8848303
9034504
9195707
9512751
9741051
10330556
11028743
11193662
11238202
11239938
11313126
11526124
11796593
12107477
12829387
12935736
14651881
14670322
15135513
15291793
15795086
16252338
16300909
16351892
16461655
17359443
17466470
18696245
18776093
19120185
19380205
20036077
20528172
20827491
21074945
21189322
21788712
24589108
24614604
25131152
25458492
25650164
25748051
25776603
26051478
26111122
26117444
26210950
26596894
26771308
26872274
27000381
27090756
27394441
27531003
27795302
28055579
28155283
28250258
29034616
29298712
29422446
29730989
29916800
30383917
30428925
30478537
30833198
31511038
31519420
31777316
32198441
32336660
32957540
33561680
33629874
33712007
33775067
33803682
34280698
34764763
34773849
35276000
35413525
36296233
36786319
36998091
37124669
37520189
37619912
37651847
37769585
37896947
38955115
39452765
