811346
811649
4193632
4967392
7928674
8557566
8573486
9023949
9790549
11169761
13235854
14272496
14480333
15112964
16793524
17506044
17545150
18461592
19171307
19222035
20080101
20080978
20416506
20432424
20860022
23800193
24171398
24187023
24981773
26773087
27152937
28544148
29220569
39501284
811346
811649
4193632
4967392
7928674
8557566
8573486
9023949
9790549
11169761
13235854
14272496
14480333
15112964
16793524
17506044
17545150
18461592
19171307
19222035
20080101
20080978
20416506
20432424
20860022
23800193
24171398
24187023
24981773
26773087
27152937
28544148
29220569
39501284
