1339259
1368766
7763716
10427695
10469830
11034494
11525967
11878563
12436311
12569103
15383646
16129457
16280504
16557001
16936320
17485837
17558547
17693561
18175900
18852873
19123013
20165893
20649968
20696404
20970375
21350630
21350632
21670791
21829623
22484932
22869123
23023754
23064646
23728814
24339368
25013225
25200839
25945579
26647586
27013389
28341677
29421037
30807172
32150965
32485072
33422055
35531513
37783667
38393159
38724655
39032700
39162559
1339259
1368766
7763716
10427695
10469830
11034494
11525967
11878563
12436311
12569103
15383646
16129457
16280504
16557001
16936320
17485837
17558547
17693561
18175900
18852873
19123013
20165893
20649968
20696404
20970375
21350630
21350632
21670791
21829623
22484932
22869123
23023754
23064646
23728814
24339368
25013225
25200839
25945579
26647586
27013389
28341677
29421037
30807172
32150965
32485072
33422055
35531513
37783667
38393159
38724655
39032700
39162559
