2730267
3242906
8469180
8899982
9142814
10441727
10880304
10915209
11195573
11386061
11558269
11583208
11827428
12080423
13130002
14745160
14871209
15128517
15625673
16233421
16266765
16312973
16668768
16699566
17258288
17267973
17406848
18676694
19126717
19763419
19919062
20127465
20352404
20498973
21222033
23788544
24566997
25720643
26133506
26218710
26238382
26288563
26357877
27727362
28054231
31762671
36807860
38004766
38703199
2730267
3242906
8469180
8899982
9142814
10441727
10880304
10915209
11195573
11386061
11558269
11583208
11827428
12080423
13130002
14745160
14871209
15128517
15625673
16233421
16266765
16312973
16668768
16699566
17258288
17267973
17406848
18676694
19126717
19763419
19919062
20127465
20352404
20498973
21222033
23788544
24566997
25720643
26133506
26218710
26238382
26288563
26357877
27727362
28054231
31762671
36807860
38004766
38703199
