26620413
33196408
20211
60076
211560
213662
219560
711325
814680
958867
987067
1106726
1231622
1558530
2433461
2550218
2839681
3987296
4062009
4108126
4192439
4245998
4308194
4353840
4381986
4391717
4391718
4392075
4673870
4951557
5023771
5061699
5062255
5271554
5296537
5302333
5309452
5309454
5309456
5309458
5498567
5535409
5627204
5643539
5754310
6229233
6294910
6390588
6454367
7245173
7456908
7709026
8276447
8303046
8385602
9145772
9148570
10187979
12191504
13626655
13651917
13651925
13651927
14230908
14766849
14975389
15736163
15798869
15861887
15977411
16009601
18561375
19179022
21033567
22039753
23520740
26620413
32899189
33196408
34573692
