1593082
1705323
8789174
9470960
10036625
10169697
10822776
11034489
11285738
11746051
12372602
12517167
14640631
14645228
15502330
15632441
15848194
15863498
16720104
16893171
16933953
17012571
17291118
17459792
18535145
18552405
18601898
19860477
20084533
20695402
20698497
20863809
20974506
21598589
22229136
23310928
23450099
23469816
23553615
24063275
24146664
24194488
25358386
26202625
26278100
26498809
26707733
27112898
27281193
27342553
27542742
28466472
29696056
31139157
32579519
33951835
34565807
35940269
36462112
36470269
37213112
37605998
38662038
