11837303
15772146
17618403
18668196
19011019
19196774
20127086
21724958
21897014
22212654
22648406
22842563
24314120
24694811
24699850
25232675
26254042
27401770
27648635
28434130
28682621
29415144
29540113
29678574
30689055
31145675
31291825
31999242
32151642
32507597
32528457
32931876
33624773
34380602
36203164
11837303
15772146
17618403
18668196
19011019
19196774
20127086
21724958
21897014
22212654
22648406
22842563
24314120
24694811
24699850
25232675
26254042
27401770
27648635
28434130
28682621
29415144
29540113
29678574
30689055
31145675
31291825
31999242
32151642
32507597
32528457
32931876
33624773
34380602
36203164
