4986297
8266348
9835026
11976093
12724375
12766150
12975359
14763989
15319480
15716028
15752715
15883371
16150738
16397497
16597998
16751554
17804072
17854156
17991025
18097790
18521530
19456868
19708870
19863729
19967174
20625004
20638692
20656304
21190135
21268270
21299655
22053003
22315818
22315821
23149925
24394406
24547877
24749881
24787980
24865383
25009239
25009839
25022427
25155278
25222699
25429001
25831533
25944856
26081517
26258473
26407862
26562022
26577185
26963515
27007208
27009664
27011075
27020353
27041718
27151484
27799527
28081236
28103880
28606423
28638369
28938999
29054872
29188461
29335641
29387046
29451978
29463890
29641568
29659983
29755417
29970250
30006680
30217820
30380078
30507001
30551660
30891009
31244804
31475278
31740694
32975309
34514251
35707175
35944660
36357749
36598239
36876059
37742749
37774647
38748855
38873030
39018391
4986297
8266348
9835026
11976093
12724375
12766150
12975359
14763989
15319480
15716028
15752715
15883371
16150738
16397497
16597998
16751554
17804072
17854156
17991025
18097790
18521530
19456868
19708870
19863729
19967174
20625004
20638692
20656304
21190135
21268270
21299655
22053003
22315818
22315821
23149925
24394406
24547877
24749881
24787980
24865383
25009239
25009839
25022427
25155278
25222699
25429001
25831533
25944856
26081517
26258473
26407862
26562022
26577185
26963515
27007208
27009664
27011075
27020353
27041718
27151484
27799527
28081236
28103880
28606423
28638369
28938999
29054872
29188461
29335641
29387046
29451978
29463890
29641568
29659983
29755417
29970250
30006680
30217820
30380078
30507001
30551660
30891009
31244804
31475278
31740694
32975309
34514251
35707175
35944660
36357749
36598239
36876059
37742749
37774647
38748855
38873030
39018391
