83044
419513
1548791
1552534
1897134
2218038
2592538
3188380
3210217
3352081
3586197
3717726
3826827
3963551
3992880
5380232
5529611
5693875
5693877
5761409
5824911
6203210
6205996
6716555
7258767
7340580
7538510
7991897
8073170
8258851
8258852
8296449
8627938
8788999
8792581
9530692
9530694
9530701
9784551
9826393
10337102
11071550
11504216
11986275
12938010
13340112
14035794
15795079
15795086
16043300
16714578
16870861
17052866
17114758
17336001
17466470
17476576
17823826
18272296
18689641
19091491
19120214
19247690
19443140
19900458
20109252
20405320
20704695
20943320
20952064
21094505
21215905
21441182
21471346
21684091
21744022
21923269
22040472
22057867
22579523
22773070
23182548
23323097
23553260
23770268
23961044
24053615
24424312
24589109
24589110
24589111
24589112
25257849
25448422
25660960
25748051
25776603
25833289
26394065
26455373
26596894
26631226
26726806
27038248
27084481
27142027
27394441
27411938
27456776
27482362
27666778
27908771
27939637
27942962
27956767
28055579
28118097
28131376
28449722
28480803
28620610
28645313
28678004
28754151
28856544
28928415
28962625
29037826
29155280
29426590
29437094
29559137
29615245
29673387
29932497
29934796
30256034
30312734
30383917
30458297
30533417
30606253
30640905
30665414
30734652
30833198
31196180
31220153
31291731
31464102
31518651
31519420
31640746
31786146
32044431
32103780
32199907
32227225
32292001
32318051
32378157
32485226
32499148
32723638
32723655
32866142
32957540
33053635
33121172
33373891
33416491
33437885
33465662
33546428
33549977
33561680
33592970
33669573
33712007
34016174
34238975
34322535
34359164
34521455
34529897
34679815
34684247
34890017
34949216
34954258
35157843
35218684
35275116
35299078
35335639
35456152
35898544
35970093
36013969
36077999
36207820
36312964
36422609
36576898
36716383
36736131
36738629
36766222
36793116
36873472
37008774
37065244
37080001
37081210
37240746
37341627
37396343
37527189
37528260
37625661
37653481
37769585
37839669
37894088
37939034
37986042
38070273
38325003
38335834
38454742
38511625
38550787
38602373
38739673
38756415
38875889
38886742
39182201
39204280
39305339
39318522
39352648
39452765
39463709
39530915
