194534
1367634
1540579
1547210
1610791
1610792
1610793
2590341
2775496
2798103
3237716
4174056
4177593
4185237
4186265
4191854
6706856
7717967
10329168
12879214
15378530
15713782
15848137
16343619
16507647
17456978
17941448
20507595
20977999
21264995
21296949
22351986
23407331
24220111
24428890
24566827
25500016
26549237
26552374
27274031
28348024
29363196
30556239
31036727
31570527
32052506
32839172
33654953
35142339
36005811
37974049
38123564
38353530
38426722
38501822
38734887
39346884
39472762
194534
1367634
1540579
1547210
1610791
1610792
1610793
2590341
2775496
2798103
3237716
4174056
4177593
4185237
4186265
4191854
6706856
7717967
10329168
12879214
15378530
15713782
15848137
16343619
16507647
17456978
17941448
20507595
20977999
21264995
21296949
22351986
23407331
24220111
24428890
24566827
25500016
26549237
26552374
27274031
28348024
29363196
30556239
31036727
31570527
32052506
32839172
33654953
35142339
36005811
37974049
38123564
38353530
38426722
38501822
38734887
39346884
39472762
