2316184
2729987
3171540
3218393
3253410
3264905
3338975
3439386
3446749
7593757
7735874
10846210
11889084
11889087
12000994
12399048
14973017
15205428
15205441
15289470
15473269
15583153
15845395
15866938
16077102
16126895
16585743
16618962
16720287
16950878
16952936
17071718
17083328
17124732
17654828
17803786
18042728
19124576
19410500
19915029
20004642
20533876
22001513
22226908
22292813
22334703
22349955
22447898
22923591
23123913
23145790
23295668
23431144
23525458
24509320
24912194
24986074
25157081
25817995
26148712
26469129
26500189
26503848
26711226
27353751
27542414
27857551
28373274
29590598
30065251
30668689
31874918
32123220
34044587
34281395
34458448
35038769
35122395
35592604
36749051
36842125
36842126
36842127
39206130
