17978234
19643893
34242158
52412
54316
54317
54332
71784
72031
74829
75942
102124
169924
193633
194916
361569
410221
553532
602469
709700
722910
789248
812726
906522
960678
1084879
1109806
1362894
1487377
1842398
1934464
2047741
2191538
2211531
2477003
2482581
2506878
2527036
2597211
2779455
3098476
3138998
3338851
3495914
3521613
3523830
4026321
4083914
4089813
4104425
4107669
4115540
4161310
4320132
4369392
4991520
5011650
5059354
5073035
5524311
5616260
5661977
5778788
6164646
6175255
6182638
6184291
6189287
6311877
6431590
6719447
6863409
6865098
6933484
6971802
7476187
7544181
7650725
7839912
7839945
7923931
7942723
8115829
8230809
8571548
8598098
8621944
8719111
8757532
9234814
9264746
9368637
9504187
9519892
9708541
9729528
10068093
10416136
10476523
11814458
12034543
12100054
12201846
12694548
12751462
12771179
12945722
12999321
13479682
13544234
13572737
14005254
14193154
14238500
14238933
14276519
14276520
14295642
14533701
14562246
14761275
14961970
15158601
15340506
17424115
17526849
17828606
17978234
19293162
19643893
20039882
20238820
21401963
21569507
21711540
21783841
21886768
23444243
24991549
26321053
26562317
27374664
28680327
28765714
29533055
31664089
31677193
32282314
32455888
33307227
33536425
33681599
34242158
34920373
35540476
38549615
