7748
15662
19002
20166
20991
24804
109042
112358
112359
116682
125844
170495
189165
208659
228168
234368
481273
656433
695706
710428
882007
933889
940483
940502
942280
979675
979676
1004251
1004280
1012053
1012054
1024587
1024595
1138996
1160643
1177779
1207504
1845998
1901570
2464579
2487011
2544424
2544425
2665744
2855979
3015244
3015253
3089309
3089316
3911822
3914642
3917196
3925987
4004266
4275197
4407541
4611508
5139533
6263368
6280782
6393821
6615927
6803110
7046814
7082311
7236799
7451471
7533575
7575095
8125335
8917471
9211709
9515914
9734052
9828415
10206689
10227875
10427024
10434064
10460885
10556728
10849807
11112845
11206926
11375153
11786367
12032599
12039757
12752441
12788703
14766546
14766547
15667258
15667265
15805508
15951385
16156799
16232569
16283252
16348862
16880567
17376400
17546443
17661016
17922655
17931594
17974211
18085548
19019079
19496339
19527657
19633107
19928895
20447994
20543059
21349975
21590288
21637846
23313094
24196306
25111750
25365490
25572109
26481619
26801573
28972933
29680900
31345671
33202220
34487705
36219222
38399794
7748
15662
19002
20166
20991
24804
109042
112358
112359
116682
125844
170495
189165
208659
228168
234368
481273
656433
695706
710428
882007
933889
940483
940502
942280
979675
979676
1004251
1004280
1012053
1012054
1024587
1024595
1138996
1160643
1177779
1207504
1845998
1901570
2464579
2487011
2544424
2544425
2665744
2855979
3015244
3015253
3089309
3089316
3911822
3914642
3917196
3925987
4004266
4275197
4407541
4611508
5139533
6263368
6280782
6393821
6615927
6803110
7046814
7082311
7236799
7451471
7533575
7575095
8125335
8917471
9211709
9515914
9734052
9828415
10206689
10227875
10427024
10434064
10460885
10556728
10849807
11112845
11206926
11375153
11786367
12032599
12039757
12752441
12788703
14766546
14766547
15667258
15667265
15805508
15951385
16156799
16232569
16283252
16348862
16880567
17376400
17546443
17661016
17922655
17931594
17974211
18085548
19019079
19496339
19527657
19633107
19928895
20447994
20543059
21349975
21590288
21637846
23313094
24196306
25111750
25365490
25572109
26481619
26801573
28972933
29680900
31345671
33202220
34487705
36219222
38399794
