22493171
22881378
23625260
24331987
25904141
26198391
26521147
26550763
26686411
26764907
26936213
28623321
28871594
30940882
32533776
32791127
32844406
34287005
34361963
34428955
34432217
34698525
35497502
35641105
35989670
35998186
36718686
36873973
36950255
37196563
38930519
39445812
39581260
22493171
22881378
23625260
24331987
25904141
26198391
26521147
26550763
26686411
26764907
26936213
28623321
28871594
30940882
32533776
32791127
32844406
34287005
34361963
34428955
34432217
34698525
35497502
35641105
35989670
35998186
36718686
36873973
36950255
37196563
38930519
39445812
39581260
