1406492
1482188
1539988
1599254
1892383
7665493
7692834
7772942
7854251
9023963
9293011
9342885
9385144
9864310
10543826
10664879
11222615
11295458
11321081
14618685
16233021
16329943
16348308
16348447
16349045
16535377
17481757
24788329
24973598
33391191
37269993
37369299
1406492
1482188
1539988
1599254
1892383
7665493
7692834
7772942
7854251
9023963
9293011
9342885
9385144
9864310
10543826
10664879
11222615
11295458
11321081
14618685
16233021
16329943
16348308
16348447
16349045
16535377
17481757
24788329
24973598
33391191
37269993
37369299
