351072
984775
1696280
2408453
3183012
3934436
4138139
4628863
6106381
6118050
6223883
6482381
6486753
6546830
6893190
6893426
6895877
6896718
7047390
7380561
7591142
7902843
7969341
8576365
8735110
8838175
9055996
9098640
9103608
9542904
10349992
10403316
10406115
10702548
11394829
11491333
11791987
11953398
12061626
12095443
12653141
12860597
13478580
13484111
13708436
14332634
14676069
14783347
14949113
14952705
16222005
16354816
16397379
16434226
16558061
16596351
17038703
17114713
17266709
18171106
18260508
19492943
19861070
20097813
20239449
20342271
20616112
21413251
22257655
22933759
23266334
24829214
27159039
27265472
27404664
29805132
30050361
30991220
31549736
31955452
32318966
32640994
36037000
37174635
38259062
