10075423
10319462
10319507
10438738
10826799
11571186
11852195
11882708
12023921
12072944
12177347
12455703
12941393
12947037
14514154
15084508
15184130
15218218
15232139
15239381
15607632
15871163
16079343
16282935
16423206
16505289
16542731
16614250
16697560
16830093
17264809
17466379
17852931
17907044
18081846
18192789
18307777
19220336
19727868
20113355
20349260
20586563
20971898
21612765
21690563
21760820
21799887
21942196
22135095
22253735
23435820
23912872
24118768
24528559
24992529
25212454
25619531
25763051
26009941
26132836
26374382
26530333
26613554
27507008
27786615
28070335
28087650
28407799
28559259
28857732
29089243
29511568
29692903
30226659
30609299
31041636
32745685
33194844
33268771
33796486
34315616
36759057
36775111
37957213
38543546
