10826824
11220686
11574566
11980974
12808082
15750118
17188448
17701726
17889570
17982728
18077362
18716228
20686088
20861633
22837552
24034902
25105523
25139407
26025449
26666926
26921367
27217443
29174702
29735061
29946643
29969843
30514000
31049562
31408742
31466970
33208788
33602775
34149673
36160202
36220843
36371556
36476539
36605405
37094959
37520598
38742887
10826824
11220686
11574566
11980974
12808082
15750118
17188448
17701726
17889570
17982728
18077362
18716228
20686088
20861633
22837552
24034902
24375943
24471073
25105523
25139407
26025449
26666926
26921367
27217443
28077699
29174702
29735061
29946643
29969843
30514000
30622863
31049562
31100439
31408742
31466970
33208788
33602775
34149673
35335173
36137991
36160202
36220843
36371556
36476539
36527886
36605405
37094959
37520598
37757667
38742887
