7699033
8240958
8782679
9140552
9466529
9561701
9705408
10405408
10405413
10511529
10523564
10668815
10747175
10889298
11060089
11211257
11318358
11410341
11518174
11596732
11730925
11822802
11837299
12354859
12507856
12558350
12874367
12918816
14621218
14641826
14765731
14765733
15007043
15131097
15179926
15369661
15585501
15695714
15845521
15900951
16011426
16254445
16460911
16472522
16474074
16875539
17217089
17354603
17583666
17633432
17824328
17993656
18160223
18289294
18367567
18489542
18710315
19058928
19175739
19261798
19369441
19374641
19426442
19469667
19538271
19560291
19709358
20090030
20102497
20234114
20374571
20377863
20392912
20574140
20682871
20695992
20735840
21239553
21539606
21615498
21736485
21771478
21802869
22062313
22071179
22217178
22301474
22449771
22450733
22607728
22924722
23568932
23683861
23813816
24120155
24268654
24323298
24341682
24377250
24670154
24892580
24972870
25325316
25514119
25638478
25980841
26023192
26344604
26393956
26576933
26780031
27210612
27529290
27626126
28077317
28197898
28290975
28346866
28412525
29116007
29197186
29554947
29729679
29807750
30060840
30250981
30307643
30589638
31436150
31660786
31721928
31891215
32065761
32071727
32092135
32143533
32175623
32492279
32928287
33195611
33841347
35153405
35157842
35545848
36014025
36838305
37326985
37475026
37905795
38417187
38911703
39260018
39447862
