10331270
11539679
12091711
14621292
14621296
15589832
15720711
15811329
15955532
16228529
16235086
16452471
16617515
16714023
16967101
17167423
17310305
17464079
17964531
18039461
18044966
18227272
18298941
18568415
18661249
18987067
18987633
19096516
19124001
19217863
19222806
19622649
19656948
19769578
19842712
19917292
19933531
20074644
20230053
20237831
20308576
20858424
20920248
20979415
21041674
21136295
21244835
21248852
21317291
21326622
21362624
21463577
21642550
21780438
21844195
21987577
22004744
22007668
22155685
22302714
22392968
22474322
22580559
22894826
22977232
23116339
23364792
23565737
23591864
23640880
23667707
23671678
23682762
23770602
23823729
23847755
23848595
23949415
23950219
24043807
24167270
24194836
24209850
24260369
24338475
24341978
24508456
24979679
25347537
25367560
25548135
25861708
25973519
26079326
26276824
26415570
26668320
26875553
27021161
27084463
27157268
27378845
27401877
27403967
28420728
28529131
28548837
28793215
29089419
29108621
29133410
29281623
30181288
30235144
30541892
30874335
30893555
31015863
31672539
31718178
32909527
32946991
33599267
33645158
33924720
34163777
34210687
34269181
34573070
35389621
35404232
35637261
36357749
36430299
36847892
37026398
37080329
38289224
38343277
38678367
38951607
39024507
39553964
39581854
