1315499
1327960
1500355
9335172
9402987
9851040
10224523
10583684
11152067
12676669
14042949
14526542
15081483
16238744
16337374
16874551
17408951
18175902
18603792
19270417
20018508
21462031
24415100
24471881
26494661
26742323
28439850
31613202
31967952
33281068
33759092
33892032
34460021
36448248
36748703
37256768
1315499
1327960
1500355
9335172
9402987
9851040
10224523
10583684
11152067
12676669
14042949
14526542
15081483
16238744
16337374
16874551
17408951
18175902
18603792
19270417
20018508
21462031
24415100
24471881
26494661
26742323
28439850
31613202
31967952
33281068
33759092
33892032
34460021
36448248
36748703
37256768
