1698689
2620065
7547917
7548030
7696486
7726577
7958780
8130224
8161697
8346224
8703967
8972865
9022699
9100015
9153433
9297464
9518598
9838060
9843979
10727221
11536737
11538409
11539856
11540131
15170240
16716087
16924101
17906152
18370406
18474216
23722589
23812833
24271311
24408151
31536173
33881982
1698689
2620065
7547917
7548030
7696486
7726577
7958780
8130224
8161697
8346224
8703967
8972865
9022699
9100015
9153433
9297464
9518598
9838060
9843979
10727221
11536737
11538409
11539856
11540131
15170240
16716087
16924101
17906152
18370406
18474216
23722589
23812833
24271311
24408151
31536173
33881982
