1808209
1947427
3382544
9281826
9449856
10431371
11197759
11578090
11701859
12656160
12656173
12951249
13678641
15633246
15682497
16077116
16333746
16628937
16628938
17578522
17933927
18171577
18945170
19259442
19259476
19262762
19262836
19262855
19265971
19265995
19266005
19270902
19270903
19270952
19274127
19274154
19274158
19274161
19274192
19274193
19274212
19274225
19274263
19277131
19277150
19277272
19277280
19277344
19277345
19279840
19279916
19279936
19279937
19283029
19283094
19283193
19283198
19283199
19287620
19287633
19287753
19287792
19289196
19290133
19300639
19300694
19305613
19712314
19719647
20302597
21803895
22622874
22736828
26527842
27862724
29062153
29062154
29209280
30011135
30125659
30380051
30451430
30486772
30823204
30976307
32582268
32692023
33829175
33983481
34179816
35286009
36540638
36969543
38617827
