27941955
28847001
29039187
29749220
30199800
30233538
31015413
31125804
31294971
31877618
33045546
33188298
33326897
33452610
33730544
34247082
34274897
34354121
34837527
34878290
35839911
36187961
36495641
36590435
37748616
37840719
38466496
39143220
27941955
28847001
29039187
29749220
30199800
30233538
31015413
31125804
31294971
31877618
33045546
33188298
33326897
33452610
33730544
34247082
34274897
34354121
34837527
34878290
35839911
36187961
36495641
36590435
37748616
37840719
38466496
39143220
