1492954
1526464
1622207
1760138
2275538
4217875
7517131
7873106
8357617
8919792
9488647
9603897
9647803
9893951
10427059
10440670
10758852
10945796
11005929
11129576
11400734
11414499
11722543
11823226
12382065
12460285
12808145
12837511
12902280
14566432
15091999
15501646
15772947
15941383
16269793
16348395
16348640
16348642
16349199
16431087
16508994
16535406
16535497
16535570
16689727
16825452
16915698
17187443
17222143
17615557
17950555
17957354
17983721
18072249
18080344
18325759
18496880
18563664
19105755
19319595
19678846
19712343
19729293
20589851
21382147
21566388
22232899
22341516
22518111
22627128
22815442
22911238
22968225
23619304
23645189
24192830
24294251
24355385
24390831
24420937
25371339
25504621
26264929
27338270
27377871
29730593
29781399
30027412
30179697
30500707
30592309
31884267
32763572
33288317
33297094
33780674
34381075
34745076
35369491
37385454
37549749
37890822
38655078
39080164
