26965627
27045688
27540159
27540160
29235460
29374183
29590588
29603535
29666242
30048043
30291679
30477746
30502092
30761732
30979881
31601227
31632361
31646721
31690819
31951388
32160855
32269349
32345276
32394501
32506284
32555357
32783383
32989159
33051015
33351214
33434375
33441590
33470503
33561457
33576230
33579403
33579404
33579411
33579416
33753197
33797026
33900740
33933097
34044062
34075621
34085821
34260304
34265401
34371048
34381429
34492896
34499955
34553433
34587366
34620982
34622634
34681915
34705547
34833182
34833184
34917057
35008691
35011351
35091192
35247624
35382549
35577005
35753492
35850328
35951410
35981419
36103351
36174890
36246227
36289066
36385587
36570084
36587193
36639437
36811288
36938133
36965770
37035283
37050393
37295700
37340047
37350932
37401198
37484494
37535135
37555384
37594123
37595467
37795175
37808376
38095477
38138035
38178895
38285602
38382786
38393574
38395309
38406590
38501967
38538850
38626327
38749251
38861200
38885634
38944965
39110086
39149944
39187447
39206086
39300753
39357610
39432831
39524671
39566783
26965627
27045688
27540159
27540160
29235460
29374183
29590588
29603535
29666242
30048043
30291679
30477746
30502092
30761732
30979881
31601227
31632361
31646721
31690819
31951388
32160855
32269349
32345276
32394501
32506284
32555357
32783383
32989159
33051015
33351214
33434375
33441590
33470503
33561457
33576230
33579403
33579404
33579411
33579416
33753197
33797026
33900740
33933097
34044062
34075621
34085821
34260304
34265401
34371048
34381429
34492896
34499955
34553433
34587366
34620982
34622634
34681915
34705547
34833182
34833184
34917057
35008691
35011351
35091192
35247624
35382549
35577005
35753492
35850328
35951410
35981419
36103351
36174890
36246227
36289066
36385587
36570084
36587193
36639437
36811288
36938133
36965770
37035283
37050393
37295700
37340047
37350932
37401198
37484494
37535135
37555384
37594123
37595467
37795175
37808376
38095477
38138035
38178895
38285602
38382786
38393574
38395309
38406590
38501967
38538850
38626327
38749251
38861200
38885634
38944965
39110086
39149944
39187447
39206086
39300753
39357610
39432831
39524671
39566783
