11491346
11837309
14532102
15347763
15902510
16156114
16405689
16469465
16707670
16874550
17369334
18793408
19009320
20007648
20133363
20363778
20506292
20942908
21099133
21251315
21636913
21987458
22212652
22227860
22448254
22575437
22675587
22907126
23034806
23160137
23251043
23615905
23653110
24038709
24123998
24204364
24305113
24548748
25145794
25180007
25417903
27566710
28179004
28478080
28660361
28709895
28922646
29316921
29703733
30158907
30975796
31409414
32112674
32631860
32668304
33502674
33666508
33955667
34375507
35217260
35432243
35710957
35847097
35964293
36715826
