147452
240779
276916
277867
296319
313373
352150
382008
492071
613288
625679
635629
665579
711232
711336
711337
725541
807525
841278
844000
844001
894261
969542
1092627
1116090
1158523
1171825
1200725
1202157
1235011
1247425
1269280
1408347
1452693
1472363
1526543
1553171
1579698
1582318
1682868
1693659
1820366
1837936
1843359
1940739
1940740
1941993
1987950
2087341
2275481
2388002
2397195
2408474
2489354
2489550
2572552
2589044
2602778
2607261
2618822
2631681
2643620
2684733
2689757
2707978
2732777
2759258
2791645
2809568
2867662
2875033
2887546
2891617
2892794
2893786
2911683
2937669
2951285
3058075
3117916
3178207
3210661
3232488
3268632
3294446
3302299
3307333
3342679
3357191
3464687
3488868
3514771
3526779
3551042
3570460
3624445
3757351
3763205
3773363
3789249
3804881
3856980
3868974
3888842
3925106
3943898
3964203
3968213
3973000
4090800
4151213
4559465
4668854
4735496
4840438
4879300
4886286
4886287
4964473
4975155
5335900
5373677
5481995
5494880
5831689
6133836
6161943
6186801
6190751
6195527
6341251
6348637
6367338
6371673
6375244
6375245
6389342
6408574
6439664
6511874
6514161
6571858
6579900
6594104
6715035
6829706
6832811
6928807
6935365
6938884
6999777
7057605
7065532
7120609
7193305
7221171
7274029
7311207
7343641
7371921
7419697
7437964
7457420
7492899
7641631
7800803
7839538
7857534
7893889
7964151
8011834
8047761
8200470
8211333
8260516
8284085
8300169
8300170
8333207
8350802
8444484
8478088
8498956
8500800
8513051
8601346
8601765
8736753
8789019
8824108
8934133
8970218
8972501
9021323
9153842
9169205
9170270
9198838
9206415
9220753
9395835
9472580
9519608
9573822
9658663
9717586
9763749
9823113
9863424
9879868
10065949
10219154
10518147
10543754
10543769
10551170
10551171
10573989
10631895
10672844
10725583
10829454
10844260
10864706
10879612
10904195
11034118
11063665
11072723
11089210
11220957
11275733
11280037
11519006
11599240
11686813
11799279
11880435
11885259
11885423
11887635
12043869
12059935
12202591
12279410
12322850
12378798
12409439
12522937
12562362
12685278
12754451
12764680
12790510
12802990
12877258
12905132
12925831
13061750
13879297
13879298
14032869
14072633
14189107
14433041
14433042
14454859
14503823
14583300
14622340
14689208
14748096
15002694
15004048
15189432
15236133
15266777
15327644
15328564
15383427
15457468
15476962
15549341
15575223
15591739
15598414
15624033
15647080
15831144
15836514
15870335
15889574
15960127
15972310
16248981
16357406
16360417
16427466
16462221
16500784
16507502
16508267
16514379
16531165
16555727
16617568
16620775
16710278
16799804
16801902
16837155
16887597
16907769
17093351
17174463
17311629
17398220
17437871
17465290
17541147
17584471
17694749
17714758
17760673
17942201
17944591
17952459
17964476
18068658
18076682
18097319
18203542
18261121
18279175
18306628
18337385
18348380
18408850
18477431
18498901
18547832
18650675
18672045
18780544
18788431
18807608
19180833
19205430
19244437
19247335
19348264
19628046
19716075
19769270
19882914
19916334
19935254
20152679
20159185
20302022
20458215
20493959
20583443
20831135
20847510
20954371
21160882
21238793
21264361
21273749
21323418
21398076
21457185
21492236
21772599
22002733
22071386
22096664
22233314
22235627
22331119
22350077
22389659
22693528
22885199
23008010
23053244
23242581
23458987
23552606
23580677
23684115
23771082
23785552
23952074
24035115
24054862
24265342
24278920
24368860
24428279
24574281
25024855
25129856
25207127
25301047
25788515
25825360
25873798
25893125
26001364
26057988
26213540
26259070
26324012
26407440
26415492
26607184
26949701
27151779
27182152
27383814
27422156
27432035
27475723
28193569
28290977
28302494
28343883
28414681
28429866
28536234
28868364
29297559
29369919
29604528
29688739
29692723
29706318
30085427
30186488
30216180
30269778
30286117
30320017
30895135
31060658
31172138
31316043
31448062
31466967
31551318
31555503
31662435
31684929
31775881
31804331
32032312
32265208
32454322
32707891
32787481
32804919
33133417
33303221
33318282
33346982
33931097
34020811
34256171
34387849
34402021
34679776
34827318
35352770
36059341
36529123
36538094
36547565
36770464
36995882
37480326
37627754
37636774
37683634
37857227
37974684
38009532
38031924
38302885
38766462
38845533
39224716
39237794
39376376
39376974
39487844
39619684
147452
240779
276916
277670
277867
296319
313373
352150
382008
492071
613288
625679
635629
665579
711232
711336
711337
725541
807525
841278
844000
844001
894261
969542
1060641
1092627
1107378
1116090
1158523
1171825
1200725
1202157
1235011
1247425
1269280
1408347
1452693
1472363
1526543
1553171
1579698
1582318
1682868
1693659
1820366
1837936
1843359
1940739
1940740
1941993
1987950
2087341
2275481
2388002
2397195
2408474
2489354
2489550
2572552
2589044
2602778
2607261
2618822
2631681
2643620
2684733
2689757
2707978
2732777
2759258
2791645
2809568
2867662
2875033
2887546
2891617
2892794
2893786
2911683
2937669
2951285
3058075
3117916
3178207
3210661
3232488
3268632
3294446
3302299
3307333
3342679
3357191
3464687
3488868
3514771
3526779
3551042
3570460
3624445
3757351
3763205
3773363
3789249
3804881
3856980
3868974
3888842
3925106
3943898
3964203
3968213
3973000
4090800
4151213
4559465
4668854
4735496
4840438
4879300
4886286
4886287
4964473
4975155
5335900
5373677
5481995
5494880
5831689
6133836
6161943
6186801
6190751
6195527
6341251
6348637
6367338
6371673
6375244
6375245
6389342
6408574
6439664
6511874
6514161
6571858
6579900
6594104
6715035
6829706
6832811
6928807
6935365
6938884
6999777
7057605
7065532
7120609
7193305
7221171
7274029
7311207
7343641
7371921
7419697
7437964
7457420
7492899
7641631
7800803
7839538
7857534
7893889
7964151
8011834
8047761
8200470
8211333
8260516
8284085
8300169
8300170
8333207
8350802
8444484
8478088
8498956
8500800
8513051
8601346
8601765
8736753
8789019
8824108
8934133
8970218
8972501
9021323
9153842
9169205
9170270
9198838
9206415
9220753
9395835
9472580
9519608
9573822
9658663
9717586
9763749
9823113
9863424
9879868
10065949
10219154
10518147
10543754
10543769
10551170
10551171
10573989
10631895
10672844
10725583
10829454
10844260
10864706
10879612
10904195
11034118
11063665
11072723
11089210
11220957
11275733
11280037
11519006
11599240
11686813
11799279
11842373
11880435
11885259
11885423
11887635
12043869
12059935
12202591
12279410
12322850
12378798
12409439
12522937
12562362
12685278
12754451
12764680
12790510
12802990
12877258
12905132
12925831
13061750
13879297
13879298
14032869
14072633
14189107
14433041
14433042
14454859
14503823
14583300
14622340
14689208
14748096
15002694
15004048
15189432
15236133
15266777
15327644
15328564
15383427
15457468
15476962
15549341
15575223
15591739
15598414
15624033
15647080
15831144
15836514
15870335
15889574
15960127
15972310
16248981
16357406
16360417
16427466
16462221
16500784
16507502
16508267
16514379
16531165
16555727
16617568
16620775
16710278
16799804
16801902
16837155
16887597
16907769
17093351
17174463
17311629
17398220
17437871
17465290
17541147
17584471
17694749
17714758
17760673
17942201
17944591
17952459
17964476
18068658
18076682
18097319
18203542
18261121
18279175
18306628
18337385
18348380
18408850
18477431
18498901
18547832
18650675
18672045
18780544
18788431
18807608
19180833
19205430
19244437
19247335
19348264
19628046
19716075
19769270
19882914
19916334
19935254
20152679
20159185
20302022
20458215
20493959
20583443
20831135
20847510
20954371
21160882
21238793
21264361
21273749
21323418
21398076
21413327
21457185
21492236
21772599
22002733
22071386
22096664
22233314
22235627
22331119
22350077
22389659
22693528
22885199
23008010
23053244
23242581
23458987
23552606
23580677
23684115
23771082
23785552
23952074
24035115
24054862
24265342
24278920
24368860
24428279
24574281
25024855
25129856
25207127
25301047
25788515
25825360
25865197
25873798
25893125
26001364
26057988
26213540
26259070
26324012
26407440
26415492
26607184
26949701
27151779
27182152
27383814
27422156
27432035
27475723
28193569
28290977
28302494
28343883
28414681
28429866
28536234
28868364
29297559
29369919
29604528
29688739
29692723
29706318
30085427
30186488
30216180
30269778
30286117
30320017
30895135
31060658
31172138
31316043
31448062
31466967
31551318
31555503
31662435
31684929
31775881
31804331
32032312
32265208
32454322
32707891
32787481
32804919
33133417
33303221
33318282
33346982
33931097
34020811
34256171
34387849
34402021
34679776
34827318
35352770
36059341
36529123
36538094
36547565
36770464
36995882
37480326
37627754
37636774
37683634
37857227
37974684
38009532
38031924
38302885
38766462
38845533
39224716
39237794
39376376
39376974
39487844
39619684
