15976
182152
182153
227833
239654
745561
808183
821450
949483
1646018
1834519
1904771
2455491
2828343
2856189
3078741
3684605
3733717
4145611
4222332
4289808
4326910
4847497
5025030
5304022
5437117
5516608
5552133
5600789
5709642
5766673
5940631
5964975
6474014
8055962
8123564
8392510
8836428
9818354
10347029
11381968
11451661
12005060
13229327
13755762
13773574
13847099
13849711
14013807
14042164
14134892
14304663
14347921
14414502
14444497
15640185
16346262
16348588
16348722
16348787
16348988
16349486
16517654
16535707
18023467
18031541
18045498
18326675
18973623
21041116
21441524
22451350
22683440
22828318
23126649
23453983
24186641
25362506
25673652
25845988
26019486
26092466
26132866
26432593
26965192
27235442
27529383
27595702
27795404
29127926
29210696
29361680
29577088
29896921
29931785
30555445
31029538
31161957
31623889
31657947
31776106
32059304
32553532
32827116
33277005
35122854
35124092
35285242
35943262
36345334
36565767
37263515
37347668
38200027
38638570
15976
182152
182153
227833
239654
745561
808183
821450
949483
1646018
1834519
1904771
2455491
2828343
2856189
3078741
3684605
3733717
4145611
4222332
4289808
4326910
4847497
5025030
5304022
5437117
5516608
5552133
5600789
5709642
5766673
5940631
5964975
6474014
8055962
8123564
8392510
8836428
9818354
10347029
11381968
11451661
12005060
13229327
13755762
13773574
13847099
13849711
14013807
14042164
14134892
14304663
14347921
14414502
14444497
15640185
16346262
16348588
16348722
16348787
16348988
16349486
16517654
16535707
18023467
18031541
18045498
18326675
18973623
21041116
21441524
22451350
22683440
22828318
23126649
23453983
24186641
25362506
25673652
25845988
26019486
26092466
26132866
26432593
26965192
27235442
27529383
27595702
27795404
29127926
29210696
29361680
29577088
29896921
29931785
30555445
31029538
31161957
31623889
31657947
31776106
32059304
32553532
32827116
33277005
35122854
35124092
35285242
35943262
36345334
36565767
37263515
37347668
38200027
38638570
