27113
150795
252701
297561
300346
322469
327787
363530
417035
447881
512584
517151
752972
759289
775193
789914
803695
815551
880012
885271
924797
942164
992968
1107097
1146268
1191746
1253192
1275556
1279313
1280284
1286035
1289929
1299684
1331698
1449919
1453893
1454234
1468271
1472277
1502562
1509154
1510004
1546116
1549465
1551579
1563151
1569566
1618518
1647789
1688350
1712438
1749216
1751232
1771875
1783579
1817711
1840596
1840930
1843479
1859591
1860050
1867157
1893237
1904057
1909130
1920515
1949776
1969618
1990194
1994007
2005062
2034417
2035667
2063427
2066816
2066916
2083122
2085639
2116070
2122356
2132700
2179323
2221811
2228989
2241545
2246868
2251072
2265968
2267041
2269551
2285751
2293984
2300022
2312486
2313075
2327520
2332263
2349455
2399362
2402153
2421765
2433944
2490272
2507578
2518670
2571710
2576019
2584132
2598088
2600245
2645607
2645788
2667675
2672064
2677061
2678334
2681683
2803771
2816956
2855285
2859774
2900217
2917515
2924201
2926476
2933418
2953848
2960011
2972660
3003802
3016052
3039857
3068342
3121231
3129437
3159804
3160810
3262708
3323555
3372739
3412038
3417785
3420072
3491091
3526565
3581976
3590206
3608106
3610066
3612484
3621231
3637608
3642232
3651838
3654098
3677659
3681639
3701008
3779249
3781561
3800300
3816557
3829608
3839549
3862112
3898763
3898876
3902367
3923367
3946572
3951034
3951327
3961271
3981624
4027121
4037231
4044789
4056700
4081969
5021379
5200099
5200640
5202278
5467205
6075465
6090249
6141018
6146298
6151889
6228720
6245058
6276361
6331506
6351219
6364831
6370541
6377534
6400334
6401374
6419719
6424168
6426589
6428152
6486600
6502474
6533983
6548939
6552205
6625196
6675485
6731630
6763296
6766857
6801287
6834408
6839823
6859026
6866311
6881056
6909883
6915585
6942181
7002162
7059316
7075788
7092804
7107024
7204543
7218489
7219526
7223745
7261608
7340495
7350663
7362924
7381176
7418303
7422807
7427631
7455742
7480324
7516933
7517322
7533281
7566124
7572763
7582899
7595719
7633325
7682508
7682587
7718667
7740826
7754992
7818264
7833702
7835262
7877529
7905757
7924335
7980208
7984787
7999877
8005660
8040630
8089176
8093486
8099987
8107626
8115178
8118671
8150565
8153266
8154594
8164979
8176528
8182147
8191810
8201461
8218656
8222329
8224358
8242584
8249057
8265639
8303707
8309431
8317288
8354037
8361130
8373004
8397722
8412052
8426448
8471853
8472607
8474322
8493059
8532498
8538568
8545915
8555755
8568674
8572843
8607929
8618904
8631665
8642281
8643665
8649970
8655931
8666593
8683027
8684723
8690055
8730725
8743063
8743967
8748879
8776219
8777710
8788009
8801550
8813681
8839802
8859922
8880264
8902861
8908884
8911300
8921123
8926289
8934772
8947907
8972502
8988021
9008562
9009523
9025880
9053709
9075313
9109203
9114728
9130364
9186502
9257004
9265412
9287917
9343310
9364421
9366743
9382243
9399121
9442838
9445213
9531536
9553287
9575152
9575343
9582073
9592524
9640467
9643250
9658005
9675219
9684247
9694817
9706216
9727127
9740350
9766502
9775961
9779251
9787235
9882809
9884137
9895254
9916356
9929177
10021797
10047618
10065187
10066300
10106616
10129462
10132437
10140728
10141422
10142491
10152345
10167014
10175450
10177489
10179084
10219895
10267063
10282091
10295893
10298987
10301135
10303723
10313406
10313581
10319267
10328443
10340178
10352864
10356201
10385438
10388126
10406151
10413671
10479772
10483070
10486045
10488501
10504167
10505989
10512068
10513045
10537005
10537756
10539198
10562512
10571023
10580633
10580924
10582167
10615103
10616043
10627248
10633945
10634941
10646089
10653934
10656796
10661723
10676500
10702381
10729368
10737619
10745087
10765344
10765427
10824524
10828080
10842514
10848093
10885168
10886458
10894463
10900109
10913412
10961847
10968716
10969349
10974120
10977242
11029411
11041119
11052932
11062040
11095316
11095986
11110326
11112854
11148761
11160652
11173035
11195843
11249577
11274442
11314877
11339654
11341318
11356512
11378811
11403775
11426083
11440203
11463633
11477226
11478957
11479064
11480499
11507808
11525973
11528391
11553579
11585025
11595010
11604733
11620174
11625246
11650232
11662181
11726235
11761059
11763887
11764864
11838465
11845586
11854205
11861262
11881448
11897373
11925286
11944798
11952522
11967317
11977997
12053720
12088755
12096644
12132003
12136133
12145626
12159302
12161874
12169013
12177235
12177963
12177968
12178037
12178117
12178316
12178408
12190875
12213393
12234083
12235181
12261231
12263222
12264563
12265924
12268231
12280502
12280623
12281046
12281673
12282451
12284133
12284745
12285898
12286372
12288160
12288608
12288751
12289087
12292083
12293215
12294417
12294964
12295803
12314145
12314723
12315611
12318153
12319327
12320101
12320425
12338956
12339716
12341093
12347776
12347945
12348224
12348743
12349563
12352931
12370061
12401813
12416540
12424787
12431900
12480538
12495244
12509789
12537463
12590783
12633625
12637168
12655750
12656313
12659491
12673103
12673811
12675479
12679848
12684792
12737220
12738510
12753515
12769643
12771355
12785665
12807260
12832087
12839319
12891224
12916525
12930610
12943753
12952922
13255478
14042789
14498950
14500491
14515915
14517094
14526526
14592533
14595095
14601414
14601643
14604265
14617281
14620708
14623921
14628701
14672312
14687331
14689349
14712974
14733443
14737032
14744212
14748910
14987299
14998897
15068215
15068654
15068657
15069866
15069867
15074483
15100235
15120582
15132650
15140008
15145548
15148655
15155613
15156874
15176476
15193484
15225320
15258666
15287676
15298118
15317181
15318948
15331949
15337753
15356956
15380066
15383668
15451679
15463261
15472106
15496249
15503185
15504162
15520895
15545400
15563651
15574012
15590833
15619037
15639534
15670325
15689013
15707054
15711628
15715851
15762963
15788033
15788822
15807803
15814350
15838100
15843163
15853675
15859711
15879062
15895743
15903287
15909148
15911513
15922092
15933684
15940397
15961736
15966268
15971644
16007239
16043548
16043677
16050260
16106210
16106942
16133872
16137391
16159171
16179728
16181335
16189002
16201711
16203455
16204778
16210241
16219701
16220020
16220239
16242907
16291924
16294662
16310966
16313178
16314799
16330966
16336073
16354780
16357541
16357766
16360294
16362168
16387413
16412704
16417284
16433090
16452717
16468464
16472823
16475127
16494871
16500028
16508503
16530609
16532041
16539743
16540713
16552325
16597568
16598256
16614458
16625273
16667437
16669946
16678251
16713880
16720006
16740864
16759333
16777474
16792006
16796593
16823718
16842613
16860856
16879826
16892764
16893486
16896688
16907828
16911126
16941218
16942071
16968351
16998170
17013254
17014340
17023380
17054497
17058006
17066120
17085595
17102591
17103238
17131235
17156031
17162950
17168752
17171840
17209473
17210075
17272719
17275582
17290637
17295062
17297905
17315751
17318494
17322121
17380774
17413069
17418528
17434860
17451663
17472910
17482652
17522499
17537142
17537279
17547325
17549188
17561088
17580755
17634274
17637566
17661177
17714177
17721965
17727244
17730797
17774793
17832004
17884361
17900271
17910910
17911433
17934451
17947413
17964527
17972357
17972917
17982822
18002227
18005753
18007515
18021062
18039816
18066434
18068751
18089047
18157484
18163986
18178099
18192399
18203429
18216784
18239118
18250930
18271197
18276071
18276735
18279252
18285047
18285495
18313070
18313643
18314679
18371114
18375239
18397247
18407932
18410917
18426722
18480410
18488552
18504234
18507866
18516514
18518958
18543801
18544743
18564400
18567186
18595268
18632006
18633560
18648896
18656855
18665439
18670177
18694801
18710242
18723702
18775805
18778169
18785819
18803228
18806329
18816066
18847498
18849057
18927619
18931075
18937622
18941519
18952839
18959546
18974748
18977374
18983972
18989659
19021479
19036567
19054316
19103265
19116249
19123878
19157478
19232656
19279850
19287647
19292572
19294465
19297157
19334645
19354186
19355814
19365713
19380516
19386040
19410625
19433902
19442175
19447127
19449794
19483482
19484985
19489627
19541591
19589117
19617702
19641743
19641993
19651211
19654691
19660104
19669316
19704755
19708351
19712477
19728738
19738078
19759037
19763282
19778327
19788565
19810099
19810399
19810627
19820986
19845827
19895541
19907995
19927055
19927601
19931580
19950167
19965934
20012471
20015142
20015172
20017389
20022434
20027756
20037016
20098619
20116848
20117800
20159077
20161672
20164144
20181069
20204028
20211995
20212160
20222592
20228855
20346138
20376940
20383467
20402544
20411832
20444753
20471565
20478108
20481917
20503821
20509543
20513430
20514226
20521696
20575781
20578893
20586006
20588046
20590456
20592524
20617651
20634372
20655409
20673659
20681101
20688693
20699716
20701858
20716945
20728545
20806336
20814658
20829489
20830897
20839221
20845630
20863056
20868267
20871789
20919069
20937338
20951404
20955682
20965326
21033099
21037773
21067076
21075519
21089239
21125961
21137013
21143809
21181339
21193624
21199253
21224199
21228287
21229185
21235455
21262960
21263141
21278534
21314956
21341639
21342561
21348013
21349795
21381656
21396551
21411002
21411142
21416046
21464848
21478801
21482032
21494062
21500296
21501700
21512953
21536881
21547054
21551334
21603604
21606353
21607164
21619867
21632326
21645898
21661382
21669100
21678024
21708751
21714899
21726378
21736777
21739793
21764981
21774494
21777302
21778183
21801103
21819357
21830790
21849071
21864841
21882422
21883334
21889310
21904062
21912334
21930097
21937063
21962533
21963230
21998580
22039005
22069812
22073441
22082316
22110313
22140327
22150796
22158827
22174416
22193392
22226461
22269563
22303247
22308095
22321178
22324853
22340400
22350780
22359368
22365187
22373893
22380699
22386676
22391752
22394660
22451984
22454602
22489643
22495012
22517860
22527276
22532319
22544553
22556249
22559918
22571113
22578215
22580747
22581378
22585751
22595595
22609626
22610959
22619866
22634344
22659322
22677565
22681748
22697894
22721389
22722856
22745846
22747521
22752367
22775288
22806154
22832582
22864918
22890205
22904212
22914166
22928287
22933329
22960774
22962478
22971440
22992290
22993164
23001579
23002292
23009764
23023063
23050994
23054262
23061657
23063260
23075695
23086542
23108541
23116734
23118988
23157468
23163436
23177353
23186426
23191946
23200618
23250423
23253012
23283317
23306780
23331066
23331710
23333907
23336779
23336795
23362417
23369262
23383349
23386717
23388493
23400104
23402484
23452549
23453321
23453760
23457559
23459322
23462750
23486659
23499933
23532294
23546998
23552947
23586281
23602711
23608712
23633835
23634396
23641878
23677991
23680026
23680895
23684788
23689204
23707191
23736941
23741486
23786051
23806612
23820610
23824675
23856269
23912593
23919709
23925560
23967418
23991047
23995404
24019355
24029692
24043421
24058014
24058605
24073344
24092814
24126434
24132079
24149992
24155899
24167449
24172069
24201553
24250532
24255849
24278496
24304706
24316129
24347674
24367653
24388785
24393571
24401292
24410873
24440430
24446845
24463676
24498341
24505468
24505827
24514551
24529442
24575657
24576706
24582293
24602925
24624648
24651506
24651651
24652360
24655543
24658053
24670829
24671127
24675047
24690673
24697396
24729828
24748892
24761733
24766846
24778468
24780644
24797047
24816707
24827755
24833541
24843813
24895565
24910638
24930864
24942044
24962902
24963174
24980504
25001598
25022721
25032228
25036709
25055655
25057206
25071958
25072585
25074435
25078960
25096258
25107852
25111900
25116609
25120949
25121219
25121317
25140889
25141378
25141453
25165835
25171551
25211841
25230543
25258024
25259698
25261788
25267509
25296657
25317106
25333499
25351750
25385318
25412248
25434860
25437767
25438750
25451538
25454782
25475063
25500908
25518332
25522993
25527032
25537000
25539207
25541533
25551219
25560774
25581099
25587174
25588012
25599862
25600231
25604553
25605002
25611210
25617621
25630231
25652531
25662816
25671589
25674454
25680422
25685523
25716207
25738490
25739350
25750142
25771799
25781225
25787845
25789871
25811185
25825429
25828509
25874438
25881417
25886657
25895966
25900884
25906360
25906624
25910932
25915157
25925423
25935490
25935861
25959295
25973505
25978087
25984594
25985673
25995210
26014580
26038975
26052712
26064859
26067700
26071095
26084097
26089357
26098364
26139951
26157981
26162119
26164933
26170855
26195305
26213517
26217375
26221566
26239571
26251939
26265731
26292181
26315315
26321741
26327328
26357764
26365018
26366780
26380899
26387108
26387171
26387582
26416730
26443324
26444849
26452792
26454044
26474824
26528066
26557901
26560012
26569268
26575146
26581862
26587080
26601264
26604556
26611755
26619248
26623206
26635031
26637459
26642647
26664249
26664305
26667175
26689455
26715318
26721196
26728194
26735064
26737083
26744047
26791563
26802208
26823344
26823436
26838126
26838564
26855179
26859906
26861780
26865319
26892749
26899818
26902467
26908844
26913192
26927795
26948737
26952750
26954749
26961517
26977163
26985685
26988580
26989285
27027815
27056945
27070545
27115347
27119025
27132350
27142991
27144973
27155053
27174029
27184025
27185317
27213418
27233905
27234949
27242508
27243647
27255736
27301481
27325414
27336297
27354457
27362976
27364259
27385208
27416173
27416184
27437571
27450016
27479497
27482146
27489063
27509334
27538268
27557016
27585732
27591731
27649620
27652871
27657039
27662200
27671323
27684948
27700694
27704048
27726209
27734628
27755686
27760114
27780191
27782304
27789078
27791462
27791534
27795685
27798122
27818962
27864843
27867445
27876057
27892686
27898426
27904592
27931631
27933987
27975242
27988050
27988745
28007602
28032797
28040212
28071997
28079075
28080479
28083382
28114684
28116828
28117919
28155763
28162251
28179909
28243401
28243932
28246381
28281912
28316400
28329950
28348574
28359573
28382544
28421428
28424616
28427076
28437593
28445824
28482316
28506420
28510484
28525995
28526038
28559876
28580860
28580949
28622832
28623240
28647613
28660174
28681816
28685396
28687326
28695428
28698867
28700696
28707061
28761145
28789549
28798233
28805362
28834757
28836751
28844621
28847440
28852587
28949850
28955423
28962422
28981711
29017132
29021781
29033662
29051458
29090143
29091295
29093862
29102695
29107249
29107880
29107968
29125325
29129187
29136729
29138946
29140995
29157824
29157831
29170858
29194409
29201279
29213608
29215592
29220760
29223498
29264717
29287177
29291915
29327078
29329682
29342885
29352429
29355957
29356828
29358599
29360878
29367274
29369035
29380303
29397717
29427139
29432112
29447897
29454212
29463796
29472798
29486674
29509298
29513654
29539308
29559134
29564264
29617848
29620734
29627555
29653464
29653692
29653844
29657344
29660940
29669028
29682794
29686839
29699383
29710597
29717441
29726901
29743088
29749021
29756738
29772685
29843013
29844800
29844894
29847733
29869224
29891651
29892296
29898824
29905569
29934875
29941188
29941271
29947944
29949237
29962301
29965074
29965087
29967790
29979481
29984886
29986837
29988994
29997616
30005451
30023380
30028741
30041400
30043312
30067214
30069138
30077584
30087064
30115782
30146094
30147503
30151487
30191353
30201464
30229507
30250271
30274723
30276606
30277128
30280359
30317996
30328938
30350989
30354172
30373980
30376633
30381381
30383842
30390929
30406814
30414983
30420647
30427413
30446639
30469029
30497462
30497534
30505577
30506522
30516863
30517697
30553097
30559208
30568668
30614593
30649476
30651746
30653997
30669045
30690474
30693770
30698906
30709139
30718748
30724107
30737304
30761590
30780720
30794950
30811411
30812008
30817027
30830964
30834023
30841277
30864783
30875372
30892496
30931836
30933490
30947286
30970456
30972089
30976109
30977319
30981881
30986676
30989842
30990130
30995424
31014234
31022087
31043761
31046135
31099506
31103841
31126467
31135286
31167656
31167898
31195324
31198053
31210157
31214019
31242471
31253071
31255789
31259559
31274178
31278969
31300890
31313480
31324756
31358965
31359456
31366718
31402347
31443992
31447373
31452511
31455240
31482260
31483050
31492193
31507996
31518938
31544784
31547539
31550453
31550554
31564735
31573676
31603370
31605254
31616376
31624137
31625819
31651535
31668339
31677676
31681215
31687086
31726207
31726341
31766411
31777824
31840064
31858617
31866682
31883067
31884077
31884953
31900690
31921081
31927361
31948110
31969051
31979469
31998379
32010169
32034972
32041671
32042145
32083376
32105836
32110609
32112435
32153899
32156391
32172122
32199876
32205324
32205338
32215945
32244294
32251667
32268918
32272492
32300546
32325058
32343910
32351507
32363456
32378905
32379760
32380874
32397221
32400343
32400766
32417495
32422162
32430031
32437196
32452588
32456116
32457670
32462365
32490190
32490241
32493305
32548443
32571548
32589142
32620777
32630071
32632686
32642530
32665960
32689165
32689499
32695482
32696408
32703325
32713682
32763600
32774175
32777462
32790063
32857315
32860800
32889291
32894359
32896215
32957328
32973455
32975120
32977329
32983410
32987881
32988199
32993610
32995384
33005116
33012940
33025342
33082484
33084833
33092039
33100811
33138908
33151752
33152942
33157347
33158247
33160960
33163413
33170114
33177883
33181447
33208958
33212221
33232159
33251959
33257479
33259478
33261136
33283528
33285614
33286290
33291443
33295593
33302173
33314790
33329450
33335847
33343677
33364639
33373306
33374499
33374657
33386736
33400612
33420685
33428619
33431427
33443381
33489359
33494523
33496369
33518882
33519966
33571804
33579259
33603088
33609932
33611068
33616019
33625868
33627189
33638319
33639431
33647935
33665550
33691642
33735672
33736149
33745466
33748177
33756994
33758075
33758234
33765003
33813195
33819374
33823489
33835714
33851287
33851304
33864614
33867593
33873719
33882849
33888513
33894354
33897739
33899325
33925533
33931058
33936997
33953565
33962983
33977753
33984301
34014923
34029958
34040597
34047687
34048442
34060791
34096780
34123586
34159150
34159777
34163561
34166425
34167031
34169038
34169516
34191528
34203735
34210735
34215815
34216360
34218941
34220115
34221730
34232732
34233821
34277373
34290491
34295210
34311573
34338456
34338558
34343646
34345359
34362847
34371571
34373547
34379668
34426396
34451005
34457091
34480033
34482252
34498038
34498407
34508079
34530624
34544513
34545793
34559809
34563014
34574619
34579396
34579527
34581307
34616626
34624144
34639715
34644105
34654840
34654866
34659436
34683429
34687662
34721480
34724811
34727734
34743298
34745593
34764582
34767454
34783240
34809540
34817806
34820480
34825349
34835129
34847093
34847623
34856255
34865097
34866810
34878679
34884493
34906716
34917151
34944659
34945990
34967074
34986604
34991288
35003121
35010785
35016236
35033374
35034099
35035288
35048173
35060118
35069055
35075210
35091856
35115538
35118557
35119112
35126473
35133588
35137836
35147564
35151230
35153302
35154598
35156908
35159470
35164913
35165115
35175525
35176020
35182627
35200651
35203018
35204790
35212801
35216536
35230524
35233341
35237914
35259163
35265576
35291831
35292811
35322143
35326249
35327619
35331766
35359300
35387613
35406064
35418720
35491772
35492215
35493098
35495572
35498814
35504886
35509699
35512735
35522351
35524804
35531066
35536840
35585312
35616564
35625865
35681320
35689195
35723354
35723511
35746767
35748246
35749233
35751255
35753420
35757218
35767204
35774188
35800327
35803641
35805320
35805721
35807590
35807607
35807718
35846474
35853036
35861035
35879742
35884234
35886502
35906966
35918209
35932898
35933441
35935704
35936349
35963417
35964512
35967191
35970934
35979082
35987242
35992018
36035919
36039355
36040700
36047797
36068334
36070040
36070588
36081674
36089651
36095097
36104635
36108550
36152086
36164589
36167689
36186100
36208586
36220624
36221015
36234776
36235839
36241424
36248930
36249879
36253878
36260544
36267805
36269179
36271799
36274749
36323527
36330625
36332015
36342604
36376647
36385257
36401699
36406759
36410259
36422306
36430956
36434408
36447993
36452327
36454669
36463003
36476577
36495092
36496552
36505091
36508095
36517473
36521106
36531157
36531438
36554403
36554509
36560577
36568813
36570018
36576451
36587704
36588449
36602121
36616610
36622402
36631729
36632898
36633938
36639419
36653974
36668962
36688334
36696425
36696708
36717412
36725714
36725930
36730447
36740798
36743653
36746994
36751053
36767397
36772333
36774579
36805693
36807251
36828694
36841550
36862294
36871717
36872874
36902211
36903440
36903771
36905866
36910027
36932400
36935093
36940030
36941345
36959654
36972432
36979879
36985310
36985405
37001659
37012531
37020147
37025495
37048255
37059248
37063363
37067707
37067724
37071333
37076009
37080102
37089557
37092246
37109644
37117651
37122824
37123110
37145004
37152545
37164164
37169002
37172975
37174142
37176850
37179660
37183904
37191428
37197254
37200811
37211376
37213211
37223356
37225773
37248705
37268870
37272717
37275647
37288235
37305288
37357951
37366355
37372930
37378001
37384251
37396562
37402618
37409861
37431887
37456005
37463857
37465885
37466199
37484097
37488688
37489270
37497610
37500186
37504590
37505671
37523804
37533101
37539145
37539388
37552679
37562508
37581077
37585716
37606265
37607175
37648564
37649584
37659552
37664112
37674026
37684808
37694557
37747451
37756269
37769420
37775095
37777769
37780765
37781479
37787046
37790112
37794413
37815414
37816959
37824155
37837592
37854343
37856557
37875110
37880998
37884153
37884617
37885786
37889376
37892422
37899004
37915597
37915876
37938744
37972144
37981142
37986607
37994636
38011969
38018351
38024897
38034792
38036147
38046513
38049122
38061957
38090254
38093631
38095136
38107446
38133757
38135779
38184190
38196480
38216616
38223736
38243134
38243222
38248820
38249196
38295563
38308687
38315012
38321837
38322967
38331521
38346970
38356946
38372161
38375141
38376571
38394170
38407527
38409425
38417116
38430884
38434038
38434673
38455590
38468314
38486852
38490052
38499621
38522827
38539891
38541355
38548847
38555033
38566793
38588161
38600169
38603105
38618388
38624698
38627164
38635711
38635721
38639536
38640278
38641423
38656828
38687462
38694335
38695819
38707089
38709611
38731669
38737311
38760483
38785310
38799053
38800213
38823720
38844514
38849777
38850832
38891984
38905180
38906232
38917851
38918540
38921465
38940448
38949959
38950014
38964621
38968828
39005542
39022008
39029728
39049575
39059663
39067344
39070008
39096643
39102950
39107513
39111452
39142294
39143198
39157510
39161916
39164920
39218333
39232186
39232380
39240066
39240605
39246642
39252186
39253128
39260383
39271996
39276324
39289293
39301987
39307086
39317126
39324410
39326022
39337834
39356375
39412687
39429524
39437687
39451325
39466482
39470392
39478257
39486370
39492376
39495943
39503084
39514304
39527739
39554760
39562834
39574460
39576498
39577763
39583968
39589989
39616948
39619692
