11772644
11773528
11837302
11958937
12189424
12560989
15716441
17635550
18380876
19272352
19283063
19347567
19683508
20545331
20672862
21126505
21714912
21792612
23950149
24755225
26216497
29674684
31405562
31685759
31933173
32430765
32670237
32832681
34190594
35711761
35783423
37278533
37468106
37710959
37737710
37983555
38512331
38530255
11772644
11773528
11837302
11958937
12189424
12560989
15716441
17635550
18380876
19272352
19283063
19347567
19683508
20545331
20672862
21126505
21714912
21792612
23950149
24755225
26216497
29674684
31405562
31685759
31933173
32430765
32670237
32832681
34190594
35711761
35783423
37278533
37468106
37710959
37737710
37983555
38512331
38530255
