7090
14919
28174
44416
241472
791118
837249
956158
1393818
1577754
2930168
3924899
4390965
4591719
5438321
5438322
5438323
5525014
5530501
5697988
5776527
5781759
6036893
7173746
7203285
7309681
7309682
8285684
9082913
9082916
9195014
9251199
9573140
9924825
10758854
10758859
11057594
11823241
12540044
12980909
13137989
13161067
13260268
13339001
13577812
13590169
13657148
14001845
14195066
14208498
14276093
14314382
14349637
14413029
14441582
14482656
14482657
14484816
14484817
15551829
16203050
16417356
16493886
16535680
16575569
16590712
16921530
17105557
17222425
17385601
17388123
17964868
17977451
18357787
18814657
19244446
19381001
19501506
19950469
20594822
20933392
21216139
21482106
21858648
22705530
23406161
23453853
23530338
24002749
24226965
24233465
24469405
24898634
24956764
25158614
25353947
25797849
26157421
26475353
26915231
27542742
27671711
28002764
28183017
28581923
28741211
29049984
29199215
29306128
29965370
30097447
30443822
30454988
30778766
31154279
31332532
31443281
32579519
33421329
34159272
37819610
38492314
39179975
39316198
39350003
39590968
