15879238
16124260
16283687
17684242
19741735
19788729
20021642
20043308
21308412
21461053
21551335
21654848
21908634
22847226
23823498
23974024
24098096
24218333
24386315
24402124
24524855
24648520
25009539
25039543
25595869
25685262
25728650
25795023
25859246
25887755
26380630
26617596
26682857
26914854
27303368
27441104
28371065
28461447
28473807
28473821
28505134
28765283
28769910
28927972
29075248
29159858
29325123
29867814
29977398
29989797
30222100
30228381
30837961
31031742
31694663
31860023
32295208
32931580
33050050
33436507
33780465
34347468
34425483
35154034
35254236
35920548
36593260
36842356
38349173
38404597
38718218
