14657138
16636988
17100323
17551041
18996678
19194031
21377723
21642486
22686938
23250225
24333897
24636996
24663119
25286020
25652338
26077933
27480227
27512519
27959786
30061877
30303456
30733732
30863371
31287396
31363982
31897664
33222174
33809116
33809132
34627253
14657138
16636988
17100323
17551041
18996678
19194031
21377723
21642486
22686938
23250225
24333897
24636996
24663119
25286020
25652338
26077933
27480227
27512519
27959786
30061877
30303456
30733732
30863371
31287396
31363982
31897664
33222174
33809116
33809132
34627253
