17575
20408
66213
68004
115377
122629
170040
194851
197064
206536
220379
327548
330402
330412
332625
332645
336544
338487
351057
352947
355154
361668
361669
361672
361673
361997
365762
365787
365791
368003
373934
374255
374395
378856
378857
378870
382465
383158
383895
385517
389918
393159
394891
397973
399335
400826
409683
765553
765559
765570
767264
770330
776832
776855
776867
788872
789261
789767
789768
790489
795574
796470
801025
801026
801027
801281
801282
801366
805240
820499
824211
828626
1092128
1092129
1093187
1097940
1099018
1099630
1100521
1103567
1103568
1104475
1104936
1104939
1105768
1107721
1107722
1107724
1284985
1318345
1365315
1386296
1486798
1693519
1761354
1761355
1761356
1802943
1805303
1832661
1898914
1907533
1977704
2054336
2143124
2197047
2230246
2280119
2410394
2431995
2462335
2489284
2501220
2649294
2661060
2664928
2696051
2778369
2836508
2896288
2901935
2935583
2950059
2951464
2955800
2958188
2978828
3032464
3043114
3047284
3051127
3053453
3060483
3062053
3090112
3093543
3150027
3277917
3280180
3284817
3286810
3292388
3298477
3319191
3323032
3333940
3528063
3528347
3528350
3536745
3542231
3546547
3549666
3882240
3885951
3889191
3889559
3891623
3900250
3923111
4020214
4109923
4120605
4154135
4155106
4197246
4202896
4204420
4221609
4333784
4335581
4347341
4356463
4364592
4364593
4366033
4371661
4371662
4377522
4562384
4564401
4565035
4567211
4569576
4569700
4578405
4578508
4579442
4585537
4585538
4587765
4592011
4594117
4602798
4602931
4604462
4607049
4607836
4607837
4608779
4609224
4609228
4609230
4609927
4610241
4618881
4618885
4619143
4619823
4621868
4629254
4865217
4869696
4869699
4872430
4886757
4895661
4897239
4905541
4906524
4911960
4915462
4922036
4934001
4935531
4944588
4945632
4948636
4958073
4971556
5103551
5169783
5169802
5322700
5322706
5434448
5504760
5533689
5785960
5792379
5817321
5854573
5937242
6025417
6091525
6180993
6188738
6197359
6220974
6223201
6225581
6314231
6337092
6337101
6337220
6339701
6345004
6345413
6345414
6348937
6349877
6352569
6353178
6353741
6354064
6358140
6365754
6365787
6367913
6368259
6368373
6370521
6373613
6378458
6380152
6381292
6381452
6386189
6387401
6387889
6389355
6394969
6396334
6398596
6398600
6399186
6428810
6541203
6749659
6754679
6754680
6756256
6756417
6758071
6762126
6762127
6763006
6763027
6764760
6764761
6765059
6765060
6785237
6800573
6804142
6815095
6890533
6988351
6991443
6995320
6995324
6995335
6995341
7002862
7006766
7007363
7008448
7011997
7012438
7012439
7015424
7016267
7017270
7019051
7019626
7021519
7021520
7021521
7024149
7024587
7026986
7027737
7028229
7038853
7039875
7042604
7042675
7042676
7042677
7042678
7044977
7048648
7050526
7149523
7190552
7196889
7790771
7829963
7963913
8187330
8209112
8536366
8543348
8816850
8862264
9316890
9419180
9934363
10407628
10659611
10700921
11288514
11869054
12211895
12243064
12483967
13018723
13047728
13047729
13105841
13124921
13124922
13148776
13158930
13194981
13398887
13518190
13523143
13539381
13575002
13591656
13591657
13630872
13638480
13893334
13896766
13904937
13904938
13937409
13973591
14001717
14038642
14045522
14055623
14231064
14287301
14372262
14400075
14436905
14438019
15265479
15932504
16557928
17222216
17239641
17504443
21341078
22422299
23992348
25529580
28317806
28592223
28838294
29042494
29899533
30231956
32862159
35447197
35587045
37338471
