16014479
16672483
16707677
17311090
18193466
18383127
18398190
18516288
18556790
19568419
19617364
19646553
19654350
19802606
19806675
20023015
20054134
20215059
20227408
20669998
20696711
20833889
21036994
21327449
21705539
21731555
21810409
21905122
22281843
22344647
22391735
22526785
22814498
22843394
22950007
23291764
23568850
23627584
23711524
23749228
23785445
23921382
23990129
24140897
24395600
24478312
25085530
25085545
25846336
26041776
26138394
26458373
26490549
26755730
26809714
26827758
27020126
27129264
27208098
27287535
27521023
27664160
27670285
27702474
27761654
28216576
28393500
29154880
29563967
29896965
30128580
30398342
30788710
31793854
33278947
33486119
33527231
33838183
33958695
34041001
34184062
34335544
34865754
35245650
35829707
37364651
37582437
38400543
16014479
16672483
16707677
17311090
18193466
18383127
18398190
18516288
18556790
19568419
19617364
19646553
19654350
19802606
19806675
20023015
20054134
20215059
20227408
20669998
20696711
20833889
21036994
21327449
21705539
21731555
21810409
21905122
22281843
22344647
22391735
22526785
22814498
22843394
22950007
23291764
23568850
23627584
23711524
23749228
23785445
23921382
23990129
24140897
24395600
24478312
25085530
25085545
25846336
26041776
26138394
26458373
26490549
26755730
26809714
26827758
27020126
27129264
27208098
27287535
27521023
27664160
27670285
27702474
27761654
28216576
28393500
29154880
29563967
29896965
30128580
30398342
30788710
31793854
33278947
33486119
33527231
33838183
33958695
34041001
34184062
34335544
34865754
35245650
35829707
35889082
37364651
37582437
38400543
