356945
540253
1458371
1779763
2046661
2106680
2107127
2498287
2722757
2852995
2880836
3081492
3894333
6425263
6498360
6579879
6588050
6652578
6735986
6809301
7209175
7209176
7526923
7871242
7875713
7903193
8277250
8281358
8621068
8640608
8988334
9178550
9424624
9627959
10339830
10383962
10508112
10542175
10922497
10950194
10978548
11131802
11211255
11299384
11371015
11440156
11479384
11721526
11763784
12243065
12480113
12624206
12768247
15074051
15251210
15330268
15727835
15797145
15808950
16127558
16333334
16346205
16346898
16347149
16347257
16347289
16347781
16347792
16347823
16347853
16347889
16347968
16348331
16348777
16349041
16349390
16430505
16534964
16598630
16666766
16738102
16855225
17064258
17329796
17406771
17410881
17619579
18048728
18218953
18258221
18400007
18561903
18790051
18983036
19324329
19329602
19583800
20035930
20632940
21091983
22286999
22360857
23029909
23264502
23266268
23283001
23734462
24186642
24283406
24414168
24513137
25414716
25423718
25842039
26303982
27660606
28785036
29870693
30391814
30631968
31071544
31250991
31516355
31649088
32544804
32647456
33211366
33220977
33230149
34116336
34272569
34685833
35154023
35208780
36334127
36868425
37960041
