7506088
7533594
7547905
7559566
7589500
7819244
7926041
8300574
8534672
8598273
8647253
8879238
8999844
9119002
9286973
9303322
9718296
9761896
10074337
10103066
10319477
10563807
10625444
10880364
11313347
11343129
11356065
11406579
11418098
11509374
11673627
11790744
12039713
12052682
12054255
12081951
12437360
12464624
12615351
12664193
12745254
12788703
12963024
13130021
14617630
15056899
15126475
15126476
15155756
15347641
15629659
15824317
15932979
15948946
15948965
16139787
16143923
16166689
16228472
16303089
16551123
16957114
17178720
17428435
17530778
17551046
17905581
18295896
18479441
19136077
19697907
19820094
20335164
20363758
20400563
20887710
21055386
21590288
22305913
22628496
22689232
23448658
23520142
23989975
24271822
24941957
25060412
25080366
25145217
25471928
25479613
25521132
26005435
26030916
26232748
26396241
26481619
27274029
28040468
28685171
28904251
29150446
29962155
30459190
30897684
30968274
31406647
31446081
31730031
31766298
32469391
32558268
32558275
32582041
33602575
33731920
34466779
34791351
35527501
35995915
37001154
37458582
37887056
37903000
38959527
39595605
7506088
7533594
7547905
7559566
7589500
7819244
7926041
8300574
8534672
8598273
8647253
8879238
8999844
9119002
9286973
9303322
9718296
9761896
10074337
10103066
10319477
10563807
10625444
10880364
11313347
11343129
11356065
11406579
11418098
11509374
11673627
11790744
12039713
12052682
12054255
12081951
12437360
12464624
12615351
12664193
12745254
12788703
12963024
13130021
14617630
15056899
15126475
15126476
15155756
15347641
15629659
15824317
15932979
15948946
15948965
16139787
16143923
16166689
16228472
16303089
16551123
16957114
17178720
17428435
17530778
17551046
17905581
18295896
18479441
19136077
19697907
19820094
20335164
20363758
20400563
20887710
21055386
21590288
22305913
22628496
22689232
23448658
23520142
23989975
24271822
24941957
25060412
25080366
25145217
25471928
25479613
25521132
26005435
26030916
26232748
26396241
26481619
27274029
28040468
28685171
28904251
29150446
29962155
30459190
30897684
30968274
31406647
31446081
31730031
31766298
32469391
32558268
32558275
32582041
33602575
33731920
34466779
34791351
35527501
35995915
37001154
37458582
37887056
37903000
38959527
39595605
