371408
1442116
2449460
3124649
4737396
5917629
7885735
7972775
8400898
9076525
9463682
9592128
9863150
10072931
10417672
10678112
11715497
11982860
12006987
16166696
16487327
16636477
16862902
16957186
16963556
16997665
17259360
17369300
17516046
17634937
18207555
18441989
19318750
19643888
19652349
20021849
20232641
20813114
20817768
21389627
21546296
21551337
21970106
22142724
22174771
22179583
22228734
22414188
22504436
22543121
22544784
22632645
22771861
22910813
23275877
23339411
23519805
23564170
23617945
23682148
23964108
24002747
24007541
24030592
24388961
24656567
24812875
25621282
25623456
26299245
26484419
26577460
26618320
26648050
27223496
27295266
28189770
28222680
28329938
28376858
28663683
28883695
28912887
29188369
29331279
29469287
29469292
29536708
29605156
29675799
29679595
30074250
30120118
30270892
30895719
31013917
31125444
31570558
31717714
32048985
32310743
32692855
32786078
33075079
33080305
33124146
33257536
33454990
33592997
34692568
34769421
35235942
35714725
35890311
35938864
36345042
36403362
36445389
36464260
36590323
36710964
36936776
37796901
38172683
38638897
38898480
39003072
39157318
