7981107
9371472
11823254
18984694
23275504
25523312
26850300
26921422
27106591
27623994
29150512
29462309
30186365
30850546
31219674
31257058
32082286
32140177
32959527
33042077
33660937
34255221
34647163
34919167
35545791
35779632
35859174
36260660
36811855
37074156
37250036
37476481
37726752
37901835
37938748
38256150
38385688
39271416
39486654
39551789
7981107
9371472
11823254
18984694
23275504
25523312
26850300
26921422
27106591
27623994
29150512
29462309
30186365
30850546
31219674
31257058
32082286
32140177
32959527
33042077
33660937
34255221
34647163
34919167
35545791
35779632
35859174
36260660
36811855
37074156
37250036
37476481
37726752
37901835
37938748
38256150
38385688
39271416
39486654
39551789
