11594609
15023947
15119850
15184406
15545428
15653914
17502841
17625201
18306679
19398458
19832708
19960036
20110385
20348315
21409529
21593265
24829230
26029531
26167052
26819795
26867363
27974088
28290754
28706854
28870771
28924404
29059035
29620809
30882696
31350617
31366826
32478652
32741927
33194869
33500298
36350771
37327039
38904989
39188623
39272012
11594609
15023947
15119850
15184406
15545428
15653914
17502841
17625201
18306679
19398458
19832708
19960036
20110385
20348315
21409529
21593265
24829230
26029531
26167052
26819795
26867363
27974088
28290754
28706854
28870771
28924404
29059035
29620809
30882696
31350617
31366826
32478652
32741927
33194869
33500298
36350771
37327039
38904989
39188623
39272012
