164228
1400167
2249698
2583128
2604694
2775179
3355509
3355516
4635821
4635822
4770791
5370275
7476861
7589440
7601830
9731302
9831526
11132631
11269719
11325954
11707113
11897785
11897786
11946909
12127493
12696056
12724396
13705984
14412998
14448835
15837389
16049955
16809051
18972512
19628602
19643894
21696406
21732034
21866710
22019762
23100657
23603114
24152230
24768836
25252456
25618786
25763021
26051123
28229018
28698676
28735421
28890887
29176680
29426772
30621999
30901131
31933410
32160693
32278234
32388605
32585063
32625420
32625549
32626380
33646935
33894428
35073455
35559756
35968092
36000727
36001340
36743685
36762864
36841726
36984814
38405112
38576493
39609450
