116183
6786835
11173512
11282648
11357397
11984625
14766579
15792580
16691327
17370028
17653676
19187281
19200158
19709211
20298501
20544016
21143855
21643700
21705610
22113374
22404135
22761955
23213907
23647963
23739051
23812714
24376438
24611508
24946606
25253412
25689308
25926821
26479723
26947139
27007635
28068058
28482286
29124873
30047599
30944036
32172769
32337747
32731072
32968213
33669110
34379492
34681936
34780741
34816560
35308403
35522227
35796065
37028939
37668195
37938289
38327371
38366166
38523110
38725684
38922531
