315618
952899
1597294
1883420
1986952
2251301
2492418
2559127
2666520
2919169
3440513
4160122
5534540
6162735
6414289
6848522
8639797
8752673
8856739
9018848
10191059
10201595
10611232
10824185
10873465
10960110
11026164
11073894
11083965
11487029
11693389
11764310
11816580
12662922
13163422
13595346
13890237
13949772
14581798
15117114
15176909
15209439
15383836
15592283
16620604
17172339
17352651
17501115
17526841
17625821
17835304
17983230
18365298
18378099
18378576
18540677
18585433
18651250
18682280
19045026
19721684
19780101
20195746
20525335
20685914
21220960
21874719
22033698
22041165
22115200
22448766
22504821
22551339
22669753
22758603
22891727
23095396
23139484
23179730
23181846
23368189
23470403
23564287
23647327
23804072
23945127
24059477
24134441
24204828
24224801
24278993
24616243
24969452
25111181
25133918
25170307
25181394
25213455
25353241
25538034
26076112
26199057
26213891
26239060
26356040
26590042
26625171
26800563
26924396
27196914
27376885
27692020
27884123
27966282
28049838
28154563
28255120
28284869
28333498
28362446
28480535
28527527
28605626
28737002
28786206
28804823
28826143
28932862
28989668
29021051
29044901
29436773
29439203
29733745
29807367
29879466
29945614
30047568
30074303
30106275
30110945
30179468
30189336
30267102
30405073
30409646
30460765
30516878
30648809
30690337
30834700
30872756
30888324
31078086
31179264
31390483
31458364
31458847
31489162
31570190
31664290
31847479
31965926
31984397
32360999
32455207
32469216
32481722
32599931
32628472
32731838
32853005
33026494
33095957
33127412
33160750
33180999
33198101
33311433
33450682
33483062
33499126
33501704
33541579
33630579
33716869
33752764
33755208
33765895
33795971
33958771
33984187
33989371
34182452
34240814
34255773
34267593
34347323
34550763
34641300
34714063
34762333
34769287
34771061
34900437
34912778
34990187
35019432
35020770
35070519
35086451
35096492
35110435
35191915
35355791
35408960
35422290
35424823
35496344
35499964
35514597
35516249
35517166
35530665
35558769
35567262
35647061
35653208
35730105
35758829
35816013
35879982
35987775
36061687
36080376
36108507
36109341
36111587
36180717
36240121
36278834
36283071
36364422
36368083
36433074
36505705
36583610
36591201
36643452
36643529
36651918
36712626
36741189
36816668
36844749
36892141
36946318
36987281
37020881
37056623
37091097
37126971
37139595
37148450
37179619
37255468
37293405
37310969
37374104
37476422
37590946
37661194
37668398
37680581
37691600
37747153
37776890
37798665
37810412
37819203
37876336
37891876
37953936
37969017
38009538
38029812
38048389
38184746
38197641
38228770
38240529
38241608
38389905
38398613
38399436
38503687
38527722
38634437
38716702
38718011
38783856
38837556
38924618
39037002
39072429
39074773
39094966
39155360
39157154
39164891
39211381
39226630
39244017
39273734
39309018
39325024
39358656
39402277
39415565
39513403
39560453
39617918
